Parameters: [45.781208911511136, 20.43272507798549, 10.685694108321277, 44.61176077881499, 3.751126594088795, 0.16667695941887767, -2.942296669062614]
Points:
0.0, 20.43272507798549
0.04582703594745859, 20.604628091256266
0.09165407189491719, 20.77653110452704
0.13748110784237577, 20.948434117797817
0.18330814378983437, 21.12033713106859
0.22913517973729297, 21.292240144339367
0.27496221568475154, 21.464143157610142
0.32078925163221017, 21.636046170880917
0.36661628757966874, 21.807949184151692
0.4124433235271273, 21.979852197422467
0.45827035947458594, 22.151755210693242
0.5040973954220446, 22.323658223964017
0.5499244313695031, 22.495561237234792
0.5957514673169617, 22.667464250505567
0.6415785032644203, 22.839367263776342
0.6874055392118789, 23.011270277047117
0.7332325751593375, 23.183173290317892
0.7790596111067961, 23.355076303588667
0.8248866470542546, 23.526979316859443
0.8707136830017133, 23.698882330130218
0.9165407189491719, 23.870785343400993
0.9623677548966304, 24.042688356671768
1.0081947908440891, 24.214591369942543
1.0540218267915475, 24.386494383213318
1.0998488627390062, 24.558397396484093
1.1456758986864648, 24.730300409754868
1.1915029346339234, 24.902203423025647
1.237329970581382, 25.074106436296418
1.2831570065288407, 25.246009449567197
1.328984042476299, 25.41791246283797
1.3748110784237577, 25.589815476108747
1.4206381143712163, 25.76171848937952
1.466465150318675, 25.933621502650297
1.5122921862661336, 26.10552451592107
1.5581192222135922, 26.277427529191847
1.6039462581610509, 26.449330542462622
1.6497732941085093, 26.621233555733397
1.6956003300559679, 26.79313656900417
1.7414273660034265, 26.965039582274947
1.7872544019508851, 27.13694259554572
1.8330814378983438, 27.308845608816497
1.8789084738458024, 27.480748622087273
1.9247355097932608, 27.652651635358048
1.9705625457407194, 27.82455464862882
2.0163895816881783, 27.996457661899598
2.0622166176356367, 28.168360675170373
2.108043653583095, 28.340263688441148
2.153870689530554, 28.512166701711923
2.1996977254780123, 28.684069714982698
2.245524761425471, 28.855972728253473
2.2913517973729296, 29.027875741524248
2.3371788333203884, 29.199778754795023
2.383005869267847, 29.3716817680658
2.4288329052153053, 29.54358478133657
2.474659941162764, 29.71548779460735
2.5204869771102225, 29.88739080787812
2.5663140130576814, 30.0592938211489
2.6121410490051398, 30.231196834419674
2.657968084952598, 30.40309984769045
2.703795120900057, 30.575002860961224
2.7496221568475154, 30.746905874232
2.7954491927949743, 30.918808887502774
2.8412762287424327, 31.09071190077355
2.8871032646898915, 31.262614914044324
2.93293030063735, 31.4345179273151
2.9787573365848083, 31.606420940585874
3.024584372532267, 31.77832395385665
3.0704114084797256, 31.950226967127424
3.1162384444271845, 32.1221299803982
3.162065480374643, 32.29403299366898
3.2078925163221017, 32.46593600693975
3.25371955226956, 32.63783902021052
3.2995465882170185, 32.8097420334813
3.3453736241644774, 32.98164504675208
3.3912006601119358, 33.15354806002285
3.4370276960593946, 33.32545107329363
3.482854732006853, 33.4973540865644
3.5286817679543114, 33.66925709983518
3.5745088039017703, 33.84116011310595
3.6203358398492287, 34.01306312637672
3.6661628757966875, 34.1849661396475
3.711989911744146, 34.35686915291828
3.757816947691605, 34.52877216618905
3.803643983639063, 34.70067517945982
3.8494710195865216, 34.8725781927306
3.8952980555339805, 35.04448120600138
3.941125091481439, 35.21638421927215
3.9869521274288977, 35.38828723254293
4.032779163376357, 35.5601902458137
4.078606199323815, 35.73209325908448
4.124433235271273, 35.90399627235525
4.170260271218732, 36.07589928562602
4.21608730716619, 36.2478022988968
4.2619143431136495, 36.41970531216758
4.307741379061108, 36.59160832543836
4.353568415008566, 36.76351133870912
4.399395450956025, 36.9354143519799
4.445222486903483, 37.10731736525068
4.491049522850942, 37.27922037852146
4.536876558798401, 37.45112339179223
4.582703594745859, 37.623026405063
4.628530630693318, 37.79492941833378
4.674357666640777, 37.96683243160456
4.720184702588235, 38.13873544487533
4.766011738535694, 38.3106384581461
4.811838774483152, 38.48254147141688
4.8576658104306105, 38.65444448468765
4.90349284637807, 38.82634749795843
4.949319882325528, 38.9982505112292
4.995146918272987, 39.17015352449998
5.040973954220445, 39.34205653777075
5.086800990167903, 39.51395955104152
5.132628026115363, 39.6858625643123
5.178455062062821, 39.85776557758308
5.2242820980102795, 40.02966859085386
5.270109133957738, 40.201571604124624
5.315936169905196, 40.3734746173954
5.361763205852656, 40.54537763066618
5.407590241800114, 40.71728064393696
5.4534172777475725, 40.88918365720773
5.499244313695031, 41.0610866704785
5.54507134964249, 41.23298968374928
5.590898385589949, 41.40489269702006
5.636725421537407, 41.57679571029083
5.682552457484865, 41.7486987235616
5.728379493432324, 41.92060173683238
5.774206529379783, 42.09250475010316
5.8200335653272415, 42.26440776337393
5.8658606012747, 42.4363107766447
5.911687637222158, 42.60821378991548
5.957514673169617, 42.78011680318626
6.003341709117076, 42.95201981645703
6.049168745064534, 43.1239228297278
6.094995781011993, 43.29582584299858
6.140822816959451, 43.46772885626936
6.18664985290691, 43.63963186954013
6.232476888854369, 43.8115348828109
6.278303924801827, 43.98343789608168
6.324130960749286, 44.15534090935246
6.369957996696744, 44.32724392262323
6.415785032644203, 44.49914693589401
6.461612068591662, 44.67104994916478
6.50743910453912, 44.84295296243556
6.553266140486579, 45.01485597570633
6.599093176434037, 45.186758988977104
6.644920212381496, 45.35866200224788
6.690747248328955, 45.53056501551866
6.736574284276413, 45.70246802878943
6.7824013202238715, 45.874371042060204
6.82822835617133, 46.04627405533098
6.874055392118789, 46.21817706860176
6.919882428066248, 46.39008008187253
6.965709464013706, 46.561983095143304
7.0115364999611645, 46.73388610841408
7.057363535908623, 46.90578912168486
7.103190571856082, 47.07769213495564
7.149017607803541, 47.249595148226405
7.194844643750999, 47.42149816149718
7.240671679698457, 47.59340117476796
7.286498715645917, 47.76530418803874
7.332325751593375, 47.93720720130951
7.3781527875408335, 48.109110214580284
7.423979823488292, 48.28101322785106
7.46980685943575, 48.452916241121834
7.51563389538321, 48.62481925439261
7.561460931330668, 48.796722267663384
7.607287967278126, 48.96862528093416
7.653115003225585, 49.140528294204934
7.698942039173043, 49.312431307475705
7.7447690751205025, 49.484334320746484
7.790596111067961, 49.65623733401726
7.836423147015419, 49.82814034728804
7.882250182962878, 50.000043360558806
7.928077218910336, 50.171946373829584
7.973904254857795, 50.34384938710036
8.019731290805254, 50.51575240037114
8.065558326752713, 50.68765541364191
8.11138536270017, 50.859558426912685
8.15721239864763, 51.03146144018346
8.203039434595087, 51.203364453454235
8.248866470542547, 51.37526746672501
8.294693506490006, 51.54717047999579
8.340520542437464, 51.71907349326656
8.386347578384923, 51.89097650653734
8.43217461433238, 52.06287951980811
8.47800165027984, 52.234782533078885
8.523828686227299, 52.406685546349664
8.569655722174756, 52.57858855962044
8.615482758122216, 52.75049157289122
8.661309794069673, 52.922394586161985
8.707136830017133, 53.094297599432764
8.752963865964592, 53.26620061270354
8.79879090191205, 53.43810362597431
8.844617937859509, 53.610006639245086
8.890444973806966, 53.781909652515864
8.936272009754425, 53.95381266578664
8.982099045701885, 54.12571567905742
9.027926081649342, 54.297618692328186
9.073753117596802, 54.469521705598964
9.119580153544259, 54.64142471886974
9.165407189491718, 54.81332773214051
9.211234225439178, 54.985230745411286
9.257061261386635, 55.157133758682065
9.302888297334095, 55.32903677195284
9.348715333281554, 55.50093978522362
9.394542369229011, 55.672842798494386
9.44036940517647, 55.844745811765165
9.486196441123928, 56.016648825035944
9.532023477071387, 56.18855183830672
9.577850513018847, 56.3604548515775
9.623677548966304, 56.532357864848265
9.669504584913764, 56.704260878119044
9.715331620861221, 56.87616389138981
9.76115865680868, 57.04806690466059
9.80698569275614, 57.219969917931365
9.852812728703597, 57.391872931202144
9.898639764651056, 57.56377594447292
9.944466800598514, 57.73567895774369
9.990293836545973, 57.907581971014466
10.036120872493433, 58.079484984285244
10.08194790844089, 58.25138799755601
10.12777494438835, 58.42329101082679
10.173601980335807, 58.595194024097566
10.219429016283266, 58.767097037368345
10.265256052230725, 58.93900005063912
10.311083088178183, 59.11090306390989
10.356910124125642, 59.282806077180666
10.4027371600731, 59.454709090451445
10.448564196020559, 59.62661210372222
10.494391231968018, 59.798515116993
10.540218267915476, 59.970418130263766
10.586045303862935, 60.142321143534545
10.631872339810393, 60.31422415680531
10.677699375757852, 60.48612717007609
10.723526411705311, 60.52242219730324
10.769353447652769, 60.53006050831414
10.815180483600228, 60.537698819325044
10.861007519547686, 60.545337130335945
10.906834555495145, 60.55297544134685
10.952661591442604, 60.56061375235775
10.998488627390062, 60.568252063368654
11.044315663337521, 60.575890374379554
11.09014269928498, 60.583528685390455
11.135969735232438, 60.59116699640136
11.181796771179897, 60.59880530741226
11.227623807127355, 60.606443618423164
11.273450843074814, 60.614081929434064
11.319277879022273, 60.621720240444965
11.36510491496973, 60.62935855145587
11.41093195091719, 60.63699686246677
11.456758986864648, 60.644635173477674
11.502586022812107, 60.652273484488575
11.548413058759566, 60.659911795499475
11.594240094707024, 60.66755010651038
11.640067130654483, 60.675188417521284
11.68589416660194, 60.682826728532184
11.7317212025494, 60.690465039543085
11.777548238496859, 60.698103350553986
11.823375274444317, 60.70574166156489
11.869202310391776, 60.713379972575794
11.915029346339233, 60.721018283586695
11.960856382286693, 60.728656594597595
12.006683418234152, 60.736294905608496
12.05251045418161, 60.7439332166194
12.098337490129069, 60.751571527630304
12.144164526076526, 60.759209838641205
12.189991562023986, 60.766848149652105
12.235818597971445, 60.774486460663006
12.281645633918902, 60.78212477167391
12.327472669866362, 60.789763082684814
12.37329970581382, 60.797401393695715
12.419126741761279, 60.805039704706616
12.464953777708738, 60.812678015717516
12.510780813656195, 60.82031632672842
12.556607849603655, 60.827954637739325
12.602434885551114, 60.835592948750225
12.648261921498571, 60.843231259761126
12.69408895744603, 60.850869570772026
12.739915993393488, 60.85850788178293
12.785743029340948, 60.866146192793835
12.831570065288407, 60.873784503804735
12.877397101235864, 60.881422814815636
12.923224137183324, 60.88906112582654
12.969051173130781, 60.89669943683744
13.01487820907824, 60.904337747848345
13.0607052450257, 60.911976058859246
13.106532280973157, 60.919614369870146
13.152359316920617, 60.92725268088105
13.198186352868074, 60.93489099189195
13.244013388815533, 60.942529302902855
13.289840424762993, 60.950167613913756
13.33566746071045, 60.957805924924656
13.38149449665791, 60.96544423593556
13.427321532605367, 60.97308254694646
13.473148568552826, 60.980720857957365
13.518975604500286, 60.988359168968266
13.564802640447743, 60.99599747997917
13.610629676395202, 61.00363579099007
13.65645671234266, 61.01127410200097
13.70228374829012, 61.018912413011876
13.748110784237578, 61.026550724022776
13.793937820185036, 61.03418903503368
13.839764856132495, 61.04182734604458
13.885591892079953, 61.04946565705548
13.931418928027412, 61.057103968066386
13.977245963974871, 61.06474227907729
14.023072999922329, 61.07238059008819
14.068900035869788, 61.08001890109909
14.114727071817246, 61.08765721210999
14.160554107764705, 61.09529552312089
14.206381143712164, 61.1029338341318
14.252208179659622, 61.1105721451427
14.298035215607081, 61.1182104561536
14.34386225155454, 61.1258487671645
14.389689287501998, 61.1334870781754
14.435516323449457, 61.14112538918631
14.481343359396915, 61.14876370019721
14.527170395344374, 61.15640201120811
14.572997431291833, 61.16404032221901
14.61882446723929, 61.17167863322991
14.66465150318675, 61.17931694424082
14.710478539134208, 61.18695525525172
14.756305575081667, 61.19459356626262
14.802132611029126, 61.20223187727352
14.847959646976584, 61.20987018828442
14.893786682924043, 61.21750849929533
14.9396137188715, 61.22514681030623
14.98544075481896, 61.23278512131713
15.03126779076642, 61.24042343232803
15.077094826713877, 61.24806174333893
15.122921862661336, 61.25570005434984
15.168748898608793, 61.26333836536074
15.214575934556253, 61.27097667637164
15.260402970503712, 61.27861498738254
15.30623000645117, 61.28625329839344
15.352057042398629, 61.29389160940435
15.397884078346086, 61.30152992041525
15.443711114293546, 61.30916823142615
15.489538150241005, 61.31680654243705
15.535365186188463, 61.32444485344795
15.581192222135922, 61.33208316445885
15.62701925808338, 61.33972147546976
15.672846294030839, 61.34735978648066
15.718673329978298, 61.35499809749156
15.764500365925755, 61.36263640850246
15.810327401873215, 61.37027471951336
15.856154437820672, 61.37791303052427
15.901981473768132, 61.38555134153517
15.94780850971559, 61.39318965254607
15.993635545663048, 61.40082796355697
16.039462581610508, 61.40846627456787
16.085289617557965, 61.41610458557878
16.131116653505426, 61.42374289658968
16.176943689452884, 61.43138120760058
16.22277072540034, 61.43901951861148
16.2685977613478, 61.44665782962238
16.31442479729526, 61.45429614063329
16.360251833242717, 61.46193445164419
16.406078869190175, 61.46957276265509
16.451905905137636, 61.47721107366599
16.497732941085093, 61.48484938467689
16.54355997703255, 61.4924876956878
16.589387012980012, 61.5001260066987
16.63521404892747, 61.5077643177096
16.681041084874927, 61.5154026287205
16.726868120822385, 61.5230409397314
16.772695156769846, 61.53067925074231
16.818522192717303, 61.53831756175321
16.86434922866476, 61.54595587276411
16.910176264612222, 61.55359418377501
16.95600330055968, 61.56123249478591
17.001830336507137, 61.56887080579682
17.047657372454598, 61.57650911680772
17.093484408402055, 61.58414742781862
17.139311444349513, 61.59178573882952
17.185138480296974, 61.59942404984042
17.23096551624443, 61.60706236085133
17.27679255219189, 61.61470067186223
17.322619588139347, 61.62233898287313
17.368446624086808, 61.62997729388403
17.414273660034265, 61.63761560489493
17.460100695981723, 61.64525391590583
17.505927731929184, 61.65289222691674
17.55175476787664, 61.66053053792764
17.5975818038241, 61.66816884893854
17.64340883977156, 61.67580715994944
17.689235875719017, 61.68344547096034
17.735062911666475, 61.69108378197125
17.780889947613932, 61.69872209298215
17.826716983561393, 61.70636040399305
17.87254401950885, 61.71399871500395
17.91837105545631, 61.721637026014854
17.96419809140377, 61.72927533702576
18.010025127351227, 61.73691364803666
18.055852163298685, 61.74455195904756
18.101679199246146, 61.75219027005846
18.147506235193603, 61.759828581069364
18.19333327114106, 61.76746689208027
18.239160307088518, 61.77510520309117
18.28498734303598, 61.78274351410207
18.330814378983437, 61.79038182511297
18.376641414930894, 61.798020136123874
18.422468450878355, 61.80565844713478
18.468295486825813, 61.81329675814568
18.51412252277327, 61.82093506915658
18.55994955872073, 61.828573380167484
18.60577659466819, 61.836211691178384
18.651603630615647, 61.843850002189285
18.697430666563108, 61.85148831320019
18.743257702510565, 61.85912662421109
18.789084738458023, 61.866764935221994
18.83491177440548, 61.874403246232895
18.88073881035294, 61.8820415572438
18.9265658463004, 61.8896798682547
18.972392882247856, 61.8973181792656
19.018219918195317, 61.904956490276504
19.064046954142775, 61.912594801287405
19.109873990090232, 61.920233112298305
19.155701026037693, 61.92787142330921
19.20152806198515, 61.935509734320114
19.24735509793261, 61.943148045331014
19.293182133880066, 61.950786356341915
19.339009169827527, 61.958424667352816
19.384836205774985, 61.96606297836372
19.430663241722442, 61.973701289374624
19.476490277669903, 61.981339600385525
19.52231731361736, 61.988977911396425
19.568144349564818, 61.996616222407326
19.61397138551228, 62.004254533418234
19.659798421459737, 62.011892844429134
19.705625457407194, 62.019531155440035
19.751452493354652, 62.027169466450935
19.797279529302113, 62.034807777461836
19.84310656524957, 62.042446088472744
19.888933601197028, 62.050084399483644
19.93476063714449, 62.057722710494545
19.980587673091946, 62.065361021505446
20.026414709039404, 62.072999332516346
20.072241744986865, 62.080637643527254
20.118068780934323, 62.088275954538155
20.16389581688178, 62.095914265549055
20.20972285282924, 62.103552576559956
20.2555498887767, 62.11119088757086
20.301376924724156, 62.118829198581764
20.347203960671614, 62.126467509592665
20.393030996619075, 62.134105820603565
20.438858032566532, 62.141744131614466
20.48468506851399, 62.14938244262537
20.53051210446145, 62.157020753636274
20.57633914040891, 62.164659064647175
20.622166176356366, 62.172297375658076
20.667993212303827, 62.179935686668976
20.713820248251285, 62.18757399767988
20.759647284198742, 62.19521230869078
20.8054743201462, 62.202850619701685
20.85130135609366, 62.210488930712586
20.897128392041118, 62.21812724172349
20.942955427988576, 62.22576555273439
20.988782463936037, 62.23340386374529
21.034609499883494, 62.241042174756195
21.080436535830952, 62.248680485767096
21.126263571778413, 62.256318796778
21.17209060772587, 62.2639571077889
21.217917643673328, 62.2715954187998
21.263744679620785, 62.279233729810706
21.309571715568246, 62.286872040821606
21.355398751515704, 62.29451035183251
21.40122578746316, 62.30214866284341
21.447052823410623, 62.30978697385431
21.49287985935808, 62.317425284865216
21.538706895305538, 62.32506359587612
21.584533931253, 62.33270190688702
21.630360967200456, 62.34034021789792
21.676188003147914, 62.34797852890882
21.72201503909537, 62.35561683991972
21.767842075042832, 62.36325515093063
21.81366911099029, 62.37089346194153
21.859496146937747, 62.37853177295243
21.90532318288521, 62.38617008396333
21.951150218832666, 62.393808394974236
21.996977254780123, 62.40144670598514
22.042804290727585, 62.40908501699604
22.088631326675042, 62.41672332800694
22.1344583626225, 62.42436163901784
22.18028539856996, 62.43199995002875
22.226112434517418, 62.43963826103965
22.271939470464876, 62.44727657205055
22.317766506412333, 62.45491488306145
22.363593542359794, 62.46255319407235
22.40942057830725, 62.47019150508325
22.45524761425471, 62.47782981609416
22.50107465020217, 62.48546812710506
22.546901686149628, 62.49310643811596
22.592728722097085, 62.50074474912686
22.638555758044546, 62.50838306013776
22.684382793992004, 62.51602137114867
22.73020982993946, 62.52365968215957
22.77603686588692, 62.53129799317047
22.82186390183438, 62.53893630418137
22.867690937781838, 62.54657461519227
22.913517973729295, 62.55421292620318
22.959345009676756, 62.56185123721408
23.005172045624214, 62.56948954822498
23.05099908157167, 62.57712785923588
23.096826117519132, 62.58476617024678
23.14265315346659, 62.59240448125769
23.188480189414047, 62.60004279226859
23.234307225361505, 62.60768110327949
23.280134261308966, 62.61531941429039
23.325961297256423, 62.62295772530129
23.37178833320388, 62.6305960363122
23.417615369151342, 62.6382343473231
23.4634424050988, 62.645872658334
23.509269441046257, 62.6535109693449
23.555096476993718, 62.6611492803558
23.600923512941176, 62.66878759136671
23.646750548888633, 62.67642590237761
23.692577584836094, 62.68406421338851
23.73840462078355, 62.69170252439941
23.78423165673101, 62.69934083541031
23.830058692678467, 62.70697914642121
23.875885728625928, 62.71461745743212
23.921712764573385, 62.72225576844302
23.967539800520843, 62.72989407945392
24.013366836468304, 62.73753239046482
24.05919387241576, 62.74517070147573
24.10502090836322, 62.75280901248663
24.15084794431068, 62.76044732349753
24.196674980258138, 62.76808563450843
24.242502016205595, 62.77572394551933
24.288329052153053, 62.78336225653023
24.334156088100514, 62.79100056754114
24.37998312404797, 62.79863887855204
24.42581015999543, 62.80627718956294
24.47163719594289, 62.81391550057384
24.517464231890347, 62.82155381158474
24.563291267837805, 62.82919212259565
24.609118303785266, 62.83683043360655
24.654945339732723, 62.84446874461745
24.70077237568018, 62.85210705562835
24.74659941162764, 62.85974536663925
24.7924264475751, 62.86738367765016
24.838253483522557, 62.87502198866106
24.884080519470015, 62.88266029967196
24.929907555417476, 62.89029861068286
24.975734591364933, 62.89793692169376
25.02156162731239, 62.90557523270466
25.06738866325985, 62.91321354371557
25.11321569920731, 62.92085185472647
25.159042735154767, 62.92849016573737
25.204869771102228, 62.93612847674827
25.250696807049685, 62.94376678775918
25.296523842997143, 62.95140509877008
25.3423508789446, 62.95904340978098
25.38817791489206, 62.96668172079188
25.43400495083952, 62.97432003180278
25.479831986786976, 62.981958342813684
25.525659022734438, 62.98959665382459
25.571486058681895, 62.99723496483549
25.617313094629353, 63.00487327584639
25.663140130576814, 63.01251158685729
25.70896716652427, 63.020149897868194
25.75479420247173, 63.0277882088791
25.800621238419186, 63.03542651989
25.846448274366647, 63.0430648309009
25.892275310314105, 63.050703141911804
25.938102346261562, 63.058341452922704
25.983929382209023, 63.06597976393361
26.02975641815648, 63.07361807494451
26.07558345410394, 63.08125638595541
26.1214104900514, 63.088894696966314
26.167237525998857, 63.096533007977214
26.213064561946315, 63.10417131898812
26.258891597893772, 63.11180962999902
26.304718633841233, 63.11944794100992
26.35054566978869, 63.127086252020824
26.396372705736148, 63.134724563031725
26.44219974168361, 63.14236287404263
26.488026777631067, 63.15000118505353
26.533853813578524, 63.157639496064434
26.579680849525985, 63.165277807075334
26.625507885473443, 63.172916118086235
26.6713349214209, 63.18055442909714
26.717161957368358, 63.18819274010804
26.76298899331582, 63.195831051118944
26.808816029263276, 63.203469362129844
26.854643065210734, 63.211107673140745
26.900470101158195, 63.21874598415165
26.946297137105653, 63.22638429516255
26.99212417305311, 63.234022606173454
27.03795120900057, 63.241660917184355
27.08377824494803, 63.249299228195255
27.129605280895486, 63.25693753920616
27.175432316842947, 63.264575850217064
27.221259352790405, 63.272214161227964
27.267086388737862, 63.279852472238865
27.31291342468532, 63.287490783249766
27.35874046063278, 63.295129094260666
27.40456749658024, 63.302767405271574
27.450394532527696, 63.310405716282474
27.496221568475157, 63.318044027293375
27.542048604422614, 63.325682338304276
27.587875640370072, 63.333320649315176
27.633702676317533, 63.340958960326084
27.67952971226499, 63.348597271336985
27.725356748212448, 63.356235582347885
27.771183784159906, 63.363873893358786
27.817010820107367, 63.371512204369694
27.862837856054824, 63.379150515380594
27.90866489200228, 63.386788826391495
27.954491927949743, 63.394427137402396
28.0003189638972, 63.402065448413296
28.046145999844658, 63.4097037594242
28.09197303579212, 63.417342070435105
28.137800071739576, 63.424980381446005
28.183627107687034, 63.432618692456906
28.22945414363449, 63.440257003467806
28.275281179581953, 63.44789531447871
28.32110821552941, 63.455533625489615
28.366935251476868, 63.463171936500515
28.41276228742433, 63.470810247511416
28.458589323371786, 63.47844855852232
28.504416359319244, 63.48608686953322
28.550243395266705, 63.49372518054412
28.596070431214162, 63.501363491555026
28.64189746716162, 63.509001802565926
28.68772450310908, 63.51664011357683
28.73355153905654, 63.52427842458773
28.779378575003996, 63.53191673559863
28.825205610951453, 63.539555046609536
28.871032646898914, 63.547193357620436
28.916859682846372, 63.55483166863134
28.96268671879383, 63.56246997964224
29.00851375474129, 63.570108290653145
29.054340790688748, 63.577746601664046
29.100167826636206, 63.58538491267495
29.145994862583667, 63.59302322368585
29.191821898531124, 63.60066153469675
29.23764893447858, 63.60829984570765
29.28347597042604, 63.615938156718556
29.3293030063735, 63.62357646772946
29.375130042320958, 63.63121477874036
29.420957078268415, 63.63885308975126
29.466784114215876, 63.64649140076216
29.512611150163334, 63.654129711773066
29.55843818611079, 63.66176802278397
29.604265222058253, 63.66940633379487
29.65009225800571, 63.67704464480577
29.695919293953168, 63.68468295581667
29.741746329900625, 63.69232126682758
29.787573365848086, 63.69995957783848
29.833400401795544, 63.70759788884938
29.879227437743, 63.71523619986028
29.925054473690462, 63.72287451087118
29.97088150963792, 63.73051282188209
30.016708545585377, 63.73815113289299
30.06253558153284, 63.74578944390389
30.108362617480296, 63.75342775491479
30.154189653427753, 63.76106606592569
30.200016689375214, 63.7687043769366
30.245843725322672, 63.7763426879475
30.29167076127013, 63.7839809989584
30.337497797217587, 63.7916193099693
30.383324833165048, 63.7992576209802
30.429151869112506, 63.80689593199111
30.474978905059963, 63.81453424300201
30.520805941007424, 63.82217255401291
30.56663297695488, 63.82981086502381
30.61246001290234, 63.83744917603471
30.6582870488498, 63.84508748704561
30.704114084797258, 63.85272579805652
30.749941120744715, 63.86036410906742
30.795768156692173, 63.86800242007832
30.841595192639634, 63.87564073108922
30.88742222858709, 63.88327904210012
30.93324926453455, 63.89091735311103
30.97907630048201, 63.89855566412193
31.024903336429468, 63.90619397513283
31.070730372376925, 63.91383228614373
31.116557408324386, 63.92147059715464
31.162384444271844, 63.92910890816554
31.2082114802193, 63.93674721917644
31.25403851616676, 63.94438553018734
31.29986555211422, 63.95202384119824
31.345692588061677, 63.95966215220914
31.391519624009135, 63.96730046322004
31.437346659956596, 63.97493877423095
31.483173695904053, 63.98257708524185
31.52900073185151, 63.99021539625275
31.574827767798972, 63.99785370726365
31.62065480374643, 64.00549201827455
31.666481839693887, 64.01313032928546
31.712308875641344, 64.02076864029635
31.758135911588806, 64.02840695130726
31.803962947536263, 64.03604526231817
31.84978998348372, 64.04368357332906
31.89561701943118, 64.05132188433997
31.94144405537864, 64.05896019535086
31.987271091326097, 64.06659850636177
32.033098127273554, 64.07423681737268
32.078925163221015, 64.08187512838357
32.124752199168476, 64.08951343939448
32.17057923511593, 64.09715175040537
32.21640627106339, 64.10479006141628
32.26223330701085, 64.11242837242719
32.308060342958306, 64.12006668343808
32.35388737890577, 64.12770499444899
32.39971441485323, 64.13534330545988
32.44554145080068, 64.14298161647079
32.491368486748144, 64.1506199274817
32.5371955226956, 64.15825823849259
32.58302255864306, 64.1658965495035
32.62884959459052, 64.1735348605144
32.674676630537974, 64.1811731715253
32.720503666485435, 64.18881148253621
32.766330702432896, 64.1964497935471
32.81215773838035, 64.20408810455801
32.85798477432781, 64.2117264155689
32.90381181027527, 64.21936472657981
32.949638846222726, 64.22700303759072
32.99546588217019, 64.23464134860161
33.04129291811765, 64.24227965961252
33.0871199540651, 64.24991797062341
33.13294699001256, 64.25755628163432
33.178774025960024, 64.26519459264523
33.22460106190748, 64.27283290365612
33.27042809785494, 64.28047121466703
33.3162551338024, 64.28810952567792
33.362082169749854, 64.29574783668883
33.407909205697315, 64.30338614769974
33.45373624164477, 64.31102445871063
33.49956327759223, 64.31866276972154
33.54539031353969, 64.32630108073243
33.591217349487145, 64.33393939174334
33.637044385434606, 64.34157770275425
33.68287142138207, 64.34921601376514
33.72869845732952, 64.35685432477605
33.77452549327698, 64.36449263578695
33.820352529224444, 64.37213094679785
33.8661795651719, 64.37976925780876
33.91200660111936, 64.38740756881965
33.95783363706682, 64.39504587983056
34.003660673014274, 64.40268419084146
34.049487708961735, 64.41032250185236
34.095314744909196, 64.41796081286327
34.14114178085665, 64.42559912387416
34.18696881680411, 64.43323743488507
34.23279585275157, 64.44087574589597
34.278622888699026, 64.44851405690687
34.32444992464649, 64.45615236791778
34.37027696059395, 64.46379067892867
34.4161039965414, 64.47142898993958
34.46193103248886, 64.47906730095048
34.50775806843632, 64.48670561196138
34.55358510438378, 64.49434392297228
34.59941214033124, 64.50198223398318
34.64523917627869, 64.50962054499409
34.691066212226154, 64.51725885600499
34.736893248173615, 64.5248971670159
34.78272028412107, 64.53253547802679
34.82854732006853, 64.5401737890377
34.87437435601599, 64.5478121000486
34.920201391963445, 64.5554504110595
34.966028427910906, 64.5630887220704
35.01185546385837, 64.57072703308131
35.05768249980582, 64.5783653440922
35.10350953575328, 64.58600365510311
35.14933657170074, 64.593641966114
35.1951636076482, 64.60128027712491
35.24099064359566, 64.60891858813581
35.28681767954312, 64.61655689914672
35.332644715490574, 64.62419521015762
35.378471751438035, 64.63183352116852
35.424298787385496, 64.63947183217942
35.47012582333295, 64.64711014319032
35.51595285928041, 64.65474845420123
35.561779895227865, 64.66238676521213
35.607606931175326, 64.67002507622303
35.65343396712279, 64.67766338723393
35.69926100307024, 64.68530169824483
35.7450880390177, 64.69294000925574
35.79091507496516, 64.70057832026664
35.83674211091262, 64.70821663127754
35.88256914686008, 64.71585494228844
35.92839618280754, 64.72349325329934
35.97422321875499, 64.73113156431025
36.020050254702454, 64.73876987532115
36.065877290649915, 64.74640818633205
36.11170432659737, 64.75404649734296
36.15753136254483, 64.76168480835385
36.20335839849229, 64.76932311936476
36.249185434439745, 64.77696143037566
36.295012470387206, 64.78459974138656
36.34083950633467, 64.79223805239747
36.38666654228212, 64.79987636340836
36.43249357822958, 64.80751467441927
36.478320614177036, 64.81515298543016
36.5241476501245, 64.82279129644107
36.56997468607196, 64.83042960745198
36.61580172201941, 64.83806791846287
36.661628757966874, 64.84570622947378
36.707455793914335, 64.85334454048468
36.75328282986179, 64.86098285149558
36.79910986580925, 64.86862116250649
36.84493690175671, 64.87625947351738
36.890763937704165, 64.88389778452829
36.936590973651626, 64.8915360955392
36.98241800959909, 64.89917440655009
37.02824504554654, 64.906812717561
37.074072081494, 64.91445102857189
37.11989911744146, 64.9220893395828
37.16572615338892, 64.92972765059369
37.21155318933638, 64.9373659616046
37.25738022528384, 64.9450042726155
37.30320726123129, 64.9526425836264
37.349034297178754, 64.96028089463731
37.394861333126215, 64.96791920564822
37.44068836907367, 64.97555751665911
37.48651540502113, 64.98319582767002
37.532342440968584, 64.99083413868091
37.578169476916045, 64.99847244969182
37.623996512863506, 65.00611076070271
37.66982354881096, 65.01374907171362
37.71565058475842, 65.02138738272453
37.76147762070588, 65.02902569373542
37.807304656653336, 65.03666400474633
37.8531316926008, 65.04430231575722
37.89895872854826, 65.05194062676813
37.94478576449571, 65.05957893777904
37.990612800443174, 65.06721724878993
38.036439836390635, 65.07485555980084
38.08226687233809, 65.08249387081173
38.12809390828555, 65.09013218182264
38.17392094423301, 65.09777049283355
38.219747980180465, 65.10540880384444
38.265575016127926, 65.11304711485535
38.31140205207539, 65.12068542586624
38.35722908802284, 65.12832373687715
38.4030561239703, 65.13596204788806
38.448883159917756, 65.14360035889895
38.49471019586522, 65.15123866990986
38.54053723181268, 65.15887698092075
38.58636426776013, 65.16651529193166
38.63219130370759, 65.17415360294257
38.678018339655054, 65.18179191395346
38.72384537560251, 65.18943022496437
38.76967241154997, 65.19706853597526
38.81549944749743, 65.20470684698617
38.861326483444884, 65.21234515799708
38.907153519392345, 65.21998346900797
38.952980555339806, 65.22762178001888
38.99880759128726, 65.23526009102977
39.04463462723472, 65.24289840204068
39.09046166318218, 65.25053671305159
39.136288699129636, 65.25817502406248
39.1821157350771, 65.26581333507339
39.22794277102456, 65.27345164608428
39.27376980697201, 65.28108995709519
39.31959684291947, 65.2887282681061
39.365423878866935, 65.29636657911699
39.41125091481439, 65.3040048901279
39.45707795076185, 65.31164320113879
39.502904986709304, 65.3192815121497
39.548732022656765, 65.32691982316061
39.594559058604226, 65.3345581341715
39.64038609455168, 65.34219644518241
39.68621313049914, 65.3498347561933
39.7320401664466, 65.35747306720421
39.777867202394056, 65.36511137821512
39.82369423834152, 65.37274968922601
39.86952127428898, 65.38038800023692
39.91534831023643, 65.38802631124781
39.96117534618389, 65.39566462225872
40.007002382131354, 65.40330293326963
40.05282941807881, 65.41094124428052
40.09865645402627, 65.41857955529143
40.14448348997373, 65.42621786630232
40.190310525921184, 65.43385617731323
40.236137561868645, 65.44149448832414
40.281964597816106, 65.44913279933503
40.32779163376356, 65.45677111034594
40.37361866971102, 65.46440942135683
40.41944570565848, 65.47204773236774
40.465272741605936, 65.47968604337865
40.5110997775534, 65.48732435438954
40.55692681350085, 65.49496266540045
40.60275384944831, 65.50260097641134
40.64858088539577, 65.51023928742225
40.69440792134323, 65.51787759843316
40.74023495729069, 65.52551590944405
40.78606199323815, 65.53315422045496
40.831889029185604, 65.54079253146585
40.877716065133065, 65.54843084247676
40.923543101080526, 65.55606915348767
40.96937013702798, 65.56370746449856
41.01519717297544, 65.57134577550947
41.0610242089229, 65.57898408652036
41.106851244870356, 65.58662239753127
41.15267828081782, 65.59426070854218
41.19850531676528, 65.60189901955307
41.24433235271273, 65.60953733056398
41.29015938866019, 65.61717564157487
41.335986424607654, 65.62481395258578
41.38181346055511, 65.63245226359668
41.42764049650257, 65.64009057460758
41.47346753245002, 65.64772888561849
41.519294568397484, 65.65536719662938
41.565121604344945, 65.66300550764029
41.6109486402924, 65.67064381865119
41.65677567623986, 65.6782821296621
41.70260271218732, 65.685920440673
41.748429748134775, 65.6935587516839
41.794256784082236, 65.7011970626948
41.8400838200297, 65.7088353737057
41.88591085597715, 65.7164736847166
41.93173789192461, 65.72411199572751
41.97756492787207, 65.7317503067384
42.02339196381953, 65.73938861774931
42.06921899976699, 65.7470269287602
42.11504603571445, 65.75466523977111
42.160873071661904, 65.76230355078202
42.206700107609365, 65.76994186179292
42.252527143556826, 65.77758017280382
42.29835417950428, 65.78521848381472
42.34418121545174, 65.79285679482562
42.3900082513992, 65.80049510583653
42.435835287346656, 65.80813341684743
42.48166232329412, 65.81577172785833
42.52748935924157, 65.82341003886923
42.57331639518903, 65.83104834988013
42.61914343113649, 65.83868666089104
42.66497046708395, 65.84632497190194
42.71079750303141, 65.85396328291284
42.75662453897887, 65.86160159392374
42.80245157492632, 65.86923990493464
42.848278610873784, 65.87687821594555
42.894105646821245, 65.88451652695645
42.9399326827687, 65.89215483796735
42.98575971871616, 65.89979314897825
43.03158675466362, 65.90743145998916
43.077413790611075, 65.91506977100006
43.123240826558536, 65.92270808201096
43.169067862506, 65.93034639302186
43.21489489845345, 65.93798470403276
43.26072193440091, 65.94562301504367
43.30654897034837, 65.95326132605457
43.35237600629583, 65.96089963706547
43.39820304224329, 65.96853794807637
43.44403007819074, 65.97617625908727
43.4898571141382, 65.98381457009818
43.535684150085665, 65.99145288110908
43.58151118603312, 65.99909119211998
43.62733822198058, 66.00672950313088
43.67316525792804, 66.01436781414178
43.718992293875495, 66.02200612515269
43.764819329822956, 66.02964443616358
43.81064636577042, 66.03728274717449
43.85647340171787, 66.0449210581854
43.90230043766533, 66.05255936919629
43.94812747361279, 66.0601976802072
43.99395450956025, 66.06783599121809
44.03978154550771, 66.075474302229
44.08560858145517, 66.0831126132399
44.13143561740262, 66.0907509242508
44.177262653350084, 66.0983892352617
44.223089689297545, 66.1060275462726
44.268916725245, 66.11366585728351
44.31474376119246, 66.12130416829442
44.36057079713992, 66.12894247930531
44.406397833087375, 66.13658079031622
44.452224869034836, 66.14421910132711
44.49805190498229, 66.15185741233802
44.54387894092975, 66.15949572334893
44.58970597687721, 66.16713403435982
44.635533012824666, 66.10086509674454
44.68136004877213, 65.96602836152331
44.72718708471959, 65.83119162630209
44.77301412066704, 65.69635489108089
44.8188411566145, 65.56151815585966
44.864668192561965, 65.42668142063843
44.91049522850942, 65.29184468541722
44.95632226445688, 65.15700795019599
45.00214930040434, 65.02217121497476
45.047976336351795, 64.88733447975356
45.093803372299256, 64.75249774453233
45.13963040824672, 64.6176610093111
45.18545744419417, 64.4828242740899
45.23128448014163, 64.34798753886867
45.27711151608909, 64.21315080364744
45.32293855203655, 64.07831406842624
45.36876558798401, 63.94347733320501
45.41459262393147, 63.80864059798378
45.46041965987892, 63.673803862762576
45.506246695826384, 63.53896712754135
45.55207373177384, 63.40413039232014
45.5979007677213, 63.26929365709891
45.64372780366876, 63.134456921877685
45.689554839616214, 62.99962018665648
45.735381875563675, 62.86478345143525
45.781208911511136, 62.72994671621402
