Parameters: [46.852956989079935, 24.183890864790428, 14.020805864960808, 40.291844180913984, 3.680477561551762, 0.07336305645448771, -2.724182983233042]
Points:
0.0, 24.183890864790428
0.04689985684592586, 24.356504735551848
0.09379971369185172, 24.52911860631327
0.1406995705377776, 24.70173247707469
0.18759942738370344, 24.874346347836106
0.2344992842296293, 25.046960218597526
0.2813991410755552, 25.219574089358947
0.32829899792148104, 25.392187960120367
0.3751988547674069, 25.564801830881787
0.42209871161333273, 25.737415701643208
0.4689985684592586, 25.91002957240463
0.5158984253051845, 26.08264344316605
0.5627982821511104, 26.255257313927466
0.6096981389970362, 26.427871184688886
0.6565979958429621, 26.600485055450307
0.7034978526888879, 26.773098926211727
0.7503977095348138, 26.945712796973147
0.7972975663807397, 27.118326667734568
0.8441974232266655, 27.290940538495988
0.8910972800725914, 27.463554409257405
0.9379971369185172, 27.636168280018826
0.9848969937644431, 27.808782150780246
1.031796850610369, 27.981396021541666
1.0786967074562948, 28.154009892303087
1.1255965643022208, 28.326623763064507
1.1724964211481466, 28.499237633825928
1.2193962779940724, 28.671851504587345
1.2662961348399981, 28.844465375348765
1.3131959916859242, 29.017079246110185
1.36009584853185, 29.189693116871606
1.4069957053777757, 29.362306987633026
1.4538955622237018, 29.534920858394447
1.5007954190696275, 29.707534729155867
1.5476952759155533, 29.880148599917284
1.5945951327614794, 30.052762470678704
1.6414949896074051, 30.225376341440125
1.688394846453331, 30.397990212201545
1.735294703299257, 30.570604082962966
1.7821945601451827, 30.743217953724386
1.8290944169911085, 30.915831824485807
1.8759942738370343, 31.088445695247223
1.9228941306829603, 31.261059566008644
1.9697939875288861, 31.433673436770064
2.016693844374812, 31.606287307531485
2.063593701220738, 31.778901178292905
2.110493558066664, 31.951515049054326
2.1573934149125895, 32.124128919815746
2.2042932717585155, 32.29674279057716
2.2511931286044415, 32.46935666133859
2.298092985450367, 32.641970532100004
2.344992842296293, 32.81458440286143
2.3918926991422187, 32.987198273622845
2.4387925559881447, 33.15981214438426
2.4856924128340707, 33.332426015145685
2.5325922696799963, 33.5050398859071
2.5794921265259223, 33.677653756668526
2.6263919833718483, 33.85026762742994
2.673291840217774, 34.02288149819137
2.7201916970637, 34.195495368952784
2.767091553909626, 34.3681092397142
2.8139914107555515, 34.540723110475625
2.8608912676014775, 34.71333698123704
2.9077911244474035, 34.885950851998466
2.954690981293329, 35.05856472275988
3.001590838139255, 35.23117859352131
3.048490694985181, 35.40379246428272
3.0953905518311067, 35.57640633504414
3.1422904086770327, 35.749020205805564
3.1891902655229587, 35.92163407656698
3.2360901223688843, 36.0942479473284
3.2829899792148103, 36.26686181808982
3.3298898360607363, 36.439475688851246
3.376789692906662, 36.61208955961266
3.423689549752588, 36.78470343037408
3.470589406598514, 36.957317301135504
3.5174892634444395, 37.12993117189692
3.5643891202903655, 37.302545042658345
3.6112889771362915, 37.47515891341976
3.658188833982217, 37.647772784181186
3.705088690828143, 37.8203866549426
3.7519885476740686, 37.99300052570402
3.7988884045199947, 38.16561439646544
3.8457882613659207, 38.33822826722686
3.8926881182118462, 38.51084213798828
3.9395879750577723, 38.6834560087497
3.9864878319036983, 38.856069879511125
4.033387688749624, 39.02868375027254
4.08028754559555, 39.201297621033966
4.127187402441476, 39.37391149179538
4.174087259287401, 39.5465253625568
4.220987116133328, 39.719139233318224
4.2678869729792535, 39.89175310407964
4.314786829825179, 40.064366974841064
4.3616866866711055, 40.23698084560248
4.408586543517031, 40.4095947163639
4.455486400362957, 40.58220858712532
4.502386257208883, 40.754822457886746
4.549286114054809, 40.92743632864816
4.596185970900734, 41.10005019940958
4.64308582774666, 41.272664070171004
4.689985684592586, 41.44527794093242
4.736885541438512, 41.61789181169384
4.783785398284437, 41.79050568245526
4.830685255130364, 41.963119553216686
4.877585111976289, 42.135733423978095
4.924484968822215, 42.30834729473952
4.971384825668141, 42.48096116550094
5.018284682514067, 42.65357503626236
5.065184539359993, 42.82618890702378
5.112084396205919, 42.9988027777852
5.158984253051845, 43.171416648546625
5.20588410989777, 43.344030519308035
5.252783966743697, 43.51664439006946
5.299683823589622, 43.68925826083088
5.346583680435548, 43.8618721315923
5.393483537281474, 44.03448600235372
5.4403833941274, 44.20709987311514
5.487283250973325, 44.37971374387656
5.534183107819252, 44.55232761463798
5.581082964665177, 44.7249414853994
5.627982821511103, 44.89755535616082
5.674882678357029, 45.07016922692224
5.721782535202955, 45.242783097683656
5.768682392048881, 45.41539696844508
5.815582248894807, 45.588010839206504
5.862482105740733, 45.76062470996792
5.909381962586658, 45.93323858072934
5.956281819432585, 46.10585245149076
6.00318167627851, 46.27846632225218
6.050081533124436, 46.451080193013595
6.096981389970362, 46.62369406377502
6.143881246816288, 46.79630793453644
6.190781103662213, 46.96892180529785
6.23768096050814, 47.14153567605928
6.284580817354065, 47.3141495468207
6.331480674199991, 47.48676341758212
6.378380531045917, 47.659377288343535
6.425280387891843, 47.83199115910496
6.4721802447377685, 48.004605029866376
6.519080101583695, 48.1772189006278
6.565979958429621, 48.34983277138922
6.612879815275546, 48.52244664215064
6.659779672121473, 48.695060512912065
6.706679528967398, 48.867674383673474
6.753579385813324, 49.0402882544349
6.80047924265925, 49.21290212519632
6.847379099505176, 49.38551599595774
6.894278956351101, 49.558129866719156
6.941178813197028, 49.73074373748058
6.988078670042953, 49.903357608242
7.034978526888879, 50.075971479003414
7.081878383734805, 50.24858534976484
7.128778240580731, 50.42119922052626
7.1756780974266565, 50.59381309128767
7.222577954272583, 50.766426962049096
7.2694778111185085, 50.93904083281052
7.316377667964434, 51.111654703571936
7.363277524810361, 51.28426857433336
7.410177381656286, 51.45688244509478
7.457077238502212, 51.6294963158562
7.503977095348137, 51.80211018661761
7.550876952194064, 51.974724057379035
7.597776809039989, 52.14733792814046
7.644676665885915, 52.319951798901876
7.691576522731841, 52.49256566966329
7.738476379577767, 52.66517954042472
7.7853762364236925, 52.837793411186134
7.832276093269619, 53.01040728194756
7.8791759501155445, 53.183021152708974
7.92607580696147, 53.3556350234704
7.9729756638073965, 53.528248894231815
8.019875520653322, 53.70086276499323
8.066775377499248, 53.873476635754656
8.113675234345173, 54.04609050651607
8.1605750911911, 54.218704377277504
8.207474948037026, 54.391318248038914
8.254374804882952, 54.56393211880034
8.301274661728877, 54.736545989561755
8.348174518574803, 54.90915986032317
8.395074375420728, 55.081773731084596
8.441974232266656, 55.25438760184602
8.488874089112581, 55.42700147260744
8.535773945958507, 55.59961534336885
8.582673802804432, 55.77222921413028
8.629573659650358, 55.944843084891694
8.676473516496284, 56.11745695565311
8.723373373342211, 56.290070826414535
8.770273230188137, 56.46268469717596
8.817173087034062, 56.635298567937376
8.864072943879988, 56.80791243869879
8.910972800725913, 56.98052630946022
8.957872657571839, 57.153140180221634
9.004772514417766, 57.32575405098306
9.051672371263692, 57.498367921744475
9.098572228109617, 57.6709817925059
9.145472084955543, 57.843595663267315
9.192371941801468, 58.01620953402873
9.239271798647394, 58.18882340479015
9.28617165549332, 58.36143727555157
9.333071512339247, 58.534051146313
9.379971369185172, 58.706665017074414
9.426871226031098, 58.87927888783583
9.473771082877024, 59.051892758597255
9.52067093972295, 59.22450662935867
9.567570796568875, 59.39712050012009
9.614470653414802, 59.56973437088152
9.661370510260728, 59.74234824164294
9.708270367106653, 59.91496211240435
9.755170223952579, 60.08757598316577
9.802070080798504, 60.260189853927194
9.84896993764443, 60.43280372468861
9.895869794490357, 60.605417595450035
9.942769651336283, 60.77803146621145
9.989669508182208, 60.950645336972876
10.036569365028134, 61.12325920773429
10.08346922187406, 61.29587307849571
10.130369078719985, 61.468486949257134
10.177268935565912, 61.64110082001856
10.224168792411838, 61.813714690779975
10.271068649257764, 61.98632856154139
10.31796850610369, 62.158942432302815
10.364868362949615, 62.33155630306423
10.41176821979554, 62.50417017382565
10.458668076641468, 62.67678404458707
10.505567933487393, 62.8493979153485
10.552467790333319, 63.022011786109914
10.599367647179244, 63.19462565687133
10.64626750402517, 63.36723952763275
10.693167360871096, 63.53985339839417
10.740067217717023, 63.712467269155596
10.786967074562948, 63.88508113991701
10.833866931408874, 64.05769501067843
10.8807667882548, 64.23030888143985
10.927666645100725, 64.40292275220128
10.97456650194665, 64.57553662296269
11.021466358792578, 64.74815049372411
11.068366215638504, 64.92076436448554
11.11526607248443, 65.09337823524694
11.162165929330355, 65.26599210600837
11.20906578617628, 65.4386059767698
11.255965643022206, 65.6112198475312
11.302865499868133, 65.78383371829264
11.349765356714059, 65.95644758905405
11.396665213559984, 66.12906145981547
11.44356507040591, 66.3016753305769
11.490464927251836, 66.47428920133831
11.537364784097761, 66.64690307209972
11.584264640943688, 66.81951694286116
11.631164497789614, 66.99213081362257
11.67806435463554, 67.16474468438399
11.724964211481465, 67.33735855514541
11.77186406832739, 67.50997242590682
11.818763925173316, 67.68258629666825
11.865663782019244, 67.85520016742967
11.91256363886517, 68.0278140381911
11.959463495711095, 68.20042790895252
12.00636335255702, 68.37304177971393
12.053263209402946, 68.54565565047534
12.100163066248872, 68.71826952123678
12.147062923094797, 68.89088339199819
12.193962779940724, 69.06349726275961
12.24086263678665, 69.23611113352104
12.287762493632576, 69.40872500428245
12.334662350478501, 69.58133887504387
12.381562207324427, 69.7539527458053
12.428462064170352, 69.9265666165667
12.47536192101628, 70.09918048732814
12.522261777862205, 70.27179435808955
12.56916163470813, 70.44440822885096
12.616061491554056, 70.6170220996124
12.662961348399982, 70.78963597037381
12.709861205245907, 70.96224984113522
12.756761062091835, 71.13486371189666
12.80366091893776, 71.30747758265807
12.850560775783686, 71.48009145341949
12.897460632629612, 71.65270532418091
12.944360489475537, 71.82531919494232
12.991260346321463, 71.99793306570375
13.03816020316739, 72.17054693646517
13.085060060013316, 72.34316080722658
13.131959916859241, 72.51577467798802
13.178859773705167, 72.68838854874943
13.225759630551092, 72.86100241951084
13.272659487397018, 73.03361629027226
13.319559344242945, 73.20623016103369
13.36645920108887, 73.37884403179511
13.413359057934796, 73.55145790255654
13.460258914780722, 73.72407177331795
13.507158771626647, 73.89668564407937
13.554058628472573, 74.0692995148408
13.6009584853185, 74.2419133856022
13.647858342164426, 74.41452725636363
13.694758199010352, 74.58714112712505
13.741658055856277, 74.75975499788646
13.788557912702203, 74.93236886864788
13.835457769548128, 75.10498273940931
13.882357626394056, 75.27759661017073
13.929257483239981, 75.45021048093216
13.976157340085907, 75.62282435169357
14.023057196931832, 75.78731741024653
14.069957053777758, 75.79075812709202
14.116856910623683, 75.79419884393752
14.16375676746961, 75.79763956078301
14.210656624315536, 75.8010802776285
14.257556481161462, 75.804520994474
14.304456338007387, 75.80796171131949
14.351356194853313, 75.811402428165
14.398256051699239, 75.81484314501049
14.445155908545166, 75.81828386185599
14.492055765391092, 75.82172457870148
14.538955622237017, 75.82516529554697
14.585855479082943, 75.82860601239247
14.632755335928868, 75.83204672923796
14.679655192774794, 75.83548744608346
14.726555049620721, 75.83892816292895
14.773454906466647, 75.84236887977444
14.820354763312572, 75.84580959661994
14.867254620158498, 75.84925031346543
14.914154477004423, 75.85269103031094
14.961054333850349, 75.85613174715643
15.007954190696275, 75.85957246400193
15.054854047542202, 75.86301318084742
15.101753904388127, 75.8664538976929
15.148653761234053, 75.86989461453841
15.195553618079979, 75.8733353313839
15.242453474925904, 75.8767760482294
15.28935333177183, 75.88021676507489
15.336253188617757, 75.8836574819204
15.383153045463683, 75.88709819876588
15.430052902309608, 75.89053891561137
15.476952759155534, 75.89397963245688
15.52385261600146, 75.89742034930237
15.570752472847385, 75.90086106614787
15.617652329693312, 75.90430178299336
15.664552186539238, 75.90774249983885
15.711452043385163, 75.91118321668435
15.758351900231089, 75.91462393352984
15.805251757077015, 75.91806465037534
15.85215161392294, 75.92150536722083
15.899051470768867, 75.92494608406633
15.945951327614793, 75.92838680091182
15.992851184460719, 75.93182751775731
16.039751041306644, 75.93526823460282
16.08665089815257, 75.9387089514483
16.133550754998495, 75.94214966829381
16.18045061184442, 75.9455903851393
16.227350468690346, 75.94903110198479
16.274250325536272, 75.95247181883029
16.3211501823822, 75.95591253567578
16.368050039228127, 75.95935325252128
16.414949896074052, 75.96279396936677
16.461849752919978, 75.96623468621227
16.508749609765903, 75.96967540305776
16.55564946661183, 75.97311611990325
16.602549323457755, 75.97655683674876
16.64944918030368, 75.97999755359425
16.696349037149606, 75.98343827043975
16.74324889399553, 75.98687898728524
16.790148750841457, 75.99031970413074
16.837048607687382, 75.99376042097623
16.88394846453331, 75.99720113782172
16.930848321379237, 76.00064185466722
16.977748178225163, 76.00408257151271
17.02464803507109, 76.00752328835821
17.071547891917014, 76.0109640052037
17.11844774876294, 76.01440472204919
17.165347605608865, 76.0178454388947
17.21224746245479, 76.02128615574019
17.259147319300716, 76.02472687258569
17.30604717614664, 76.02816758943118
17.352947032992567, 76.03160830627668
17.399846889838493, 76.03504902312217
17.446746746684422, 76.03848973996766
17.493646603530348, 76.04193045681316
17.540546460376273, 76.04537117365865
17.5874463172222, 76.04881189050415
17.634346174068124, 76.05225260734964
17.68124603091405, 76.05569332419515
17.728145887759975, 76.05913404104064
17.7750457446059, 76.06257475788613
17.821945601451826, 76.06601547473163
17.868845458297752, 76.06945619157712
17.915745315143678, 76.07289690842262
17.962645171989603, 76.07633762526811
18.009545028835532, 76.0797783421136
18.056444885681458, 76.0832190589591
18.103344742527383, 76.08665977580459
18.15024459937331, 76.0901004926501
18.197144456219235, 76.09354120949558
18.24404431306516, 76.09698192634109
18.290944169911086, 76.10042264318658
18.33784402675701, 76.10386336003207
18.384743883602937, 76.10730407687757
18.431643740448862, 76.11074479372306
18.478543597294788, 76.11418551056856
18.525443454140714, 76.11762622741405
18.57234331098664, 76.12106694425954
18.61924316783257, 76.12450766110504
18.666143024678494, 76.12794837795053
18.71304288152442, 76.13138909479603
18.759942738370345, 76.13482981164152
18.80684259521627, 76.13827052848703
18.853742452062196, 76.14171124533252
18.90064230890812, 76.145151962178
18.947542165754047, 76.14859267902351
18.994442022599973, 76.152033395869
19.0413418794459, 76.1554741127145
19.088241736291824, 76.15891482955999
19.13514159313775, 76.1623555464055
19.18204144998368, 76.16579626325098
19.228941306829604, 76.16923698009647
19.27584116367553, 76.17267769694197
19.322741020521455, 76.17611841378746
19.36964087736738, 76.17955913063297
19.416540734213307, 76.18299984747846
19.463440591059232, 76.18644056432395
19.510340447905158, 76.18988128116945
19.557240304751083, 76.19332199801494
19.60414016159701, 76.19676271486044
19.651040018442934, 76.20020343170593
19.69793987528886, 76.20364414855143
19.74483973213479, 76.20708486539692
19.791739588980715, 76.21052558224241
19.83863944582664, 76.21396629908791
19.885539302672566, 76.2174070159334
19.93243915951849, 76.2208477327789
19.979339016364417, 76.2242884496244
20.026238873210342, 76.2277291664699
20.073138730056268, 76.23116988331539
20.120038586902194, 76.23461060016088
20.16693844374812, 76.23805131700638
20.213838300594045, 76.24149203385187
20.26073815743997, 76.24493275069737
20.3076380142859, 76.24837346754286
20.354537871131825, 76.25181418438835
20.40143772797775, 76.25525490123385
20.448337584823676, 76.25869561807934
20.4952374416696, 76.26213633492485
20.542137298515527, 76.26557705177034
20.589037155361453, 76.26901776861584
20.63593701220738, 76.27245848546133
20.682836869053304, 76.27589920230682
20.72973672589923, 76.27933991915232
20.776636582745155, 76.28278063599781
20.82353643959108, 76.28622135284331
20.87043629643701, 76.2896620696888
20.917336153282935, 76.2931027865343
20.96423601012886, 76.2965435033798
21.011135866974787, 76.29998422022528
21.058035723820712, 76.30342493707079
21.104935580666638, 76.30686565391628
21.151835437512563, 76.31030637076178
21.19873529435849, 76.31374708760727
21.245635151204414, 76.31718780445276
21.29253500805034, 76.32062852129826
21.339434864896266, 76.32406923814375
21.38633472174219, 76.32750995498925
21.433234578588117, 76.33095067183474
21.480134435434046, 76.33439138868025
21.52703429227997, 76.33783210552573
21.573934149125897, 76.34127282237122
21.620834005971822, 76.34471353921673
21.667733862817748, 76.34815425606222
21.714633719663674, 76.35159497290772
21.7615335765096, 76.35503568975321
21.808433433355525, 76.3584764065987
21.85533329020145, 76.3619171234442
21.902233147047376, 76.36535784028969
21.9491330038933, 76.3687985571352
21.996032860739227, 76.37223927398068
22.042932717585156, 76.37567999082619
22.08983257443108, 76.37912070767167
22.136732431277007, 76.38256142451716
22.183632288122933, 76.38600214136267
22.23053214496886, 76.38944285820816
22.277432001814784, 76.39288357505366
22.32433185866071, 76.39632429189915
22.371231715506635, 76.39976500874465
22.41813157235256, 76.40320572559014
22.465031429198486, 76.40664644243563
22.511931286044412, 76.41008715928113
22.558831142890337, 76.41352787612662
22.605730999736267, 76.41696859297213
22.652630856582192, 76.42040930981761
22.699530713428118, 76.4238500266631
22.746430570274043, 76.4272907435086
22.79333042711997, 76.4307314603541
22.840230283965894, 76.4341721771996
22.88713014081182, 76.43761289404509
22.934029997657746, 76.44105361089059
22.98092985450367, 76.44449432773608
23.027829711349597, 76.44793504458157
23.074729568195522, 76.45137576142707
23.121629425041448, 76.45481647827256
23.168529281887377, 76.45825719511807
23.215429138733302, 76.46169791196355
23.262328995579228, 76.46513862880906
23.309228852425154, 76.46857934565455
23.35612870927108, 76.47202006250004
23.403028566117005, 76.47546077934554
23.44992842296293, 76.47890149619103
23.496828279808856, 76.48234221303653
23.54372813665478, 76.48578292988202
23.590627993500707, 76.48922364672751
23.637527850346633, 76.49266436357301
23.684427707192558, 76.4961050804185
23.731327564038487, 76.499545797264
23.778227420884413, 76.5029865141095
23.82512727773034, 76.506427230955
23.872027134576264, 76.50986794780049
23.91892699142219, 76.51330866464598
23.965826848268115, 76.51674938149148
24.01272670511404, 76.52019009833697
24.059626561959966, 76.52363081518247
24.106526418805892, 76.52707153202796
24.153426275651817, 76.53051224887346
24.200326132497743, 76.53395296571895
24.24722598934367, 76.53739368256444
24.294125846189594, 76.54083439940995
24.341025703035523, 76.54427511625543
24.38792555988145, 76.54771583310094
24.434825416727374, 76.55115654994643
24.4817252735733, 76.55459726679192
24.528625130419226, 76.55803798363742
24.57552498726515, 76.56147870048291
24.622424844111077, 76.56491941732841
24.669324700957002, 76.5683601341739
24.716224557802928, 76.5718008510194
24.763124414648853, 76.5752415678649
24.81002427149478, 76.57868228471038
24.856924128340705, 76.58212300155589
24.903823985186634, 76.58556371840137
24.95072384203256, 76.58900443524688
24.997623698878485, 76.59244515209237
25.04452355572441, 76.59588586893787
25.091423412570336, 76.59932658578336
25.13832326941626, 76.60276730262885
25.185223126262187, 76.60620801947435
25.232122983108113, 76.60964873631984
25.279022839954038, 76.61308945316534
25.325922696799964, 76.61653017001083
25.37282255364589, 76.61997088685632
25.419722410491815, 76.62341160370183
25.466622267337744, 76.62685232054731
25.51352212418367, 76.63029303739282
25.560421981029595, 76.6337337542383
25.60732183787552, 76.63717447108381
25.654221694721446, 76.6406151879293
25.701121551567372, 76.64405590477479
25.748021408413297, 76.64749662162029
25.794921265259223, 76.65093733846578
25.84182112210515, 76.65437805531128
25.888720978951074, 76.65781877215677
25.935620835797, 76.66125948900226
25.982520692642925, 76.66470020584777
26.029420549488854, 76.66814092269325
26.07632040633478, 76.67158163953876
26.123220263180706, 76.67502235638425
26.17012012002663, 76.67846307322975
26.217019976872557, 76.68190379007524
26.263919833718482, 76.68534450692073
26.310819690564408, 76.68878522376623
26.357719547410333, 76.69222594061172
26.40461940425626, 76.69566665745722
26.451519261102185, 76.69910737430271
26.49841911794811, 76.70254809114822
26.545318974794036, 76.7059888079937
26.592218831639965, 76.7094295248392
26.63911868848589, 76.7128702416847
26.686018545331816, 76.71631095853019
26.73291840217774, 76.71975167537569
26.779818259023667, 76.72319239222118
26.826718115869593, 76.72663310906667
26.873617972715518, 76.73007382591217
26.920517829561444, 76.73351454275766
26.96741768640737, 76.73695525960316
27.014317543253295, 76.74039597644865
27.06121740009922, 76.74383669329416
27.108117256945146, 76.74727741013965
27.15501711379107, 76.75071812698513
27.201916970637, 76.75415884383064
27.248816827482926, 76.75759956067613
27.295716684328852, 76.76104027752163
27.342616541174777, 76.76448099436712
27.389516398020703, 76.76792171121262
27.43641625486663, 76.77136242805811
27.483316111712554, 76.7748031449036
27.53021596855848, 76.7782438617491
27.577115825404405, 76.7816845785946
27.62401568225033, 76.7851252954401
27.670915539096256, 76.78856601228559
27.717815395942182, 76.79200672913107
27.76471525278811, 76.79544744597658
27.811615109634037, 76.79888816282207
27.858514966479962, 76.80232887966757
27.905414823325888, 76.80576959651306
27.952314680171813, 76.80921031335856
27.99921453701774, 76.81265103020405
28.046114393863665, 76.81609174704954
28.09301425070959, 76.81953246389504
28.139914107555516, 76.82297318074053
28.18681396440144, 76.82641389758604
28.233713821247367, 76.82985461443153
28.280613678093292, 76.83329533127701
28.32751353493922, 76.83673604812252
28.374413391785147, 76.840176764968
28.421313248631073, 76.84361748181351
28.468213105477, 76.847058198659
28.515112962322924, 76.8504989155045
28.56201281916885, 76.85393963234999
28.608912676014775, 76.85738034919548
28.6558125328607, 76.86082106604098
28.702712389706626, 76.86426178288647
28.74961224655255, 76.86770249973198
28.796512103398477, 76.87114321657747
28.843411960244403, 76.87458393342297
28.890311817090332, 76.87802465026846
28.937211673936257, 76.88146536711395
28.984111530782183, 76.88490608395945
29.03101138762811, 76.88834680080494
29.077911244474034, 76.89178751765044
29.12481110131996, 76.89522823449593
29.171710958165885, 76.89866895134142
29.21861081501181, 76.90210966818692
29.265510671857736, 76.90555038503241
29.312410528703662, 76.90899110187792
29.359310385549588, 76.9124318187234
29.406210242395513, 76.91587253556891
29.453110099241442, 76.9193132524144
29.500009956087368, 76.92275396925989
29.546909812933293, 76.92619468610539
29.59380966977922, 76.92963540295088
29.640709526625145, 76.93307611979638
29.68760938347107, 76.93651683664187
29.734509240316996, 76.93995755348737
29.78140909716292, 76.94339827033286
29.828308954008847, 76.94683898717835
29.875208810854772, 76.95027970402386
29.922108667700698, 76.95372042086935
29.969008524546624, 76.95716113771485
30.01590838139255, 76.96060185456034
30.06280823823848, 76.96404257140583
30.109708095084404, 76.96748328825133
30.15660795193033, 76.97092400509682
30.203507808776255, 76.97436472194232
30.25040766562218, 76.97780543878781
30.297307522468106, 76.98124615563331
30.34420737931403, 76.9846868724788
30.391107236159957, 76.9881275893243
30.438007093005883, 76.9915683061698
30.48490694985181, 76.99500902301529
30.531806806697734, 76.99844973986079
30.57870666354366, 77.00189045670628
30.62560652038959, 77.00533117355178
30.672506377235514, 77.00877189039727
30.71940623408144, 77.01221260724276
30.766306090927365, 77.01565332408826
30.81320594777329, 77.01909404093375
30.860105804619216, 77.02253475777925
30.907005661465142, 77.02597547462474
30.953905518311068, 77.02941619147023
31.000805375156993, 77.03285690831574
31.04770523200292, 77.03629762516123
31.094605088848844, 77.03973834200673
31.14150494569477, 77.04317905885222
31.1884048025407, 77.04661977569772
31.235304659386625, 77.05006049254321
31.28220451623255, 77.0535012093887
31.329104373078476, 77.0569419262342
31.3760042299244, 77.06038264307969
31.422904086770327, 77.0638233599252
31.469803943616252, 77.06726407677068
31.516703800462178, 77.07070479361619
31.563603657308104, 77.07414551046168
31.61050351415403, 77.07758622730717
31.657403370999955, 77.08102694415267
31.70430322784588, 77.08446766099816
31.75120308469181, 77.08790837784366
31.798102941537735, 77.09134909468915
31.84500279838366, 77.09478981153464
31.891902655229586, 77.09823052838014
31.93880251207551, 77.10167124522563
31.985702368921437, 77.10511196207113
32.03260222576736, 77.10855267891662
32.07950208261329, 77.11199339576213
32.126401939459214, 77.11543411260762
32.17330179630514, 77.1188748294531
32.220201653151065, 77.12231554629861
32.26710150999699, 77.1257562631441
32.314001366842916, 77.1291969799896
32.36090122368884, 77.13263769683509
32.40780108053477, 77.13607841368058
32.45470093738069, 77.13951913052608
32.50160079422662, 77.14295984737157
32.548500651072544, 77.14640056421707
32.59540050791848, 77.14984128106256
32.6423003647644, 77.15328199790807
32.68920022161033, 77.15672271475356
32.73610007845625, 77.16016343159905
32.78299993530218, 77.16360414844455
32.829899792148105, 77.16704486529004
32.87679964899403, 77.17048558213554
32.923699505839956, 77.17392629898103
32.97059936268588, 77.17736701582653
33.01749921953181, 77.18080773267202
33.06439907637773, 77.18424844951751
33.11129893322366, 77.18768916636301
33.158198790069584, 77.1911298832085
33.20509864691551, 77.194570600054
33.251998503761435, 77.1980113168995
33.29889836060736, 77.20145203374499
33.345798217453286, 77.20489275059049
33.39269807429921, 77.20833346743598
33.43959793114514, 77.21177418428148
33.48649778799106, 77.21521490112697
33.53339764483699, 77.21865561797247
33.580297501682914, 77.22209633481796
33.62719735852884, 77.22553705166345
33.674097215374765, 77.22897776850895
33.72099707222069, 77.23241848535444
33.76789692906662, 77.23585920219995
33.81479678591255, 77.23929991904544
33.861696642758474, 77.24274063589094
33.9085964996044, 77.24618135273643
33.955496356450325, 77.24962206958192
34.00239621329625, 77.25306278642742
34.04929607014218, 77.25650350327291
34.0961959269881, 77.25994422011841
34.14309578383403, 77.2633849369639
34.18999564067995, 77.26682565380939
34.23689549752588, 77.2702663706549
34.283795354371804, 77.27370708750038
34.33069521121773, 77.27714780434589
34.377595068063656, 77.28058852119138
34.42449492490958, 77.28402923803688
34.47139478175551, 77.28746995488237
34.51829463860143, 77.29091067172786
34.56519449544736, 77.29435138857336
34.61209435229328, 77.29779210541885
34.65899420913921, 77.30123282226435
34.705894065985134, 77.30467353910984
34.75279392283106, 77.30811425595533
34.799693779676986, 77.31155497280083
34.84659363652291, 77.31499568964632
34.893493493368844, 77.31843640649183
34.94039335021477, 77.32187712333732
34.987293207060695, 77.32531784018282
35.03419306390662, 77.32875855702831
35.081092920752546, 77.3321992738738
35.12799277759847, 77.3356399907193
35.1748926344444, 77.33908070756479
35.22179249129032, 77.3425214244103
35.26869234813625, 77.34596214125578
35.315592204982174, 77.34940285810129
35.3624920618281, 77.35284357494677
35.409391918674025, 77.35628429179226
35.45629177551995, 77.35972500863777
35.503191632365876, 77.36316572548326
35.5500914892118, 77.36660644232876
35.59699134605773, 77.37004715917425
35.64389120290365, 77.37348787601974
35.69079105974958, 77.37692859286524
35.737690916595504, 77.38036930971073
35.78459077344143, 77.38381002655623
35.831490630287355, 77.38725074340172
35.87839048713328, 77.39069146024723
35.925290343979206, 77.39413217709271
35.97219020082513, 77.3975728939382
36.019090057671065, 77.4010136107837
36.06598991451699, 77.4044543276292
36.112889771362916, 77.4078950444747
36.15978962820884, 77.41133576132019
36.20668948505477, 77.41477647816569
36.25358934190069, 77.41821719501118
36.30048919874662, 77.42165791185667
36.347389055592544, 77.42509862870217
36.39428891243847, 77.42853934554766
36.441188769284395, 77.43198006239317
36.48808862613032, 77.43542077923865
36.534988482976246, 77.43886149608414
36.58188833982217, 77.44230221292965
36.6287881966681, 77.44574292977514
36.67568805351402, 77.44918364662064
36.72258791035995, 77.45262436346613
36.769487767205874, 77.45606508031163
36.8163876240518, 77.45950579715712
36.863287480897725, 77.46294651400261
36.91018733774365, 77.46638723084811
36.957087194589576, 77.4698279476936
37.0039870514355, 77.4732686645391
37.05088690828143, 77.4767093813846
37.09778676512735, 77.4801500982301
37.14468662197328, 77.48359081507559
37.19158647881921, 77.48703153192108
37.23848633566514, 77.49047224876658
37.28538619251106, 77.49391296561207
37.33228604935699, 77.49735368245757
37.37918590620291, 77.50079439930306
37.42608576304884, 77.50423511614855
37.472985619894764, 77.50767583299405
37.51988547674069, 77.51111654983954
37.566785333586616, 77.51455726668505
37.61368519043254, 77.51799798353053
37.66058504727847, 77.52143870037604
37.70748490412439, 77.52487941722153
37.75438476097032, 77.52832013406702
37.80128461781624, 77.53176085091252
37.84818447466217, 77.53520156775801
37.895084331508095, 77.53864228460351
37.94198418835402, 77.542083001449
37.988884045199946, 77.5455237182945
38.03578390204587, 77.54896443514
38.0826837588918, 77.55240515198548
38.12958361573772, 77.55584586883099
38.17648347258365, 77.55928658567647
38.22338332942957, 77.56272730252198
38.2702831862755, 77.56616801936747
38.31718304312143, 77.56960873621296
38.36408289996736, 77.57304945305846
38.41098275681328, 77.57649016990395
38.45788261365921, 77.57993088674945
38.504782470505134, 77.58337160359494
38.55168232735106, 77.58681232044044
38.598582184196985, 77.59025303728593
38.64548204104291, 77.59369375413142
38.692381897888836, 77.59713447097693
38.73928175473476, 77.60057518782241
38.78618161158069, 77.60401590466792
38.83308146842661, 77.6074566215134
38.87998132527254, 77.61089733835891
38.926881182118464, 77.6143380552044
38.97378103896439, 77.61777877204989
39.020680895810315, 77.62121948889539
39.06758075265624, 77.62466020574088
39.114480609502166, 77.62810092258638
39.16138046634809, 77.63154163943187
39.20828032319402, 77.63498235627736
39.25518018003994, 77.63842307312287
39.30208003688587, 77.64186378996835
39.348979893731794, 77.64530450681386
39.39587975057772, 77.64874522365935
39.442779607423645, 77.65218594050485
39.48967946426958, 77.65562665735034
39.536579321115504, 77.65906737419583
39.58347917796143, 77.66250809104133
39.630379034807355, 77.66594880788682
39.67727889165328, 77.66938952473232
39.724178748499206, 77.67283024157781
39.77107860534513, 77.67627095842332
39.81797846219106, 77.6797116752688
39.86487831903698, 77.6831523921143
39.91177817588291, 77.6865931089598
39.958678032728834, 77.69003382580529
40.00557788957476, 77.69347454265079
40.052477746420685, 77.69691525949628
40.09937760326661, 77.70035597634177
40.146277460112536, 77.70379669318727
40.19317731695846, 77.70723741003276
40.24007717380439, 77.71067812687826
40.28697703065031, 77.71411884372375
40.33387688749624, 77.59997112873272
40.380776744342164, 77.47220733679698
40.42767660118809, 77.34444354486125
40.474576458034015, 77.21667975292551
40.52147631487994, 77.08891596098978
40.568376171725866, 76.96115216905403
40.6152760285718, 76.83338837711828
40.662175885417724, 76.70562458518255
40.70907574226365, 76.57786079324681
40.755975599109576, 76.45009700131108
40.8028754559555, 76.32233320937534
40.84977531280143, 76.1945694174396
40.89667516964735, 76.06680562550386
40.94357502649328, 75.93904183356813
40.9904748833392, 75.81127804163239
41.03737474018513, 75.68351424969666
41.084274597031055, 75.55575045776092
41.13117445387698, 75.42798666582519
41.178074310722906, 75.30022287388945
41.22497416756883, 75.17245908195372
41.27187402441476, 75.04469529001798
41.31877388126068, 74.91693149808223
41.36567373810661, 74.7891677061465
41.41257359495253, 74.66140391421077
41.45947345179846, 74.53364012227503
41.506373308644385, 74.4058763303393
41.55327316549031, 74.27811253840356
41.600173022336236, 74.15034874646783
41.64707287918216, 74.02258495453209
41.69397273602809, 73.89482116259636
41.74087259287402, 73.7670573706606
41.787772449719945, 73.63929357872486
41.83467230656587, 73.51152978678913
41.881572163411796, 73.38376599485339
41.92847202025772, 73.25600220291766
41.97537187710365, 73.12823841098192
42.02227173394957, 73.00047461904617
42.0691715907955, 72.87271082711044
42.116071447641424, 72.7449470351747
42.16297130448735, 72.61718324323897
42.209871161333275, 72.48941945130323
42.2567710181792, 72.3616556593675
42.30367087502513, 72.23389186743177
42.35057073187105, 72.10612807549603
42.39747058871698, 71.9783642835603
42.4443704455629, 71.85060049162456
42.49127030240883, 71.72283669968881
42.538170159254754, 71.59507290775308
42.58507001610068, 71.46730911581734
42.631969872946605, 71.33954532388161
42.67886972979253, 71.21178153194587
42.72576958663846, 71.08401774001014
42.77266944348438, 70.9562539480744
42.81956930033031, 70.82849015613867
42.86646915717623, 70.70072636420294
42.913369014022166, 70.57296257226717
42.96026887086809, 70.44519878033144
43.00716872771402, 70.3174349883957
43.05406858455994, 70.18967119645997
43.10096844140587, 70.06190740452423
43.147868298251794, 69.9341436125885
43.19476815509772, 69.80637982065275
43.241668011943645, 69.67861602871702
43.28856786878957, 69.55085223678128
43.335467725635496, 69.42308844484555
43.38236758248142, 69.29532465290981
43.42926743932735, 69.16756086097408
43.47616729617327, 69.03979706903834
43.5230671530192, 68.91203327710261
43.569967009865124, 68.78426948516687
43.61686686671105, 68.65650569323114
43.663766723556975, 68.52874190129539
43.7106665804029, 68.40097810935966
43.757566437248826, 68.27321431742392
43.80446629409475, 68.14545052548819
43.85136615094068, 68.01768673355245
43.8982660077866, 67.88992294161672
43.94516586463253, 67.76215914968098
43.992065721478454, 67.63439535774525
44.03896557832439, 67.50663156580949
44.08586543517031, 67.37886777387375
44.13276529201624, 67.25110398193802
44.17966514886216, 67.12334019000228
44.22656500570809, 66.99557639806655
44.273464862554015, 66.86781260613081
44.32036471939994, 66.74004881419506
44.367264576245866, 66.61228502225933
44.41416443309179, 66.4845212303236
44.46106428993772, 66.35675743838786
44.50796414678364, 66.22899364645212
44.55486400362957, 66.10122985451639
44.601763860475494, 65.97346606258066
44.64866371732142, 65.84570227064492
44.695563574167345, 65.71793847870919
44.74246343101327, 65.59017468677345
44.789363287859196, 65.46241089483772
44.83626314470512, 65.33464710290197
44.88316300155105, 65.20688331096623
44.93006285839697, 65.0791195190305
44.9769627152429, 64.95135572709476
45.023862572088824, 64.82359193515903
45.07076242893475, 64.6958281432233
45.117662285780675, 64.56806435128756
45.1645621426266, 64.44030055935183
45.21146199947253, 64.31253676741606
45.25836185631846, 64.18477297548033
45.305261713164384, 64.0570091835446
45.35216157001031, 63.92924539160886
45.399061426856235, 63.801481599673124
45.44596128370216, 63.67371780773738
45.49286114054809, 63.54595401580165
45.53976099739401, 63.41819022386591
45.58666085423994, 63.29042643193017
45.63356071108586, 63.16266263999444
45.68046056793179, 63.0348988480587
45.727360424777714, 62.90713505612297
45.77426028162364, 62.77937126418723
45.821160138469565, 62.6516074722515
45.86805999531549, 62.52384368031576
45.91495985216142, 62.39607988838002
45.96185970900734, 62.26831609644429
46.00875956585327, 62.14055230450855
46.05565942269919, 62.01278851257281
46.10255927954512, 61.88502472063708
46.149459136391044, 61.75726092870134
46.19635899323697, 61.62949713676561
46.243258850082896, 61.50173334482987
46.29015870692882, 61.37396955289414
46.337058563774754, 61.246205760958375
46.38395842062068, 61.11844196902264
46.430858277466605, 60.990678177086906
46.47775813431253, 60.86291438515117
46.524657991158456, 60.73515059321544
46.57155784800438, 60.6073868012797
46.61845770485031, 60.47962300934396
46.66535756169623, 60.351859217408226
46.71225741854216, 60.22409542547249
46.759157275388084, 60.09633163353675
46.80605713223401, 59.968567841601015
46.852956989079935, 59.84080404966528
