Parameters: [52.998094888737725, 17.19378765299052, 8.26785065359745, 37.795253634841124, 4.3826023839039845, 0.04807314846110003, -2.717755441905126]
Points:
0.0, 17.19378765299052
0.0530511460347725, 17.42628973207135
0.106102292069545, 17.658791811152184
0.15915343810431748, 17.891293890233015
0.21220458413909, 18.12379596931385
0.2652557301738625, 18.35629804839468
0.31830687620863496, 18.588800127475512
0.37135802224340747, 18.821302206556346
0.42440916827818, 19.053804285637177
0.4774603143129525, 19.28630636471801
0.530511460347725, 19.518808443798843
0.5835626063824975, 19.751310522879674
0.6366137524172699, 19.98381260196051
0.6896648984520425, 20.21631468104134
0.7427160444868149, 20.44881676012217
0.7957671905215875, 20.681318839203005
0.84881833655636, 20.913820918283836
0.9018694825911324, 21.14632299736467
0.954920628625905, 21.3788250764455
1.0079717746606776, 21.611327155526332
1.06102292069545, 21.843829234607167
1.1140740667302225, 22.076331313687998
1.167125212764995, 22.308833392768832
1.2201763587997674, 22.541335471849663
1.2732275048345398, 22.773837550930494
1.3262786508693125, 23.00633963001133
1.379329796904085, 23.23884170909216
1.4323809429388574, 23.471343788172994
1.4854320889736299, 23.703845867253825
1.5384832350084023, 23.936347946334656
1.591534381043175, 24.16885002541549
1.6445855270779475, 24.401352104496322
1.69763667311272, 24.633854183577157
1.7506878191474924, 24.866356262657987
1.8037389651822648, 25.09885834173882
1.8567901112170375, 25.33136042081965
1.90984125725181, 25.563862499900484
1.9628924032865824, 25.79636457898132
2.015943549321355, 26.02886665806215
2.0689946953561273, 26.26136873714298
2.1220458413909, 26.49387081622381
2.1750969874256723, 26.726372895304646
2.228148133460445, 26.95887497438548
2.2811992794952176, 27.19137705346631
2.33425042552999, 27.423879132547142
2.3873015715647625, 27.656381211627973
2.4403527175995348, 27.888883290708804
2.4934038636343074, 28.121385369789643
2.5464550096690797, 28.353887448870474
2.5995061557038524, 28.586389527951305
2.652557301738625, 28.818891607032135
2.7056084477733973, 29.051393686112966
2.75865959380817, 29.283895765193805
2.811710739842942, 29.516397844274636
2.864761885877715, 29.748899923355467
2.9178130319124875, 29.981402002436297
2.9708641779472598, 30.21390408151713
3.0239153239820324, 30.446406160597967
3.0769664700168047, 30.678908239678798
3.1300176160515774, 30.91141031875963
3.18306876208635, 31.14391239784046
3.2361199081211223, 31.37641447692129
3.289171054155895, 31.608916556002125
3.342222200190667, 31.84141863508296
3.39527334622544, 32.07392071416379
3.4483244922602125, 32.30642279324462
3.5013756382949848, 32.53892487232545
3.5544267843297574, 32.77142695140628
3.6074779303645297, 33.003929030487114
3.6605290763993024, 33.23643110956795
3.713580222434075, 33.46893318864878
3.7666313684688473, 33.70143526772962
3.81968251450362, 33.93393734681045
3.872733660538392, 34.166439425891284
3.925784806573165, 34.398941504972115
3.9788359526079375, 34.631443584052946
4.03188709864271, 34.86394566313378
4.084938244677482, 35.09644774221461
4.137989390712255, 35.32894982129544
4.191040536747027, 35.56145190037628
4.2440916827818, 35.79395397945711
4.297142828816573, 36.026456058537946
4.3501939748513445, 36.25895813761878
4.403245120886117, 36.49146021669961
4.45629626692089, 36.72396229578044
4.5093474129556625, 36.95646437486127
4.562398558990435, 37.1889664539421
4.615449705025207, 37.42146853302293
4.66850085105998, 37.65397061210376
4.721551997094752, 37.8864726911846
4.774603143129525, 38.11897477026543
4.827654289164298, 38.35147684934627
4.8807054351990695, 38.58397892842709
4.933756581233842, 38.81648100750793
4.986807727268615, 39.04898308658876
5.0398588733033876, 39.281485165669594
5.092910019338159, 39.513987244750425
5.145961165372932, 39.746489323831256
5.199012311407705, 39.97899140291209
5.252063457442477, 40.211493481992925
5.30511460347725, 40.443995561073756
5.358165749512022, 40.67649764015459
5.4112168955467945, 40.90899971923542
5.464268041581567, 41.141501798316256
5.51731918761634, 41.37400387739709
5.570370333651113, 41.60650595647792
5.623421479685884, 41.83900803555875
5.676472625720657, 42.07151011463958
5.72952377175543, 42.30401219372041
5.782574917790202, 42.53651427280125
5.835626063824975, 42.76901635188208
5.888677209859747, 43.00151843096291
5.9417283558945195, 43.23402051004374
5.994779501929292, 43.46652258912458
6.047830647964065, 43.69902466820541
6.100881793998838, 43.93152674728624
6.153932940033609, 44.16402882636707
6.206984086068382, 44.396530905447904
6.260035232103155, 44.629032984528735
6.313086378137927, 44.861535063609566
6.3661375241727, 45.094037142690404
6.419188670207472, 45.326539221771235
6.4722398162422445, 45.559041300852066
6.525290962277017, 45.791543379932904
6.57834210831179, 46.024045459013735
6.631393254346563, 46.256547538094566
6.684444400381334, 46.4890496171754
6.737495546416107, 46.72155169625623
6.79054669245088, 46.95405377533706
6.843597838485652, 47.18655585441789
6.896648984520425, 47.41905793349873
6.949700130555197, 47.65156001257956
7.0027512765899695, 47.88406209166039
7.055802422624742, 48.11656417074123
7.108853568659515, 48.34906624982206
7.161904714694288, 48.58156832890289
7.214955860729059, 48.81407040798372
7.268007006763832, 49.04657248706455
7.321058152798605, 49.27907456614538
7.374109298833377, 49.511576645226214
7.42716044486815, 49.744078724307045
7.480211590902922, 49.976580803387876
7.5332627369376945, 50.20908288246872
7.586313882972467, 50.44158496154955
7.63936502900724, 50.67408704063038
7.692416175042013, 50.906589119711214
7.745467321076784, 51.139091198792045
7.798518467111557, 51.371593277872876
7.85156961314633, 51.60409535695371
7.904620759181102, 51.83659743603454
7.957671905215875, 52.06909951511537
8.010723051250647, 52.3016015941962
8.06377419728542, 52.534103673277045
8.116825343320192, 52.766605752357876
8.169876489354964, 52.99910783143871
8.222927635389738, 53.23160991051954
8.27597878142451, 53.428880381904555
8.329029927459283, 53.43143071752392
8.382081073494055, 53.43398105314328
8.435132219528827, 53.43653138876264
8.4881833655636, 53.439081724382
8.541234511598372, 53.44163206000136
8.594285657633145, 53.44418239562072
8.647336803667917, 53.44673273124008
8.700387949702689, 53.449283066859444
8.753439095737463, 53.451833402478805
8.806490241772234, 53.454383738098166
8.859541387807008, 53.45693407371753
8.91259253384178, 53.45948440933689
8.965643679876552, 53.46203474495625
9.018694825911325, 53.46458508057561
9.071745971946097, 53.46713541619497
9.12479711798087, 53.46968575181433
9.177848264015642, 53.47223608743369
9.230899410050414, 53.474786423053054
9.283950556085188, 53.477336758672415
9.33700170211996, 53.479887094291776
9.390052848154733, 53.48243742991114
9.443103994189505, 53.4849877655305
9.496155140224277, 53.48753810114986
9.54920628625905, 53.49008843676922
9.602257432293822, 53.49263877238858
9.655308578328595, 53.49518910800794
9.708359724363367, 53.4977394436273
9.761410870398139, 53.500289779246664
9.814462016432913, 53.502840114866025
9.867513162467684, 53.505390450485386
9.920564308502458, 53.50794078610475
9.97361545453723, 53.51049112172411
10.026666600572002, 53.51304145734347
10.079717746606775, 53.51559179296283
10.132768892641547, 53.51814212858219
10.185820038676319, 53.52069246420155
10.238871184711092, 53.52324279982091
10.291922330745864, 53.525793135440274
10.344973476780638, 53.528343471059635
10.39802462281541, 53.530893806678996
10.451075768850181, 53.53344414229836
10.504126914884955, 53.53599447791772
10.557178060919727, 53.53854481353708
10.6102292069545, 53.54109514915644
10.663280352989272, 53.5436454847758
10.716331499024044, 53.54619582039516
10.769382645058817, 53.54874615601452
10.822433791093589, 53.551296491633885
10.875484937128363, 53.553846827253246
10.928536083163134, 53.55639716287261
10.981587229197906, 53.55894749849197
11.03463837523268, 53.56149783411133
11.087689521267452, 53.56404816973069
11.140740667302225, 53.56659850535005
11.193791813336997, 53.56914884096942
11.246842959371769, 53.57169917658878
11.299894105406542, 53.57424951220814
11.352945251441314, 53.5767998478275
11.405996397476088, 53.57935018344686
11.45904754351086, 53.581900519066224
11.512098689545631, 53.584450854685585
11.565149835580405, 53.587001190304946
11.618200981615177, 53.58955152592431
11.67125212764995, 53.59210186154367
11.724303273684722, 53.59465219716303
11.777354419719494, 53.59720253278239
11.830405565754267, 53.59975286840175
11.883456711789039, 53.60230320402111
11.936507857823813, 53.60485353964047
11.989559003858584, 53.607403875259834
12.042610149893356, 53.609954210879195
12.09566129592813, 53.612504546498556
12.148712441962902, 53.61505488211792
12.201763587997675, 53.61760521773728
12.254814734032447, 53.62015555335664
12.307865880067219, 53.622705888976
12.360917026101992, 53.62525622459536
12.413968172136764, 53.62780656021472
12.467019318171538, 53.63035689583408
12.52007046420631, 53.632907231453444
12.573121610241081, 53.635457567072805
12.626172756275855, 53.638007902692166
12.679223902310627, 53.64055823831153
12.7322750483454, 53.64310857393089
12.785326194380172, 53.64565890955025
12.838377340414944, 53.64820924516961
12.891428486449717, 53.65075958078897
12.944479632484489, 53.65330991640833
12.997530778519263, 53.65586025202769
13.050581924554034, 53.658410587647055
13.103633070588806, 53.660960923266416
13.15668421662358, 53.66351125888578
13.209735362658352, 53.66606159450514
13.262786508693125, 53.6686119301245
13.315837654727897, 53.67116226574386
13.368888800762669, 53.67371260136322
13.421939946797442, 53.67626293698258
13.474991092832214, 53.67881327260194
13.528042238866988, 53.681363608221304
13.58109338490176, 53.683913943840665
13.634144530936531, 53.686464279460026
13.687195676971305, 53.68901461507939
13.740246823006077, 53.69156495069875
13.79329796904085, 53.69411528631811
13.846349115075622, 53.69666562193747
13.899400261110394, 53.69921595755683
13.952451407145167, 53.70176629317619
14.005502553179939, 53.70431662879555
14.058553699214713, 53.706866964414914
14.111604845249484, 53.709417300034275
14.164655991284256, 53.711967635653636
14.21770713731903, 53.714517971273
14.270758283353802, 53.71706830689236
14.323809429388575, 53.71961864251172
14.376860575423347, 53.72216897813108
14.429911721458119, 53.72471931375044
14.482962867492892, 53.7272696493698
14.536014013527664, 53.72981998498916
14.589065159562438, 53.732370320608524
14.64211630559721, 53.734920656227885
14.695167451631981, 53.737470991847246
14.748218597666755, 53.74002132746661
14.801269743701527, 53.74257166308597
14.8543208897363, 53.74512199870533
14.907372035771072, 53.74767233432469
14.960423181805844, 53.75022266994405
15.013474327840617, 53.75277300556341
15.066525473875389, 53.75532334118277
15.119576619910163, 53.757873676802134
15.172627765944934, 53.760424012421495
15.225678911979706, 53.76297434804086
15.27873005801448, 53.765524683660225
15.331781204049252, 53.768075019279586
15.384832350084025, 53.77062535489895
15.437883496118797, 53.77317569051831
15.490934642153569, 53.77572602613767
15.543985788188342, 53.77827636175703
15.597036934223114, 53.78082669737639
15.650088080257888, 53.78337703299575
15.70313922629266, 53.78592736861511
15.756190372327431, 53.788477704234474
15.809241518362205, 53.791028039853835
15.862292664396977, 53.793578375473196
15.91534381043175, 53.79612871109256
15.968394956466522, 53.79867904671192
16.021446102501294, 53.80122938233128
16.074497248536066, 53.80377971795064
16.12754839457084, 53.80633005357
16.180599540605613, 53.80888038918936
16.233650686640384, 53.81143072480872
16.286701832675156, 53.813981060428084
16.339752978709928, 53.816531396047445
16.392804124744703, 53.819081731666806
16.445855270779475, 53.82163206728617
16.498906416814247, 53.82418240290553
16.55195756284902, 53.82673273852489
16.60500870888379, 53.82928307414425
16.658059854918566, 53.83183340976361
16.711111000953338, 53.83438374538297
16.76416214698811, 53.83693408100233
16.81721329302288, 53.839484416621694
16.870264439057653, 53.842034752241055
16.92331558509243, 53.844585087860416
16.9763667311272, 53.84713542347978
17.029417877161972, 53.84968575909914
17.082469023196744, 53.8522360947185
17.135520169231516, 53.85478643033786
17.18857131526629, 53.85733676595722
17.241622461301063, 53.85988710157658
17.294673607335834, 53.86243743719594
17.347724753370606, 53.864987772815304
17.400775899405378, 53.867538108434665
17.453827045440153, 53.870088444054026
17.506878191474925, 53.87263877967339
17.559929337509697, 53.87518911529275
17.61298048354447, 53.87773945091211
17.66603162957924, 53.88028978653147
17.719082775614016, 53.88284012215083
17.772133921648788, 53.88539045777019
17.82518506768356, 53.887940793389554
17.87823621371833, 53.890491129008915
17.931287359753103, 53.893041464628276
17.98433850578788, 53.89559180024764
18.03738965182265, 53.898142135867
18.090440797857422, 53.90069247148636
18.143491943892194, 53.90324280710572
18.196543089926966, 53.90579314272508
18.24959423596174, 53.90834347834444
18.302645381996513, 53.9108938139638
18.355696528031284, 53.913444149583164
18.408747674066056, 53.915994485202525
18.461798820100828, 53.918544820821886
18.514849966135603, 53.92109515644125
18.567901112170375, 53.92364549206061
18.620952258205147, 53.92619582767997
18.67400340423992, 53.92874616329933
18.72705455027469, 53.93129649891869
18.780105696309466, 53.93384683453805
18.833156842344238, 53.93639717015741
18.88620798837901, 53.938947505776774
18.93925913441378, 53.941497841396135
18.992310280448553, 53.944048177015496
19.04536142648333, 53.94659851263486
19.0984125725181, 53.949148848254225
19.151463718552872, 53.951699183873586
19.204514864587644, 53.95424951949295
19.257566010622416, 53.95679985511231
19.31061715665719, 53.95935019073167
19.363668302691963, 53.96190052635103
19.416719448726734, 53.96445086197039
19.469770594761506, 53.96700119758975
19.522821740796278, 53.96955153320911
19.575872886831053, 53.972101868828474
19.628924032865825, 53.974652204447835
19.681975178900597, 53.977202540067196
19.73502632493537, 53.97975287568656
19.78807747097014, 53.98230321130592
19.841128617004916, 53.98485354692528
19.894179763039688, 53.98740388254464
19.94723090907446, 53.989954218164
20.00028205510923, 53.99250455378336
20.053333201144003, 53.995054889402724
20.10638434717878, 53.997605225022085
20.15943549321355, 54.000155560641446
20.212486639248322, 54.00270589626081
20.265537785283094, 54.00525623188017
20.318588931317866, 54.00780656749953
20.371640077352637, 54.01035690311889
20.424691223387413, 54.01290723873825
20.477742369422185, 54.01545757435761
20.530793515456956, 54.01800790997697
20.583844661491728, 54.020558245596334
20.6368958075265, 54.023108581215695
20.689946953561275, 54.025658916835056
20.742998099596047, 54.02820925245442
20.79604924563082, 54.03075958807378
20.84910039166559, 54.03330992369314
20.902151537700362, 54.0358602593125
20.955202683735138, 54.03841059493186
21.00825382976991, 54.04096093055122
21.06130497580468, 54.04351126617058
21.114356121839453, 54.046061601789944
21.167407267874225, 54.048611937409305
21.220458413909, 54.051162273028666
21.273509559943772, 54.05371260864803
21.326560705978544, 54.05626294426739
21.379611852013316, 54.05881327988675
21.432662998048087, 54.06136361550611
21.485714144082863, 54.06391395112547
21.538765290117635, 54.06646428674483
21.591816436152406, 54.06901462236419
21.644867582187178, 54.071564957983554
21.69791872822195, 54.074115293602915
21.750969874256725, 54.076665629222276
21.804021020291497, 54.07921596484164
21.85707216632627, 54.081766300461
21.91012331236104, 54.08431663608036
21.963174458395812, 54.08686697169972
22.016225604430588, 54.08941730731908
22.06927675046536, 54.09196764293844
22.12232789650013, 54.0945179785578
22.175379042534903, 54.097068314177164
22.228430188569675, 54.099618649796525
22.28148133460445, 54.10216898541589
22.334532480639222, 54.10471932103525
22.387583626673994, 54.10726965665461
22.440634772708766, 54.10981999227397
22.493685918743537, 54.11237032789333
22.546737064778313, 54.11492066351269
22.599788210813085, 54.11747099913205
22.652839356847856, 54.120021334751414
22.705890502882628, 54.122571670370775
22.7589416489174, 54.125122005990136
22.811992794952175, 54.1276723416095
22.865043940986947, 54.13022267722886
22.91809508702172, 54.13277301284822
22.97114623305649, 54.13532334846758
23.024197379091262, 54.13787368408694
23.077248525126038, 54.1404240197063
23.13029967116081, 54.14297435532566
23.18335081719558, 54.14552469094503
23.236401963230353, 54.14807502656439
23.289453109265125, 54.15062536218375
23.3425042552999, 54.153175697803114
23.395555401334672, 54.155726033422475
23.448606547369444, 54.158276369041836
23.501657693404216, 54.1608267046612
23.554708839438987, 54.16337704028056
23.607759985473763, 54.16592737589992
23.660811131508535, 54.16847771151928
23.713862277543306, 54.17102804713864
23.766913423578078, 54.173578382758
23.81996456961285, 54.17612871837736
23.873015715647625, 54.178679053996724
23.926066861682397, 54.181229389616085
23.97911800771717, 54.183779725235446
24.03216915375194, 54.18633006085481
24.085220299786712, 54.18888039647417
24.138271445821488, 54.19143073209353
24.19132259185626, 54.19398106771289
24.24437373789103, 54.19653140333225
24.297424883925803, 54.19908173895161
24.350476029960575, 54.20163207457097
24.40352717599535, 54.204182410190334
24.456578322030122, 54.206732745809695
24.509629468064894, 54.20928308142906
24.562680614099666, 54.21183341704842
24.615731760134437, 54.21438375266778
24.668782906169213, 54.21693408828714
24.721834052203985, 54.2194844239065
24.774885198238756, 54.22203475952586
24.827936344273528, 54.22458509514522
24.8809874903083, 54.227135430764584
24.934038636343075, 54.229685766383945
24.987089782377847, 54.232236102003306
25.04014092841262, 54.23478643762267
25.09319207444739, 54.23733677324203
25.146243220482162, 54.23988710886139
25.199294366516938, 54.24243744448075
25.25234551255171, 54.24498778010011
25.30539665858648, 54.24753811571947
25.358447804621253, 54.25008845133883
25.411498950656025, 54.252638786958194
25.4645500966908, 54.255189122577555
25.517601242725572, 54.257739458196916
25.570652388760344, 54.26028979381628
25.623703534795116, 54.26284012943564
25.676754680829887, 54.265390465055
25.729805826864663, 54.26794080067436
25.782856972899435, 54.27049113629372
25.835908118934206, 54.27304147191308
25.888959264968978, 54.27559180753244
25.94201041100375, 54.278142143151804
25.995061557038525, 54.280692478771165
26.048112703073297, 54.283242814390526
26.10116384910807, 54.28579315000989
26.15421499514284, 54.28834348562925
26.207266141177612, 54.29089382124861
26.260317287212388, 54.29344415686797
26.31336843324716, 54.29599449248733
26.36641957928193, 54.29854482810669
26.419470725316703, 54.30109516372605
26.472521871351475, 54.303645499345414
26.52557301738625, 54.306195834964775
26.578624163421022, 54.308746170584136
26.631675309455794, 54.3112965062035
26.684726455490566, 54.31384684182286
26.737777601525337, 54.31639717744222
26.790828747560113, 54.31894751306158
26.843879893594885, 54.32149784868094
26.896931039629656, 54.3240481843003
26.949982185664428, 54.32659851991966
27.0030333316992, 54.329148855539025
27.056084477733975, 54.33169919115839
27.109135623768747, 54.334249526777754
27.16218676980352, 54.336799862397115
27.21523791583829, 54.339350198016476
27.268289061873062, 54.34190053363584
27.321340207907838, 54.3444508692552
27.37439135394261, 54.34700120487456
27.42744249997738, 54.34955154049392
27.480493646012153, 54.35210187611328
27.533544792046925, 54.35465221173264
27.5865959380817, 54.357202547352
27.639647084116472, 54.359752882971364
27.692698230151244, 54.362303218590725
27.745749376186016, 54.364853554210086
27.798800522220787, 54.36740388982945
27.851851668255563, 54.36995422544881
27.904902814290335, 54.37250456106817
27.957953960325106, 54.37505489668753
28.011005106359878, 54.37760523230689
28.06405625239465, 54.38015556792625
28.117107398429425, 54.38270590354561
28.170158544464197, 54.385256239164974
28.22320969049897, 54.387806574784335
28.27626083653374, 54.390356910403696
28.329311982568512, 54.39290724602306
28.382363128603288, 54.39545758164242
28.43541427463806, 54.39800791726178
28.48846542067283, 54.40055825288114
28.541516566707603, 54.4031085885005
28.594567712742375, 54.40565892411986
28.64761885877715, 54.40820925973922
28.700670004811922, 54.410759595358584
28.753721150846694, 54.413309930977945
28.806772296881466, 54.415860266597306
28.859823442916237, 54.41841060221667
28.912874588951013, 54.42096093783603
28.965925734985785, 54.42351127345539
29.018976881020556, 54.42606160907475
29.072028027055328, 54.42861194469411
29.1250791730901, 54.43116228031347
29.178130319124875, 54.43371261593283
29.231181465159647, 54.436262951552195
29.28423261119442, 54.438813287171556
29.33728375722919, 54.44136362279092
29.390334903263962, 54.44391395841028
29.443386049298738, 54.44646429402964
29.49643719533351, 54.449014629649
29.54948834136828, 54.45156496526836
29.602539487403053, 54.45411530088772
29.655590633437825, 54.45666563650708
29.7086417794726, 54.459215972126444
29.761692925507372, 54.461766307745805
29.814744071542144, 54.464316643365166
29.867795217576916, 54.46686697898453
29.920846363611687, 54.46941731460389
29.973897509646463, 54.47196765022325
30.026948655681235, 54.47451798584261
30.079999801716006, 54.47706832146197
30.133050947750778, 54.47961865708133
30.18610209378555, 54.48216899270069
30.239153239820325, 54.484719328320054
30.292204385855097, 54.487269663939415
30.34525553188987, 54.489819999558776
30.39830667792464, 54.49237033517814
30.451357823959412, 54.4949206707975
30.504408969994188, 54.49747100641686
30.55746011602896, 54.50002134203622
30.61051126206373, 54.50257167765558
30.663562408098503, 54.50512201327494
30.716613554133275, 54.5076723488943
30.76966470016805, 54.510222684513664
30.822715846202822, 54.512773020133025
30.875766992237594, 54.515323355752386
30.928818138272366, 54.51787369137175
30.981869284307137, 54.52042402699111
31.034920430341913, 54.52297436261047
31.087971576376685, 54.52552469822983
31.141022722411456, 54.5280750338492
31.194073868446228, 54.53062536946856
31.247125014481, 54.53317570508792
31.300176160515775, 54.53572604070728
31.353227306550547, 54.53827637632664
31.40627845258532, 54.540826711946
31.45932959862009, 54.543377047565365
31.512380744654862, 54.545927383184726
31.565431890689638, 54.54847771880409
31.61848303672441, 54.55102805442345
31.67153418275918, 54.55357839004281
31.724585328793953, 54.55612872566217
31.777636474828725, 54.55867906128153
31.8306876208635, 54.56122939690089
31.883738766898272, 54.56377973252025
31.936789912933044, 54.566330068139614
31.989841058967816, 54.568880403758975
32.04289220500259, 54.571430739378336
32.09594335103736, 54.5739810749977
32.14899449707213, 54.57653141061706
32.202045643106906, 54.57908174623642
32.25509678914168, 54.58163208185578
32.30814793517645, 54.58418241747514
32.361199081211225, 54.5867327530945
32.414250227245994, 54.58928308871386
32.46730137328077, 54.591833424333224
32.520352519315544, 54.594383759952585
32.57340366535031, 54.596934095571946
32.62645481138509, 54.59948443119131
32.679505957419856, 54.60203476681067
32.73255710345463, 54.60458510243003
32.78560824948941, 54.60713543804939
32.838659395524175, 54.60968577366875
32.89171054155895, 54.61223610928811
32.94476168759372, 54.61478644490747
32.997812833628494, 54.617336780526834
33.05086397966327, 54.619887116146195
33.10391512569804, 54.622437451765556
33.15696627173281, 54.62498778738492
33.21001741776758, 54.62753812300428
33.263068563802356, 54.63008845862364
33.31611970983713, 54.632638794243
33.3691708558719, 54.63518912986236
33.422222001906675, 54.63773946548172
33.475273147941444, 54.64028980110108
33.52832429397622, 54.642840136720444
33.581375440010994, 54.645390472339805
33.63442658604576, 54.647940807959166
33.68747773208054, 54.65049114357853
33.740528878115306, 54.65304147919789
33.79358002415008, 54.65559181481725
33.84663117018486, 54.65814215043661
33.899682316219625, 54.66069248605597
33.9527334622544, 54.66324282167533
34.00578460828917, 54.665793157294694
34.058835754323944, 54.668343492914055
34.11188690035872, 54.670893828533416
34.16493804639349, 54.67344416415278
34.21798919242826, 54.67599449977214
34.27104033846303, 54.6785448353915
34.32409148449781, 54.68109517101086
34.37714263053258, 54.68364550663022
34.43019377656735, 54.68619584224958
34.483244922602125, 54.68874617786894
34.536296068636894, 54.691296513488304
34.58934721467167, 54.693846849107665
34.642398360706444, 54.696397184727026
34.69544950674121, 54.69894752034639
34.74850065277599, 54.70149785596575
34.801551798810756, 54.70404819158511
34.85460294484553, 54.70659852720447
34.90765409088031, 54.70914886282384
34.960705236915075, 54.71169919844319
35.01375638294985, 54.71424953406256
35.06680752898462, 54.71679986968192
35.119858675019394, 54.71935020530128
35.17290982105417, 54.72190054092064
35.22596096708894, 54.724450876540004
35.27901211312371, 54.727001212159365
35.33206325915848, 54.729551547778726
35.38511440519326, 54.73210188339809
35.43816555122803, 54.73465221901745
35.4912166972628, 54.73720255463681
35.544267843297575, 54.73975289025617
35.597318989332344, 54.74230322587553
35.65037013536712, 54.74485356149489
35.703421281401894, 54.74740389711425
35.75647242743666, 54.749954232733614
35.80952357347144, 54.752504568352975
35.862574719506206, 54.755054903972336
35.91562586554098, 54.7576052395917
35.96867701157576, 54.76015557521106
36.021728157610525, 54.76270591083042
36.0747793036453, 54.76525624644978
36.12783044968007, 54.76780658206914
36.180881595714844, 54.7703569176885
36.23393274174962, 54.772907253307864
36.28698388778439, 54.775457588927225
36.34003503381916, 54.778007924546586
36.39308617985393, 54.78055826016595
36.44613732588871, 54.78310859578531
36.49918847192348, 54.78565893140467
36.55223961795825, 54.78820926702403
36.605290763993025, 54.79075960264339
36.658341910027794, 54.79330993826275
36.71139305606257, 54.79586027388211
36.764444202097344, 54.798410609501474
36.81749534813211, 54.800960945120835
36.87054649416689, 54.803511280740196
36.923597640201656, 54.80606161635956
36.97664878623643, 54.80861195197892
37.02969993227121, 54.81116228759828
37.082751078305975, 54.81371262321764
37.13580222434075, 54.816262958837
37.18885337037552, 54.81881329445636
37.241904516410294, 54.82136363007572
37.29495566244507, 54.823913965695084
37.34800680847984, 54.826464301314445
37.40105795451461, 54.829014636933806
37.45410910054938, 54.83156497255317
37.50716024658416, 54.83411530817253
37.56021139261893, 54.83666564379189
37.6132625386537, 54.83921597941125
37.666313684688475, 54.84176631503061
37.719364830723244, 54.84431665064997
37.77241597675802, 54.84686698626933
37.825467122792794, 54.76585199309728
37.87851826882756, 54.621671952261984
37.93156941486234, 54.47749191142667
37.984620560897106, 54.33331187059137
38.03767170693188, 54.18913182975606
38.09072285296666, 54.04495178892075
38.143773999001425, 53.900771748085454
38.1968251450362, 53.75659170725014
38.24987629107097, 53.61241166641484
38.302927437105744, 53.46823162557953
38.35597858314052, 53.32405158474421
38.40902972917529, 53.17987154390892
38.46208087521006, 53.03569150307361
38.51513202124483, 52.891511462238306
38.56818316727961, 52.747331421403
38.62123431331438, 52.60315138056768
38.67428545934915, 52.458971339732386
38.727336605383925, 52.31479129889707
38.780387751418694, 52.170611258061776
38.83343889745347, 52.02643121722646
38.886490043488244, 51.88225117639115
38.93954118952301, 51.738071135555856
38.99259233555779, 51.59389109472054
39.045643481592556, 51.449711053885245
39.09869462762733, 51.30553101304993
39.15174577366211, 51.16135097221461
39.204796919696875, 51.01717093137932
39.25784806573165, 50.872990890544
39.31089921176642, 50.72881084970871
39.363950357801194, 50.5846308088734
39.41700150383597, 50.44045076803808
39.47005264987074, 50.29627072720279
39.52310379590551, 50.15209068636747
39.57615494194028, 50.00791064553218
39.62920608797506, 49.86373060469686
39.68225723400983, 49.71955056386155
39.7353083800446, 49.57537052302626
39.788359526079375, 49.43119048219094
39.841410672114144, 49.28701044135565
39.89446181814892, 49.14283040052033
39.947512964183694, 48.998650359685016
40.00056411021846, 48.85447031884972
40.05361525625324, 48.71029027801441
40.106666402288006, 48.56611023717912
40.15971754832278, 48.4219301963438
40.21276869435756, 48.277750155508485
40.265819840392325, 48.13357011467319
40.3188709864271, 47.989390073837875
40.37192213246187, 47.84521003300258
40.424973278496644, 47.701029992167264
40.47802442453142, 47.556849951331955
40.53107557056619, 47.41266991049666
40.58412671660096, 47.268489869661344
40.63717786263573, 47.12430982882605
40.69022900867051, 46.980129787990734
40.743280154705275, 46.83594974715544
40.79633130074005, 46.69176970632012
40.849382446774825, 46.54758966548481
40.902433592809594, 46.40340962464951
40.95548473884437, 46.259229583814204
41.00853588487914, 46.11504954297891
41.06158703091391, 45.97086950214359
41.11463817694869, 45.82668946130828
41.167689322983456, 45.68250942047298
41.22074046901823, 45.538329379637666
41.273791615053, 45.39414933880237
41.326842761087775, 45.249969297967056
41.37989390712255, 45.10578925713175
41.43294505315732, 44.96160921629645
41.485996199192094, 44.817429175461136
41.53904734522686, 44.67324913462584
41.59209849126164, 44.529069093790525
41.64514963729641, 44.38488905295522
41.69820078333118, 44.24070901211992
41.75125192936596, 44.096528971284606
41.804303075400725, 43.95234893044931
41.8573542214355, 43.808168889613995
41.910405367470275, 43.66398884877868
41.963456513505044, 43.519808807943384
42.01650765953982, 43.37562876710807
42.06955880557459, 43.231448726272774
42.12260995160936, 43.087268685437465
42.17566109764414, 42.94308864460215
42.228712243678906, 42.798908603766854
42.28176338971368, 42.65472856293154
42.33481453574845, 42.510548522096244
42.387865681783225, 42.36636848126093
42.440916827818, 42.22218844042561
42.49396797385277, 42.07800839959032
42.547019119887544, 41.93382835875501
42.60007026592231, 41.78964831791971
42.65312141195709, 41.6454682770844
42.70617255799186, 41.50128823624908
42.75922370402663, 41.35710819541379
42.81227485006141, 41.21292815457847
42.865325996096175, 41.068748113743176
42.91837714213095, 40.92456807290786
42.971428288165725, 40.78038803207255
43.024479434200494, 40.63620799123726
43.07753058023527, 40.49202795040194
43.13058172627004, 40.347847909566646
43.18363287230481, 40.20366786873133
43.23668401833959, 40.05948782789602
43.289735164374356, 39.915307787060726
43.34278631040913, 39.77112774622541
43.3958374564439, 39.626947705390116
43.448888602478675, 39.4827676645548
43.50193974851345, 39.338587623719484
43.55499089454822, 39.19440758288419
43.608042040582994, 39.05022754204887
43.66109318661776, 38.90604750121358
43.71414433265254, 38.76186746037827
43.76719547868731, 38.61768741954295
43.82024662472208, 38.47350737870766
43.87329777075686, 38.32932733787234
43.926348916791625, 38.18514729703705
43.9794000628264, 38.04096725620173
44.032451208861175, 37.896787215366416
44.085502354895944, 37.75260717453112
44.13855350093072, 37.60842713369581
44.19160464696549, 37.46424709286052
44.24465579300026, 37.3200670520252
44.29770693903504, 37.175887011189886
44.350758085069806, 37.03170697035459
44.40380923110458, 36.88752692951928
44.45686037713935, 36.74334688868399
44.509911523174125, 36.599166847848664
44.5629626692089, 36.454986807013356
44.61601381524367, 36.31080676617806
44.669064961278444, 36.166626725342745
44.72211610731321, 36.02244668450745
44.77516725334799, 35.878266643672134
44.82821839938276, 35.734086602836825
44.88126954541753, 35.58990656200153
44.93432069145231, 35.44572652116621
44.987371837487075, 35.30154648033091
45.04042298352185, 35.157366439495604
45.093474129556625, 35.01318639866029
45.146525275591394, 34.86900635782499
45.19957642162617, 34.72482631698968
45.25262756766094, 34.58064627615438
45.30567871369571, 34.436466235319074
45.35872985973049, 34.29228619448376
45.411781005765256, 34.14810615364846
45.46483215180003, 34.00392611281315
45.5178832978348, 33.85974607197785
45.570934443869575, 33.71556603114254
45.62398558990435, 33.57138599030722
45.67703673593912, 33.427205949471926
45.730087881973894, 33.28302590863662
45.78313902800866, 33.13884586780132
45.83619017404344, 32.994665826966006
45.88924132007821, 32.85048578613069
45.94229246611298, 32.706305745295396
45.99534361214776, 32.56212570446009
46.048394758182525, 32.41794566362479
46.1014459042173, 32.27376562278947
46.154497050252075, 32.12958558195416
46.207548196286844, 31.985405541118865
46.26059934232162, 31.84122550028355
46.31365048835639, 31.697045459448255
46.36670163439116, 31.55286541861294
46.41975278042594, 31.408685377777626
46.472803926460706, 31.26450533694233
46.52585507249548, 31.120325296107016
46.57890621853025, 30.97614525527172
46.631957364565025, 30.83196521443641
46.6850085105998, 30.687785173601092
46.73805965663457, 30.543605132765798
46.791110802669344, 30.399425091930485
46.84416194870411, 30.25524505109519
46.89721309473889, 30.111065010259875
46.95026424077366, 29.966884969424562
47.00331538680843, 29.822704928589264
47.05636653284321, 29.67852488775395
47.109417678877975, 29.534344846918657
47.16246882491275, 29.39016480608334
47.215519970947526, 29.24598476524803
47.268571116982294, 29.101804724412734
47.32162226301707, 28.957624683577418
47.37467340905184, 28.813444642742123
47.42772455508661, 28.66926460190681
47.48077570112139, 28.525084561071495
47.533826847156156, 28.3809045202362
47.58687799319093, 28.236724479400888
47.6399291392257, 28.092544438565593
47.692980285260475, 27.948364397730277
47.74603143129525, 27.804184356894964
47.79908257733002, 27.660004316059666
47.852133723364794, 27.515824275224354
47.90518486939956, 27.37164423438906
47.95823601543434, 27.227464193553743
48.01128716146911, 27.08328415271843
48.06433830750388, 26.939104111883136
48.11738945353866, 26.79492407104782
48.170440599573425, 26.650744030212525
48.2234917456082, 26.506563989377213
48.276542891642976, 26.362383948541897
48.329594037677744, 26.218203907706602
48.38264518371252, 26.07402386687129
48.43569632974729, 25.929843826035995
48.48874747578206, 25.78566378520068
48.54179862181684, 25.641483744365367
48.594849767851606, 25.49730370353007
48.64790091388638, 25.353123662694756
48.70095205992115, 25.20894362185946
48.754003205955925, 25.064763581024145
48.8070543519907, 24.920583540188833
48.86010549802547, 24.77640349935354
48.913156644060244, 24.632223458518222
48.96620779009501, 24.488043417682928
49.01925893612979, 24.343863376847615
49.07231008216456, 24.1996833360123
49.12536122819933, 24.055503295177004
49.17841237423411, 23.911323254341692
49.231463520268875, 23.767143213506397
49.28451466630365, 23.62296317267108
49.337565812338426, 23.47878313183577
49.390616958373194, 23.33460309100047
49.44366810440797, 23.19042305016516
49.49671925044274, 23.046243009329864
49.54977039647751, 22.902062968494548
49.60282154251229, 22.75788292765923
49.655872688547056, 22.613702886823937
49.70892383458183, 22.469522845988628
49.7619749806166, 22.325342805153333
49.815026126651375, 22.181162764318017
49.86807727268615, 22.0369827234827
49.92112841872092, 21.892802682647407
49.974179564755694, 21.74862264181209
50.02723071079046, 21.604442600976796
50.08028185682524, 21.460262560141487
50.13333300286001, 21.31608251930617
50.18638414889478, 21.171902478470876
50.23943529492956, 21.02772243763556
50.292486440964325, 20.883542396800266
50.3455375869991, 20.73936235596495
50.398588733033876, 20.595182315129634
50.451639879068644, 20.45100227429434
50.50469102510342, 20.30682223345903
50.55774217113819, 20.162642192623736
50.61079331717296, 20.01846215178842
50.66384446320774, 19.874282110953104
50.716895609242506, 19.73010207011781
50.76994675527728, 19.585922029282493
50.82299790131205, 19.4417419884472
50.876049047346825, 19.29756194761189
50.9291001933816, 19.153381906776573
50.98215133941637, 19.00920186594128
51.035202485451144, 18.865021825105963
51.08825363148591, 18.720841784270668
51.14130477752069, 18.576661743435352
51.19435592355546, 18.432481702600036
51.24740706959023, 18.28830166176474
51.30045821562501, 18.144121620929432
51.353509361659775, 17.999941580094138
51.40656050769455, 17.855761539258822
51.459611653729326, 17.711581498423506
51.512662799764094, 17.56740145758821
51.56571394579887, 17.423221416752895
51.61876509183364, 17.2790413759176
51.67181623786841, 17.13486133508229
51.72486738390319, 16.990681294246976
51.777918529937956, 16.84650125341168
51.83096967597273, 16.702321212576365
51.8840208220075, 16.55814117174107
51.937071968042275, 16.413961130905754
51.99012311407705, 16.26978109007044
52.04317426011182, 16.125601049235144
52.096225406146594, 15.981421008399835
52.14927655218136, 15.83724096756454
52.20232769821614, 15.693060926729224
52.25537884425091, 15.548880885893908
52.30842999028568, 15.404700845058613
52.36148113632046, 15.260520804223297
52.414532282355225, 15.116340763388003
52.46758342839, 14.972160722552694
52.520634574424776, 14.827980681717378
52.573685720459544, 14.683800640882083
52.62673686649432, 14.539620600046767
52.67978801252909, 14.395440559211472
52.73283915856386, 14.251260518376156
52.78589030459864, 14.10708047754084
52.838941450633406, 13.962900436705546
52.89199259666818, 13.818720395870237
52.94504374270295, 13.674540355034942
52.998094888737725, 13.530360314199626
