Parameters: [51.43135610539102, 17.286524317663485, 10.702416871571872, 35.399919225491544, 4.173570903242521, 0.12713425141664841, -3.254869791365258]
Points:
0.0, 17.286524317663485
0.051482838944335356, 17.501391596297882
0.10296567788867071, 17.716258874932283
0.15444851683300606, 17.93112615356668
0.20593135577734142, 18.14599343220108
0.25741419472167676, 18.360860710835478
0.3088970336660121, 18.57572798946988
0.3603798726103475, 18.790595268104276
0.41186271155468285, 19.005462546738677
0.4633455504990182, 19.220329825373074
0.5148283894433535, 19.435197104007475
0.5663112283876889, 19.650064382641872
0.6177940673320242, 19.864931661276273
0.6692769062763596, 20.07979893991067
0.720759745220695, 20.29466621854507
0.7722425841650303, 20.50953349717947
0.8237254231093657, 20.72440077581387
0.8752082620537011, 20.939268054448267
0.9266911009980364, 21.154135333082664
0.9781739399423718, 21.369002611717065
1.029656778886707, 21.583869890351462
1.0811396178310424, 21.798737168985863
1.1326224567753778, 22.01360444762026
1.1841052957197131, 22.22847172625466
1.2355881346640485, 22.443339004889058
1.2870709736083839, 22.65820628352346
1.3385538125527192, 22.873073562157856
1.3900366514970546, 23.087940840792257
1.44151949044139, 23.302808119426654
1.4930023293857253, 23.517675398061055
1.5444851683300607, 23.732542676695452
1.595968007274396, 23.947409955329853
1.6474508462187314, 24.16227723396425
1.6989336851630668, 24.377144512598647
1.7504165241074021, 24.59201179123305
1.8018993630517375, 24.80687906986745
1.8533822019960728, 25.021746348501846
1.9048650409404082, 25.236613627136244
1.9563478798847436, 25.451480905770644
2.0078307188290787, 25.66634818440504
2.059313557773414, 25.88121546303944
2.1107963967177494, 26.09608274167384
2.162279235662085, 26.31095002030824
2.21376207460642, 26.525817298942638
2.2652449135507555, 26.740684577577035
2.316727752495091, 26.955551856211436
2.3682105914394262, 27.170419134845837
2.4196934303837616, 27.385286413480234
2.471176269328097, 27.60015369211463
2.5226591082724323, 27.815020970749032
2.5741419472167677, 28.029888249383433
2.625624786161103, 28.24475552801783
2.6771076251054384, 28.459622806652227
2.728590464049774, 28.674490085286628
2.780073302994109, 28.88935736392103
2.8315561419384445, 29.104224642555426
2.88303898088278, 29.319091921189823
2.9345218198271152, 29.533959199824224
2.9860046587714506, 29.748826478458625
3.037487497715786, 29.96369375709302
3.0889703366601213, 30.17856103572742
3.1404531756044567, 30.39342831436182
3.191936014548792, 30.608295592996217
3.2434188534931274, 30.823162871630615
3.294901692437463, 31.038030150265016
3.346384531381798, 31.252897428899416
3.3978673703261335, 31.467764707533814
3.449350209270469, 31.68263198616821
3.5008330482148042, 31.89749926480261
3.5523158871591396, 32.11236654343701
3.603798726103475, 32.327233822071406
3.6552815650478103, 32.54210110070581
3.7067644039921457, 32.75696837934021
3.758247242936481, 32.97183565797461
3.8097300818808164, 33.18670293660901
3.8612129208251518, 33.4015702152434
3.912695759769487, 33.616437493877804
3.9641785987138225, 33.8313047725122
4.015661437658157, 34.0461720511466
4.067144276602493, 34.261039329781
4.118627115546828, 34.4759066084154
4.1701099544911635, 34.6907738870498
4.221592793435499, 34.905641165684195
4.273075632379834, 35.120508444318595
4.32455847132417, 35.33537572295299
4.376041310268505, 35.55024300158739
4.42752414921284, 35.76511028022179
4.479006988157176, 35.97997755885619
4.530489827101511, 36.19484483749059
4.581972666045846, 36.40971211612499
4.633455504990182, 36.62457939475939
4.684938343934517, 36.83944667339379
4.7364211828788525, 37.05431395202818
4.787904021823188, 37.26918123066258
4.839386860767523, 37.48404850929698
4.890869699711859, 37.698915787931384
4.942352538656194, 37.913783066565784
4.993835377600529, 38.12865034520018
5.045318216544865, 38.34351762383458
5.0968010554892, 38.55838490246897
5.148283894433535, 38.77325218110337
5.199766733377871, 38.988119459737774
5.251249572322206, 39.202986738372175
5.3027324112665415, 39.417854017006576
5.354215250210877, 39.63272129564098
5.405698089155212, 39.84758857427537
5.457180928099548, 40.06245585290977
5.508663767043883, 40.277323131544165
5.560146605988218, 40.492190410178566
5.611629444932554, 40.70705768881297
5.663112283876889, 40.92192496744737
5.714595122821224, 41.13679224608177
5.76607796176556, 41.35165952471617
5.817560800709895, 41.56652680335056
5.8690436396542305, 41.78139408198496
5.920526478598566, 41.99626136061936
5.972009317542901, 42.21112863925376
6.023492156487237, 42.42599591788816
6.074974995431572, 42.64086319652256
6.126457834375907, 42.85573047515696
6.177940673320243, 43.070597753791354
6.229423512264578, 43.285465032425755
6.280906351208913, 43.50033231106015
6.332389190153249, 43.71519958969455
6.383872029097584, 43.93006686832895
6.4353548680419195, 44.14493414696335
6.486837706986255, 44.35980142559775
6.53832054593059, 44.57466870423215
6.589803384874926, 44.789535982866546
6.641286223819261, 45.00440326150095
6.692769062763596, 45.21927054013534
6.744251901707932, 45.43413781876974
6.795734740652267, 45.64900509740414
6.847217579596602, 45.86387237603854
6.898700418540938, 46.078739654672944
6.950183257485273, 46.293606933307345
7.0016660964296085, 46.50847421194174
7.053148935373944, 46.72334149057614
7.104631774318279, 46.93820876921053
7.1561146132626146, 47.153076047844934
7.20759745220695, 47.367943326479335
7.259080291151285, 47.582810605113735
7.310563130095621, 47.797677883748136
7.362045969039956, 48.01254516238253
7.413528807984291, 48.22741244101693
7.465011646928627, 48.442279719651324
7.516494485872962, 48.657146998285725
7.5679773248172975, 48.872014276920126
7.619460163761633, 49.08688155555453
7.670943002705968, 49.30174883418893
7.7224258416503035, 49.51661611282332
7.773908680594639, 49.73148339145772
7.825391519538974, 49.94635067009212
7.87687435848331, 50.161217948726524
7.928357197427645, 50.37608522736092
7.97984003637198, 50.59095250599532
8.031322875316315, 50.80581978462971
8.082805714260651, 51.02068706326412
8.134288553204986, 51.23555434189851
8.185771392149322, 51.450421620532914
8.237254231093656, 51.66528889916731
8.288737070037993, 51.880156177801716
8.340219908982327, 52.09502345643611
8.391702747926663, 52.30989073507051
8.443185586870998, 52.524758013704904
8.494668425815334, 52.73962529233931
8.546151264759668, 52.954492570973706
8.597634103704005, 53.16935984960811
8.64911694264834, 53.3842271282425
8.700599781592675, 53.5990944068769
8.75208262053701, 53.8139616855113
8.803565459481346, 54.0288289641457
8.85504829842568, 54.243696242780096
8.906531137370017, 54.4585635214145
8.958013976314351, 54.6734308000489
9.009496815258688, 54.8882980786833
9.060979654203022, 55.10316535731769
9.112462493147358, 55.31803263595209
9.163945332091693, 55.532899914586494
9.215428171036029, 55.747767193220895
9.266911009980364, 55.96263447185529
9.3183938489247, 56.17750175048969
9.369876687869034, 56.39236902912409
9.42135952681337, 56.60723630775849
9.472842365757705, 56.822103586392885
9.524325204702041, 57.036970865027286
9.575808043646376, 57.251838143661686
9.627290882590712, 57.46670542229609
9.678773721535046, 57.68157270093048
9.730256560479383, 57.89643997956488
9.781739399423717, 58.111307258199275
9.833222238368053, 58.32617453683368
9.884705077312388, 58.54104181546808
9.936187916256724, 58.75590909410248
9.987670755201059, 58.97077637273687
10.039153594145395, 59.18564365137128
10.09063643308973, 59.40051093000567
10.142119272034066, 59.615378208640074
10.1936021109784, 59.83024548727447
10.245084949922736, 60.045112765908875
10.29656778886707, 60.25998004454327
10.348050627811407, 60.47484732317767
10.399533466755742, 60.689714601812064
10.451016305700078, 60.90458188044647
10.502499144644412, 61.119449159080865
10.553981983588749, 61.334316437715266
10.605464822533083, 61.54918371634966
10.65694766147742, 61.76405099498407
10.708430500421754, 61.95458450542982
10.75991333936609, 61.961129737619814
10.811396178310424, 61.967674969809806
10.86287901725476, 61.9742202019998
10.914361856199095, 61.98076543418979
10.965844695143431, 61.987310666379784
11.017327534087766, 61.99385589856978
11.068810373032102, 62.00040113075976
11.120293211976437, 62.006946362949755
11.171776050920773, 62.01349159513975
11.223258889865107, 62.02003682732974
11.274741728809444, 62.02658205951973
11.326224567753778, 62.033127291709725
11.377707406698114, 62.03967252389972
11.429190245642449, 62.04621775608971
11.480673084586785, 62.0527629882797
11.53215592353112, 62.059308220469696
11.583638762475456, 62.06585345265969
11.63512160141979, 62.072398684849674
11.686604440364126, 62.078943917039666
11.738087279308461, 62.08548914922966
11.789570118252797, 62.09203438141965
11.841052957197132, 62.098579613609644
11.892535796141468, 62.10512484579964
11.944018635085802, 62.11167007798963
11.995501474030139, 62.11821531017962
12.046984312974473, 62.124760542369614
12.09846715191881, 62.13130577455961
12.149949990863144, 62.1378510067496
12.20143282980748, 62.14439623893959
12.252915668751815, 62.15094147112958
12.30439850769615, 62.15748670331957
12.355881346640485, 62.16403193550956
12.407364185584822, 62.170577167699555
12.458847024529156, 62.17712239988955
12.510329863473492, 62.18366763207954
12.561812702417827, 62.19021286426953
12.613295541362163, 62.196758096459526
12.664778380306497, 62.20330332864952
12.716261219250834, 62.20984856083951
12.767744058195168, 62.216393793029496
12.819226897139504, 62.22293902521949
12.870709736083839, 62.22948425740948
12.922192575028175, 62.236029489599474
12.97367541397251, 62.24257472178947
13.025158252916846, 62.24911995397946
13.07664109186118, 62.25566518616945
13.128123930805517, 62.262210418359444
13.179606769749851, 62.26875565054944
13.231089608694186, 62.27530088273943
13.282572447638522, 62.28184611492942
13.334055286582856, 62.28839134711941
13.385538125527193, 62.2949365793094
13.437020964471527, 62.30148181149939
13.488503803415863, 62.308027043689385
13.539986642360198, 62.31457227587938
13.591469481304534, 62.32111750806937
13.642952320248869, 62.32766274025936
13.694435159193205, 62.334207972449356
13.74591799813754, 62.34075320463935
13.797400837081875, 62.34729843682934
13.84888367602621, 62.353843669019334
13.900366514970546, 62.360388901209326
13.95184935391488, 62.36693413339931
14.003332192859217, 62.373479365589304
14.054815031803551, 62.3800245977793
14.106297870747888, 62.38656982996929
14.157780709692222, 62.39311506215928
14.209263548636558, 62.399660294349275
14.260746387580893, 62.40620552653927
14.312229226525229, 62.41275075872926
14.363712065469564, 62.41929599091925
14.4151949044139, 62.425841223109245
14.466677743358234, 62.43238645529924
14.51816058230257, 62.43893168748922
14.569643421246905, 62.445476919679216
14.621126260191241, 62.45202215186921
14.672609099135576, 62.4585673840592
14.724091938079912, 62.46511261624919
14.775574777024246, 62.471657848439186
14.827057615968583, 62.47820308062918
14.878540454912917, 62.48474831281917
14.930023293857253, 62.491293545009164
14.981506132801588, 62.497838777199156
15.032988971745924, 62.50438400938915
15.084471810690259, 62.510929241579134
15.135954649634595, 62.51747447376913
15.18743748857893, 62.52401970595912
15.238920327523266, 62.53056493814911
15.2904031664676, 62.537110170339105
15.341886005411936, 62.5436554025291
15.39336884435627, 62.55020063471909
15.444851683300607, 62.55674586690908
15.496334522244942, 62.563291099099075
15.547817361189278, 62.56983633128907
15.599300200133612, 62.57638156347906
15.650783039077949, 62.582926795669046
15.702265878022283, 62.58947202785904
15.75374871696662, 62.59601726004903
15.805231555910954, 62.602562492239024
15.85671439485529, 62.609107724429016
15.908197233799624, 62.61565295661901
15.95968007274396, 62.622198188809
16.011162911688295, 62.628743420998994
16.06264575063263, 62.63528865318899
16.114128589576968, 62.64183388537898
16.165611428521302, 62.64837911756897
16.217094267465637, 62.65492434975896
16.26857710640997, 62.66146958194895
16.32005994535431, 62.66801481413894
16.371542784298644, 62.674560046328935
16.423025623242978, 62.68110527851893
16.474508462187313, 62.68765051070892
16.52599130113165, 62.69419574289891
16.577474140075985, 62.700740975088905
16.62895697902032, 62.7072862072789
16.680439817964654, 62.71383143946889
16.731922656908992, 62.72037667165888
16.783405495853327, 62.72692190384887
16.83488833479766, 62.73346713603886
16.886371173741995, 62.740012368228854
16.937854012686334, 62.746557600418846
16.989336851630668, 62.75310283260884
17.040819690575002, 62.75964806479883
17.092302529519337, 62.766193296988824
17.143785368463675, 62.77273852917882
17.19526820740801, 62.77928376136881
17.246751046352344, 62.7858289935588
17.29823388529668, 62.792374225748794
17.349716724241016, 62.79891945793878
17.40119956318535, 62.80546469012877
17.452682402129685, 62.812009922318765
17.50416524107402, 62.81855515450876
17.555648080018358, 62.82510038669875
17.607130918962692, 62.83164561888874
17.658613757907027, 62.838190851078735
17.71009659685136, 62.84473608326873
17.7615794357957, 62.85128131545872
17.813062274740034, 62.85782654764871
17.86454511368437, 62.864371779838706
17.916027952628703, 62.87091701202869
17.96751079157304, 62.877462244218684
18.018993630517375, 62.88400747640868
18.07047646946171, 62.89055270859867
18.121959308406044, 62.89709794078866
18.173442147350382, 62.903643172978654
18.224924986294717, 62.91018840516865
18.27640782523905, 62.91673363735864
18.327890664183386, 62.92327886954863
18.379373503127724, 62.929824101738625
18.430856342072058, 62.93636933392862
18.482339181016393, 62.9429145661186
18.533822019960727, 62.949459798308595
18.585304858905065, 62.95600503049859
18.6367876978494, 62.96255026268858
18.688270536793734, 62.96909549487857
18.73975337573807, 62.975640727068566
18.791236214682407, 62.98218595925856
18.84271905362674, 62.98873119144855
18.894201892571076, 62.99527642363854
18.94568473151541, 63.001821655828536
18.997167570459748, 63.00836688801853
19.048650409404082, 63.01491212020852
19.100133248348417, 63.02145735239851
19.15161608729275, 63.0280025845885
19.20309892623709, 63.03454781677849
19.254581765181424, 63.041093048968484
19.30606460412576, 63.04763828115848
19.357547443070093, 63.05418351334847
19.40903028201443, 63.06072874553846
19.460513120958765, 63.067273977728455
19.5119959599031, 63.07381920991845
19.563478798847434, 63.08036444210844
19.614961637791772, 63.08690967429843
19.666444476736107, 63.09345490648842
19.71792731568044, 63.10000013867841
19.769410154624776, 63.1065453708684
19.82089299356911, 63.113090603058396
19.87237583251345, 63.11963583524839
19.923858671457783, 63.12618106743838
19.975341510402117, 63.132726299628374
20.02682434934645, 63.139271531818366
20.07830718829079, 63.14581676400836
20.129790027235124, 63.15236199619835
20.18127286617946, 63.158907228388344
20.232755705123793, 63.16545246057833
20.28423854406813, 63.17199769276832
20.335721383012466, 63.178542924958315
20.3872042219568, 63.18508815714831
20.438687060901135, 63.1916333893383
20.490169899845473, 63.19817862152829
20.541652738789807, 63.204723853718285
20.59313557773414, 63.21126908590828
20.644618416678476, 63.21781431809827
20.696101255622814, 63.22435955028826
20.74758409456715, 63.230904782478255
20.799066933511483, 63.23745001466824
20.850549772455818, 63.24399524685823
20.902032611400156, 63.250540479048226
20.95351545034449, 63.25708571123822
21.004998289288825, 63.26363094342821
21.05648112823316, 63.270176175618204
21.107963967177497, 63.276721407808196
21.15944680612183, 63.28326663999819
21.210929645066166, 63.28981187218818
21.2624124840105, 63.296357104378174
21.31389532295484, 63.30290233656817
21.365378161899173, 63.30944756875815
21.416861000843507, 63.315992800948145
21.468343839787842, 63.32253803313814
21.51982667873218, 63.32908326532813
21.571309517676514, 63.33562849751812
21.62279235662085, 63.342173729708115
21.674275195565183, 63.34871896189811
21.72575803450952, 63.3552641940881
21.777240873453856, 63.36180942627809
21.82872371239819, 63.368354658468085
21.880206551342525, 63.37489989065808
21.931689390286863, 63.38144512284806
21.983172229231197, 63.387990355038056
22.03465506817553, 63.39453558722805
22.086137907119866, 63.40108081941804
22.137620746064204, 63.407626051608034
22.18910358500854, 63.41417128379803
22.240586423952873, 63.42071651598802
22.292069262897208, 63.42726174817801
22.343552101841546, 63.433806980368004
22.39503494078588, 63.440352212558
22.446517779730215, 63.44689744474799
22.49800061867455, 63.453442676937975
22.549483457618887, 63.45998790912797
22.60096629656322, 63.46653314131796
22.652449135507556, 63.47307837350795
22.70393197445189, 63.479623605697945
22.75541481339623, 63.48616883788794
22.806897652340563, 63.49271407007793
22.858380491284898, 63.49925930226792
22.909863330229232, 63.505804534457916
22.96134616917357, 63.51234976664791
23.012829008117905, 63.5188949988379
23.06431184706224, 63.525440231027886
23.115794686006573, 63.53198546321788
23.16727752495091, 63.53853069540787
23.218760363895246, 63.545075927597864
23.27024320283958, 63.55162115978786
23.321726041783915, 63.55816639197785
23.373208880728253, 63.56471162416784
23.424691719672587, 63.571256856357834
23.476174558616922, 63.57780208854783
23.527657397561256, 63.58434732073782
23.579140236505594, 63.59089255292781
23.63062307544993, 63.597437785117805
23.682105914394263, 63.60398301730779
23.733588753338598, 63.61052824949778
23.785071592282936, 63.617073481687775
23.83655443122727, 63.62361871387777
23.888037270171605, 63.63016394606776
23.93952010911594, 63.63670917825775
23.991002948060277, 63.643254410447746
24.042485787004612, 63.64979964263774
24.093968625948946, 63.65634487482773
24.14545146489328, 63.66289010701772
24.19693430383762, 63.669435339207716
24.248417142781953, 63.6759805713977
24.299899981726288, 63.682525803587694
24.351382820670622, 63.68907103577769
24.40286565961496, 63.69561626796768
24.454348498559295, 63.70216150015767
24.50583133750363, 63.708706732347665
24.557314176447964, 63.71525196453766
24.6087970153923, 63.72179719672765
24.660279854336636, 63.72834242891764
24.71176269328097, 63.734887661107635
24.763245532225305, 63.74143289329763
24.814728371169643, 63.74797812548761
24.866211210113978, 63.754523357677606
24.917694049058312, 63.7610685898676
24.969176888002647, 63.76761382205759
25.020659726946985, 63.77415905424758
25.07214256589132, 63.780704286437576
25.123625404835654, 63.78724951862757
25.175108243779988, 63.79379475081756
25.226591082724326, 63.800339983007554
25.27807392166866, 63.806885215197546
25.329556760612995, 63.81343044738754
25.38103959955733, 63.819975679577524
25.432522438501667, 63.82652091176752
25.484005277446002, 63.83306614395751
25.535488116390336, 63.8396113761475
25.58697095533467, 63.846156608337495
25.63845379427901, 63.85270184052749
25.689936633223343, 63.85924707271748
25.741419472167678, 63.86579230490747
25.792902311112012, 63.872337537097465
25.84438515005635, 63.87888276928746
25.895867989000685, 63.88542800147745
25.94735082794502, 63.891973233667436
25.998833666889354, 63.89851846585743
26.050316505833692, 63.90506369804742
26.101799344778026, 63.91160893023741
26.15328218372236, 63.918154162427406
26.204765022666695, 63.9246993946174
26.256247861611033, 63.93124462680739
26.307730700555368, 63.937789858997384
26.359213539499702, 63.94433509118738
26.410696378444037, 63.95088032337737
26.46217921738837, 63.957425555567355
26.51366205633271, 63.96397078775735
26.565144895277044, 63.97051601994734
26.616627734221378, 63.97706125213733
26.668110573165713, 63.983606484327325
26.71959341211005, 63.99015171651732
26.771076251054385, 63.99669694870731
26.82255908999872, 64.0032421808973
26.874041928943054, 64.0097874130873
26.925524767887392, 64.01633264527729
26.977007606831727, 64.02287787746728
27.02849044577606, 64.02942310965727
27.079973284720396, 64.03596834184727
27.131456123664734, 64.04251357403726
27.182938962609068, 64.04905880622725
27.234421801553403, 64.05560403841724
27.285904640497737, 64.06214927060724
27.337387479442075, 64.06869450279723
27.38887031838641, 64.0752397349872
27.440353157330744, 64.0817849671772
27.49183599627508, 64.08833019936719
27.543318835219416, 64.09487543155718
27.59480167416375, 64.10142066374718
27.646284513108085, 64.10796589593717
27.69776735205242, 64.11451112812716
27.749250190996758, 64.12105636031716
27.800733029941092, 64.12760159250715
27.852215868885427, 64.13414682469714
27.90369870782976, 64.14069205688713
27.9551815467741, 64.14723728907713
28.006664385718434, 64.15378252126712
28.05814722466277, 64.16032775345711
28.109630063607103, 64.1668729856471
28.16111290255144, 64.1734182178371
28.212595741495775, 64.17996345002709
28.26407858044011, 64.18650868221708
28.315561419384444, 64.19305391440707
28.367044258328782, 64.19959914659707
28.418527097273117, 64.20614437878706
28.47000993621745, 64.21268961097705
28.521492775161786, 64.21923484316703
28.572975614106124, 64.22578007535702
28.624458453050458, 64.23232530754701
28.675941291994793, 64.23887053973701
28.727424130939127, 64.245415771927
28.778906969883465, 64.25196100411699
28.8303898088278, 64.25850623630699
28.881872647772134, 64.26505146849698
28.93335548671647, 64.27159670068697
28.984838325660807, 64.27814193287696
29.03632116460514, 64.28468716506696
29.087804003549476, 64.29123239725695
29.13928684249381, 64.29777762944694
29.190769681438148, 64.30432286163693
29.242252520382483, 64.31086809382693
29.293735359326817, 64.31741332601692
29.34521819827115, 64.32395855820691
29.39670103721549, 64.3305037903969
29.448183876159824, 64.3370490225869
29.49966671510416, 64.34359425477689
29.551149554048493, 64.35013948696688
29.60263239299283, 64.35668471915687
29.654115231937165, 64.36322995134685
29.7055980708815, 64.36977518353685
29.757080909825834, 64.37632041572684
29.808563748770172, 64.38286564791683
29.860046587714507, 64.38941088010682
29.91152942665884, 64.39595611229682
29.963012265603176, 64.40250134448681
30.014495104547514, 64.4090465766768
30.06597794349185, 64.4155918088668
30.117460782436183, 64.42213704105679
30.168943621380517, 64.42868227324678
30.220426460324855, 64.43522750543677
30.27190929926919, 64.44177273762676
30.323392138213524, 64.44831796981676
30.37487497715786, 64.45486320200675
30.426357816102197, 64.46140843419674
30.47784065504653, 64.46795366638673
30.529323493990866, 64.47449889857673
30.5808063329352, 64.48104413076672
30.63228917187954, 64.48758936295671
30.683772010823873, 64.4941345951467
30.735254849768207, 64.5006798273367
30.78673768871254, 64.50722505952669
30.83822052765688, 64.51377029171667
30.889703366601214, 64.52031552390666
30.94118620554555, 64.52686075609665
30.992669044489883, 64.53340598828665
31.04415188343422, 64.53995122047664
31.095634722378556, 64.54649645266663
31.14711756132289, 64.55304168485662
31.198600400267225, 64.55958691704662
31.250083239211563, 64.56613214923661
31.301566078155897, 64.5726773814266
31.35304891710023, 64.5792226136166
31.404531756044566, 64.58576784580659
31.456014594988904, 64.59231307799658
31.50749743393324, 64.59885831018657
31.558980272877573, 64.60540354237656
31.610463111821907, 64.61194877456656
31.661945950766246, 64.61849400675655
31.71342878971058, 64.62503923894654
31.764911628654914, 64.63158447113653
31.81639446759925, 64.63812970332653
31.867877306543587, 64.64467493551652
31.91936014548792, 64.65122016770651
31.970842984432256, 64.65776539989649
32.02232582337659, 64.66431063208648
32.07380866232093, 64.67085586427648
32.12529150126526, 64.67740109646647
32.1767743402096, 64.68394632865646
32.228257179153935, 64.69049156084645
32.279740018098266, 64.69703679303645
32.331222857042604, 64.70358202522644
32.38270569598694, 64.71012725741643
32.43418853493127, 64.71667248960642
32.48567137387561, 64.72321772179642
32.53715421281994, 64.72976295398641
32.58863705176428, 64.7363081861764
32.64011989070862, 64.7428534183664
32.69160272965295, 64.74939865055639
32.74308556859729, 64.75594388274638
32.794568407541625, 64.76248911493637
32.846051246485956, 64.76903434712636
32.897534085430294, 64.77557957931636
32.949016924374625, 64.78212481150635
33.00049976331896, 64.78867004369634
33.0519826022633, 64.79521527588633
33.10346544120763, 64.80176050807631
33.15494828015197, 64.8083057402663
33.2064311190963, 64.8148509724563
33.25791395804064, 64.82139620464629
33.30939679698498, 64.82794143683628
33.36087963592931, 64.83448666902628
33.412362474873646, 64.84103190121627
33.463845313817984, 64.84757713340626
33.515328152762315, 64.85412236559625
33.56681099170665, 64.86066759778625
33.618293830650984, 64.86721282997624
33.66977666959532, 64.87375806216623
33.72125950853966, 64.88030329435622
33.77274234748399, 64.88684852654622
33.82422518642833, 64.89339375873621
33.87570802537267, 64.8999389909262
33.927190864317, 64.9064842231162
33.978673703261336, 64.91302945530619
34.03015654220567, 64.91957468749618
34.081639381150005, 64.92611991968617
34.13312222009434, 64.93266515187617
34.184605059038674, 64.93921038406614
34.23608789798301, 64.94575561625615
34.28757073692735, 64.95230084844613
34.33905357587168, 64.95884608063612
34.39053641481602, 64.96539131282611
34.44201925376035, 64.9719365450161
34.49350209270469, 64.9784817772061
34.544984931649026, 64.98502700939609
34.59646777059336, 64.99157224158608
34.647950609537695, 64.99811747377608
34.69943344848203, 65.00466270596607
34.750916287426364, 65.01120793815606
34.8023991263707, 65.01775317034605
34.85388196531503, 65.02429840253605
34.90536480425937, 65.03084363472604
34.95684764320371, 65.03738886691603
35.00833048214804, 65.04393409910602
35.05981332109238, 65.05047933129602
35.111296160036716, 65.05702456348601
35.16277899898105, 65.063569795676
35.214261837925385, 65.070115027866
35.265744676869716, 65.07666026005599
35.317227515814054, 65.08320549224598
35.36871035475839, 65.08975072443597
35.42019319370272, 65.02772931417253
35.47167603264706, 64.86015937691887
35.5231588715914, 64.69258943966523
35.57464171053573, 64.52501950241161
35.62612454948007, 64.35744956515795
35.6776073884244, 64.18987962790433
35.72909022736874, 64.02230969065067
35.780573066313075, 63.854739753397034
35.832055905257405, 63.6871698161434
35.88353874420174, 63.51959987888976
35.93502158314608, 63.35202994163611
35.98650442209041, 63.18446000438248
36.03798726103475, 63.016890067128834
36.08947009997908, 62.84932012987521
36.14095293892342, 62.68175019262156
36.19243577786776, 62.51418025536791
36.24391861681209, 62.34661031811429
36.295401455756426, 62.179040380860634
36.346884294700764, 62.01147044360699
36.398367133645095, 61.843900506353364
36.44984997258943, 61.67633056909971
36.501332811533764, 61.50876063184609
36.5528156504781, 61.34119069459244
36.60429848942244, 61.17362075733879
36.65578132836677, 61.006050820085164
36.70726416731111, 60.83848088283152
36.75874700625545, 60.670910945577866
36.81022984519978, 60.50334100832424
36.861712684144116, 60.335771071070596
36.91319552308845, 60.168201133816964
36.964678362032785, 60.00063119656332
37.01616120097712, 59.83306125930967
37.067644039921454, 59.66549132205604
37.11912687886579, 59.497921384802396
37.17060971781013, 59.33035144754875
37.22209255675446, 59.16278151029512
37.2735753956988, 58.99521157304147
37.32505823464313, 58.82764163578785
37.37654107358747, 58.660071698534196
37.428023912531806, 58.49250176128055
37.47950675147614, 58.324931824026926
37.530989590420475, 58.15736188677327
37.58247242936481, 57.98979194951963
37.633955268309144, 57.822222012266
37.68543810725348, 57.65465207501235
37.73692094619781, 57.487082137758726
37.78840378514215, 57.31951220050508
37.83988662408649, 57.15194226325143
37.89136946303082, 56.9843723259978
37.94285230197516, 56.81680238874416
37.994335140919496, 56.649232451490505
38.04581797986383, 56.48166251423688
38.097300818808165, 56.314092576983235
38.148783657752496, 56.14652263972961
38.200266496696834, 55.97895270247596
38.25174933564117, 55.81138276522231
38.3032321745855, 55.64381282796869
38.35471501352984, 55.476242890715035
38.40619785247418, 55.30867295346139
38.45768069141851, 55.141103016207765
38.50916353036285, 54.97353307895411
38.56064636930718, 54.80596314170049
38.61212920825152, 54.63839320444684
38.663612047195855, 54.47082326719319
38.715094886140186, 54.303253329939565
38.766577725084524, 54.13568339268592
38.81806056402886, 53.96811345543227
38.86954340297319, 53.80054351817864
38.92102624191753, 53.632973580925
38.97250908086186, 53.465403643671365
39.0239919198062, 53.29783370641772
39.07547475875054, 53.130263769164074
39.12695759769487, 52.96269383191044
39.17844043663921, 52.7951238946568
39.229923275583545, 52.627553957403144
39.281406114527876, 52.45998402014952
39.332888953472214, 52.292414082895874
39.384371792416545, 52.12484414564224
39.43585463136088, 51.9572742083886
39.48733747030522, 51.78970427113495
39.53882030924955, 51.62213433388132
39.59030314819389, 51.454564396627674
39.64178598713822, 51.28699445937405
39.69326882608256, 51.1194245221204
39.7447516650269, 50.95185458486675
39.79623450397123, 50.78428464761313
39.847717342915566, 50.616714710359474
39.899200181859904, 50.44914477310583
39.950683020804235, 50.281574835852204
40.00216585974857, 50.11400489859855
40.0536486986929, 49.94643496134493
40.10513153763724, 49.77886502409128
40.15661437658158, 49.61129508683763
40.20809721552591, 49.443725149584004
40.25958005447025, 49.27615521233036
40.31106289341459, 49.108585275076706
40.36254573235892, 48.94101533782309
40.414028571303255, 48.773445400569436
40.465511410247586, 48.60587546331581
40.516994249191924, 48.43830552606216
40.56847708813626, 48.27073558880851
40.61995992708059, 48.10316565155489
40.67144276602493, 47.935595714301236
40.72292560496927, 47.76802577704759
40.7744084439136, 47.600455839793966
40.82589128285794, 47.43288590254031
40.87737412180227, 47.26531596528669
40.92885696074661, 47.09774602803304
40.980339799690945, 46.93017609077939
41.031822638635276, 46.762606153525766
41.083305477579614, 46.59503621627212
41.13478831652395, 46.42746627901847
41.18627115546828, 46.25989634176484
41.23775399441262, 46.0923264045112
41.28923683335695, 45.924756467257566
41.34071967230129, 45.75718653000392
41.39220251124563, 45.589616592750275
41.44368535018996, 45.42204665549664
41.4951681891343, 45.254476718243
41.546651028078635, 45.08690678098935
41.598133867022966, 44.91933684373572
41.649616705967304, 44.751766906482075
41.701099544911635, 44.584196969228444
41.75258238385597, 44.4166270319748
41.80406522280031, 44.24905709472115
41.85554806174464, 44.08148715746752
41.90703090068898, 43.913917220213875
41.95851373963332, 43.74634728296023
42.00999657857765, 43.5787773457066
42.06147941752199, 43.41120740845295
42.11296225646632, 43.24363747119933
42.164445095410656, 43.076067533945675
42.215927934354994, 42.90849759669203
42.267410773299325, 42.740927659438405
42.31889361224366, 42.57335772218475
42.370376451188, 42.40578778493111
42.42185929013233, 42.23821784767748
42.47334212907667, 42.07064791042383
42.524824968021, 41.90307797317021
42.57630780696534, 41.73550803591656
42.62779064590968, 41.56793809866291
42.67927348485401, 41.40036816140929
42.730756323798346, 41.23279822415564
42.782239162742684, 41.065228286901984
42.833722001687015, 40.89765834964837
42.88520484063135, 40.730088412394714
42.936687679575684, 40.56251847514109
42.98817051852002, 40.394948537887444
43.03965335746436, 40.22737860063379
43.09113619640869, 40.05980866338017
43.14261903535303, 39.89223872612652
43.19410187429737, 39.72466878887287
43.2455847132417, 39.557098851619244
43.297067552186036, 39.3895289143656
43.34855039113037, 39.22195897711197
43.400033230074705, 39.05438903985832
43.45151606901904, 38.886819102604676
43.502998907963374, 38.719249165351044
43.55448174690771, 38.5516792280974
43.60596458585205, 38.384109290843746
43.65744742479638, 38.21653935359012
43.70893026374072, 38.048969416336476
43.76041310268505, 37.881399479082845
43.81189594162939, 37.7138295418292
43.863378780573726, 37.54625960457555
43.91486161951806, 37.37868966732192
43.966344458462395, 37.211119730068276
44.01782729740673, 37.04354979281463
44.06931013635106, 36.875979855561
44.1207929752954, 36.70840991830735
44.17227581423973, 36.54083998105373
44.22375865318407, 36.373270043800076
44.27524149212841, 36.20570010654643
44.32672433107274, 36.038130169292806
44.37820717001708, 35.87056023203915
44.429690008961416, 35.70299029478551
44.481172847905746, 35.53542035753188
44.532655686850084, 35.36785042027823
44.584138525794415, 35.200280483024606
44.63562136473875, 35.032710545770954
44.68710420368309, 34.86514060851731
44.73858704262742, 34.69757067126368
44.79006988157176, 34.53000073401003
44.8415527205161, 34.362430796756385
44.89303555946043, 34.19486085950276
44.94451839840477, 34.02729092224911
44.9960012373491, 33.85972098499549
45.047484076293436, 33.69215104774184
45.098966915237774, 33.524581110488185
45.150449754182105, 33.35701117323457
45.20193259312644, 33.189441235980915
45.25341543207078, 33.02187129872727
45.30489827101511, 32.85430136147364
45.35638110995945, 32.68673142421999
45.40786394890378, 32.51916148696637
45.45934678784812, 32.351591549712715
45.51082962679246, 32.18402161245907
45.56231246573679, 32.016451675205445
45.613795304681126, 31.848881737951793
45.665278143625464, 31.681311800698147
45.716760982569795, 31.513741863444523
45.76824382151413, 31.34617192619087
45.819726660458464, 31.178601988937245
45.8712094994028, 31.0110320516836
45.92269233834714, 30.843462114429947
45.97417517729147, 30.675892177176323
46.02565801623581, 30.508322239922677
46.07714085518015, 30.340752302669024
46.12862369412448, 30.1731823654154
46.180106533068816, 30.005612428161754
46.23158937201315, 29.83804249090813
46.283072210957485, 29.670472553654477
46.33455504990182, 29.50290261640083
46.386037888846154, 29.335332679147207
46.43752072779049, 29.167762741893554
46.48900356673482, 29.00019280463993
46.54048640567916, 28.832622867386284
46.5919692446235, 28.66505293013263
46.64345208356783, 28.497482992879007
46.69493492251217, 28.329913055625354
46.746417761456506, 28.16234311837171
46.79790060040084, 27.994773181118084
46.849383439345175, 27.82720324386443
46.900866278289506, 27.659633306610807
46.952349117233844, 27.49206336935716
47.00383195617818, 27.32449343210351
47.05531479512251, 27.156923494849885
47.10679763406685, 26.98935355759624
47.15828047301119, 26.821783620342586
47.20976331195552, 26.65421368308896
47.26124615089986, 26.486643745835316
47.31272898984419, 26.31907380858169
47.36421182878853, 26.15150387132804
47.415694667732865, 25.983933934074393
47.467177506677196, 25.81636399682077
47.518660345621534, 25.648794059567116
47.57014318456587, 25.48122412231347
47.6216260235102, 25.313654185059846
47.67310886245454, 25.146084247806193
47.72459170139887, 24.97851431055257
47.77607454034321, 24.810944373298923
47.82755737928755, 24.64337443604527
47.87904021823188, 24.475804498791646
47.93052305717622, 24.308234561538
47.982005896120555, 24.140664624284348
48.033488735064886, 23.973094687030724
48.084971574009224, 23.805524749777078
48.136454412953555, 23.637954812523446
48.18793725189789, 23.4703848752698
48.23942009084223, 23.302814938016148
48.29090292978656, 23.135245000762524
48.3423857687309, 22.967675063508878
48.39386860767524, 22.800105126255225
48.44535144661957, 22.6325351890016
48.49683428556391, 22.464965251747955
48.54831712450824, 22.29739531449433
48.599799963452575, 22.129825377240678
48.65128280239691, 21.962255439987032
48.702765641341244, 21.794685502733408
48.75424848028558, 21.627115565479755
48.80573131922992, 21.45954562822611
48.85721415817425, 21.291975690972485
48.90869699711859, 21.124405753718833
48.96017983606292, 20.956835816465208
49.01166267500726, 20.789265879211563
49.063145513951596, 20.62169594195791
49.11462835289593, 20.454126004704285
49.166111191840265, 20.28655606745064
49.2175940307846, 20.118986130196987
49.269076869728934, 19.951416192943363
49.32055970867327, 19.783846255689717
49.3720425476176, 19.616276318436086
49.42352538656194, 19.44870638118244
49.47500822550628, 19.281136443928794
49.52649106445061, 19.113566506675163
49.57797390339495, 18.945996569421517
49.629456742339286, 18.77842663216787
49.68093958128362, 18.61085669491424
49.732422420227955, 18.443286757660594
49.783905259172286, 18.27571682040697
49.835388098116624, 18.108146883153317
49.88687093706096, 17.94057694589967
49.93835377600529, 17.773007008646047
49.98983661494963, 17.605437071392394
50.04131945389397, 17.43786713413875
50.0928022928383, 17.270297196885124
50.14428513178264, 17.10272725963147
50.19576797072697, 16.935157322377847
50.24725080967131, 16.7675873851242
50.298733648615645, 16.60001744787055
50.350216487559976, 16.432447510616925
50.401699326504314, 16.26487757336328
50.45318216544865, 16.097307636109626
50.50466500439298, 15.929737698856002
50.55614784333732, 15.762167761602356
50.60763068228165, 15.594597824348725
50.65911352122599, 15.427027887095079
50.71059636017033, 15.259457949841433
50.76207919911466, 15.091888012587802
50.813562038059, 14.924318075334156
50.865044877003335, 14.75674813808051
50.916527715947666, 14.589178200826879
50.968010554892004, 14.421608263573233
51.019493393836335, 14.254038326319609
51.07097623278067, 14.086468389065956
51.12245907172501, 13.91889845181231
51.17394191066934, 13.751328514558686
51.22542474961368, 13.583758577305034
51.27690758855802, 13.416188640051388
51.32839042750235, 13.248618702797764
51.37987326644669, 13.08104876554411
51.43135610539102, 12.913478828290486
