Parameters: [49.20517723472678, 20.6748563155516, 13.025030717114554, 39.93323851192089, 4.086934729087142, 0.16133520766384274, -3.1640594474826558]
Points:
0.0, 20.6748563155516
0.04925443166639318, 20.876155962890433
0.09850886333278636, 21.077455610229265
0.14776329499917953, 21.278755257568097
0.1970177266655727, 21.48005490490693
0.2462721583319659, 21.68135455224576
0.29552658999835907, 21.882654199584593
0.3447810216647522, 22.08395384692342
0.3940354533311454, 22.285253494262257
0.44328988499753863, 22.486553141601085
0.4925443166639318, 22.687852788939917
0.5417987483303249, 22.88915243627875
0.5910531799967181, 23.09045208361758
0.6403076116631113, 23.291751730956413
0.6895620433295044, 23.493051378295245
0.7388164749958976, 23.694351025634077
0.7880709066622908, 23.89565067297291
0.837325338328684, 24.09695032031174
0.8865797699950773, 24.298249967650573
0.9358342016614704, 24.499549614989405
0.9850886333278636, 24.700849262328237
1.0343430649942567, 24.90214890966707
1.0835974966606499, 25.103448557005898
1.132851928327043, 25.304748204344733
1.1821063599934363, 25.50604785168356
1.2313607916598295, 25.707347499022397
1.2806152233262227, 25.908647146361226
1.329869654992616, 26.109946793700058
1.3791240866590089, 26.31124644103889
1.428378518325402, 26.51254608837772
1.4776329499917953, 26.713845735716554
1.5268873816581885, 26.915145383055386
1.5761418133245817, 27.116445030394217
1.625396244990975, 27.31774467773305
1.674650676657368, 27.51904432507188
1.7239051083237613, 27.720343972410713
1.7731595399901545, 27.921643619749545
1.8224139716565475, 28.122943267088374
1.8716684033229407, 28.32424291442721
1.920922834989334, 28.525542561766038
1.9701772666557271, 28.726842209104873
2.01943169832212, 28.928141856443702
2.0686861299885133, 29.129441503782534
2.1179405616549065, 29.330741151121366
2.1671949933212997, 29.532040798460198
2.216449424987693, 29.73334044579903
2.265703856654086, 29.934640093137862
2.3149582883204793, 30.135939740476694
2.3642127199868725, 30.337239387815526
2.4134671516532658, 30.538539035154358
2.462721583319659, 30.73983868249319
2.511976014986052, 30.94113832983202
2.5612304466524454, 31.14243797717085
2.6104848783188386, 31.343737624509686
2.659739309985232, 31.545037271848514
2.708993741651625, 31.74633691918735
2.7582481733180177, 31.947636566526178
2.807502604984411, 32.148936213865014
2.856757036650804, 32.35023586120384
2.9060114683171974, 32.55153550854267
2.9552658999835906, 32.752835155881506
3.0045203316499838, 32.95413480322034
3.053774763316377, 33.15543445055917
3.10302919498277, 33.356734097898
3.1522836266491634, 33.558033745236834
3.2015380583155566, 33.75933339257566
3.25079248998195, 33.9606330399145
3.300046921648343, 34.161932687253326
3.349301353314736, 34.36323233459216
3.3985557849811294, 34.56453198193099
3.4478102166475226, 34.765831629269826
3.497064648313916, 34.967131276608654
3.546319079980309, 35.16843092394749
3.595573511646702, 35.36973057128632
3.644827943313095, 35.571030218625154
3.694082374979488, 35.77232986596398
3.7433368066458814, 35.97362951330281
3.7925912383122746, 36.174929160641646
3.841845669978668, 36.37622880798048
3.891100101645061, 36.57752845531931
3.9403545333114542, 36.77882810265814
3.9896089649778474, 36.980127749996974
4.03886339664424, 37.1814273973358
4.088117828310634, 37.38272704467464
4.137372259977027, 37.58402669201347
4.18662669164342, 37.7853263393523
4.235881123309813, 37.98662598669113
4.285135554976207, 38.187925634029966
4.3343899866425994, 38.389225281368795
4.383644418308993, 38.59052492870762
4.432898849975386, 38.79182457604646
4.4821532816417795, 38.993124223385294
4.531407713308172, 39.19442387072412
4.580662144974566, 39.39572351806295
4.629916576640959, 39.59702316540179
4.679171008307352, 39.79832281274062
4.728425439973745, 39.99962246007945
4.777679871640138, 40.20092210741828
4.8269343033065315, 40.402221754757115
4.876188734972924, 40.60352140209594
4.925443166639318, 40.80482104943478
4.974697598305711, 41.00612069677361
5.023952029972104, 41.207420344112435
5.073206461638497, 41.40871999145127
5.122460893304891, 41.61001963879011
5.1717153249712835, 41.811319286128935
5.220969756637677, 42.01261893346776
5.27022418830407, 42.2139185808066
5.319478619970464, 42.415218228145434
5.368733051636856, 42.61651787548426
5.41798748330325, 42.81781752282309
5.467241914969643, 43.01911717016193
5.5164963466360355, 43.220416817500755
5.565750778302429, 43.42171646483959
5.615005209968822, 43.62301611217842
5.664259641635216, 43.824315759517255
5.713514073301608, 44.02561540685608
5.762768504968002, 44.22691505419492
5.812022936634395, 44.42821470153375
5.861277368300788, 44.629514348872576
5.910531799967181, 44.83081399621141
5.959786231633575, 45.03211364355025
6.0090406632999676, 45.233413290889075
6.058295094966361, 45.434712938227904
6.107549526632754, 45.63601258556674
6.156803958299148, 45.837312232905575
6.20605838996554, 46.0386118802444
6.255312821631934, 46.23991152758323
6.304567253298327, 46.44121117492207
6.3538216849647196, 46.642510822260896
6.403076116631113, 46.84381046959973
6.452330548297506, 47.04511011693856
6.5015849799639, 47.24640976427739
6.550839411630292, 47.44770941161622
6.600093843296686, 47.64900905895506
6.649348274963079, 47.85030870629389
6.698602706629472, 48.051608353632716
6.747857138295865, 48.25290800097155
6.797111569962259, 48.45420764831039
6.846366001628652, 48.655507295649215
6.895620433295045, 48.856806942988044
6.944874864961438, 49.05810659032688
6.994129296627832, 49.259406237665715
7.043383728294224, 49.46070588500454
7.092638159960618, 49.66200553234337
7.141892591627011, 49.8633051796822
7.191147023293404, 50.064604827021036
7.240401454959797, 50.26590447435987
7.28965588662619, 50.4672041216987
7.338910318292584, 50.66850376903753
7.388164749958976, 50.869803416376364
7.43741918162537, 51.0711030637152
7.486673613291763, 51.27240271105403
7.5359280449581565, 51.473702358392856
7.585182476624549, 51.67500200573169
7.634436908290943, 51.87630165307053
7.683691339957336, 52.077601300409356
7.732945771623729, 52.278900947748184
7.782200203290122, 52.48020059508702
7.831454634956516, 52.68150024242585
7.8807090666229085, 52.882799889764684
7.929963498289301, 53.08409953710351
7.979217929955695, 53.28539918444235
8.028472361622088, 53.486698831781176
8.07772679328848, 53.687998479120004
8.126981224954875, 53.88929812645884
8.176235656621268, 54.090597773797676
8.22549008828766, 54.291897421136504
8.274744519954053, 54.49319706847533
8.323998951620448, 54.69449671581417
8.37325338328684, 54.895796363153
8.422507814953233, 55.09709601049183
8.471762246619626, 55.29839565783066
8.52101667828602, 55.499695305169496
8.570271109952413, 55.700994952508324
8.619525541618806, 55.90229459984716
8.668779973285199, 56.10359424718599
8.718034404951592, 56.30489389452482
8.767288836617986, 56.50619354186365
8.816543268284379, 56.70749318920249
8.865797699950772, 56.908792836541316
8.915052131617164, 57.110092483880145
8.964306563283559, 57.31139213121898
9.013560994949952, 57.512691778557816
9.062815426616345, 57.713991425896644
9.112069858282737, 57.91529107323547
9.161324289949132, 58.11659072057431
9.210578721615525, 58.317890367913144
9.259833153281917, 58.51919001525197
9.30908758494831, 58.7204896625908
9.358342016614705, 58.921789309929636
9.407596448281097, 59.123088957268465
9.45685087994749, 59.3243886046073
9.506105311613883, 59.52568825194613
9.555359743280276, 59.72698789928496
9.60461417494667, 59.92828754662379
9.653868606613063, 60.12958719396263
9.703123038279456, 60.33088684130146
9.752377469945849, 60.532186488640285
9.801631901612243, 60.73348613597912
9.850886333278636, 60.934785783317956
9.900140764945029, 61.136085430656784
9.949395196611421, 61.33738507799561
9.998649628277816, 61.53868472533445
10.047904059944209, 61.73998437267328
10.097158491610601, 61.94128402001211
10.146412923276994, 62.14258366735094
10.195667354943389, 62.343883314689776
10.244921786609781, 62.545182962028605
10.294176218276174, 62.74648260936744
10.343430649942567, 62.94778225670627
10.39268508160896, 63.1490819040451
10.441939513275354, 63.35038155138393
10.491193944941747, 63.55168119872277
10.54044837660814, 63.7529808460616
10.589702808274533, 63.954280493400425
10.638957239940927, 64.15558014073926
10.68821167160732, 64.35687978807809
10.737466103273713, 64.55817943541692
10.786720534940105, 64.75947908275575
10.8359749666065, 64.96077873009459
10.885229398272893, 65.16207837743342
10.934483829939285, 65.36337802477226
10.983738261605678, 65.56467767211109
11.032992693272071, 65.76597731944992
11.082247124938466, 65.96727696678875
11.131501556604858, 66.16857661412757
11.180755988271251, 66.3698762614664
11.230010419937644, 66.57117590880523
11.279264851604038, 66.77247555614407
11.328519283270431, 66.97377520348292
11.377773714936824, 67.17507485082174
11.427028146603217, 67.37637449816057
11.476282578269611, 67.5776741454994
11.525537009936004, 67.77897379283823
11.574791441602397, 67.98027344017706
11.62404587326879, 68.18157308751589
11.673300304935184, 68.38287273485473
11.722554736601577, 68.58417238219356
11.77180916826797, 68.7854720295324
11.821063599934362, 68.98677167687123
11.870318031600755, 69.18807132421006
11.91957246326715, 69.38937097154889
11.968826894933542, 69.59067061888771
12.018081326599935, 69.79197026622654
12.067335758266328, 69.99326991356537
12.116590189932722, 70.19456956090421
12.165844621599115, 70.39586920824304
12.215099053265508, 70.59716885558188
12.2643534849319, 70.79846850292071
12.313607916598295, 70.99976815025954
12.362862348264688, 71.20106779759837
12.41211677993108, 71.4023674449372
12.461371211597474, 71.60366709227603
12.510625643263868, 71.80496673961487
12.55988007493026, 72.0062663869537
12.609134506596654, 72.20756603429254
12.658388938263046, 72.40886568163137
12.707643369929439, 72.6101653289702
12.756897801595834, 72.81146497630903
12.806152233262226, 73.01276462364785
12.85540666492862, 73.21406427098668
12.904661096595012, 73.41536391832551
12.953915528261406, 73.61666356566435
13.0031699599278, 73.81796321300318
13.052424391594192, 73.91172626491472
13.101678823260585, 73.91967273887599
13.15093325492698, 73.92761921283726
13.200187686593372, 73.93556568679851
13.249442118259765, 73.94351216075978
13.298696549926158, 73.95145863472104
13.347950981592552, 73.9594051086823
13.397205413258945, 73.96735158264356
13.446459844925338, 73.97529805660483
13.49571427659173, 73.98324453056608
13.544968708258123, 73.99119100452735
13.594223139924518, 73.9991374784886
13.64347757159091, 74.00708395244988
13.692732003257303, 74.01503042641113
13.741986434923696, 74.0229769003724
13.79124086659009, 74.03092337433365
13.840495298256483, 74.03886984829492
13.889749729922876, 74.04681632225618
13.939004161589269, 74.05476279621745
13.988258593255663, 74.0627092701787
14.037513024922056, 74.07065574413997
14.086767456588449, 74.07860221810122
14.136021888254842, 74.0865486920625
14.185276319921236, 74.09449516602375
14.234530751587629, 74.10244163998502
14.283785183254022, 74.11038811394629
14.333039614920414, 74.11833458790754
14.382294046586807, 74.12628106186881
14.431548478253202, 74.13422753583006
14.480802909919595, 74.14217400979133
14.530057341585987, 74.15012048375259
14.57931177325238, 74.15806695771386
14.628566204918775, 74.16601343167511
14.677820636585167, 74.17395990563638
14.72707506825156, 74.18190637959763
14.776329499917953, 74.1898528535589
14.825583931584347, 74.19779932752016
14.87483836325074, 74.20574580148143
14.924092794917133, 74.21369227544268
14.973347226583526, 74.22163874940395
15.022601658249918, 74.2295852233652
15.071856089916313, 74.23753169732647
15.121110521582706, 74.24547817128773
15.170364953249099, 74.253424645249
15.219619384915491, 74.26137111921025
15.268873816581886, 74.26931759317152
15.318128248248279, 74.27726406713278
15.367382679914671, 74.28521054109405
15.416637111581064, 74.2931570150553
15.465891543247459, 74.30110348901657
15.515145974913851, 74.30904996297784
15.564400406580244, 74.31699643693909
15.613654838246637, 74.32494291090036
15.662909269913031, 74.33288938486162
15.712163701579424, 74.34083585882289
15.761418133245817, 74.34878233278414
15.81067256491221, 74.35672880674541
15.859926996578602, 74.36467528070666
15.909181428244997, 74.37262175466793
15.95843585991139, 74.38056822862919
16.007690291577784, 74.38851470259046
16.056944723244175, 74.39646117655171
16.10619915491057, 74.40440765051298
16.15545358657696, 74.41235412447423
16.204708018243355, 74.4203005984355
16.25396244990975, 74.42824707239676
16.30321688157614, 74.43619354635803
16.352471313242535, 74.44414002031928
16.40172574490893, 74.45208649428055
16.45098017657532, 74.4600329682418
16.500234608241716, 74.46797944220307
16.549489039908106, 74.47592591616433
16.5987434715745, 74.4838723901256
16.647997903240896, 74.49181886408687
16.697252334907287, 74.49976533804812
16.74650676657368, 74.50771181200939
16.795761198240072, 74.51565828597064
16.845015629906467, 74.52360475993191
16.89427006157286, 74.53155123389317
16.943524493239252, 74.53949770785444
16.992778924905647, 74.54744418181569
17.04203335657204, 74.55539065577696
17.091287788238432, 74.56333712973822
17.140542219904827, 74.57128360369948
17.189796651571218, 74.57923007766074
17.239051083237612, 74.58717655162201
17.288305514904007, 74.59512302558326
17.337559946570398, 74.60306949954453
17.386814378236792, 74.61101597350579
17.436068809903183, 74.61896244746706
17.485323241569578, 74.62690892142831
17.534577673235972, 74.63485539538958
17.583832104902363, 74.64280186935083
17.633086536568758, 74.6507483433121
17.682340968235152, 74.65869481727336
17.731595399901543, 74.66664129123463
17.780849831567938, 74.67458776519588
17.83010426323433, 74.68253423915715
17.879358694900723, 74.69048071311842
17.928613126567118, 74.69842718707967
17.97786755823351, 74.70637366104094
18.027121989899904, 74.7143201350022
18.076376421566298, 74.72226660896347
18.12563085323269, 74.73021308292472
18.174885284899084, 74.73815955688599
18.224139716565475, 74.74610603084724
18.27339414823187, 74.75405250480851
18.322648579898264, 74.76199897876977
18.371903011564655, 74.76994545273104
18.42115744323105, 74.77789192669229
18.47041187489744, 74.78583840065356
18.519666306563835, 74.79378487461481
18.56892073823023, 74.80173134857608
18.61817516989662, 74.80967782253734
18.667429601563015, 74.81762429649861
18.71668403322941, 74.82557077045986
18.7659384648958, 74.83351724442113
18.815192896562195, 74.84146371838239
18.864447328228586, 74.84941019234365
18.91370175989498, 74.85735666630491
18.962956191561375, 74.86530314026618
19.012210623227766, 74.87324961422743
19.06146505489416, 74.8811960881887
19.11071948656055, 74.88914256214997
19.159973918226946, 74.89708903611123
19.20922834989334, 74.9050355100725
19.25848278155973, 74.91298198403375
19.307737213226126, 74.92092845799502
19.35699164489252, 74.92887493195627
19.40624607655891, 74.93682140591754
19.455500508225306, 74.9447678798788
19.504754939891697, 74.95271435384007
19.55400937155809, 74.96066082780132
19.603263803224486, 74.96860730176259
19.652518234890877, 74.97655377572384
19.70177266655727, 74.98450024968511
19.751027098223663, 74.99244672364637
19.800281529890057, 75.00039319760764
19.84953596155645, 75.00833967156889
19.898790393222843, 75.01628614553016
19.948044824889237, 75.02423261949141
19.997299256555632, 75.03217909345268
20.046553688222023, 75.04012556741394
20.095808119888417, 75.0480720413752
20.14506255155481, 75.05601851533646
20.194316983221203, 75.06396498929773
20.243571414887597, 75.071911463259
20.29282584655399, 75.07985793722025
20.342080278220383, 75.08780441118152
20.391334709886777, 75.09575088514278
20.44058914155317, 75.10369735910405
20.489843573219563, 75.1116438330653
20.539098004885954, 75.11959030702657
20.58835243655235, 75.12753678098782
20.637606868218743, 75.1354832549491
20.686861299885134, 75.14342972891035
20.73611573155153, 75.15137620287162
20.78537016321792, 75.15932267683287
20.834624594884314, 75.16726915079414
20.88387902655071, 75.1752156247554
20.9331334582171, 75.18316209871666
20.982387889883494, 75.19110857267792
21.03164232154989, 75.19905504663919
21.08089675321628, 75.20700152060044
21.130151184882674, 75.21494799456171
21.179405616549065, 75.22289446852297
21.22866004821546, 75.23084094248424
21.277914479881854, 75.23878741644549
21.327168911548245, 75.24673389040676
21.37642334321464, 75.25468036436803
21.42567777488103, 75.26262683832928
21.474932206547425, 75.27057331229055
21.52418663821382, 75.2785197862518
21.57344106988021, 75.28646626021307
21.622695501546605, 75.29441273417433
21.671949933213, 75.3023592081356
21.72120436487939, 75.31030568209685
21.770458796545785, 75.31825215605812
21.819713228212176, 75.32619863001938
21.86896765987857, 75.33414510398065
21.918222091544965, 75.3420915779419
21.967476523211356, 75.35003805190317
22.01673095487775, 75.35798452586442
22.065985386544142, 75.3659309998257
22.115239818210537, 75.37387747378695
22.16449424987693, 75.38182394774822
22.213748681543322, 75.38977042170947
22.263003113209717, 75.39771689567074
22.31225754487611, 75.405663369632
22.361511976542502, 75.41360984359326
22.410766408208897, 75.42155631755452
22.460020839875288, 75.42950279151579
22.509275271541682, 75.43744926547704
22.558529703208077, 75.44539573943831
22.607784134874468, 75.45334221339957
22.657038566540862, 75.46128868736083
22.706292998207257, 75.4692351613221
22.755547429873648, 75.47718163528336
22.804801861540042, 75.48512810924463
22.854056293206433, 75.49307458320588
22.903310724872828, 75.50102105716715
22.952565156539222, 75.5089675311284
23.001819588205613, 75.51691400508967
23.051074019872008, 75.52486047905093
23.1003284515384, 75.5328069530122
23.149582883204793, 75.54075342697345
23.198837314871188, 75.54869990093472
23.24809174653758, 75.55664637489598
23.297346178203973, 75.56459284885725
23.346600609870368, 75.5725393228185
23.39585504153676, 75.58048579677977
23.445109473203154, 75.58843227074102
23.494363904869545, 75.59637874470229
23.54361833653594, 75.60432521866355
23.592872768202334, 75.61227169262482
23.642127199868725, 75.62021816658607
23.69138163153512, 75.62816464054734
23.74063606320151, 75.6361111145086
23.789890494867905, 75.64405758846986
23.8391449265343, 75.65200406243113
23.88839935820069, 75.65995053639239
23.937653789867085, 75.66789701035366
23.98690822153348, 75.67584348431491
24.03616265319987, 75.68378995827618
24.085417084866265, 75.69173643223743
24.134671516532656, 75.6996829061987
24.18392594819905, 75.70762938015996
24.233180379865445, 75.71557585412123
24.282434811531836, 75.72352232808248
24.33168924319823, 75.73146880204375
24.380943674864625, 75.739415276005
24.430198106531016, 75.74736174996627
24.47945253819741, 75.75530822392753
24.5287069698638, 75.7632546978888
24.577961401530196, 75.77120117185005
24.62721583319659, 75.77914764581132
24.67647026486298, 75.78709411977258
24.725724696529376, 75.79504059373384
24.774979128195767, 75.8029870676951
24.82423355986216, 75.81093354165637
24.873487991528556, 75.81888001561762
24.922742423194947, 75.82682648957889
24.97199685486134, 75.83477296354016
25.021251286527736, 75.84271943750142
25.070505718194127, 75.85066591146268
25.11976014986052, 75.85861238542394
25.169014581526913, 75.86655885938521
25.218269013193307, 75.87450533334646
25.2675234448597, 75.88245180730773
25.316777876526093, 75.89039828126899
25.366032308192487, 75.89834475523026
25.415286739858878, 75.90629122919151
25.464541171525273, 75.91423770315278
25.513795603191667, 75.92218417711403
25.56305003485806, 75.9301306510753
25.612304466524453, 75.93807712503656
25.661558898190847, 75.94602359899783
25.71081332985724, 75.95397007295908
25.760067761523633, 75.96191654692035
25.809322193190024, 75.9698630208816
25.85857662485642, 75.97780949484287
25.907831056522813, 75.98575596880413
25.957085488189204, 75.9937024427654
26.0063399198556, 76.00164891672665
26.05559435152199, 76.00959539068792
26.104848783188384, 76.01754186464917
26.15410321485478, 76.02548833861044
26.20335764652117, 76.0334348125717
26.252612078187564, 76.04138128653297
26.30186650985396, 76.04932776049424
26.35112094152035, 76.05727423445549
26.400375373186744, 76.06522070841676
26.449629804853135, 76.07316718237801
26.49888423651953, 76.08111365633928
26.548138668185924, 76.08906013030054
26.597393099852315, 76.09700660426181
26.64664753151871, 76.10495307822306
26.695901963185104, 76.11289955218433
26.745156394851495, 76.12084602614559
26.79441082651789, 76.12879250010685
26.84366525818428, 76.13673897406811
26.892919689850675, 76.14468544802938
26.94217412151707, 76.15263192199063
26.99142855318346, 76.1605783959519
27.040682984849855, 76.16852486991316
27.089937416516246, 76.17647134387443
27.13919184818264, 76.18441781783568
27.188446279849035, 76.19236429179695
27.237700711515426, 76.2003107657582
27.28695514318182, 76.20825723971947
27.336209574848215, 76.21620371368073
27.385464006514606, 76.224150187642
27.434718438181, 76.23209666160326
27.483972869847392, 76.24004313556452
27.533227301513787, 76.24798960952579
27.58248173318018, 76.25593608348704
27.631736164846572, 76.26388255744831
27.680990596512967, 76.27182903140957
27.730245028179358, 76.27977550537084
27.779499459845752, 76.28772197933209
27.828753891512147, 76.29566845329336
27.878008323178538, 76.30361492725461
27.927262754844932, 76.31156140121588
27.976517186511327, 76.31950787517714
28.025771618177718, 76.3274543491384
28.075026049844112, 76.33540082309966
28.124280481510503, 76.34334729706093
28.173534913176898, 76.35129377102218
28.222789344843292, 76.35924024498345
28.272043776509683, 76.36718671894471
28.321298208176078, 76.37513319290598
28.370552639842472, 76.38307966686723
28.419807071508863, 76.3910261408285
28.469061503175258, 76.39897261478976
28.51831593484165, 76.40691908875102
28.567570366508043, 76.4148655627123
28.616824798174438, 76.42281203667355
28.66607922984083, 76.43075851063482
28.715333661507223, 76.43870498459607
28.764588093173614, 76.44665145855734
28.81384252484001, 76.4545979325186
28.863096956506404, 76.46254440647986
28.912351388172794, 76.47049088044112
28.96160581983919, 76.47843735440239
29.010860251505584, 76.48638382836364
29.060114683171975, 76.49433030232491
29.10936911483837, 76.50227677628617
29.15862354650476, 76.51022325024744
29.207877978171155, 76.51816972420869
29.25713240983755, 76.52611619816996
29.30638684150394, 76.53406267213121
29.355641273170335, 76.54200914609248
29.404895704836726, 76.54995562005374
29.45415013650312, 76.557902094015
29.503404568169515, 76.56584856797626
29.552658999835906, 76.57379504193753
29.6019134315023, 76.58174151589878
29.651167863168695, 76.58968798986005
29.700422294835086, 76.59763446382131
29.74967672650148, 76.60558093778258
29.79893115816787, 76.61352741174383
29.848185589834266, 76.6214738857051
29.89744002150066, 76.62942035966637
29.94669445316705, 76.63736683362762
29.995948884833446, 76.64531330758889
30.045203316499837, 76.65325978155015
30.09445774816623, 76.66120625551142
30.143712179832626, 76.66915272947267
30.192966611499017, 76.67709920343394
30.24222104316541, 76.6850456773952
30.291475474831806, 76.69299215135646
30.340729906498197, 76.70093862531772
30.38998433816459, 76.70888509927899
30.439238769830983, 76.71683157324024
30.488493201497377, 76.72477804720151
30.53774763316377, 76.73272452116277
30.587002064830163, 76.74067099512403
30.636256496496557, 76.74861746908529
30.68551092816295, 76.75656394304656
30.734765359829343, 76.76451041700781
30.784019791495737, 76.77245689096908
30.833274223162128, 76.78040336493034
30.882528654828523, 76.7883498388916
30.931783086494917, 76.79629631285286
30.98103751816131, 76.80424278681413
31.030291949827703, 76.8121892607754
31.079546381494094, 76.82013573473665
31.12880081316049, 76.82808220869792
31.178055244826883, 76.83602868265918
31.227309676493274, 76.84397515662044
31.27656410815967, 76.8519216305817
31.325818539826063, 76.85986810454297
31.375072971492454, 76.86781457850422
31.42432740315885, 76.87576105246549
31.47358183482524, 76.88370752642675
31.522836266491634, 76.89165400038802
31.57209069815803, 76.89960047434927
31.62134512982442, 76.90754694831054
31.670599561490814, 76.9154934222718
31.719853993157205, 76.92343989623306
31.7691084248236, 76.93138637019432
31.818362856489994, 76.93933284415559
31.867617288156385, 76.94727931811684
31.91687171982278, 76.95522579207811
31.966126151489174, 76.96317226603936
32.01538058315557, 76.97111874000063
32.06463501482196, 76.97906521396189
32.11388944648835, 76.98701168792316
32.16314387815475, 76.99495816188443
32.21239830982114, 77.00290463584568
32.26165274148753, 77.01085110980695
32.31090717315392, 77.0187975837682
32.36016160482032, 77.02674405772947
32.40941603648671, 77.03469053169073
32.4586704681531, 77.042637005652
32.5079248998195, 77.05058347961325
32.55717933148589, 77.05852995357452
32.60643376315228, 77.06647642753578
32.65568819481868, 77.07442290149704
32.70494262648507, 77.0823693754583
32.75419705815146, 77.09031584941957
32.80345148981786, 77.09826232338082
32.85270592148425, 77.10620879734209
32.90196035315064, 77.11415527130335
32.95121478481703, 77.12210174526462
33.00046921648343, 77.13004821922587
33.04972364814982, 77.13799469318714
33.09897807981621, 77.1459411671484
33.14823251148261, 77.15388764110966
33.197486943149, 77.16183411507092
33.24674137481539, 77.16978058903219
33.29599580648179, 77.17772706299345
33.34525023814818, 77.18567353695471
33.39450466981457, 77.19362001091596
33.44375910148097, 77.20156648487723
33.49301353314736, 77.2095129588385
33.54226796481375, 77.21745943279976
33.591522396480144, 77.22540590676103
33.64077682814654, 77.23335238072228
33.69003125981293, 77.24129885468355
33.739285691479324, 77.2492453286448
33.78854012314572, 77.25719180260607
33.83779455481211, 77.26513827656733
33.887048986478504, 77.2730847505286
33.9363034181449, 77.28103122448985
33.98555784981129, 77.28897769845112
34.034812281477684, 77.29692417241237
34.08406671314408, 77.30487064637364
34.13332114481047, 77.3128171203349
34.182575576476864, 77.32076359429617
34.231830008143255, 77.32871006825742
34.28108443980965, 77.33665654221869
34.330338871476044, 77.34460301617995
34.379593303142435, 77.35254949014121
34.42884773480883, 77.36049596410247
34.478102166475225, 77.36844243806374
34.527356598141616, 77.37638891202499
34.576611029808014, 77.38433538598626
34.625865461474405, 77.39228185994753
34.675119893140796, 77.40022833390879
34.724374324807194, 77.40817480787005
34.773628756473585, 77.41612128183131
34.822883188139976, 77.42406775579258
34.87213761980637, 77.43201422975383
34.921392051472765, 77.4399607037151
34.970646483139156, 77.44790717767636
35.01990091480555, 77.45585365163763
35.069155346471945, 77.46380012559888
35.118409778138336, 77.47174659956015
35.16766420980473, 77.4796930735214
35.216918641471125, 77.48763954748267
35.266173073137516, 77.49558602144393
35.31542750480391, 77.5035324954052
35.364681936470305, 77.51147896936645
35.413936368136696, 77.51942544332772
35.46319079980309, 77.52737191728897
35.51244523146948, 77.53531839125024
35.561699663135876, 77.5432648652115
35.61095409480227, 77.55121133917277
35.66020852646866, 77.55915781313402
35.709462958135056, 77.56710428709529
35.75871738980145, 77.57505076105656
35.80797182146784, 77.58299723501781
35.857226253134236, 77.59094370897908
35.90648068480063, 77.59889018294034
35.95573511646702, 77.6068366569016
36.004989548133416, 77.61478313086286
36.05424397979981, 77.62272960482413
36.1034984114662, 77.63067607878538
36.152752843132596, 77.63862255274665
36.20200727479899, 77.64656902670791
36.25126170646538, 77.65451550066918
36.30051613813177, 77.66246197463043
36.34977056979817, 77.6704084485917
36.39902500146456, 77.67835492255296
36.44827943313095, 77.68630139651422
36.49753386479735, 77.69424787047548
36.54678829646374, 77.70219434443675
36.59604272813013, 77.710140818398
36.64529715979653, 77.71808729235927
36.69455159146292, 77.72603376632053
36.74380602312931, 77.7339802402818
36.79306045479571, 77.74192671424305
36.8423148864621, 77.74987318820432
36.89156931812849, 77.75781966216557
36.94082374979488, 77.76576613612684
36.99007818146128, 77.77371261008811
37.03933261312767, 77.78165908404937
37.08858704479406, 77.78960555801063
37.13784147646046, 77.79755203197189
37.18709590812685, 77.80549850593316
37.23635033979324, 77.81344497989441
37.28560477145964, 77.82139145385568
37.33485920312603, 77.82933792781694
37.38411363479242, 77.8372844017782
37.43336806645882, 77.84523087573946
37.48262249812521, 77.85317734970073
37.5318769297916, 77.86112382366198
37.58113136145799, 77.86907029762325
37.63038579312439, 77.87701677158451
37.67964022479078, 77.88496324554578
37.72889465645717, 77.89290971950703
37.77814908812357, 77.9008561934683
37.82740351978996, 77.90880266742955
37.87665795145635, 77.91674914139082
37.92591238312275, 77.92469561535208
37.97516681478914, 77.93264208931335
38.02442124645553, 77.9405885632746
38.07367567812193, 77.94853503723587
38.12293010978832, 77.95648151119713
38.17218454145471, 77.9644279851584
38.2214389731211, 77.97237445911966
38.2706934047875, 77.98032093308092
38.31994783645389, 77.98826740704219
38.36920226812028, 77.99621388100344
38.41845669978668, 78.00416035496471
38.46771113145307, 78.01210682892597
38.51696556311946, 78.02005330288723
38.56621999478586, 78.02799977684849
38.61547442645225, 78.03594625080976
38.66472885811864, 78.04389272477101
38.71398328978504, 78.05183919873228
38.76323772145143, 78.05978567269354
38.81249215311782, 78.0677321466548
38.861746584784214, 78.07567862061606
38.91100101645061, 78.08362509457733
38.960255448117, 78.09157156853858
39.009509879783394, 78.09951804249985
39.05876431144979, 78.1074645164611
39.10801874311618, 78.11541099042238
39.157273174782574, 78.12335746438363
39.20652760644897, 78.1313039383449
39.25578203811536, 78.13925041230615
39.305036469781754, 78.14719688626742
39.35429090144815, 78.15514336022869
39.40354533311454, 78.16308983418995
39.452799764780934, 78.17103630815122
39.502054196447325, 78.17898278211247
39.55130862811372, 78.18692925607374
39.600563059780114, 78.194875730035
39.649817491446505, 78.20282220399626
39.6990719231129, 78.21076867795752
39.748326354779294, 78.21871515191879
39.797580786445685, 78.22666162588004
39.84683521811208, 78.23460809984131
39.896089649778474, 78.24255457380256
39.945344081444865, 78.2102452515713
39.994598513111264, 78.05440130172684
40.043852944777655, 77.8985573518824
40.093107376444046, 77.74271340203796
40.142361808110444, 77.58686945219351
40.191616239776835, 77.43102550234909
40.240870671443226, 77.27518155250465
40.29012510310962, 77.11933760266021
40.339379534776015, 76.96349365281576
40.388633966442406, 76.80764970297133
40.4378883981088, 76.6518057531269
40.487142829775195, 76.49596180328244
40.536397261441586, 76.340117853438
40.58565169310798, 76.18427390359356
40.634906124774375, 76.02842995374911
40.684160556440766, 75.87258600390469
40.73341498810716, 75.71674205406025
40.782669419773555, 75.5608981042158
40.831923851439946, 75.40505415437136
40.88117828310634, 75.24921020452693
40.93043271477273, 75.0933662546825
40.979687146439126, 74.93752230483804
41.02894157810552, 74.7816783549936
41.07819600977191, 74.62583440514916
41.127450441438306, 74.46999045530471
41.1767048731047, 74.31414650546029
41.22595930477109, 74.15830255561585
41.275213736437486, 74.0024586057714
41.32446816810388, 73.84661465592696
41.37372259977027, 73.69077070608253
41.422977031436666, 73.53492675623806
41.47223146310306, 73.37908280639364
41.52148589476945, 73.2232388565492
41.57074032643584, 73.06739490670478
41.61999475810224, 72.91155095686031
41.66924918976863, 72.75570700701589
41.71850362143502, 72.59986305717145
41.76775805310142, 72.444019107327
41.81701248476781, 72.28817515748256
41.8662669164342, 72.13233120763813
41.9155213481006, 71.97648725779366
41.96477577976699, 71.82064330794924
42.01403021143338, 71.6647993581048
42.06328464309978, 71.50895540826035
42.11253907476617, 71.35311145841591
42.16179350643256, 71.19726750857149
42.21104793809895, 71.04142355872705
42.26030236976535, 70.8855796088826
42.30955680143174, 70.72973565903816
42.35881123309813, 70.57389170919373
42.40806566476453, 70.41804775934926
42.45732009643092, 70.26220380950484
42.50657452809731, 70.1063598596604
42.55582895976371, 69.95051590981595
42.6050833914301, 69.79467195997151
42.65433782309649, 69.63882801012709
42.70359225476289, 69.48298406028263
42.75284668642928, 69.3271401104382
42.80210111809567, 69.17129616059376
42.85135554976206, 69.01545221074933
42.90060998142846, 68.85960826090486
42.94986441309485, 68.70376431106044
42.99911884476124, 68.547920361216
43.04837327642764, 68.39207641137155
43.09762770809403, 68.23623246152711
43.14688213976042, 68.08038851168268
43.19613657142682, 67.92454456183822
43.24539100309321, 67.7687006119938
43.2946454347596, 67.61285666214935
43.343899866426, 67.4570127123049
43.39315429809239, 67.30116876246046
43.44240872975878, 67.14532481261604
43.49166316142517, 66.9894808627716
43.54091759309157, 66.83363691292715
43.59017202475796, 66.67779296308271
43.63942645642435, 66.52194901323828
43.68868088809075, 66.36610506339383
43.73793531975714, 66.2102611135494
43.78718975142353, 66.05441716370495
43.83644418308993, 65.8985732138605
43.88569861475632, 65.74272926401606
43.93495304642271, 65.58688531417164
43.98420747808911, 65.43104136432717
44.0334619097555, 65.27519741448275
44.08271634142189, 65.11935346463831
44.131970773088284, 64.96350951479388
44.18122520475468, 64.80766556494942
44.23047963642107, 64.65182161510499
44.279734068087464, 64.49597766526055
44.32898849975386, 64.3401337154161
44.37824293142025, 64.18428976557166
44.427497363086644, 64.02844581572724
44.47675179475304, 63.87260186588278
44.52600622641943, 63.71675791603835
44.575260658085824, 63.56091396619391
44.62451508975222, 63.405070016349455
44.67376952141861, 63.249226066505024
44.723023953085004, 63.09338211666059
44.7722783847514, 62.93753816681613
44.82153281641779, 62.7816942169717
44.870787248084184, 62.62585026712727
44.920041679750575, 62.47000631728284
44.96929611141697, 62.31416236743838
45.018550543083364, 62.15831841759395
45.067804974749755, 62.00247446774951
45.11705940641615, 61.846630517905055
45.166313838082544, 61.69078656806062
45.215568269748935, 61.53494261821619
45.26482270141533, 61.37909866837173
45.314077133081724, 61.2232547185273
45.363331564748115, 61.06741076868286
45.41258599641451, 60.91156681883841
45.461840428080905, 60.75572286899398
45.511094859747296, 60.599878919149546
45.56034929141369, 60.44403496930511
45.609603723080085, 60.288191019460655
45.658858154746476, 60.13234706961622
45.70811258641287, 59.97650311977179
45.757367018079265, 59.82065916992733
45.806621449745656, 59.6648152200829
45.85587588141205, 59.50897127023846
45.905130313078445, 59.35312732039401
45.954384744744836, 59.19728337054958
46.00363917641123, 59.041439420705146
46.052893608077625, 58.88559547086069
46.102148039744016, 58.729751521016254
46.15140247141041, 58.57390757117182
46.2006569030768, 58.41806362132739
46.249911334743196, 58.26221967148293
46.29916576640959, 58.1063757216385
46.34842019807598, 57.95053177179406
46.397674629742376, 57.79468782194961
46.44692906140877, 57.63884387210518
46.49618349307516, 57.482999922260746
46.545437924741556, 57.32715597241629
46.59469235640795, 57.171312022571854
46.64394678807434, 57.01546807272742
46.693201219740736, 56.85962412288296
46.74245565140713, 56.70378017303854
46.79171008307352, 56.5479362231941
46.84096451473991, 56.39209227334967
46.89021894640631, 56.23624832350521
46.9394733780727, 56.08040437366078
46.98872780973909, 55.924560423816345
47.03798224140549, 55.76871647397189
47.08723667307188, 55.612872524127454
47.13649110473827, 55.45702857428302
47.18574553640467, 55.30118462443856
47.23499996807106, 55.14534067459414
47.28425439973745, 54.9894967247497
47.33350883140385, 54.83365277490525
47.38276326307024, 54.67780882506081
47.43201769473663, 54.521964875216376
47.48127212640302, 54.366120925371945
47.53052655806942, 54.21027697552749
47.57978098973581, 54.05443302568305
47.6290354214022, 53.89858907583862
47.6782898530686, 53.74274512599416
47.72754428473499, 53.58690117614974
47.77679871640138, 53.4310572263053
47.82605314806778, 53.275213276460846
47.87530757973417, 53.11936932661641
47.92456201140056, 52.963525376771976
47.97381644306696, 52.807681426927516
48.02307087473335, 52.65183747708309
48.07232530639974, 52.49599352723865
48.12157973806613, 52.34014957739422
48.17083416973253, 52.18430562754976
48.22008860139892, 52.02846167770534
48.26934303306531, 51.8726177278609
48.31859746473171, 51.716773778016446
48.3678518963981, 51.56092982817201
48.41710632806449, 51.405085878327576
48.46636075973089, 51.249241928483116
48.51561519139728, 51.09339797863869
48.56486962306367, 50.93755402879425
48.61412405473007, 50.7817100789498
48.66337848639646, 50.62586612910536
48.71263291806285, 50.47002217926094
48.76188734972925, 50.31417822941648
48.81114178139564, 50.158334279572045
48.86039621306203, 50.00249032972761
48.90965064472842, 49.846646379883175
48.95890507639482, 49.690802430038715
49.00815950806121, 49.53495848019429
49.0574139397276, 49.37911453034985
49.106668371394, 49.2232705805054
49.15592280306039, 49.06742663066096
49.20517723472678, 48.91158268081654
