Parameters: [54.33439113132986, 21.41794685901795, 5.292303450221692, 40.00120352775223, 4.263771130207667, 0.09630383982338431, -2.8822020894234024]
Points:
0.0, 21.41794685901795
0.0543887799112411, 21.649848168610717
0.1087775598224822, 21.881749478203485
0.1631663397337233, 22.113650787796253
0.2175551196449644, 22.345552097389024
0.2719438995562055, 22.577453406981792
0.3263326794674466, 22.80935471657456
0.38072145937868773, 23.04125602616733
0.4351102392899288, 23.273157335760096
0.4894990192011699, 23.505058645352864
0.543887799112411, 23.736959954945632
0.5982765790236522, 23.968861264538404
0.6526653589348932, 24.200762574131172
0.7070541388461343, 24.43266388372394
0.7614429187573755, 24.664565193316708
0.8158316986686165, 24.896466502909476
0.8702204785798576, 25.128367812502244
0.9246092584910988, 25.360269122095016
0.9789980384023398, 25.592170431687784
1.033386818313581, 25.82407174128055
1.087775598224822, 26.05597305087332
1.142164378136063, 26.287874360466088
1.1965531580473043, 26.519775670058856
1.2509419379585454, 26.751676979651627
1.3053307178697864, 26.98357828924439
1.3597194977810276, 27.215479598837163
1.4141082776922687, 27.44738090842993
1.4684970576035097, 27.6792822180227
1.522885837514751, 27.911183527615467
1.577274617425992, 28.143084837208235
1.631663397337233, 28.374986146801007
1.6860521772484742, 28.606887456393775
1.7404409571597153, 28.838788765986543
1.7948297370709563, 29.07069007557931
1.8492185169821975, 29.30259138517208
1.9036072968934385, 29.534492694764847
1.9579960768046796, 29.766394004357615
2.012384856715921, 29.998295313950386
2.066773636627162, 30.230196623543154
2.121162416538403, 30.462097933135922
2.175551196449644, 30.69399924272869
2.2299399763608854, 30.92590055232146
2.284328756272126, 31.157801861914226
2.3387175361833674, 31.389703171506994
2.3931063160946087, 31.621604481099766
2.4474950960058495, 31.85350579069253
2.5018838759170907, 32.0854071002853
2.556272655828332, 32.317308409878066
2.6106614357395728, 32.54920971947084
2.665050215650814, 32.78111102906361
2.7194389955620553, 33.013012338656374
2.773827775473296, 33.244913648249145
2.8282165553845373, 33.47681495784191
2.8826053352957786, 33.70871626743468
2.9369941152070194, 33.94061757702745
2.9913828951182606, 34.17251888662022
3.045771675029502, 34.40442019621299
3.1001604549407427, 34.63632150580575
3.154549234851984, 34.868222815398525
3.208938014763225, 35.1001241249913
3.263326794674466, 35.33202543458406
3.317715574585707, 35.563926744176825
3.3721043544969485, 35.7958280537696
3.4264931344081893, 36.02772936336237
3.4808819143194305, 36.25963067295513
3.5352706942306718, 36.491531982547905
3.5896594741419126, 36.72343329214067
3.644048254053154, 36.95533460173344
3.698437033964395, 37.18723591132621
3.752825813875636, 37.41913722091898
3.807214593786877, 37.65103853051174
3.8616033736981183, 37.88293984010451
3.915992153609359, 38.114841149697284
3.9703809335206004, 38.346742459290056
4.024769713431842, 38.57864376888282
4.0791584933430824, 38.810545078475585
4.133547273254324, 39.042446388068356
4.187936053165565, 39.27434769766113
4.242324833076806, 39.50624900725389
4.296713612988047, 39.738150316846664
4.351102392899288, 39.97005162643943
4.405491172810529, 40.2019529360322
4.459879952721771, 40.43385424562497
4.5142687326330115, 40.665755555217736
4.568657512544252, 40.8976568648105
4.623046292455494, 41.12955817440327
4.677435072366735, 41.36145948399604
4.731823852277976, 41.593360793588815
4.786212632189217, 41.825262103181586
4.840601412100458, 42.057163412774344
4.894990192011699, 42.289064722367115
4.949378971922941, 42.52096603195989
5.003767751834181, 42.75286734155266
5.058156531745422, 42.98476865114542
5.112545311656664, 43.21666996073819
5.166934091567905, 43.44857127033096
5.2213228714791455, 43.68047257992373
5.275711651390387, 43.9123738895165
5.330100431301628, 43.986757516783356
5.384489211212869, 43.99199536513212
5.4388779911241105, 43.99723321348088
5.493266771035351, 44.002471061829645
5.547655550946592, 44.0077089101784
5.602044330857834, 44.012946758527164
5.656433110769075, 44.01818460687593
5.710821890680315, 44.02342245522469
5.765210670591557, 44.02866030357345
5.819599450502798, 44.03389815192221
5.873988230414039, 44.03913600027097
5.92837701032528, 44.044373848619735
5.982765790236521, 44.0496116969685
6.037154570147762, 44.05484954531726
6.091543350059004, 44.06008739366602
6.1459321299702445, 44.06532524201478
6.200320909881485, 44.07056309036354
6.254709689792727, 44.075800938712305
6.309098469703968, 44.08103878706106
6.363487249615209, 44.086276635409824
6.41787602952645, 44.09151448375859
6.472264809437691, 44.09675233210735
6.526653589348932, 44.10199018045611
6.581042369260174, 44.10722802880487
6.635431149171414, 44.11246587715363
6.689819929082655, 44.117703725502395
6.744208708993897, 44.12294157385116
6.798597488905138, 44.12817942219992
6.8529862688163785, 44.13341727054868
6.90737504872762, 44.13865511889744
6.961763828638861, 44.1438929672462
7.016152608550102, 44.149130815594965
7.0705413884613435, 44.15436866394373
7.124930168372584, 44.159606512292484
7.179318948283825, 44.16484436064125
7.233707728195067, 44.17008220899001
7.288096508106308, 44.17532005733877
7.342485288017548, 44.180557905687536
7.39687406792879, 44.18579575403629
7.451262847840031, 44.191033602385055
7.505651627751272, 44.19627145073382
7.560040407662513, 44.20150929908258
7.614429187573754, 44.20674714743134
7.668817967484995, 44.2119849957801
7.723206747396237, 44.21722284412886
7.7775955273074775, 44.222460692477625
7.831984307218718, 44.22769854082639
7.88637308712996, 44.232936389175144
7.940761867041201, 44.23817423752391
7.995150646952442, 44.24341208587267
8.049539426863683, 44.24864993422143
8.103928206774924, 44.253887782570196
8.158316986686165, 44.25912563091895
8.212705766597406, 44.264363479267715
8.267094546508648, 44.26960132761648
8.321483326419889, 44.27483917596524
8.37587210633113, 44.280077024314004
8.43026088624237, 44.28531487266276
8.484649666153611, 44.29055272101152
8.539038446064852, 44.295790569360285
8.593427225976095, 44.30102841770905
8.647816005887336, 44.306266266057804
8.702204785798576, 44.31150411440657
8.756593565709817, 44.31674196275533
8.810982345621058, 44.32197981110409
8.865371125532299, 44.327217659452856
8.919759905443541, 44.33245550780161
8.974148685354782, 44.337693356150375
9.028537465266023, 44.34293120449914
9.082926245177264, 44.3481690528479
9.137315025088505, 44.353406901196664
9.191703804999745, 44.35864474954542
9.246092584910988, 44.36388259789418
9.300481364822229, 44.369120446242945
9.35487014473347, 44.37435829459171
9.40925892464471, 44.37959614294047
9.463647704555951, 44.38483399128923
9.518036484467192, 44.39007183963799
9.572425264378435, 44.39530968798675
9.626814044289675, 44.400547536335516
9.681202824200916, 44.40578538468428
9.735591604112157, 44.411023233033035
9.789980384023398, 44.4162610813818
9.844369163934639, 44.42149892973056
9.898757943845881, 44.426736778079324
9.953146723757122, 44.43197462642808
10.007535503668363, 44.43721247477684
10.061924283579604, 44.442450323125605
10.116313063490844, 44.44768817147437
10.170701843402085, 44.45292601982313
10.225090623313328, 44.45816386817189
10.279479403224569, 44.46340171652065
10.33386818313581, 44.46863956486941
10.38825696304705, 44.473877413218176
10.442645742958291, 44.47911526156694
10.497034522869532, 44.484353109915695
10.551423302780774, 44.48959095826446
10.605812082692015, 44.49482880661322
10.660200862603256, 44.500066654961984
10.714589642514497, 44.50530450331075
10.768978422425738, 44.5105423516595
10.823367202336978, 44.515780200008265
10.877755982248221, 44.52101804835703
10.932144762159462, 44.52625589670579
10.986533542070703, 44.53149374505455
11.040922321981943, 44.53673159340331
11.095311101893184, 44.54196944175207
11.149699881804425, 44.547207290100836
11.204088661715668, 44.5524451384496
11.258477441626908, 44.557682986798355
11.31286622153815, 44.56292083514712
11.36725500144939, 44.56815868349588
11.42164378136063, 44.573396531844644
11.476032561271872, 44.57863438019341
11.530421341183114, 44.58387222854216
11.584810121094355, 44.589110076890925
11.639198901005596, 44.59434792523969
11.693587680916837, 44.59958577358845
11.747976460828077, 44.604823621937214
11.802365240739318, 44.61006147028597
11.85675402065056, 44.61529931863473
11.911142800561802, 44.620537166983496
11.965531580473042, 44.62577501533226
12.019920360384283, 44.63101286368102
12.074309140295524, 44.63625071202978
12.128697920206765, 44.64148856037854
12.183086700118007, 44.646726408727304
12.237475480029248, 44.65196425707607
12.291864259940489, 44.65720210542482
12.34625303985173, 44.662439953773585
12.40064181976297, 44.66767780212235
12.455030599674211, 44.67291565047111
12.509419379585454, 44.678153498819874
12.563808159496695, 44.68339134716863
12.618196939407936, 44.68862919551739
12.672585719319176, 44.693867043866156
12.726974499230417, 44.69910489221492
12.781363279141658, 44.70434274056368
12.8357520590529, 44.70958058891244
12.890140838964141, 44.7148184372612
12.944529618875382, 44.720056285609964
12.998918398786623, 44.72529413395873
13.053307178697864, 44.73053198230749
13.107695958609105, 44.735769830656245
13.162084738520347, 44.74100767900501
13.216473518431588, 44.74624552735377
13.270862298342829, 44.751483375702534
13.32525107825407, 44.75672122405129
13.37963985816531, 44.76195907240005
13.434028638076551, 44.767196920748816
13.488417417987794, 44.77243476909758
13.542806197899035, 44.77767261744634
13.597194977810275, 44.7829104657951
13.651583757721516, 44.78814831414386
13.705972537632757, 44.793386162492624
13.760361317543998, 44.79862401084139
13.81475009745524, 44.80386185919015
13.869138877366481, 44.809099707538905
13.923527657277722, 44.81433755588767
13.977916437188963, 44.81957540423643
14.032305217100204, 44.824813252585194
14.086693997011446, 44.83005110093396
14.141082776922687, 44.83528894928271
14.195471556833928, 44.840526797631476
14.249860336745169, 44.84576464598024
14.30424911665641, 44.851002494329
14.35863789656765, 44.856240342677765
14.413026676478893, 44.86147819102652
14.467415456390134, 44.866716039375284
14.521804236301374, 44.87195388772405
14.576193016212615, 44.87719173607281
14.630581796123856, 44.882429584421565
14.684970576035097, 44.88766743277033
14.73935935594634, 44.89290528111909
14.79374813585758, 44.898143129467854
14.848136915768821, 44.90338097781662
14.902525695680062, 44.90861882616537
14.956914475591303, 44.913856674514136
15.011303255502543, 44.9190945228629
15.065692035413786, 44.92433237121166
15.120080815325027, 44.929570219560425
15.174469595236268, 44.93480806790918
15.228858375147508, 44.940045916257944
15.28324715505875, 44.94528376460671
15.33763593496999, 44.95052161295547
15.392024714881233, 44.95575946130423
15.446413494792473, 44.96099730965299
15.500802274703714, 44.96623515800175
15.555191054614955, 44.971473006350514
15.609579834526196, 44.97671085469928
15.663968614437437, 44.98194870304803
15.71835739434868, 44.987186551396796
15.77274617425992, 44.99242439974556
15.82713495417116, 44.99766224809432
15.881523734082402, 45.002900096443085
15.935912513993642, 45.00813794479184
15.990301293904883, 45.013375793140604
16.044690073816124, 45.01861364148937
16.099078853727367, 45.02385148983813
16.153467633638606, 45.02908933818689
16.207856413549848, 45.03432718653565
16.26224519346109, 45.03956503488441
16.31663397337233, 45.044802883233174
16.371022753283572, 45.05004073158194
16.42541153319481, 45.0552785799307
16.479800313106054, 45.060516428279456
16.534189093017297, 45.06575427662822
16.588577872928536, 45.07099212497698
16.642966652839778, 45.076229973325745
16.697355432751017, 45.08146782167451
16.75174421266226, 45.086705670023264
16.8061329925735, 45.09194351837203
16.86052177248474, 45.09718136672079
16.914910552395984, 45.10241921506955
16.969299332307223, 45.10765706341831
17.023688112218466, 45.11289491176707
17.078076892129705, 45.118132760115834
17.132465672040947, 45.1233706084646
17.18685445195219, 45.12860845681336
17.24124323186343, 45.133846305162116
17.29563201177467, 45.13908415351088
17.35002079168591, 45.14432200185964
17.404409571597153, 45.149559850208405
17.458798351508392, 45.15479769855717
17.513187131419635, 45.160035546905924
17.567575911330877, 45.16527339525469
17.621964691242116, 45.17051124360345
17.67635347115336, 45.17574909195221
17.730742251064598, 45.180986940300976
17.78513103097584, 45.18622478864973
17.839519810887083, 45.191462636998494
17.893908590798322, 45.19670048534726
17.948297370709565, 45.20193833369602
18.002686150620804, 45.207176182044776
18.057074930532046, 45.21241403039354
18.111463710443285, 45.2176518787423
18.165852490354528, 45.222889727091065
18.22024127026577, 45.22812757543983
18.27463005017701, 45.233365423788584
18.329018830088252, 45.23860327213735
18.38340760999949, 45.24384112048611
18.437796389910734, 45.24907896883487
18.492185169821976, 45.254316817183636
18.546573949733215, 45.25955466553239
18.600962729644458, 45.264792513881154
18.655351509555697, 45.27003036222992
18.70974028946694, 45.27526821057868
18.76412906937818, 45.28050605892744
18.81851784928942, 45.2857439072762
18.872906629200664, 45.29098175562496
18.927295409111903, 45.296219603973725
18.981684189023145, 45.30145745232249
19.036072968934384, 45.30669530067125
19.090461748845627, 45.31193314902001
19.14485052875687, 45.31717099736877
19.19923930866811, 45.32240884571753
19.25362808857935, 45.327646694066296
19.30801686849059, 45.33288454241505
19.362405648401833, 45.338122390763814
19.41679442831307, 45.34336023911258
19.471183208224314, 45.34859808746134
19.525571988135557, 45.3538359358101
19.579960768046796, 45.35907378415886
19.63434954795804, 45.36431163250762
19.688738327869277, 45.369549480856385
19.74312710778052, 45.37478732920515
19.797515887691763, 45.38002517755391
19.851904667603, 45.38526302590267
19.906293447514244, 45.39050087425143
19.960682227425483, 45.39573872260019
20.015071007336726, 45.400976570948956
20.069459787247965, 45.40621441929772
20.123848567159207, 45.411452267646474
20.17823734707045, 45.41669011599524
20.23262612698169, 45.421927964344
20.28701490689293, 45.42716581269276
20.34140368680417, 45.43240366104152
20.395792466715413, 45.43764150939028
20.450181246626656, 45.442879357739045
20.504570026537895, 45.44811720608781
20.558958806449137, 45.45335505443657
20.613347586360376, 45.45859290278533
20.66773636627162, 45.46383075113409
20.722125146182858, 45.46906859948285
20.7765139260941, 45.474306447831616
20.830902706005343, 45.47954429618038
20.885291485916582, 45.484782144529134
20.939680265827825, 45.4900199928779
20.994069045739064, 45.49525784122666
21.048457825650306, 45.50049568957542
21.10284660556155, 45.505733537924186
21.157235385472788, 45.51097138627294
21.21162416538403, 45.516209234621705
21.26601294529527, 45.52144708297047
21.320401725206512, 45.52668493131923
21.374790505117755, 45.531922779667994
21.429179285028994, 45.53716062801675
21.483568064940236, 45.54239847636551
21.537956844851475, 45.547636324714276
21.592345624762718, 45.55287417306304
21.646734404673957, 45.558112021411795
21.7011231845852, 45.56334986976056
21.755511964496442, 45.56858771810932
21.80990074440768, 45.57382556645808
21.864289524318924, 45.579063414806846
21.918678304230163, 45.5843012631556
21.973067084141405, 45.589539111504365
22.027455864052648, 45.59477695985313
22.081844643963887, 45.60001480820189
22.13623342387513, 45.605252656550654
22.19062220378637, 45.61049050489941
22.24501098369761, 45.61572835324817
22.29939976360885, 45.620966201596936
22.353788543520093, 45.6262040499457
22.408177323431335, 45.63144189829446
22.462566103342574, 45.63667974664322
22.516954883253817, 45.64191759499198
22.571343663165056, 45.64715544334074
22.6257324430763, 45.652393291689506
22.68012122298754, 45.65763114003827
22.73451000289878, 45.662868988387025
22.788898782810023, 45.66810683673579
22.84328756272126, 45.67334468508455
22.897676342632504, 45.678582533433314
22.952065122543743, 45.68382038178207
23.006453902454986, 45.68905823013083
23.06084268236623, 45.694296078479596
23.115231462277468, 45.69953392682836
23.16962024218871, 45.70477177517712
23.22400902209995, 45.71000962352588
23.27839780201119, 45.71524747187464
23.332786581922434, 45.7204853202234
23.387175361833673, 45.725723168572166
23.441564141744916, 45.73096101692093
23.495952921656155, 45.736198865269685
23.550341701567397, 45.74143671361845
23.604730481478637, 45.74667456196721
23.65911926138988, 45.751912410315974
23.71350804130112, 45.75715025866474
23.76789682121236, 45.76238810701349
23.822285601123603, 45.767625955362256
23.876674381034842, 45.77286380371102
23.931063160946085, 45.77810165205978
23.985451940857327, 45.783339500408545
24.039840720768566, 45.7885773487573
24.09422950067981, 45.79381519710606
24.148618280591048, 45.799053045454826
24.20300706050229, 45.80429089380359
24.25739584041353, 45.809528742152345
24.311784620324772, 45.81476659050111
24.366173400236015, 45.82000443884987
24.420562180147254, 45.825242287198634
24.474950960058496, 45.8304801355474
24.529339739969735, 45.83571798389615
24.583728519880978, 45.840955832244916
24.63811729979222, 45.84619368059368
24.69250607970346, 45.85143152894244
24.746894859614702, 45.856669377291205
24.80128363952594, 45.86190722563996
24.855672419437184, 45.86714507398872
24.910061199348423, 45.872382922337486
24.964449979259665, 45.87762077068625
25.018838759170908, 45.88285861903501
25.073227539082147, 45.88809646738377
25.12761631899339, 45.89333431573253
25.18200509890463, 45.898572164081294
25.23639387881587, 45.90381001243006
25.290782658727114, 45.90904786077881
25.345171438638353, 45.914285709127576
25.399560218549595, 45.91952355747634
25.453948998460834, 45.9247614058251
25.508337778372077, 45.929999254173865
25.562726558283316, 45.93523710252262
25.61711533819456, 45.94047495087138
25.6715041181058, 45.945712799220146
25.72589289801704, 45.95095064756891
25.780281677928283, 45.95618849591767
25.834670457839522, 45.96142634426643
25.889059237750764, 45.96666419261519
25.943448017662007, 45.971902040963954
25.997836797573246, 45.97713988931272
26.05222557748449, 45.98237773766148
26.106614357395728, 45.987615586010236
26.16100313730697, 45.992853434359
26.21539191721821, 45.99809128270776
26.269780697129452, 46.003329131056525
26.324169477040694, 46.00856697940529
26.378558256951933, 46.01380482775404
26.432947036863176, 46.019042676102806
26.487335816774415, 46.02428052445157
26.541724596685658, 46.02951837280033
26.5961133765969, 46.03475622114909
26.65050215650814, 46.03999406949785
26.704890936419382, 46.045231917846614
26.75927971633062, 46.05046976619538
26.813668496241863, 46.05570761454414
26.868057276153102, 46.060945462892896
26.922446056064345, 46.06618331124166
26.976834835975588, 46.07142115959042
27.031223615886827, 46.076659007939185
27.08561239579807, 46.08189685628795
27.14000117570931, 46.0871347046367
27.19438995562055, 46.092372552985466
27.248778735531793, 46.09761040133423
27.303167515443032, 46.10284824968299
27.357556295354275, 46.10808609803175
27.411945075265514, 46.11332394638051
27.466333855176757, 46.118561794729274
27.520722635087996, 46.12379964307804
27.57511141499924, 46.1290374914268
27.62950019491048, 46.134275339775556
27.68388897482172, 46.13951318812432
27.738277754732962, 46.14475103647308
27.7926665346442, 46.149988884821845
27.847055314555444, 46.15522673317061
27.901444094466687, 46.16046458151936
27.955832874377926, 46.165702429868126
28.010221654289168, 46.17094027821689
28.064610434200407, 46.17617812656565
28.11899921411165, 46.181415974914415
28.173387994022892, 46.18665382326317
28.22777677393413, 46.191891671611934
28.282165553845374, 46.1971295199607
28.336554333756613, 46.20236736830946
28.390943113667856, 46.20760521665822
28.445331893579095, 46.21284306500698
28.499720673490337, 46.21808091335574
28.55410945340158, 46.223318761704505
28.60849823331282, 46.22855661005327
28.66288701322406, 46.23379445840203
28.7172757931353, 46.23903230675079
28.771664573046543, 46.24427015509955
28.826053352957786, 46.24950800344831
28.880442132869025, 46.254745851797075
28.934830912780267, 46.25998370014583
28.989219692691506, 46.265221548494594
29.04360847260275, 46.27045939684336
29.097997252513988, 46.27569724519212
29.15238603242523, 46.28093509354088
29.206774812336473, 46.28617294188964
29.261163592247712, 46.2914107902384
29.315552372158955, 46.296648638587165
29.369941152070194, 46.30188648693593
29.424329931981436, 46.30712433528469
29.47871871189268, 46.31236218363345
29.533107491803918, 46.31760003198221
29.58749627171516, 46.32283788033097
29.6418850516264, 46.328075728679735
29.696273831537642, 46.33331357702849
29.75066261144888, 46.338551425377254
29.805051391360124, 46.34378927372602
29.859440171271366, 46.34902712207478
29.913828951182605, 46.35426497042354
29.968217731093848, 46.3595028187723
30.022606511005087, 46.36474066712106
30.07699529091633, 46.369978515469825
30.131384070827572, 46.37521636381859
30.18577285073881, 46.38045421216735
30.240161630650054, 46.38569206051611
30.294550410561293, 46.39092990886487
30.348939190472535, 46.39616775721363
30.403327970383774, 46.401405605562395
30.457716750295017, 46.40664345391116
30.51210553020626, 46.411881302259914
30.5664943101175, 46.41711915060868
30.62088309002874, 46.42235699895744
30.67527186993998, 46.4275948473062
30.729660649851223, 46.432832695654966
30.784049429762465, 46.43807054400372
30.838438209673704, 46.443308392352485
30.892826989584947, 46.44854624070125
30.947215769496186, 46.45378408905001
31.00160454940743, 46.459021937398774
31.055993329318667, 46.46425978574753
31.11038210922991, 46.46949763409629
31.164770889141153, 46.474735482445055
31.21915966905239, 46.47997333079382
31.273548448963634, 46.485211179142574
31.327937228874873, 46.49044902749134
31.382326008786116, 46.4956868758401
31.43671478869736, 46.50092472418886
31.491103568608597, 46.506162572537626
31.54549234851984, 46.51140042088638
31.59988112843108, 46.516638269235145
31.65426990834232, 46.52187611758391
31.70865868825356, 46.52711396593267
31.763047468164803, 46.532351814281434
31.817436248076046, 46.53758966263019
31.871825027987285, 46.54282751097895
31.926213807898527, 46.548065359327715
31.980602587809766, 46.55330320767648
32.034991367721005, 46.558541056025234
32.08938014763225, 46.563778904374
32.14376892754349, 46.56901675272276
32.19815770745473, 46.57425460107152
32.252546487365976, 46.579492449420286
32.30693526727721, 46.58473029776904
32.361324047188454, 46.589968146117805
32.415712827099696, 46.59520599446657
32.47010160701094, 46.60044384281533
32.52449038692218, 46.605681691164094
32.57887916683342, 46.61091953951285
32.63326794674466, 46.61615738786161
32.6876567266559, 46.621395236210375
32.742045506567145, 46.62663308455914
32.79643428647839, 46.6318709329079
32.85082306638962, 46.63710878125666
32.905211846300865, 46.64234662960542
32.95960062621211, 46.64758447795418
33.01398940612335, 46.652822326302946
33.06837818603459, 46.65806017465171
33.12276696594583, 46.663298023000465
33.17715574585707, 46.66853587134923
33.231544525768314, 46.67377371969799
33.285933305679556, 46.679011568046754
33.34032208559079, 46.68424941639551
33.394710865502034, 46.68948726474427
33.44909964541328, 46.694725113093035
33.50348842532452, 46.6999629614418
33.55787720523576, 46.70520080979056
33.612265985147, 46.71043865813932
33.66665476505824, 46.71567650648808
33.72104354496948, 46.72091435483684
33.775432324880725, 46.726152203185606
33.82982110479197, 46.73139005153437
33.8842098847032, 46.736627899883125
33.938598664614446, 46.74186574823189
33.99298744452569, 46.74710359658065
34.04737622443693, 46.752341444929414
34.101765004348174, 46.75757929327818
34.15615378425941, 46.76281714162693
34.21054256417065, 46.768054989975695
34.264931344081894, 46.77329283832446
34.31932012399314, 46.77853068667322
34.37370890390438, 46.783768535021984
34.428097683815615, 46.78900638337074
34.48248646372686, 46.7942442317195
34.5368752436381, 46.799482080068266
34.59126402354934, 46.80471992841703
34.64565280346058, 46.809957776765785
34.70004158337182, 46.81519562511455
34.75443036328306, 46.82043347346331
34.808819143194306, 46.825671321812074
34.86320792310555, 46.83090917016084
34.917596703016784, 46.83614701850959
34.97198548292803, 46.841384866858355
35.02637426283927, 46.84662271520712
35.08076304275051, 46.85186056355588
35.135151822661754, 46.857098411904644
35.18954060257299, 46.8623362602534
35.24392938248423, 46.86757410860216
35.298318162395475, 46.872811956950926
35.35270694230672, 46.87804980529969
35.40709572221796, 46.88328765364845
35.461484502129196, 46.88852550199721
35.51587328204044, 46.89376335034597
35.57026206195168, 46.899001198694734
35.62465084186292, 46.9042390470435
35.679039621774166, 46.90947689539226
35.7334284016854, 46.914714743741015
35.787817181596644, 46.91995259208978
35.84220596150789, 46.92519044043854
35.89659474141913, 46.930428288787304
35.95098352133037, 46.93566613713607
36.00537230124161, 46.94090398548482
36.05976108115285, 46.946141833833586
36.11414986106409, 46.95137968218235
36.168538640975335, 46.95661753053111
36.22292742088657, 46.96185537887987
36.27731620079781, 46.96709322722863
36.331704980709056, 46.972331075577394
36.3860937606203, 46.97756892392616
36.44048254053154, 46.98280677227492
36.494871320442776, 46.988044620623675
36.54926010035402, 46.99328246897244
36.60364888026526, 46.9985203173212
36.658037660176504, 47.003758165669964
36.71242644008775, 47.00899601401873
36.76681521999898, 47.01423386236748
36.821203999910225, 47.019471710716246
36.87559277982147, 47.02470955906501
36.92998155973271, 47.02994740741377
36.98437033964395, 47.03518525576253
37.03875911955519, 47.04042310411129
37.09314789946643, 47.045660952460054
37.14753667937767, 47.05089880080882
37.201925459288915, 47.05613664915758
37.25631423920016, 47.061374497506336
37.31070301911139, 47.0666123458551
37.365091799022636, 47.07185019420386
37.41948057893388, 47.077088042552624
37.47386935884512, 47.08232589090139
37.52825813875636, 47.08756373925014
37.5826469186676, 47.092801587598906
37.63703569857884, 47.09803943594767
37.691424478490084, 47.10327728429643
37.74581325840133, 47.108515132645195
37.80020203831256, 47.11375298099395
37.854590818223805, 47.118990829342714
37.90897959813505, 47.12422867769148
37.96336837804629, 47.12946652604024
38.01775715795753, 47.134704374389
38.07214593786877, 47.13994222273776
38.12653471778001, 47.14518007108652
38.18092349769125, 47.150417919435284
38.235312277602496, 47.15565576778405
38.28970105751374, 47.1608936161328
38.344089837424974, 47.166131464481566
38.39847861733622, 47.17136931283033
38.45286739724746, 47.17660716117909
38.5072561771587, 47.181845009527855
38.561644957069944, 47.18708285787661
38.61603373698118, 47.192320706225374
38.67042251689242, 47.19755855457414
38.724811296803665, 47.2027964029229
38.77920007671491, 47.208034251271656
38.83358885662614, 47.21327209962042
38.887977636537386, 47.21850994796918
38.94236641644863, 47.223747796317944
38.99675519635987, 47.22898564466671
39.05114397627111, 47.23422349301546
39.10553275618235, 47.239461341364226
39.15992153609359, 47.24469918971299
39.214310316004834, 47.24993703806175
39.26869909591608, 47.255174886410515
39.32308787582732, 47.26041273475927
39.377476655738555, 47.265650583108034
39.4318654356498, 47.2708884314568
39.48625421556104, 47.27612627980556
39.54064299547228, 47.28136412815432
39.595031775383525, 47.28660197650308
39.64942055529476, 47.29183982485184
39.703809335206, 47.297077673200604
39.758198115117246, 47.30231552154937
39.81258689502849, 47.30755336989813
39.86697567493973, 47.312791218246886
39.921364454850966, 47.31802906659565
39.97575323476221, 47.32326691494441
40.03014201467345, 47.24231130841489
40.084530794584694, 47.08555185331352
40.13891957449593, 46.92879239821217
40.19330835440717, 46.772032943110794
40.247697134318415, 46.61527348800942
40.30208591422966, 46.45851403290804
40.3564746941409, 46.30175457780667
40.410863474052135, 46.14499512270532
40.46525225396338, 45.988235667603945
40.51964103387462, 45.83147621250257
40.57402981378586, 45.6747167574012
40.628418593697106, 45.51795730229983
40.68280737360834, 45.361197847198476
40.737196153519584, 45.2044383920971
40.791584933430826, 45.04767893699573
40.84597371334207, 44.89091948189436
40.90036249325331, 44.734160026792985
40.95475127316455, 44.57740057169163
41.00914005307579, 44.42064111659026
41.06352883298703, 44.26388166148889
41.117917612898275, 44.107122206387515
41.17230639280952, 43.95036275128614
41.22669517272075, 43.793603296184784
41.281083952631995, 43.63684384108341
41.33547273254324, 43.48008438598204
41.38986151245448, 43.323324930880666
41.444250292365716, 43.166565475779315
41.49863907227696, 43.00980602067794
41.5530278521882, 42.85304656557657
41.607416632099444, 42.6962871104752
41.661805412010686, 42.539527655373824
41.71619419192192, 42.38276820027247
41.770582971833164, 42.2260087451711
41.82497175174441, 42.06924929006973
41.87936053165565, 41.912489834968355
41.93374931156689, 41.75573037986698
41.98813809147813, 41.598970924765624
42.04252687138937, 41.44221146966426
42.09691565130061, 41.28545201456288
42.151304431211855, 41.12869255946151
42.2056932111231, 40.97193310436013
42.26008199103433, 40.81517364925878
42.314470770945576, 40.65841419415741
42.36885955085682, 40.501654739056036
42.42324833076806, 40.34489528395466
42.477637110679304, 40.18813582885329
42.53202589059054, 40.03137637375194
42.58641467050178, 39.87461691865057
42.640803450413024, 39.717857463549194
42.69519223032427, 39.56109800844782
42.74958101023551, 39.40433855334645
42.803969790146745, 39.2475790982451
42.85835857005799, 39.090819643143725
42.91274734996923, 38.93406018804235
42.96713612988047, 38.77730073294097
43.02152490979171, 38.62054127783962
43.07591368970295, 38.46378182273825
43.13030246961419, 38.307022367636876
43.184691249525436, 38.1502629125355
43.23908002943668, 37.99350345743413
43.293468809347914, 37.83674400233278
43.347857589259156, 37.679984547231406
43.4022463691704, 37.52322509213003
43.45663514908164, 37.36646563702866
43.511023928992884, 37.20970618192729
43.56541270890412, 37.05294672682594
43.61980148881536, 36.896187271724564
43.674190268726605, 36.73942781662319
43.72857904863785, 36.58266836152182
43.78296782854909, 36.425908906420446
43.837356608460325, 36.269149451319095
43.89174538837157, 36.112389996217715
43.94613416828281, 35.95563054111635
44.00052294819405, 35.79887108601497
44.054911728105296, 35.6421116309136
44.10930050801653, 35.485352175812245
44.163689287927774, 35.32859272071087
44.218078067839016, 35.1718332656095
44.27246684775026, 35.01507381050813
44.326855627661494, 34.858314355406776
44.38124440757274, 34.7015549003054
44.43563318748398, 34.54479544520403
44.49002196739522, 34.38803599010266
44.544410747306465, 34.231276535001285
44.5987995272177, 34.074517079899934
44.65318830712894, 33.917757624798554
44.707577087040185, 33.76099816969719
44.76196586695143, 33.60423871459581
44.81635464686267, 33.44747925949444
44.870743426773906, 33.290719804393085
44.92513220668515, 33.13396034929171
44.97952098659639, 32.97720089419034
45.033909766507634, 32.82044143908897
45.088298546418876, 32.663681983987594
45.14268732633011, 32.50692252888624
45.197076106241354, 32.35016307378487
45.2514648861526, 32.1934036186835
45.30585366606384, 32.036644163582125
45.36024244597508, 31.879884708480752
45.41463122588632, 31.7231252533794
45.46902000579756, 31.566365798278028
45.5234087857088, 31.409606343176655
45.577797565620045, 31.25284688807528
45.63218634553128, 31.096087432973928
45.68657512544252, 30.939327977872555
45.740963905353766, 30.782568522771182
45.79535268526501, 30.62580906766981
45.84974146517625, 30.469049612568437
45.90413024508749, 30.312290157467082
45.95851902499873, 30.15553070236571
46.01290780490997, 29.998771247264337
46.067296584821214, 29.842011792162964
46.12168536473246, 29.68525233706159
46.17607414464369, 29.52849288196024
46.230462924554935, 29.371733426858867
46.28485170446618, 29.214973971757495
46.33924048437742, 29.058214516656122
46.39362926428866, 28.901455061554746
46.4480180441999, 28.744695606453394
46.50240682411114, 28.58793615135202
46.55679560402238, 28.43117669625065
46.611184383933626, 28.274417241149276
46.66557316384487, 28.117657786047904
46.719961943756104, 27.960898330946552
46.77435072366735, 27.80413887584518
46.82873950357859, 27.647379420743803
46.88312828348983, 27.49061996564243
46.93751706340107, 27.33386051054108
46.99190584331231, 27.177101055439707
47.04629462322355, 27.020341600338334
47.100683403134795, 26.86358214523696
47.15507218304604, 26.70682269013559
47.20946096295727, 26.550063235034234
47.263849742868516, 26.39330377993286
47.31823852277976, 26.23654432483149
47.372627302691, 26.079784869730116
47.42701608260224, 25.923025414628743
47.48140486251348, 25.76626595952739
47.53579364242472, 25.60950650442602
47.590182422335964, 25.452747049324646
47.64457120224721, 25.295987594223273
47.69895998215845, 25.1392281391219
47.753348762069685, 24.982468684020546
47.80773754198093, 24.825709228919173
47.86212632189217, 24.6689497738178
47.91651510180341, 24.512190318716428
47.970903881714655, 24.355430863615055
48.02529266162589, 24.198671408513704
48.07968144153713, 24.04191195341233
48.134070221448376, 23.88515249831096
48.18845900135962, 23.728393043209582
48.242847781270854, 23.57163358810823
48.297236561182096, 23.414874133006858
48.35162534109334, 23.258114677905485
48.40601412100458, 23.101355222804113
48.460402900915824, 22.94459576770274
48.51479168082706, 22.78783631260139
48.5691804607383, 22.631076857500013
48.623569240649545, 22.47431740239864
48.67795802056079, 22.317557947297267
48.73234680047203, 22.160798492195894
48.786735580383265, 22.004039037094543
48.84112436029451, 21.84727958199317
48.89551314020575, 21.690520126891798
48.94990192011699, 21.533760671790425
49.004290700028236, 21.377001216689052
49.05867947993947, 21.220241761587697
49.113068259850714, 21.063482306486325
49.167457039761956, 20.906722851384952
49.2218458196732, 20.74996339628358
49.27623459958444, 20.593203941182207
49.33062337949568, 20.436444486080855
49.38501215940692, 20.279685030979483
49.43940093931816, 20.12292557587811
49.493789719229405, 19.966166120776737
49.54817849914065, 19.80940666567536
49.60256727905188, 19.65264721057401
49.656956058963125, 19.495887755472637
49.71134483887437, 19.339128300371264
49.76573361878561, 19.18236884526989
49.820122398696846, 19.02560939016854
49.87451117860809, 18.868849935067168
49.92889995851933, 18.71209047996579
49.98328873843057, 18.55533102486442
50.037677518341816, 18.398571569763046
50.09206629825305, 18.241812114661695
50.146455078164294, 18.085052659560322
50.20084385807554, 17.92829320445895
50.25523263798678, 17.771533749357577
50.30962141789802, 17.614774294256204
50.36401019780926, 17.45801483915485
50.4183989777205, 17.301255384053476
50.47278775763174, 17.144495928952104
50.527176537542985, 16.98773647385073
50.58156531745423, 16.83097701874936
50.63595409736546, 16.674217563648007
50.690342877276706, 16.517458108546634
50.74473165718795, 16.36069865344526
50.79912043709919, 16.20393919834389
50.85350921701043, 16.047179743242516
50.90789799692167, 15.890420288141161
50.96228677683291, 15.733660833039789
51.016675556744154, 15.576901377938416
51.0710643366554, 15.420141922837043
51.12545311656663, 15.263382467735688
51.179841896477875, 15.106623012634316
51.23423067638912, 14.949863557532943
51.28861945630036, 14.79310410243157
51.3430082362116, 14.636344647330198
51.39739701612284, 14.479585192228846
51.45178579603408, 14.322825737127474
51.50617457594532, 14.166066282026101
51.560563355856566, 14.009306826924728
51.61495213576781, 13.852547371823356
51.669340915679044, 13.695787916722004
51.723729695590286, 13.539028461620632
51.77811847550153, 13.382269006519259
51.83250725541277, 13.225509551417886
51.886896035324014, 13.068750096316514
51.94128481523525, 12.911990641215155
51.99567359514649, 12.755231186113782
52.050062375057735, 12.59847173101241
52.10445115496898, 12.441712275911037
52.15883993488022, 12.284952820809664
52.213228714791455, 12.128193365708313
52.2676174947027, 11.97143391060694
52.32200627461394, 11.814674455505568
52.37639505452518, 11.657915000404195
52.43078383443642, 11.501155545302844
52.48517261434766, 11.34439609020147
52.539561394258904, 11.187636635100098
52.593950174170146, 11.030877179998726
52.64833895408139, 10.874117724897353
52.702727733992624, 10.717358269796001
52.75711651390387, 10.560598814694629
52.81150529381511, 10.403839359593256
52.86589407372635, 10.247079904491876
52.920282853637595, 10.090320449390504
52.97467163354883, 9.933560994289152
53.02906041346007, 9.77680153918778
53.083449193371315, 9.620042084086407
53.13783797328256, 9.463282628985034
53.1922267531938, 9.306523173883662
53.246615533105036, 9.14976371878231
53.30100431301628, 8.993004263680938
53.35539309292752, 8.836244808579565
53.409781872838764, 8.679485353478192
53.464170652750006, 8.52272589837682
53.51855943266124, 8.365966443275468
53.572948212572484, 8.209206988174095
53.62733699248373, 8.052447533072723
53.68172577239497, 7.89568807797135
53.736114552306205, 7.738928622869992
53.79050333221745, 7.582169167768619
53.84489211212869, 7.425409712667246
53.89928089203993, 7.268650257565874
53.953669671951175, 7.111890802464501
54.00805845186241, 6.9551313473631495
54.06244723177365, 6.798371892261777
54.116836011684896, 6.641612437160404
54.17122479159614, 6.4848529820590315
54.22561357150738, 6.328093526957659
54.28000235141862, 6.1713340718563074
54.33439113132986, 6.014574616754935
