Parameters: [54.98125586271732, 24.47610993374925, 8.775147662346049, 40.820041523156235, 4.4658538078505465, 0.03487935847275195, -3.2869095550906042]
Points:
0.0, 24.47610993374925
0.05503629215487219, 24.721893968639062
0.11007258430974438, 24.96767800352887
0.16510887646461658, 25.213462038418683
0.22014516861948877, 25.459246073308496
0.27518146077436095, 25.705030108198304
0.33021775292923317, 25.950814143088117
0.3852540450841053, 26.19659817797793
0.44029033723897754, 26.442382212867738
0.49532662939384975, 26.68816624775755
0.5503629215487219, 26.93395028264736
0.6053992137035941, 27.17973431753717
0.6604355058584663, 27.425518352426984
0.7154717980133385, 27.671302387316793
0.7705080901682106, 27.917086422206605
0.8255443823230829, 28.162870457096417
0.8805806744779551, 28.408654491986226
0.9356169666328272, 28.65443852687604
0.9906532587876995, 28.90022256176585
1.0456895509425717, 29.14600659665566
1.1007258430974438, 29.391790631545472
1.155762135252316, 29.637574666435285
1.2107984274071881, 29.883358701325093
1.2658347195620605, 30.129142736214906
1.3208710117169327, 30.374926771104718
1.3759073038718048, 30.620710805994527
1.430943596026677, 30.86649484088434
1.4859798881815491, 31.11227887577415
1.5410161803364213, 31.35806291066396
1.5960524724912937, 31.603846945553773
1.6510887646461658, 31.849630980443585
1.706125056801038, 32.095415015333394
1.7611613489559101, 32.3411990502232
1.8161976411107823, 32.58698308511302
1.8712339332656545, 32.83276712000283
1.9262702254205266, 33.07855115489264
1.981306517575399, 33.32433518978245
2.036342809730271, 33.57011922467226
2.0913791018851433, 33.81590325956208
2.1464153940400155, 34.061687294451886
2.2014516861948876, 34.307471329341695
2.25648797834976, 34.553255364231504
2.311524270504632, 34.79903939912131
2.366560562659504, 35.04482343401113
2.4215968548143763, 35.29060746890094
2.476633146969249, 35.53639150379075
2.531669439124121, 35.78217553868056
2.586705731278993, 36.02795957357037
2.6417420234338653, 36.27374360846019
2.6967783155887375, 36.519527643349996
2.7518146077436096, 36.765311678239804
2.806850899898482, 37.01109571312962
2.861887192053354, 37.25687974801943
2.916923484208226, 37.50266378290924
2.9719597763630983, 37.74844781779905
3.0269960685179704, 37.99423185268886
3.0820323606728426, 38.24001588757867
3.1370686528277147, 38.48579992246849
3.1921049449825873, 38.731583957358296
3.2471412371374595, 38.977367992248105
3.3021775292923317, 39.22315202713792
3.357213821447204, 39.46893606202773
3.412250113602076, 39.71472009691754
3.467286405756948, 39.960504131807355
3.5223226979118203, 40.20628816669716
3.5773589900666924, 40.45207220158697
3.6323952822215646, 40.69785623647678
3.6874315743764368, 40.9436402713666
3.742467866531309, 41.189424306256406
3.797504158686181, 41.43520834114622
3.8525404508410532, 41.68099237603603
3.907576742995926, 41.92677641092584
3.962613035150798, 42.17256044581565
4.01764932730567, 42.418344480705464
4.072685619460542, 42.66412851559527
4.1277219116154145, 42.90991255048509
4.182758203770287, 43.1556965853749
4.237794495925159, 43.40148062026471
4.292830788080031, 43.647264655154515
4.347867080234903, 43.893048690044324
4.402903372389775, 44.13883272493414
4.457939664544647, 44.384616759823956
4.51297595669952, 44.630400794713765
4.568012248854392, 44.876184829603574
4.623048541009264, 45.12196886449338
4.678084833164136, 45.36775289938319
4.733121125319008, 45.61353693427301
4.78815741747388, 45.859320969162816
4.8431937096287525, 46.10510500405263
4.898230001783625, 46.35088903894244
4.953266293938498, 46.59667307383225
5.00830258609337, 46.842457108722066
5.063338878248242, 47.088241143611874
5.118375170403114, 47.33402517850169
5.173411462557986, 47.5798092133915
5.2284477547128585, 47.82559324828131
5.283484046867731, 48.07137728317112
5.338520339022603, 48.31716131806093
5.393556631177475, 48.56294535295074
5.448592923332347, 48.80872938784056
5.503629215487219, 49.054513422730366
5.558665507642091, 49.300297457620175
5.613701799796964, 49.546081492509984
5.668738091951836, 49.79186552739979
5.723774384106708, 50.03764956228961
5.77881067626158, 50.28343359717942
5.833846968416452, 50.52921763206923
5.888883260571324, 50.77500166695904
5.9439195527261965, 51.02078570184885
5.998955844881069, 51.26656973673866
6.053992137035941, 51.51235377162847
6.109028429190813, 51.758137806518285
6.164064721345685, 52.0039218414081
6.219101013500557, 52.24970587629791
6.2741373056554295, 52.49548991118772
6.329173597810302, 52.74127394607753
6.384209889965175, 52.98705798096734
6.439246182120047, 53.23284201585716
6.494282474274919, 53.47862605074697
6.549318766429791, 53.72441008563678
6.604355058584663, 53.970194120526585
6.6593913507395355, 54.215978155416394
6.714427642894408, 54.46176219030621
6.76946393504928, 54.70754622519602
6.824500227204152, 54.953330260085835
6.879536519359024, 55.199114294975644
6.934572811513896, 55.44489832986545
6.989609103668768, 55.69068236475526
7.044645395823641, 55.93646639964507
7.099681687978513, 56.182250434534886
7.154717980133385, 56.4280344694247
7.209754272288257, 56.67381850431451
7.264790564443129, 56.91960253920432
7.319826856598001, 57.16538657409413
7.3748631487528735, 57.411170608983944
7.429899440907746, 57.65695464387375
7.484935733062618, 57.90273867876356
7.53997202521749, 58.14852271365337
7.595008317372362, 58.39430674854319
7.650044609527234, 58.640090783432996
7.7050809016821065, 58.885874818322804
7.7601171938369795, 59.13165885321262
7.815153485991852, 59.377442888102436
7.870189778146724, 59.623226922992245
7.925226070301596, 59.869010957882054
7.980262362456468, 60.11479499277186
8.03529865461134, 60.36057902766168
8.090334946766212, 60.60636306255149
8.145371238921085, 60.852147097441296
8.200407531075957, 61.09793113233111
8.255443823230829, 61.34371516722092
8.310480115385701, 61.58949920211073
8.365516407540573, 61.835283237000546
8.420552699695445, 62.081067271890355
8.475588991850318, 62.32685130678016
8.53062528400519, 62.57263534166998
8.585661576160062, 62.81841937655979
8.640697868314934, 63.0642034114496
8.695734160469806, 63.309987446339406
8.750770452624678, 63.55577148122922
8.80580674477955, 63.66570590521482
8.860843036934423, 63.6676255357779
8.915879329089295, 63.66954516634098
8.970915621244167, 63.67146479690406
9.02595191339904, 63.67338442746714
9.080988205553911, 63.67530405803022
9.136024497708783, 63.6772236885933
9.191060789863656, 63.67914331915638
9.246097082018528, 63.68106294971947
9.3011333741734, 63.68298258028255
9.356169666328272, 63.68490221084563
9.411205958483144, 63.68682184140871
9.466242250638016, 63.68874147197179
9.521278542792889, 63.69066110253487
9.57631483494776, 63.69258073309795
9.631351127102633, 63.694500363661035
9.686387419257505, 63.696419994224115
9.741423711412377, 63.698339624787195
9.79646000356725, 63.700259255350275
9.851496295722121, 63.702178885913355
9.906532587876995, 63.704098516476435
9.961568880031868, 63.706018147039515
10.01660517218674, 63.707937777602595
10.071641464341612, 63.70985740816568
10.126677756496484, 63.71177703872876
10.181714048651356, 63.71369666929184
10.236750340806228, 63.71561629985492
10.2917866329611, 63.717535930418
10.346822925115973, 63.71945556098108
10.401859217270845, 63.72137519154416
10.456895509425717, 63.72329482210724
10.51193180158059, 63.72521445267033
10.566968093735461, 63.72713408323341
10.622004385890333, 63.72905371379649
10.677040678045206, 63.73097334435957
10.732076970200078, 63.73289297492265
10.78711326235495, 63.73481260548573
10.842149554509822, 63.73673223604881
10.897185846664694, 63.73865186661189
10.952222138819566, 63.740571497174976
11.007258430974439, 63.742491127738056
11.06229472312931, 63.744410758301136
11.117331015284183, 63.746330388864216
11.172367307439055, 63.748250019427296
11.227403599593927, 63.750169649990376
11.2824398917488, 63.752089280553456
11.337476183903672, 63.75400891111654
11.392512476058544, 63.75592854167962
11.447548768213416, 63.7578481722427
11.502585060368288, 63.75976780280578
11.55762135252316, 63.76168743336886
11.612657644678032, 63.76360706393194
11.667693936832904, 63.76552669449502
11.722730228987777, 63.7674463250581
11.777766521142649, 63.76936595562119
11.832802813297521, 63.77128558618427
11.887839105452393, 63.77320521674735
11.942875397607265, 63.77512484731043
11.997911689762137, 63.77704447787351
12.05294798191701, 63.77896410843659
12.107984274071882, 63.78088373899967
12.163020566226754, 63.78280336956275
12.218056858381626, 63.78472300012584
12.273093150536498, 63.78664263068892
12.32812944269137, 63.788562261252
12.383165734846243, 63.79048189181508
12.438202027001115, 63.79240152237816
12.493238319155987, 63.79432115294124
12.548274611310859, 63.79624078350432
12.603310903465731, 63.7981604140674
12.658347195620603, 63.800080044630484
12.713383487775477, 63.801999675193564
12.76841977993035, 63.803919305756644
12.823456072085222, 63.805838936319724
12.878492364240094, 63.807758566882804
12.933528656394966, 63.80967819744588
12.988564948549838, 63.81159782800896
13.04360124070471, 63.81351745857205
13.098637532859582, 63.81543708913513
13.153673825014454, 63.81735671969821
13.208710117169327, 63.81927635026129
13.263746409324199, 63.82119598082437
13.318782701479071, 63.82311561138745
13.373818993633943, 63.82503524195053
13.428855285788815, 63.82695487251361
13.483891577943687, 63.8288745030767
13.53892787009856, 63.83079413363978
13.593964162253432, 63.83271376420286
13.649000454408304, 63.83463339476594
13.704036746563176, 63.83655302532902
13.759073038718048, 63.8384726558921
13.81410933087292, 63.84039228645518
13.869145623027793, 63.84231191701826
13.924181915182665, 63.844231547581344
13.979218207337537, 63.846151178144424
14.034254499492409, 63.848070808707504
14.089290791647281, 63.849990439270584
14.144327083802153, 63.851910069833664
14.199363375957025, 63.853829700396744
14.254399668111898, 63.855749330959824
14.30943596026677, 63.857668961522904
14.364472252421642, 63.85958859208599
14.419508544576514, 63.86150822264907
14.474544836731386, 63.86342785321215
14.529581128886258, 63.86534748377523
14.58461742104113, 63.86726711433831
14.639653713196003, 63.86918674490139
14.694690005350875, 63.87110637546447
14.749726297505747, 63.87302600602755
14.80476258966062, 63.87494563659064
14.859798881815491, 63.87686526715372
14.914835173970364, 63.8787848977168
14.969871466125236, 63.88070452827988
15.024907758280108, 63.88262415884296
15.07994405043498, 63.88454378940604
15.134980342589852, 63.88646341996912
15.190016634744724, 63.888383050532205
15.245052926899596, 63.890302681095285
15.300089219054469, 63.892222311658365
15.35512551120934, 63.894141942221445
15.410161803364213, 63.896061572784525
15.465198095519085, 63.897981203347605
15.520234387673959, 63.899900833910685
15.575270679828831, 63.901820464473765
15.630306971983703, 63.90374009503685
15.685343264138575, 63.90565972559993
15.740379556293448, 63.90757935616301
15.79541584844832, 63.90949898672609
15.850452140603192, 63.91141861728917
15.905488432758064, 63.91333824785225
15.960524724912936, 63.91525787841533
16.015561017067807, 63.91717750897841
16.07059730922268, 63.9190971395415
16.12563360137755, 63.92101677010458
16.180669893532425, 63.92293640066766
16.235706185687295, 63.92485603123074
16.29074247784217, 63.92677566179382
16.34577876999704, 63.9286952923569
16.400815062151914, 63.93061492291998
16.455851354306784, 63.93253455348306
16.510887646461658, 63.934454184046146
16.56592393861653, 63.936373814609226
16.620960230771402, 63.938293445172306
16.675996522926273, 63.940213075735386
16.731032815081146, 63.942132706298466
16.786069107236017, 63.944052336861546
16.84110539939089, 63.945971967424626
16.89614169154576, 63.94789159798771
16.951177983700635, 63.94981122855079
17.00621427585551, 63.95173085911387
17.06125056801038, 63.95365048967695
17.116286860165253, 63.95557012024003
17.171323152320124, 63.95748975080311
17.226359444474998, 63.95940938136619
17.281395736629868, 63.96132901192927
17.336432028784742, 63.96324864249236
17.391468320939612, 63.96516827305544
17.446504613094486, 63.96708790361852
17.501540905249357, 63.9690075341816
17.55657719740423, 63.97092716474468
17.6116134895591, 63.97284679530776
17.666649781713975, 63.97476642587084
17.721686073868845, 63.97668605643392
17.77672236602372, 63.97860568699701
17.83175865817859, 63.98052531756009
17.886794950333464, 63.98244494812317
17.941831242488334, 63.98436457868625
17.996867534643208, 63.98628420924933
18.05190382679808, 63.98820383981241
18.106940118952952, 63.99012347037549
18.161976411107823, 63.99204310093857
18.217012703262697, 63.993962731501654
18.272048995417567, 63.995882362064734
18.32708528757244, 63.997801992627814
18.38212157972731, 63.999721623190894
18.437157871882185, 64.00164125375397
18.492194164037056, 64.00356088431705
18.54723045619193, 64.00548051488013
18.6022667483468, 64.00740014544321
18.657303040501674, 64.0093197760063
18.712339332656544, 64.01123940656937
18.767375624811418, 64.01315903713245
18.82241191696629, 64.01507866769555
18.877448209121162, 64.01699829825863
18.932484501276033, 64.01891792882171
18.987520793430907, 64.02083755938479
19.042557085585777, 64.02275718994787
19.09759337774065, 64.02467682051095
19.15262966989552, 64.02659645107403
19.207665962050395, 64.02851608163711
19.262702254205266, 64.03043571220019
19.31773854636014, 64.03235534276327
19.37277483851501, 64.03427497332635
19.427811130669884, 64.03619460388943
19.482847422824754, 64.03811423445251
19.53788371497963, 64.04003386501559
19.5929200071345, 64.04195349557867
19.647956299289373, 64.04387312614175
19.702992591444243, 64.04579275670484
19.758028883599117, 64.04771238726792
19.81306517575399, 64.049632017831
19.86810146790886, 64.05155164839408
19.923137760063735, 64.05347127895716
19.978174052218606, 64.05539090952024
20.03321034437348, 64.05731054008332
20.08824663652835, 64.0592301706464
20.143282928683224, 64.06114980120948
20.198319220838094, 64.06306943177256
20.253355512992968, 64.06498906233564
20.30839180514784, 64.06690869289872
20.363428097302712, 64.0688283234618
20.418464389457583, 64.07074795402488
20.473500681612457, 64.07266758458796
20.528536973767327, 64.07458721515106
20.5835732659222, 64.07650684571414
20.63860955807707, 64.07842647627722
20.693645850231945, 64.0803461068403
20.748682142386816, 64.08226573740338
20.80371843454169, 64.08418536796646
20.85875472669656, 64.08610499852954
20.913791018851434, 64.08802462909262
20.968827311006304, 64.0899442596557
21.02386360316118, 64.09186389021878
21.07889989531605, 64.09378352078186
21.133936187470923, 64.09570315134494
21.188972479625793, 64.09762278190802
21.244008771780667, 64.0995424124711
21.299045063935537, 64.10146204303418
21.35408135609041, 64.10338167359726
21.40911764824528, 64.10530130416035
21.464153940400156, 64.10722093472343
21.519190232555026, 64.10914056528651
21.5742265247099, 64.11106019584959
21.62926281686477, 64.11297982641267
21.684299109019644, 64.11489945697575
21.739335401174515, 64.11681908753883
21.79437169332939, 64.11873871810191
21.84940798548426, 64.12065834866499
21.904444277639133, 64.12257797922807
21.959480569794003, 64.12449760979115
22.014516861948877, 64.12641724035423
22.069553154103748, 64.12833687091731
22.12458944625862, 64.13025650148039
22.179625738413492, 64.13217613204347
22.234662030568366, 64.13409576260656
22.289698322723236, 64.13601539316964
22.34473461487811, 64.13793502373272
22.39977090703298, 64.1398546542958
22.454807199187854, 64.14177428485888
22.509843491342725, 64.14369391542196
22.5648797834976, 64.14561354598504
22.619916075652473, 64.14753317654812
22.674952367807343, 64.1494528071112
22.729988659962217, 64.15137243767428
22.785024952117087, 64.15329206823736
22.84006124427196, 64.15521169880044
22.89509753642683, 64.15713132936352
22.950133828581706, 64.1590509599266
23.005170120736576, 64.16097059048968
23.06020641289145, 64.16289022105276
23.11524270504632, 64.16480985161586
23.170278997201194, 64.16672948217894
23.225315289356065, 64.16864911274202
23.28035158151094, 64.1705687433051
23.33538787366581, 64.17248837386818
23.390424165820683, 64.17440800443126
23.445460457975553, 64.17632763499434
23.500496750130427, 64.17824726555742
23.555533042285298, 64.1801668961205
23.61056933444017, 64.18208652668358
23.665605626595042, 64.18400615724666
23.720641918749916, 64.18592578780974
23.775678210904786, 64.18784541837282
23.83071450305966, 64.1897650489359
23.88575079521453, 64.19168467949898
23.940787087369404, 64.19360431006207
23.995823379524275, 64.19552394062515
24.05085967167915, 64.19744357118823
24.10589596383402, 64.19936320175131
24.160932255988893, 64.20128283231439
24.215968548143763, 64.20320246287747
24.271004840298637, 64.20512209344055
24.326041132453508, 64.20704172400363
24.38107742460838, 64.20896135456671
24.436113716763252, 64.21088098512979
24.491150008918126, 64.21280061569287
24.546186301072996, 64.21472024625595
24.60122259322787, 64.21663987681903
24.65625888538274, 64.21855950738211
24.711295177537615, 64.22047913794519
24.766331469692485, 64.22239876850827
24.82136776184736, 64.22431839907136
24.87640405400223, 64.22623802963444
24.931440346157103, 64.22815766019752
24.986476638311974, 64.2300772907606
25.041512930466848, 64.23199692132368
25.096549222621718, 64.23391655188676
25.151585514776592, 64.23583618244984
25.206621806931462, 64.23775581301292
25.261658099086336, 64.239675443576
25.316694391241207, 64.24159507413908
25.37173068339608, 64.24351470470216
25.426766975550954, 64.24543433526524
25.481803267705825, 64.24735396582832
25.5368395598607, 64.2492735963914
25.59187585201557, 64.25119322695448
25.646912144170443, 64.25311285751758
25.701948436325313, 64.25503248808066
25.756984728480187, 64.25695211864374
25.812021020635058, 64.25887174920682
25.86705731278993, 64.2607913797699
25.922093604944802, 64.26271101033298
25.977129897099676, 64.26463064089606
26.032166189254546, 64.26655027145914
26.08720248140942, 64.26846990202222
26.14223877356429, 64.2703895325853
26.197275065719165, 64.27230916314838
26.252311357874035, 64.27422879371146
26.30734765002891, 64.27614842427454
26.36238394218378, 64.27806805483762
26.417420234338653, 64.2799876854007
26.472456526493524, 64.28190731596378
26.527492818648398, 64.28382694652687
26.582529110803268, 64.28574657708995
26.637565402958142, 64.28766620765303
26.692601695113012, 64.28958583821611
26.747637987267886, 64.29150546877919
26.802674279422757, 64.29342509934227
26.85771057157763, 64.29534472990535
26.9127468637325, 64.29726436046843
26.967783155887375, 64.29918399103151
27.022819448042245, 64.30110362159459
27.07785574019712, 64.30302325215767
27.13289203235199, 64.30494288272075
27.187928324506863, 64.30686251328383
27.242964616661734, 64.30878214384691
27.298000908816608, 64.31070177440999
27.353037200971478, 64.31262140497307
27.408073493126352, 64.31454103553617
27.463109785281222, 64.31646066609925
27.518146077436096, 64.31838029666233
27.573182369590967, 64.3202999272254
27.62821866174584, 64.32221955778849
27.68325495390071, 64.32413918835157
27.738291246055585, 64.32605881891465
27.793327538210455, 64.32797844947773
27.84836383036533, 64.3298980800408
27.9034001225202, 64.33181771060389
27.958436414675074, 64.33373734116697
28.013472706829944, 64.33565697173005
28.068508998984818, 64.33757660229313
28.12354529113969, 64.3394962328562
28.178581583294562, 64.34141586341929
28.233617875449436, 64.34333549398238
28.288654167604307, 64.34525512454546
28.34369045975918, 64.34717475510854
28.39872675191405, 64.34909438567162
28.453763044068925, 64.3510140162347
28.508799336223795, 64.35293364679778
28.56383562837867, 64.35485327736086
28.61887192053354, 64.35677290792394
28.673908212688413, 64.35869253848702
28.728944504843284, 64.3606121690501
28.783980796998158, 64.36253179961318
28.839017089153028, 64.36445143017626
28.894053381307902, 64.36637106073934
28.949089673462773, 64.36829069130242
29.004125965617646, 64.3702103218655
29.059162257772517, 64.3721299524286
29.11419854992739, 64.37404958299167
29.16923484208226, 64.37596921355475
29.224271134237135, 64.37788884411783
29.279307426392005, 64.37980847468091
29.33434371854688, 64.381728105244
29.38938001070175, 64.38364773580707
29.444416302856624, 64.38556736637015
29.499452595011494, 64.38748699693323
29.554488887166368, 64.38940662749631
29.60952517932124, 64.3913262580594
29.664561471476112, 64.39324588862247
29.719597763630983, 64.39516551918555
29.774634055785857, 64.39708514974863
29.829670347940727, 64.39900478031171
29.8847066400956, 64.4009244108748
29.93974293225047, 64.40284404143789
29.994779224405345, 64.40476367200097
30.049815516560216, 64.40668330256405
30.10485180871509, 64.40860293312713
30.15988810086996, 64.41052256369021
30.214924393024834, 64.41244219425329
30.269960685179704, 64.41436182481637
30.324996977334578, 64.41628145537945
30.38003326948945, 64.41820108594253
30.435069561644323, 64.42012071650561
30.490105853799193, 64.42204034706869
30.545142145954067, 64.42395997763177
30.600178438108937, 64.42587960819485
30.65521473026381, 64.42779923875793
30.71025102241868, 64.42971886932101
30.765287314573555, 64.43163849988409
30.820323606728426, 64.43355813044718
30.8753598988833, 64.43547776101026
30.93039619103817, 64.43739739157334
30.985432483193044, 64.43931702213642
31.040468775347918, 64.4412366526995
31.09550506750279, 64.44315628326258
31.150541359657662, 64.44507591382566
31.205577651812533, 64.44699554438874
31.260613943967407, 64.44891517495182
31.315650236122277, 64.4508348055149
31.37068652827715, 64.45275443607798
31.42572282043202, 64.45467406664106
31.480759112586895, 64.45659369720414
31.535795404741766, 64.45851332776722
31.59083169689664, 64.4604329583303
31.64586798905151, 64.4623525888934
31.700904281206384, 64.46427221945648
31.755940573361254, 64.46619185001956
31.81097686551613, 64.46811148058264
31.866013157671, 64.47003111114572
31.921049449825873, 64.4719507417088
31.976085741980743, 64.47387037227188
32.03112203413561, 64.47579000283496
32.08615832629049, 64.47770963339804
32.14119461844536, 64.47962926396112
32.196230910600235, 64.4815488945242
32.2512672027551, 64.48346852508728
32.306303494909976, 64.48538815565036
32.36133978706485, 64.48730778621344
32.416376079219724, 64.48922741677652
32.47141237137459, 64.4911470473396
32.526448663529465, 64.49306667790269
32.58148495568434, 64.49498630846577
32.63652124783921, 64.49690593902885
32.69155753999408, 64.49882556959193
32.74659383214895, 64.50074520015501
32.80163012430383, 64.50266483071809
32.8566664164587, 64.50458446128117
32.91170270861357, 64.50650409184425
32.96673900076844, 64.50842372240733
33.021775292923316, 64.51034335297041
33.07681158507819, 64.51226298353349
33.13184787723306, 64.51418261409657
33.18688416938793, 64.51610224465965
33.241920461542804, 64.51802187522273
33.29695675369768, 64.51994150578581
33.351993045852545, 64.5218611363489
33.40702933800742, 64.52378076691198
33.46206563016229, 64.52570039747506
33.51710192231717, 64.52762002803814
33.572138214472034, 64.52953965860122
33.62717450662691, 64.5314592891643
33.68221079878178, 64.53337891972738
33.737247090936656, 64.53529855029046
33.79228338309152, 64.53721818085354
33.847319675246396, 64.53913781141662
33.90235596740127, 64.5410574419797
33.957392259556144, 64.54297707254278
34.01242855171102, 64.54489670310586
34.067464843865885, 64.54681633366894
34.12250113602076, 64.54873596423202
34.17753742817563, 64.5506555947951
34.23257372033051, 64.5525752253582
34.28761001248537, 64.55449485592128
34.34264630464025, 64.55641448648436
34.39768259679512, 64.55833411704744
34.452718888949995, 64.56025374761052
34.50775518110486, 64.5621733781736
34.562791473259736, 64.56409300873668
34.61782776541461, 64.56601263929976
34.672864057569484, 64.56793226986284
34.72790034972435, 64.56985190042592
34.782936641879225, 64.571771530989
34.8379729340341, 64.57369116155208
34.89300922618897, 64.57561079211516
34.94804551834384, 64.57753042267824
35.00308181049871, 64.57945005324132
35.05811810265359, 64.58136968380441
35.11315439480846, 64.58328931436749
35.16819068696333, 64.58520894493057
35.2232269791182, 64.58712857549365
35.278263271273076, 64.58904820605673
35.33329956342795, 64.59096783661981
35.38833585558282, 64.59288746718289
35.44337214773769, 64.59480709774597
35.498408439892565, 64.59672672830905
35.55344473204744, 64.59864635887213
35.608481024202305, 64.60056598943521
35.66351731635718, 64.60248561999829
35.71855360851205, 64.60440525056137
35.77358990066693, 64.60632488112445
35.828626192821794, 64.60824451168753
35.88366248497667, 64.61016414225061
35.93869877713154, 64.6120837728137
35.993735069286416, 64.61400340337678
36.04877136144128, 64.61592303393986
36.10380765359616, 64.61784266450294
36.15884394575103, 64.61976229506602
36.213880237905904, 64.6216819256291
36.26891653006077, 64.62360155619218
36.323952822215645, 64.62552118675526
36.37898911437052, 64.62744081731834
36.43402540652539, 64.62936044788142
36.48906169868026, 64.6312800784445
36.544097990835134, 64.63319970900758
36.59913428299001, 64.63511933957066
36.65417057514488, 64.63703897013374
36.709206867299756, 64.63895860069682
36.76424315945462, 64.64087823125992
36.819279451609496, 64.642797861823
36.87431574376437, 64.64471749238608
36.929352035919244, 64.64663712294916
36.98438832807411, 64.64855675351224
37.039424620228985, 64.65047638407532
37.09446091238386, 64.6523960146384
37.14949720453873, 64.65431564520148
37.2045334966936, 64.65623527576456
37.259569788848474, 64.65815490632764
37.31460608100335, 64.66007453689072
37.36964237315822, 64.6619941674538
37.42467866531309, 64.66391379801688
37.47971495746796, 64.66583342857996
37.534751249622836, 64.66775305914304
37.58978754177771, 64.66967268970612
37.64482383393258, 64.67159232026921
37.69986012608745, 64.67351195083229
37.754896418242325, 64.67543158139537
37.8099327103972, 64.67735121195845
37.864969002552066, 64.67927084252153
37.92000529470694, 64.68119047308461
37.97504158686181, 64.68311010364769
38.03007787901669, 64.68502973421077
38.085114171171554, 64.68694936477385
38.14015046332643, 64.68886899533693
38.1951867554813, 64.69078862590001
38.250223047636176, 64.69270825646309
38.30525933979104, 64.69462788702617
38.36029563194592, 64.69654751758925
38.41533192410079, 64.69846714815233
38.470368216255665, 64.70038677871543
38.52540450841053, 64.7023064092785
38.580440800565405, 64.70422603984159
38.63547709272028, 64.70614567040467
38.69051338487515, 64.70806530096775
38.74554967703002, 64.70998493153083
38.800585969184894, 64.7119045620939
38.85562226133977, 64.71382419265699
38.91065855349464, 64.71574382322007
38.96569484564951, 64.71766345378315
39.02073113780438, 64.71958308434623
39.07576742995926, 64.7215027149093
39.13080372211413, 64.72342234547239
39.185840014269, 64.72534197603547
39.24087630642387, 64.72726160659855
39.295912598578745, 64.72918123716163
39.35094889073362, 64.73110086772472
39.405985182888486, 64.7330204982878
39.46102147504336, 64.73494012885088
39.516057767198234, 64.73685975941396
39.57109405935311, 64.73877938997704
39.62613035150798, 64.74069902054012
39.68116664366285, 64.7426186511032
39.73620293581772, 64.74453828166628
39.791239227972596, 64.74645791222936
39.84627552012747, 64.74837754279244
39.90131181228234, 64.75029717335552
39.95634810443721, 64.7522168039186
40.011384396592085, 64.75413643448168
40.06642068874696, 64.75605606504476
40.121456980901826, 64.75797569560784
40.1764932730567, 64.75989532617093
40.231529565211574, 64.76181495673401
40.28656585736645, 64.7637345872971
40.341602149521314, 64.76565421786017
40.39663844167619, 64.76757384842325
40.45167473383106, 64.76949347898633
40.506711025985936, 64.77141310954941
40.5617473181408, 64.7733327401125
40.61678361029568, 64.77525237067557
40.67181990245055, 64.77717200123865
40.726856194605425, 64.77909163180173
40.78189248676029, 64.78101126236481
40.836928778915166, 64.72683499396737
40.89196507107004, 64.54593567940677
40.94700136322491, 64.36503636484615
41.00203765537978, 64.18413705028556
41.057073947534654, 64.00323773572495
41.11211023968953, 63.82233842116434
41.1671465318444, 63.64143910660373
41.22218282399927, 63.460539792043136
41.27721911615414, 63.27964047748252
41.33225540830902, 63.098741162921904
41.38729170046389, 62.91784184836129
41.44232799261876, 62.7369425338007
41.49736428477363, 62.55604321924009
41.552400576928505, 62.375143904679476
41.60743686908338, 62.19424459011886
41.662473161238246, 62.01334527555827
41.71750945339312, 61.83244596099766
41.772545745547994, 61.65154664643705
41.82758203770287, 61.470647331876435
41.882618329857735, 61.289748017315844
41.93765462201261, 61.10884870275523
41.99269091416748, 60.92794938819462
42.04772720632236, 60.74705007363401
42.10276349847722, 60.566150759073416
42.1577997906321, 60.385251444512804
42.21283608278697, 60.20435212995219
42.267872374941845, 60.02345281539158
42.32290866709672, 59.84255350083096
42.377944959251586, 59.661654186270376
42.43298125140646, 59.48075487170976
42.488017543561334, 59.299855557149144
42.54305383571621, 59.11895624258853
42.598090127871075, 58.93805692802795
42.65312642002595, 58.75715761346733
42.70816271218082, 58.576258298906716
42.763199004335696, 58.3953589843461
42.81823529649056, 58.21445966978551
42.87327158864544, 58.0335603552249
42.92830788080031, 57.85266104066429
42.983344172955185, 57.671761726103675
43.03838046511005, 57.490862411543084
43.093416757264926, 57.30996309698247
43.1484530494198, 57.12906378242186
43.203489341574674, 56.94816446786125
43.25852563372954, 56.767265153300656
43.313561925884414, 56.58636583874004
43.36859821803929, 56.40546652417943
43.42363451019416, 56.22456720961881
43.47867080234903, 56.04366789505823
43.5337070945039, 55.862768580497615
43.58874338665878, 55.681869265936996
43.64377967881365, 55.50096995137639
43.69881597096852, 55.3200706368158
43.75385226312339, 55.13917132225518
43.808888555278266, 54.95827200769457
43.86392484743314, 54.777372693133955
43.918961139588006, 54.596473378573364
43.97399743174288, 54.41557406401275
44.029033723897754, 54.23467474945214
44.08407001605263, 54.05377543489153
44.139106308207495, 53.872876120330936
44.19414260036237, 53.691976805770324
44.24917889251724, 53.51107749120971
44.30421518467212, 53.3301781766491
44.359251476826984, 53.14927886208851
44.41428776898186, 52.968379547527896
44.46932406113673, 52.78748023296728
44.524360353291605, 52.60658091840667
44.57939664544647, 52.42568160384608
44.634432937601346, 52.24478228928547
44.68946922975622, 52.063882974724855
44.744505521911094, 51.88298366016424
44.79954181406596, 51.70208434560365
44.854578106220835, 51.52118503104303
44.90961439837571, 51.34028571648243
44.96465069053058, 51.15938640192181
45.01968698268545, 50.978487087361216
45.07472327484032, 50.79758777280061
45.1297595669952, 50.61668845823999
45.18479585915007, 50.43578914367938
45.239832151304945, 50.25488982911877
45.29486844345981, 50.073990514558176
45.349904735614686, 49.89309119999756
45.40494102776956, 49.71219188543695
45.459977319924434, 49.53129257087634
45.5150136120793, 49.35039325631575
45.570049904234175, 49.169493941755135
45.62508619638905, 48.98859462719452
45.68012248854392, 48.80769531263391
45.73515878069879, 48.62679599807332
45.79019507285366, 48.44589668351271
45.84523136500854, 48.264997368952095
45.90026765716341, 48.084098054391475
45.95530394931828, 47.903198739830884
46.01034024147315, 47.72229942527028
46.065376533628026, 47.54140011070966
46.1204128257829, 47.360500796149054
46.17544911793777, 47.17960148158846
46.23048541009264, 46.998702167027844
46.285521702247514, 46.81780285246724
46.34055799440239, 46.63690353790662
46.395594286557255, 46.45600422334603
46.45063057871213, 46.275104908785416
46.505666870867, 46.0942055942248
46.56070316302188, 45.91330627966419
46.615739455176744, 45.7324069651036
46.67077574733162, 45.55150765054299
46.72581203948649, 45.370608335982375
46.780848331641366, 45.18970902142176
46.83588462379623, 45.00880970686117
46.89092091595111, 44.82791039230056
46.94595720810598, 44.64701107773995
47.000993500260854, 44.46611176317933
47.05602979241572, 44.28521244861874
47.111066084570595, 44.10431313405813
47.16610237672547, 43.92341381949751
47.22113866888034, 43.742514504936906
47.27617496103521, 43.561615190376315
47.331211253190084, 43.380715875815696
47.38624754534496, 43.19981656125509
47.44128383749983, 43.01891724669447
47.4963201296547, 42.83801793213388
47.55135642180957, 42.657118617573275
47.606392713964446, 42.476219303012655
47.66142900611932, 42.29531998845204
47.71646529827419, 42.11442067389146
47.77150159042906, 41.93352135933084
47.826537882583935, 41.75262204477023
47.88157417473881, 41.571722730209615
47.93661046689368, 41.390823415649
47.99164675904855, 41.20992410108841
48.04668305120342, 41.0290247865278
48.1017193433583, 40.84812547196718
48.15675563551317, 40.667226157406574
48.21179192766804, 40.48632684284598
48.26682821982291, 40.305427528285364
48.321864511977786, 40.12452821372476
48.37690080413266, 39.94362889916414
48.43193709628753, 39.76272958460355
48.4869733884424, 39.58183027004294
48.542009680597275, 39.40093095548232
48.59704597275215, 39.22003164092172
48.652082264907015, 39.03913232636113
48.70711855706189, 38.85823301180051
48.76215484921676, 38.677333697239895
48.81719114137164, 38.49643438267928
48.872227433526504, 38.31553506811869
48.92726372568138, 38.13463575355808
48.98230001783625, 37.95373643899747
49.037336309991126, 37.772837124436855
49.09237260214599, 37.59193780987626
49.14740889430087, 37.41103849531565
49.20244518645574, 37.23013918075504
49.257481478610615, 37.049239866194426
49.31251777076548, 36.868340551633835
49.367554062920355, 36.68744123707322
49.42259035507523, 36.50654192251261
49.4776266472301, 36.32564260795199
49.53266293938497, 36.1447432933914
49.587699231539844, 35.963843978830795
49.64273552369472, 35.782944664270175
49.69777181584959, 35.60204534970957
49.75280810800446, 35.42114603514898
49.80784440015933, 35.24024672058836
49.86288069231421, 35.059347406027754
49.91791698446908, 34.878448091467135
49.97295327662395, 34.697548776906544
50.02798956877882, 34.51664946234594
50.083025860933695, 34.33575014778532
50.13806215308857, 34.15485083322471
50.193098445243436, 33.973951518664116
50.24813473739831, 33.7930522041035
50.303171029553184, 33.61215288954289
50.35820732170806, 33.43125357498228
50.413243613862925, 33.25035426042169
50.4682799060178, 33.069454945861075
50.52331619817267, 32.88855563130046
50.578352490327546, 32.70765631673985
50.63338878248241, 32.52675700217926
50.68842507463729, 32.34585768761865
50.74346136679216, 32.164958373058035
50.798497658947035, 31.984059058497415
50.85353395110191, 31.803159743936803
50.908570243256776, 31.62226042937622
50.96360653541165, 31.4413611148156
51.018642827566524, 31.260461800254987
51.0736791197214, 31.079562485694375
51.128715411876264, 30.898663171133784
51.18375170403114, 30.71776385657317
51.23878799618601, 30.53686454201256
51.293824288340886, 30.355965227451946
51.34886058049575, 30.175065912891355
51.40389687265063, 29.994166598330743
51.4589331648055, 29.81326728377013
51.513969456960375, 29.63236796920952
51.56900574911524, 29.451468654648927
51.624042041270116, 29.270569340088315
51.67907833342499, 29.089670025527703
51.73411462557986, 28.90877071096709
51.78915091773473, 28.7278713964065
51.844187209889604, 28.546972081845887
51.89922350204448, 28.366072767285274
51.95425979419935, 28.185173452724655
52.00929608635422, 28.00427413816407
52.06433237850909, 27.82337482360346
52.11936867066397, 27.64247550904284
52.17440496281884, 27.461576194482227
52.22944125497371, 27.280676879921636
52.28447754712858, 27.099777565361023
52.339513839283455, 26.91887825080041
52.39455013143833, 26.7379789362398
52.449586423593196, 26.557079621679208
52.50462271574807, 26.376180307118595
52.559659007902944, 26.195280992557983
52.61469530005782, 26.01438167799737
52.669731592212685, 25.83348236343678
52.72476788436756, 25.652583048876167
52.77980417652243, 25.471683734315555
52.83484046867731, 25.290784419754942
52.88987676083217, 25.10988510519435
52.94491305298705, 24.92898579063374
52.99994934514192, 24.748086476073127
53.054985637296795, 24.567187161512514
53.11002192945166, 24.386287846951923
53.165058221606536, 24.20538853239131
53.22009451376141, 24.0244892178307
53.275130805916284, 23.84358990327008
53.33016709807115, 23.662690588709495
53.385203390226025, 23.481791274148875
53.4402396823809, 23.300891959588263
53.49527597453577, 23.11999264502765
53.550312266690646, 22.93909333046704
53.60534855884551, 22.758194015906447
53.66038485100039, 22.577294701345835
53.71542114315526, 22.396395386785223
53.770457435310135, 22.21549607222461
53.825493727465, 22.03459675766402
53.880530019619876, 21.853697443103407
53.93556631177475, 21.672798128542794
53.990602603929624, 21.491898813982182
54.04563889608449, 21.31099949942159
54.100675188239364, 21.13010018486098
54.15571148039424, 20.949200870300366
54.21074777254911, 20.768301555739754
54.26578406470398, 20.587402241179163
54.32082035685885, 20.40650292661855
54.37585664901373, 20.225603612057938
54.4308929411686, 20.04470429749732
54.48592923332347, 19.863804982936735
54.54096552547834, 19.682905668376115
54.596001817633216, 19.502006353815503
54.65103810978809, 19.32110703925489
54.706074401942956, 19.1402077246943
54.76111069409783, 18.959308410133687
54.816146986252704, 18.778409095573075
54.87118327840758, 18.597509781012462
54.926219570562445, 18.41661046645187
54.98125586271732, 18.23571115189126
