Parameters: [54.4018940648206, 20.095899863900488, 8.264828751679278, 41.045202989754685, 3.718536110188457, -0.19133915369855262, -2.776765469376155]
Points:
0.0, 20.095899863900488
0.05445635041523584, 20.298397769348618
0.10891270083047168, 20.500895674796748
0.16336905124570753, 20.70339358024488
0.21782540166094336, 20.90589148569301
0.2722817520761792, 21.10838939114114
0.32673810249141505, 21.31088729658927
0.3811944529066509, 21.5133852020374
0.4356508033218867, 21.715883107485535
0.49010715373712255, 21.918381012933665
0.5445635041523584, 22.120878918381795
0.5990198545675942, 22.323376823829925
0.6534762049828301, 22.525874729278055
0.7079325553980659, 22.728372634726185
0.7623889058133018, 22.93087054017432
0.8168452562285375, 23.133368445622448
0.8713016066437734, 23.335866351070578
0.9257579570590093, 23.538364256518708
0.9802143074742451, 23.740862161966838
1.0346706578894809, 23.94336006741497
1.0891270083047169, 24.1458579728631
1.1435833587199526, 24.34835587831123
1.1980397091351884, 24.55085378375936
1.2524960595504242, 24.75335168920749
1.3069524099656602, 24.955849594655625
1.361408760380896, 25.158347500103755
1.4158651107961318, 25.360845405551885
1.4703214612113678, 25.563343311000015
1.5247778116266035, 25.765841216448145
1.5792341620418393, 25.96833912189628
1.633690512457075, 26.170837027344408
1.688146862872311, 26.373334932792538
1.7426032132875469, 26.575832838240668
1.7970595637027826, 26.778330743688798
1.8515159141180186, 26.98082864913693
1.9059722645332544, 27.18332655458506
1.9604286149484902, 27.38582446003319
2.014884965363726, 27.58832236548132
2.0693413157789617, 27.79082027092945
2.1237976661941977, 27.993318176377585
2.1782540166094337, 28.195816081825715
2.2327103670246693, 28.398313987273845
2.2871667174399053, 28.600811892721975
2.3416230678551413, 28.803309798170105
2.396079418270377, 29.00580770361824
2.450535768685613, 29.208305609066365
2.5049921191008484, 29.410803514514498
2.5594484695160844, 29.613301419962628
2.6139048199313204, 29.815799325410758
2.668361170346556, 30.018297230858888
2.722817520761792, 30.220795136307018
2.777273871177028, 30.42329304175515
2.8317302215922635, 30.62579094720328
2.8861865720074995, 30.82828885265141
2.9406429224227355, 31.030786758099545
2.995099272837971, 31.23328466354767
3.049555623253207, 31.435782568995805
3.104011973668443, 31.638280474443935
3.1584683240836786, 31.840778379892065
3.2129246744989146, 32.0432762853402
3.26738102491415, 32.245774190788325
3.321837375329386, 32.44827209623646
3.376293725744622, 32.65077000168459
3.4307500761598577, 32.85326790713272
3.4852064265750937, 33.05576581258085
3.5396627769903297, 33.25826371802898
3.5941191274055653, 33.46076162347711
3.6485754778208013, 33.66325952892524
3.7030318282360373, 33.86575743437337
3.757488178651273, 34.068255339821505
3.811944529066509, 34.27075324526963
3.8664008794817444, 34.473251150717765
3.9208572298969804, 34.67574905616589
3.9753135803122164, 34.878246961614025
4.029769930727452, 35.08074486706216
4.084226281142688, 35.283242772510285
4.1386826315579235, 35.48574067795842
4.19313898197316, 35.688238583406545
4.2475953323883955, 35.89073648885468
4.302051682803631, 36.09323439430281
4.3565080332188675, 36.29573229975094
4.410964383634103, 36.49823020519907
4.465420734049339, 36.7007281106472
4.519877084464575, 36.90322601609533
4.574333434879811, 37.10572392154346
4.628789785295046, 37.30822182699159
4.683246135710283, 37.510719732439725
4.737702486125518, 37.71321763788785
4.792158836540754, 37.915715543335985
4.84661518695599, 38.11821344878412
4.901071537371226, 38.320711354232245
4.955527887786461, 38.52320925968037
5.009984238201697, 38.725707165128505
5.064440588616933, 38.92820507057664
5.118896939032169, 39.130702976024764
5.173353289447404, 39.3332008814729
5.227809639862641, 39.53569878692103
5.282265990277876, 39.73819669236916
5.336722340693112, 39.940694597817284
5.391178691108348, 40.143192503265425
5.445635041523584, 40.34569040871355
5.5000913919388195, 40.54818831416168
5.554547742354056, 40.75068621960982
5.6090040927692915, 40.953184125057945
5.663460443184527, 41.15568203050607
5.7179167935997635, 41.358179935954205
5.772373144014999, 41.56067784140234
5.826829494430235, 41.763175746850465
5.881285844845471, 41.9656736522986
5.935742195260707, 42.16817155774673
5.990198545675942, 42.37066946319486
6.044654896091179, 42.57316736864299
6.099111246506414, 42.775665274091125
6.15356759692165, 42.97816317953925
6.208023947336886, 43.18066108498738
6.262480297752122, 43.38315899043551
6.316936648167357, 43.585656895883645
6.371392998582593, 43.78815480133177
6.425849348997829, 43.990652706779905
6.480305699413065, 44.19315061222804
6.5347620498283, 44.395648517676165
6.589218400243537, 44.59814642312429
6.643674750658772, 44.800644328572425
6.698131101074008, 45.00314223402056
6.752587451489244, 45.205640139468684
6.80704380190448, 45.40813804491682
6.861500152319715, 45.61063595036495
6.915956502734952, 45.81313385581308
6.970412853150187, 46.01563176126121
7.024869203565423, 46.21812966670934
7.079325553980659, 46.42062757215747
7.133781904395895, 46.6231254776056
7.1882382548111305, 46.82562338305373
7.242694605226367, 47.028121288501865
7.2971509556416025, 47.23061919394999
7.351607306056838, 47.433117099398125
7.4060636564720745, 47.63561500484626
7.46052000688731, 47.838112910294385
7.514976357302546, 48.04061081574251
7.569432707717782, 48.24310872119065
7.623889058133018, 48.44560662663878
7.678345408548253, 48.648104532086904
7.732801758963489, 48.85060243753504
7.787258109378725, 49.05310034298317
7.841714459793961, 49.2555982484313
7.896170810209196, 49.458096153879424
7.950627160624433, 49.660594059327565
8.005083511039668, 49.86309196477569
8.059539861454905, 50.065589870223825
8.11399621187014, 50.26808777567195
8.168452562285376, 50.470585681120085
8.222908912700612, 50.67308358656822
8.277365263115847, 50.826565296055065
8.331821613531083, 50.8161456640531
8.38627796394632, 50.80572603205114
8.440734314361555, 50.79530640004918
8.495190664776791, 50.78488676804721
8.549647015192027, 50.774467136045246
8.604103365607262, 50.76404750404328
8.658559716022499, 50.75362787204132
8.713016066437735, 50.74320824003936
8.76747241685297, 50.732788608037396
8.821928767268206, 50.72236897603543
8.876385117683443, 50.71194934403347
8.930841468098677, 50.70152971203151
8.985297818513914, 50.691110080029546
9.03975416892915, 50.68069044802758
9.094210519344385, 50.67027081602562
9.148666869759621, 50.65985118402366
9.203123220174858, 50.64943155202169
9.257579570590092, 50.639011920019726
9.312035921005329, 50.628592288017764
9.366492271420565, 50.6181726560158
9.4209486218358, 50.60775302401384
9.475404972251036, 50.597333392011876
9.529861322666273, 50.586913760009914
9.584317673081507, 50.57649412800795
9.638774023496744, 50.56607449600599
9.69323037391198, 50.555654864004026
9.747686724327215, 50.545235232002064
9.802143074742451, 50.5348156000001
9.856599425157686, 50.52439596799814
9.911055775572922, 50.51397633599617
9.965512125988159, 50.50355670399421
10.019968476403394, 50.493137071992244
10.07442482681863, 50.48271743999028
10.128881177233866, 50.47229780798832
10.183337527649101, 50.46187817598636
10.237793878064338, 50.451458543984394
10.292250228479574, 50.44103891198243
10.346706578894809, 50.43061927998047
10.401162929310045, 50.42019964797851
10.455619279725282, 50.409780015976544
10.510075630140516, 50.39936038397458
10.564531980555753, 50.38894075197262
10.61898833097099, 50.37852111997065
10.673444681386224, 50.36810148796869
10.72790103180146, 50.357681855966725
10.782357382216697, 50.34726222396476
10.836813732631931, 50.3368425919628
10.891270083047168, 50.32642295996084
10.945726433462404, 50.316003327958875
11.000182783877639, 50.30558369595691
11.054639134292875, 50.29516406395495
11.109095484708112, 50.28474443195299
11.163551835123346, 50.274324799951025
11.218008185538583, 50.26390516794906
11.27246453595382, 50.25348553594709
11.326920886369054, 50.24306590394513
11.38137723678429, 50.23264627194317
11.435833587199527, 50.222226639941205
11.490289937614762, 50.21180700793924
11.544746288029998, 50.20138737593728
11.599202638445234, 50.19096774393532
11.65365898886047, 50.180548111933355
11.708115339275706, 50.17012847993139
11.762571689690942, 50.15970884792943
11.817028040106177, 50.14928921592747
11.871484390521413, 50.138869583925505
11.92594074093665, 50.12844995192354
11.980397091351884, 50.11803031992157
12.03485344176712, 50.10761068791961
12.089309792182357, 50.09719105591765
12.143766142597592, 50.086771423915685
12.198222493012828, 50.07635179191372
12.252678843428065, 50.06593215991176
12.3071351938433, 50.0555125279098
12.361591544258536, 50.045092895907835
12.416047894673772, 50.03467326390587
12.470504245089007, 50.02425363190391
12.524960595504243, 50.01383399990195
12.579416945919478, 50.003414367899985
12.633873296334714, 49.99299473589802
12.688329646749951, 49.98257510389605
12.742785997165186, 49.97215547189409
12.797242347580422, 49.96173583989213
12.851698697995658, 49.951316207890166
12.906155048410893, 49.9408965758882
12.96061139882613, 49.93047694388624
13.015067749241366, 49.92005731188428
13.0695240996566, 49.909637679882316
13.123980450071837, 49.89921804788035
13.178436800487074, 49.88879841587839
13.232893150902308, 49.87837878387643
13.287349501317545, 49.867959151874466
13.341805851732781, 49.8575395198725
13.396262202148016, 49.847119887870534
13.450718552563252, 49.83670025586857
13.505174902978489, 49.82628062386661
13.559631253393723, 49.815860991864646
13.61408760380896, 49.805441359862684
13.668543954224196, 49.79502172786072
13.72300030463943, 49.78460209585876
13.777456655054667, 49.774182463856796
13.831913005469904, 49.763762831854834
13.886369355885138, 49.75334319985287
13.940825706300375, 49.74292356785091
13.995282056715611, 49.732503935848946
14.049738407130846, 49.722084303846984
14.104194757546082, 49.711664671845014
14.158651107961319, 49.70124503984305
14.213107458376554, 49.69082540784109
14.26756380879179, 49.68040577583913
14.322020159207026, 49.669986143837164
14.376476509622261, 49.6595665118352
14.430932860037498, 49.64914687983324
14.485389210452734, 49.63872724783128
14.539845560867969, 49.628307615829314
14.594301911283205, 49.61788798382735
14.648758261698442, 49.60746835182539
14.703214612113676, 49.59704871982343
14.757670962528913, 49.586629087821464
14.812127312944149, 49.576209455819495
14.866583663359384, 49.56578982381753
14.92104001377462, 49.55537019181557
14.975496364189857, 49.54495055981361
15.029952714605091, 49.534530927811645
15.084409065020328, 49.52411129580968
15.138865415435564, 49.51369166380772
15.193321765850799, 49.50327203180576
15.247778116266035, 49.492852399803795
15.302234466681272, 49.48243276780183
15.356690817096506, 49.47201313579987
15.411147167511743, 49.46159350379791
15.465603517926978, 49.451173871795945
15.520059868342214, 49.440754239793975
15.57451621875745, 49.43033460779201
15.628972569172685, 49.41991497579005
15.683428919587922, 49.40949534378809
15.737885270003158, 49.399075711786125
15.792341620418393, 49.38865607978416
15.846797970833629, 49.3782364477822
15.901254321248866, 49.36781681578024
15.9557106716641, 49.357397183778275
16.010167022079337, 49.34697755177631
16.064623372494573, 49.33655791977435
16.11907972290981, 49.32613828777239
16.173536073325046, 49.31571865577042
16.22799242374028, 49.305299023768455
16.282448774155515, 49.29487939176649
16.33690512457075, 49.28445975976453
16.391361474985988, 49.27404012776257
16.445817825401225, 49.263620495760605
16.50027417581646, 49.25320086375864
16.554730526231694, 49.24278123175668
16.60918687664693, 49.23236159975472
16.663643227062167, 49.221941967752755
16.718099577477403, 49.21152233575079
16.77255592789264, 49.20110270374883
16.827012278307873, 49.19068307174687
16.88146862872311, 49.180263439744905
16.935924979138345, 49.169843807742936
16.990381329553582, 49.15942417574097
17.04483767996882, 49.14900454373901
17.099294030384055, 49.13858491173705
17.153750380799288, 49.128165279735086
17.208206731214524, 49.11774564773312
17.26266308162976, 49.10732601573116
17.317119432044997, 49.0969063837292
17.371575782460233, 49.086486751727236
17.42603213287547, 49.07606711972527
17.480488483290703, 49.06564748772331
17.53494483370594, 49.05522785572135
17.589401184121176, 49.044808223719386
17.643857534536412, 49.034388591717416
17.69831388495165, 49.023968959715454
17.752770235366885, 49.01354932771349
17.807226585782118, 49.00312969571153
17.861682936197354, 48.992710063709566
17.91613928661259, 48.982290431707604
17.970595637027827, 48.97187079970564
18.025051987443064, 48.96145116770368
18.0795083378583, 48.951031535701716
18.133964688273533, 48.940611903699754
18.18842103868877, 48.93019227169779
18.242877389104006, 48.91977263969583
18.297333739519242, 48.90935300769386
18.35179008993448, 48.8989333756919
18.406246440349715, 48.888513743689934
18.460702790764948, 48.87809411168797
18.515159141180185, 48.86767447968601
18.56961549159542, 48.85725484768405
18.624071842010657, 48.846835215682084
18.678528192425894, 48.83641558368012
18.73298454284113, 48.82599595167816
18.787440893256363, 48.8155763196762
18.8418972436716, 48.805156687674234
18.896353594086836, 48.79473705567227
18.950809944502073, 48.7843174236703
19.00526629491731, 48.77389779166834
19.059722645332545, 48.76347815966638
19.11417899574778, 48.753058527664415
19.168635346163015, 48.74263889566245
19.22309169657825, 48.73221926366049
19.277548046993488, 48.72179963165853
19.332004397408724, 48.711379999656565
19.38646074782396, 48.7009603676546
19.440917098239193, 48.69054073565264
19.49537344865443, 48.68012110365068
19.549829799069666, 48.669701471648715
19.604286149484903, 48.65928183964675
19.65874249990014, 48.64886220764478
19.713198850315372, 48.63844257564283
19.76765520073061, 48.62802294364086
19.822111551145845, 48.617603311638895
19.87656790156108, 48.60718367963693
19.931024251976318, 48.59676404763497
19.985480602391554, 48.58634441563301
20.039936952806787, 48.575924783631045
20.094393303222024, 48.56550515162908
20.14884965363726, 48.55508551962712
20.203306004052497, 48.54466588762516
20.257762354467733, 48.534246255623195
20.31221870488297, 48.52382662362123
20.366675055298202, 48.51340699161927
20.42113140571344, 48.50298735961731
20.475587756128675, 48.49256772761534
20.53004410654391, 48.482148095613375
20.584500456959148, 48.47172846361141
20.638956807374385, 48.46130883160945
20.693413157789617, 48.45088919960749
20.747869508204854, 48.440469567605525
20.80232585862009, 48.43004993560356
20.856782209035327, 48.4196303036016
20.911238559450563, 48.40921067159964
20.9656949098658, 48.398791039597675
21.020151260281033, 48.38837140759571
21.07460761069627, 48.37795177559375
21.129063961111505, 48.36753214359178
21.183520311526742, 48.35711251158982
21.23797666194198, 48.346692879587856
21.292433012357215, 48.33627324758589
21.346889362772448, 48.32585361558393
21.401345713187684, 48.31543398358197
21.45580206360292, 48.305014351580006
21.510258414018157, 48.29459471957804
21.564714764433393, 48.28417508757608
21.61917111484863, 48.27375545557412
21.673627465263863, 48.263335823572156
21.7280838156791, 48.25291619157019
21.782540166094336, 48.242496559568224
21.836996516509572, 48.23207692756626
21.89145286692481, 48.2216572955643
21.945909217340045, 48.211237663562336
22.000365567755278, 48.200818031560374
22.054821918170514, 48.19039839955841
22.10927826858575, 48.17997876755645
22.163734619000987, 48.169559135554486
22.218190969416224, 48.159139503552524
22.27264731983146, 48.14871987155056
22.327103670246693, 48.1383002395486
22.38156002066193, 48.127880607546636
22.436016371077166, 48.117460975544674
22.490472721492402, 48.107041343542704
22.54492907190764, 48.09662171154074
22.59938542232287, 48.08620207953878
22.653841772738108, 48.07578244753682
22.708298123153345, 48.065362815534854
22.76275447356858, 48.05494318353289
22.817210823983817, 48.04452355153093
22.871667174399054, 48.03410391952897
22.926123524814287, 48.023684287527004
22.980579875229523, 48.01326465552504
23.03503622564476, 48.00284502352308
23.089492576059996, 47.99242539152112
23.143948926475232, 47.982005759519154
23.19840527689047, 47.971586127517185
23.252861627305702, 47.96116649551522
23.30731797772094, 47.95074686351326
23.361774328136175, 47.9403272315113
23.41623067855141, 47.929907599509335
23.470687028966648, 47.91948796750737
23.525143379381884, 47.90906833550541
23.579599729797117, 47.89864870350345
23.634056080212353, 47.888229071501485
23.68851243062759, 47.87780943949952
23.742968781042826, 47.86738980749756
23.797425131458063, 47.8569701754956
23.8518814818733, 47.846550543493635
23.906337832288532, 47.836130911491665
23.96079418270377, 47.8257112794897
24.015250533119005, 47.81529164748774
24.06970688353424, 47.80487201548578
24.124163233949478, 47.794452383483815
24.178619584364714, 47.78403275148185
24.233075934779947, 47.77361311947989
24.287532285195184, 47.76319348747793
24.34198863561042, 47.752773855475965
24.396444986025656, 47.742354223474
24.450901336440893, 47.73193459147204
24.50535768685613, 47.72151495947008
24.559814037271362, 47.711095327468115
24.6142703876866, 47.700675695466145
24.668726738101835, 47.69025606346418
24.72318308851707, 47.67983643146222
24.777639438932308, 47.66941679946026
24.832095789347544, 47.658997167458296
24.886552139762777, 47.64857753545633
24.941008490178014, 47.63815790345437
24.99546484059325, 47.62773827145241
25.049921191008487, 47.617318639450446
25.104377541423723, 47.60689900744848
25.158833891838956, 47.59647937544652
25.213290242254192, 47.58605974344456
25.26774659266943, 47.575640111442596
25.322202943084665, 47.565220479440626
25.376659293499902, 47.55480084743866
25.43111564391514, 47.5443812154367
25.48557199433037, 47.53396158343474
25.540028344745608, 47.523541951432776
25.594484695160844, 47.51312231943081
25.64894104557608, 47.50270268742885
25.703397395991317, 47.49228305542689
25.757853746406553, 47.481863423424926
25.812310096821786, 47.47144379142296
25.866766447237023, 47.461024159421
25.92122279765226, 47.45060452741904
25.975679148067496, 47.440184895417076
26.030135498482732, 47.429765263415106
26.08459184889797, 47.419345631413144
26.1390481993132, 47.40892599941118
26.193504549728438, 47.39850636740922
26.247960900143674, 47.388086735407256
26.30241725055891, 47.377667103405294
26.356873600974147, 47.36724747140333
26.411329951389384, 47.35682783940137
26.465786301804616, 47.346408207399406
26.520242652219853, 47.335988575397444
26.57469900263509, 47.32556894339548
26.629155353050326, 47.31514931139352
26.683611703465562, 47.304729679391556
26.7380680538808, 47.29431004738959
26.79252440429603, 47.283890415387624
26.846980754711268, 47.27347078338566
26.901437105126504, 47.2630511513837
26.95589345554174, 47.25263151938174
27.010349805956977, 47.242211887379774
27.064806156372214, 47.23179225537781
27.119262506787447, 47.22137262337585
27.173718857202683, 47.21095299137389
27.22817520761792, 47.200533359371924
27.282631558033156, 47.19011372736996
27.337087908448392, 47.179694095368
27.39154425886363, 47.16927446336603
27.44600060927886, 47.15885483136407
27.500456959694098, 47.148435199362105
27.554913310109335, 47.13801556736014
27.60936966052457, 47.12759593535818
27.663826010939808, 47.11717630335622
27.718282361355044, 47.106756671354255
27.772738711770277, 47.09633703935229
27.827195062185513, 47.08591740735033
27.88165141260075, 47.07549777534837
27.936107763015986, 47.065078143346405
27.990564113431223, 47.05465851134444
28.045020463846456, 47.04423887934248
28.099476814261692, 47.03381924734052
28.15393316467693, 47.02339961533855
28.208389515092165, 47.012979983336585
28.2628458655074, 47.00256035133462
28.317302215922638, 46.99214071933266
28.37175856633787, 46.9817210873307
28.426214916753107, 46.971301455328735
28.480671267168344, 46.96088182332677
28.53512761758358, 46.95046219132481
28.589583967998816, 46.94004255932285
28.644040318414053, 46.929622927320885
28.698496668829286, 46.91920329531892
28.752953019244522, 46.90878366331696
28.80740936965976, 46.898364031315
28.861865720074995, 46.88794439931303
28.91632207049023, 46.877524767311066
28.970778420905468, 46.8671051353091
29.0252347713207, 46.85668550330714
29.079691121735937, 46.84626587130518
29.134147472151174, 46.835846239303216
29.18860382256641, 46.82542660730125
29.243060172981647, 46.81500697529929
29.297516523396883, 46.80458734329733
29.351972873812116, 46.794167711295366
29.406429224227352, 46.7837480792934
29.46088557464259, 46.77332844729143
29.515341925057825, 46.76290881528948
29.56979827547306, 46.75248918328751
29.624254625888298, 46.742069551285546
29.67871097630353, 46.73164991928358
29.733167326718767, 46.72123028728162
29.787623677134004, 46.71081065527966
29.84208002754924, 46.700391023277696
29.896536377964477, 46.68997139127573
29.950992728379713, 46.67955175927377
30.005449078794946, 46.66913212727181
30.059905429210183, 46.658712495269846
30.11436177962542, 46.64829286326788
30.168818130040655, 46.637873231265914
30.223274480455892, 46.62745359926395
30.27773083087113, 46.61703396726199
30.33218718128636, 46.606614335260026
30.386643531701598, 46.596194703258064
30.441099882116834, 46.5857750712561
30.49555623253207, 46.57535543925414
30.550012582947307, 46.564935807252176
30.604468933362543, 46.554516175250214
30.658925283777776, 46.54409654324825
30.713381634193013, 46.53367691124629
30.76783798460825, 46.523257279244326
30.822294335023486, 46.512837647242364
30.876750685438722, 46.502418015240394
30.931207035853955, 46.49199838323844
30.98566338626919, 46.48157875123647
31.040119736684428, 46.47115911923451
31.094576087099664, 46.460739487232544
31.1490324375149, 46.45031985523058
31.203488787930137, 46.43990022322862
31.25794513834537, 46.42948059122666
31.312401488760607, 46.419060959224694
31.366857839175843, 46.40864132722273
31.42131418959108, 46.39822169522077
31.475770540006316, 46.38780206321881
31.530226890421552, 46.377382431216844
31.584683240836785, 46.366962799214875
31.63913959125202, 46.35654316721292
31.693595941667258, 46.34612353521095
31.748052292082495, 46.33570390320899
31.80250864249773, 46.325284271207025
31.856964992912967, 46.31486463920506
31.9114213433282, 46.3044450072031
31.965877693743437, 46.29402537520114
32.02033404415867, 46.283605743199175
32.07479039457391, 46.27318611119721
32.129246744989146, 46.26276647919525
32.18370309540438, 46.25234684719329
32.23815944581962, 46.241927215191325
32.292615796234855, 46.231507583189355
32.34707214665009, 46.22108795118739
32.40152849706532, 46.21066831918543
32.45598484748056, 46.20024868718347
32.510441197895794, 46.189829055181505
32.56489754831103, 46.17940942317954
32.61935389872627, 46.16898979117758
32.6738102491415, 46.15857015917562
32.72826659955674, 46.148150527173655
32.782722949971976, 46.13773089517169
32.83717930038721, 46.12731126316973
32.89163565080245, 46.11689163116777
32.946092001217686, 46.106471999165805
33.00054835163292, 46.096052367163836
33.05500470204815, 46.08563273516188
33.10946105246339, 46.07521310315991
33.163917402878624, 46.06479347115795
33.21837375329386, 46.054373839155986
33.2728301037091, 46.04395420715402
33.327286454124334, 46.03353457515206
33.38174280453957, 46.0231149431501
33.43619915495481, 46.012695311148136
33.49065550537004, 46.00227567914617
33.54511185578528, 45.99185604714421
33.599568206200516, 45.98143641514224
33.654024556615745, 45.971016783140286
33.70848090703098, 45.96059715113832
33.76293725744622, 45.95017751913636
33.817393607861455, 45.93975788713439
33.87184995827669, 45.92933825513243
33.92630630869193, 45.918918623130466
33.980762659107164, 45.9084989911285
34.0352190095224, 45.89807935912654
34.08967535993764, 45.88765972712458
34.14413171035287, 45.877240095122616
34.19858806076811, 45.86682046312065
34.253044411183346, 45.85640083111869
34.307500761598575, 45.84598119911673
34.36195711201381, 45.835561567114766
34.41641346242905, 45.825141935112796
34.470869812844285, 45.81472230311084
34.52532616325952, 45.80430267110887
34.57978251367476, 45.79388303910691
34.634238864089994, 45.783463407104946
34.68869521450523, 45.773043775102984
34.74315156492047, 45.76262414310102
34.7976079153357, 45.75220451109906
34.85206426575094, 45.7417848790971
34.906520616166176, 45.731365247095134
34.960976966581406, 45.72094561509317
35.01543331699664, 45.71052598309121
35.06988966741188, 45.70010635108925
35.124346017827115, 45.68968671908728
35.17880236824235, 45.679267087085314
35.23325871865759, 45.66884745508335
35.287715069072824, 45.65842782308139
35.34217141948806, 45.64800819107943
35.3966277699033, 45.637588559077464
35.451084120318534, 45.6271689270755
35.50554047073377, 45.61674929507354
35.55999682114901, 45.60632966307158
35.614453171564236, 45.595910031069614
35.66890952197947, 45.58549039906765
35.72336587239471, 45.57507076706569
35.777822222809945, 45.56465113506373
35.83227857322518, 45.55423150306176
35.88673492364042, 45.543811871059795
35.941191274055655, 45.53339223905783
35.99564762447089, 45.52297260705587
36.05010397488613, 45.51255297505391
36.104560325301364, 45.502133343051945
36.1590166757166, 45.49171371104998
36.21347302613184, 45.48129407904802
36.267929376547066, 45.47087444704606
36.3223857269623, 45.460454815044095
36.37684207737754, 45.45003518304213
36.431298427792775, 45.43961555104017
36.48575477820801, 45.42919591903821
36.54021112862325, 45.41877628703624
36.594667479038485, 45.408356655034275
36.64912382945372, 45.39793702303231
36.70358017986896, 45.38751739103035
36.758036530284194, 45.37709775902839
36.81249288069943, 45.366678127026425
36.86694923111466, 45.35625849502446
36.921405581529896, 45.3458388630225
36.97586193194513, 45.33541923102054
37.03031828236037, 45.324999599018575
37.084774632775606, 45.31457996701661
37.13923098319084, 45.30416033501465
37.19368733360608, 45.29374070301269
37.248143684021315, 45.28332107101072
37.30260003443655, 45.272901439008756
37.35705638485179, 45.26248180700679
37.411512735267024, 45.25206217500483
37.46596908568226, 45.24164254300287
37.52042543609749, 45.231222911000906
37.57488178651273, 45.22080327899894
37.62933813692796, 45.21038364699698
37.6837944873432, 45.19996401499502
37.738250837758436, 45.189544382993056
37.79270718817367, 45.17912475099109
37.84716353858891, 45.16870511898913
37.901619889004145, 45.15828548698717
37.95607623941938, 45.1478658549852
38.01053258983462, 45.137446222983236
38.064988940249854, 45.127026590981274
38.11944529066509, 45.11660695897931
38.17390164108032, 45.10618732697735
38.22835799149556, 45.095767694975386
38.28281434191079, 45.085348062973424
38.33727069232603, 45.07492843097146
38.391727042741266, 45.0645087989695
38.4461833931565, 45.054089166967536
38.50063974357174, 45.043669534965574
38.555096093986975, 45.033249902963604
38.60955244440221, 45.02283027096165
38.66400879481745, 45.01241063895968
38.718465145232685, 45.00199100695772
38.77292149564792, 44.991571374955754
38.82737784606315, 44.98115174295379
38.88183419647839, 44.97073211095183
38.93629054689362, 44.96031247894987
38.99074689730886, 44.949892846947904
39.045203247724096, 44.93947321494594
39.09965959813933, 44.92905358294398
39.15411594855457, 44.91863395094202
39.208572298969806, 44.908214318940054
39.26302864938504, 44.897794686938084
39.31748499980028, 44.88737505493612
39.371941350215515, 44.87695542293416
39.426397700630744, 44.8665357909322
39.48085405104598, 44.856116158930234
39.53531040146122, 44.84569652692827
39.589766751876454, 44.83527689492631
39.64422310229169, 44.82485726292435
39.698679452706926, 44.814437630922384
39.75313580312216, 44.80401799892042
39.8075921535374, 44.79359836691846
39.862048503952636, 44.7831787349165
39.91650485436787, 44.772759102914534
39.97096120478311, 44.762339470912565
40.025417555198345, 44.7519198389106
40.079873905613574, 44.74150020690864
40.13433025602881, 44.73108057490668
40.18878660644405, 44.720660942904715
40.243242956859284, 44.71024131090275
40.29769930727452, 44.69982167890079
40.35215565768976, 44.68940204689883
40.40661200810499, 44.678982414896865
40.46106835852023, 44.6685627828949
40.515524708935466, 44.65814315089294
40.5699810593507, 44.64772351889098
40.62443740976594, 44.637303886889015
40.678893760181175, 44.626884254887045
40.733350110596405, 44.61646462288509
40.78780646101164, 44.60604499088312
40.84226281142688, 44.59562535888116
40.896719161842114, 44.585205726879195
40.95117551225735, 44.57478609487723
41.00563186267259, 44.56436646287527
41.06008821308782, 44.515462182753076
41.11454456350306, 44.3642496693318
41.169000913918296, 44.21303715591052
41.22345726433353, 44.06182464248924
41.27791361474877, 43.910612129067964
41.332369965164006, 43.75939961564669
41.386826315579235, 43.608187102225436
41.44128266599447, 43.45697458880416
41.49573901640971, 43.30576207538288
41.550195366824944, 43.1545495619616
41.60465171724018, 43.00333704854033
41.65910806765542, 42.85212453511905
41.71356441807065, 42.700912021697775
41.76802076848589, 42.5496995082765
41.822477118901126, 42.398486994855226
41.87693346931636, 42.24727448143395
41.9313898197316, 42.09606196801267
41.98584617014683, 41.94484945459141
42.040302520562065, 41.793636941170135
42.0947588709773, 41.642424427748864
42.14921522139254, 41.491211914327586
42.203671571807774, 41.33999940090631
42.25812792222301, 41.18878688748503
42.31258427263825, 41.03757437406375
42.367040623053484, 40.88636186064248
42.42149697346872, 40.7351493472212
42.47595332388396, 40.583936833799925
42.53040967429919, 40.43272432037865
42.58486602471443, 40.281511806957376
42.63932237512966, 40.13029929353612
42.693778725544895, 39.97908678011484
42.74823507596013, 39.82787426669356
42.80269142637537, 39.676661753272285
42.857147776790605, 39.525449239851014
42.91160412720584, 39.374236726429736
42.96606047762108, 39.22302421300846
43.020516828036314, 39.07181169958718
43.07497317845155, 38.9205991861659
43.12942952886679, 38.76938667274463
43.18388587928202, 38.61817415932335
43.23834222969726, 38.466961645902074
43.29279858011249, 38.31574913248082
43.347254930527725, 38.16453661905955
43.40171128094296, 38.01332410563827
43.4561676313582, 37.86211159221699
43.510623981773435, 37.71089907879571
43.56508033218867, 37.559686565374435
43.61953668260391, 37.408474051953164
43.673993033019144, 37.257261538531885
43.72844938343438, 37.10604902511061
43.78290573384962, 36.95483651168933
43.83736208426485, 36.80362399826806
43.89181843468009, 36.65241148484678
43.94627478509532, 36.501198971425524
44.000731135510556, 36.349986458004246
44.05518748592579, 36.19877394458297
44.10964383634103, 36.0475614311617
44.164100186756265, 35.89634891774042
44.2185565371715, 35.74513640431914
44.27301288758674, 35.59392389089786
44.327469238001974, 35.442711377476584
44.38192558841721, 35.29149886405531
44.43638193883245, 35.140286350634035
44.490838289247684, 34.98907383721276
44.54529463966292, 34.837861323791486
44.59975099007815, 34.68664881037023
44.654207340493386, 34.53543629694895
44.70866369090862, 34.38422378352767
44.76312004132386, 34.233011270106395
44.817576391739095, 34.08179875668512
44.87203274215433, 33.930586243263846
44.92648909256957, 33.77937372984257
44.980945442984805, 33.62816121642129
45.03540179340004, 33.47694870300001
45.08985814381528, 33.325736189578734
45.144314494230514, 33.17452367615746
45.19877084464574, 33.023311162736206
45.25322719506098, 32.87209864931493
45.307683545476216, 32.72088613589365
45.36213989589145, 32.56967362247238
45.41659624630669, 32.4184611090511
45.471052596721925, 32.26724859562982
45.52550894713716, 32.116036082208545
45.5799652975524, 31.96482356878727
45.634421647967635, 31.813611055365996
45.68887799838287, 31.662398541944718
45.74333434879811, 31.51118602852344
45.797790699213344, 31.359973515102162
45.85224704962857, 31.208761001680905
45.90670340004381, 31.05754848825963
45.961159750459046, 30.906335974838356
46.01561610087428, 30.755123461417078
46.07007245128952, 30.6039109479958
46.124528801704756, 30.452698434574526
46.17898515211999, 30.30148592115325
46.23344150253523, 30.150273407731973
46.287897852950465, 29.999060894310695
46.3423542033657, 29.84784838088942
46.39681055378094, 29.696635867468146
46.451266904196174, 29.545423354046868
46.505723254611404, 29.39421084062561
46.56017960502664, 29.242998327204333
46.61463595544188, 29.09178581378306
46.66909230585711, 28.940573300361784
46.72354865627235, 28.789360786940506
46.778005006687586, 28.638148273519228
46.83246135710282, 28.486935760097953
46.88691770751806, 28.335723246676675
46.941374057933295, 28.1845107332554
46.99583040834853, 28.033298219834123
47.05028675876377, 27.88208570641285
47.104743109179005, 27.73087319299157
47.159199459594234, 27.579660679570313
47.21365581000947, 27.42844816614904
47.26811216042471, 27.27723565272776
47.32256851083994, 27.126023139306486
47.37702486125518, 26.97481062588521
47.431481211670416, 26.82359811246393
47.48593756208565, 26.672385599042656
47.54039391250089, 26.521173085621378
47.594850262916125, 26.369960572200103
47.64930661333136, 26.218748058778825
47.7037629637466, 26.06753554535755
47.75821931416183, 25.916323031936294
47.812675664577064, 25.765110518515016
47.8671320149923, 25.61389800509374
47.92158836540754, 25.462685491672463
47.97604471582277, 25.31147297825119
48.03050106623801, 25.16026046482991
48.084957416653246, 25.009047951408636
48.13941376706848, 24.857835437987358
48.19387011748372, 24.706622924566084
48.248326467898956, 24.555410411144805
48.30278281831419, 24.40419789772353
48.35723916872943, 24.252985384302253
48.41169551914466, 24.101772870880996
48.466151869559894, 23.950560357459718
48.52060821997513, 23.799347844038444
48.57506457039037, 23.648135330617166
48.629520920805604, 23.49692281719589
48.68397727122084, 23.345710303774613
48.73843362163608, 23.19449779035334
48.79288997205131, 23.04328527693206
48.84734632246655, 22.892072763510786
48.901802672881786, 22.740860250089508
48.95625902329702, 22.589647736668233
49.01071537371226, 22.438435223246955
49.06517172412749, 22.2872227098257
49.119628074542725, 22.136010196404424
49.17408442495796, 21.984797682983146
49.2285407753732, 21.83358516956187
49.282997125788434, 21.682372656140593
49.33745347620367, 21.53116014271932
49.39190982661891, 21.37994762929804
49.44636617703414, 21.228735115876763
49.50082252744938, 21.07752260245549
49.555278877864616, 20.92631008903421
49.60973522827985, 20.775097575612936
49.66419157869509, 20.623885062191658
49.71864792911032, 20.4726725487704
49.773104279525555, 20.321460035349126
49.82756062994079, 20.17024752192785
49.88201698035603, 20.019035008506574
49.936473330771264, 19.867822495085296
49.9909296811865, 19.71660998166402
50.04538603160174, 19.565397468242743
50.09984238201697, 19.41418495482147
50.15429873243221, 19.26297244140019
50.208755082847446, 19.111759927978916
50.26321143326268, 18.960547414557638
50.31766778367791, 18.80933490113638
50.37212413409315, 18.658122387715107
50.426580484508385, 18.50690987429383
50.48103683492362, 18.35569736087255
50.53549318533886, 18.204484847451276
50.589949535754094, 18.053272334029998
50.64440588616933, 17.902059820608724
50.69886223658457, 17.750847307187446
50.753318586999804, 17.59963479376617
50.80777493741504, 17.448422280344893
50.86223128783028, 17.29720976692362
50.91668763824551, 17.14599725350234
50.97114398866074, 16.994784740081084
51.02560033907598, 16.84357222665981
51.080056689491215, 16.69235971323853
51.13451303990645, 16.541147199817257
51.18896939032169, 16.38993468639598
51.243425740736924, 16.238722172974704
51.29788209115216, 16.087509659553426
51.3523384415674, 15.936297146132151
51.406794791982634, 15.785084632710873
51.46125114239787, 15.633872119289595
51.51570749281311, 15.48265960586832
51.57016384322834, 15.331447092447043
51.62462019364357, 15.180234579025786
51.67907654405881, 15.029022065604511
51.733532894474045, 14.877809552183233
51.78798924488928, 14.726597038761959
51.84244559530452, 14.57538452534068
51.896901945719755, 14.424172011919406
51.95135829613499, 14.272959498498128
52.00581464655023, 14.121746985076854
52.060270996965464, 13.970534471655576
52.1147273473807, 13.819321958234301
52.16918369779594, 13.668109444813023
52.22364004821117, 13.516896931391749
52.2780963986264, 13.365684417970492
52.33255274904164, 13.214471904549214
52.387009099456876, 13.06325939112794
52.44146544987211, 12.912046877706661
52.49592180028735, 12.760834364285387
52.550378150702585, 12.609621850864109
52.60483450111782, 12.45840933744283
52.65929085153306, 12.307196824021553
52.713747201948294, 12.155984310600282
52.76820355236353, 12.004771797179004
52.82265990277877, 11.853559283757725
52.877116253194, 11.702346770336447
52.93157260360923, 11.55113425691519
52.98602895402447, 11.39992174349392
53.040485304439706, 11.248709230072642
53.09494165485494, 11.097496716651364
53.14939800527018, 10.946284203230086
53.203854355685415, 10.795071689808815
53.25831070610065, 10.643859176387537
53.31276705651589, 10.492646662966258
53.367223406931124, 10.34143414954498
53.42167975734636, 10.19022163612371
53.4761361077616, 10.039009122702431
53.53059245817683, 9.887796609281175
53.58504880859206, 9.736584095859897
53.6395051590073, 9.585371582438619
53.693961509422536, 9.43415906901734
53.74841785983777, 9.28294655559607
53.80287421025301, 9.131734042174791
53.857330560668245, 8.980521528753513
53.91178691108348, 8.829309015332235
53.96624326149872, 8.678096501910964
54.020699611913955, 8.526883988489686
54.07515596232919, 8.375671475068408
54.12961231274443, 8.22445896164713
54.18406866315966, 8.073246448225873
54.23852501357489, 7.9220339348046025
54.29298136399013, 7.770821421383324
54.347437714405366, 7.619608907962046
54.4018940648206, 7.468396394540768
