Parameters: [45.55841789236932, 21.16361906075071, 7.703329754191301, 39.528044937284854, 4.051183144736635, -0.023196266411397964, -2.760651642317021]
Points:
0.0, 21.16361906075071
0.0456040219142836, 21.348369305662057
0.0912080438285672, 21.533119550573403
0.13681206574285082, 21.71786979548475
0.1824160876571344, 21.902620040396094
0.228020109571418, 22.08737028530744
0.27362413148570164, 22.272120530218785
0.3192281533999852, 22.456870775130135
0.3648321753142688, 22.64162102004148
0.4104361972285524, 22.826371264952826
0.456040219142836, 23.01112150986417
0.5016442410571196, 23.195871754775517
0.5472482629714033, 23.380621999686863
0.5928522848856869, 23.56537224459821
0.6384563067999705, 23.750122489509554
0.684060328714254, 23.9348727344209
0.7296643506285376, 24.119622979332245
0.7752683725428212, 24.30437322424359
0.8208723944571048, 24.489123469154936
0.8664764163713884, 24.673873714066282
0.912080438285672, 24.858623958977628
0.9576844601999557, 25.043374203888973
1.0032884821142392, 25.228124448800322
1.0488925040285229, 25.412874693711665
1.0944965259428066, 25.597624938623014
1.14010054785709, 25.78237518353436
1.1857045697713737, 25.967125428445705
1.2313085916856572, 26.15187567335705
1.276912613599941, 26.336625918268396
1.3225166355142244, 26.521376163179742
1.368120657428508, 26.706126408091087
1.4137246793427916, 26.890876653002433
1.4593287012570753, 27.07562689791378
1.504932723171359, 27.260377142825128
1.5505367450856424, 27.44512738773647
1.5961407669999261, 27.62987763264782
1.6417447889142096, 27.81462787755916
1.6873488108284933, 27.99937812247051
1.7329528327427768, 28.184128367381852
1.7785568546570605, 28.3688786122932
1.824160876571344, 28.553628857204547
1.8697648984856277, 28.738379102115893
1.9153689203999114, 28.92312934702724
1.9609729423141948, 29.107879591938584
2.0065769642284783, 29.29262983684993
2.052180986142762, 29.477380081761275
2.0977850080570457, 29.66213032667262
2.1433890299713294, 29.846880571583966
2.188993051885613, 30.031630816495316
2.2345970737998964, 30.216381061406658
2.28020109571418, 30.401131306318007
2.3258051176284638, 30.58588155122935
2.3714091395427475, 30.770631796140698
2.4170131614570307, 30.95538204105204
2.4626171833713144, 31.14013228596339
2.508221205285598, 31.324882530874735
2.553825227199882, 31.50963277578608
2.5994292491141655, 31.694383020697426
2.6450332710284488, 31.879133265608772
2.6906372929427325, 32.063883510520114
2.736241314857016, 32.24863375543146
2.7818453367713, 32.43338400034281
2.827449358685583, 32.618134245254154
2.873053380599867, 32.802884490165496
2.9186574025141505, 32.987634735076846
2.964261424428434, 33.172384979988195
3.009865446342718, 33.35713522489954
3.055469468257001, 33.541885469810886
3.101073490171285, 33.72663571472223
3.1466775120855686, 33.91138595963358
3.1922815339998523, 34.09613620454492
3.2378855559141355, 34.28088644945627
3.283489577828419, 34.46563669436762
3.329093599742703, 34.65038693927896
3.3746976216569866, 34.8351371841903
3.4203016435712703, 35.01988742910165
3.4659056654855536, 35.204637674013
3.5115096873998373, 35.38938791892434
3.557113709314121, 35.57413816383569
3.6027177312284047, 35.75888840874703
3.648321753142688, 35.94363865365838
3.6939257750569716, 36.128388898569725
3.7395297969712553, 36.313139143481074
3.785133818885539, 36.49788938839242
3.8307378407998227, 36.682639633303765
3.876341862714106, 36.86738987821511
3.9219458846283897, 37.052140123126456
3.9675499065426734, 37.236890368037805
4.013153928456957, 37.42164061294915
4.05875795037124, 37.60639085786049
4.104361972285524, 37.79114110277184
4.149965994199808, 37.97589134768319
4.195570016114091, 38.16064159259453
4.241174038028375, 38.34539183750588
4.286778059942659, 38.53014208241723
4.3323820818569425, 38.71489232732857
4.377986103771226, 38.89964257223991
4.423590125685509, 39.084392817151254
4.469194147599793, 39.269143062062604
4.514798169514076, 39.45389330697395
4.56040219142836, 39.638643551885295
4.606006213342644, 39.823393796796644
4.6516102352569275, 40.00814404170799
4.697214257171211, 40.192894286619335
4.742818279085495, 40.377644531530684
4.788422300999779, 40.562394776442034
4.834026322914061, 40.747145021353376
4.879630344828345, 40.93189526626472
4.925234366742629, 41.11664551117606
4.9708383886569125, 41.30139575608741
5.016442410571196, 41.48614600099876
5.06204643248548, 41.6708962459101
5.107650454399764, 41.85564649082145
5.153254476314047, 42.0403967357328
5.198858498228331, 42.22514698064414
5.244462520142614, 42.40989722555548
5.2900665420568975, 42.59464747046683
5.335670563971181, 42.77939771537818
5.381274585885465, 42.96414796028952
5.426878607799749, 43.148898205200865
5.472482629714032, 43.333648450112214
5.518086651628316, 43.51839869502356
5.5636906735426, 43.703148939934906
5.609294695456883, 43.887899184846255
5.654898717371166, 44.0726494297576
5.70050273928545, 44.257399674668946
5.746106761199734, 44.44214991958029
5.791710783114017, 44.62690016449164
5.837314805028301, 44.811650409402986
5.882918826942585, 44.99640065431433
5.928522848856868, 45.18115089922567
5.974126870771152, 45.36590114413702
6.019730892685436, 45.55065138904837
6.065334914599719, 45.73540163395971
6.110938936514002, 45.92015187887105
6.156542958428286, 46.1049021237824
6.20214698034257, 46.28965236869375
6.247751002256853, 46.47440261360509
6.293355024171137, 46.65915285851644
6.338959046085421, 46.84390310342779
6.3845630679997045, 47.028653348339134
6.430167089913988, 47.213403593250476
6.475771111828271, 47.39815383816182
6.521375133742555, 47.582904083073174
6.566979155656838, 47.767654327984516
6.612583177571122, 47.95240457289586
6.658187199485406, 48.13715481780721
6.7037912213996895, 48.32190506271856
6.749395243313973, 48.5066553076299
6.794999265228257, 48.69140555254125
6.840603287142541, 48.8761557974526
6.886207309056823, 49.06090604236394
6.931811330971107, 49.24565628727528
6.977415352885391, 49.43040653218662
7.0230193747996745, 49.61515677709797
7.068623396713958, 49.79990702200932
7.114227418628242, 49.984657266920664
7.159831440542526, 50.16940751183201
7.205435462456809, 50.35415775674336
7.251039484371093, 50.538908001654704
7.296643506285376, 50.723658246566046
7.3422475281996595, 50.908408491477395
7.387851550113943, 51.093158736388745
7.433455572028227, 51.27790898130009
7.479059593942511, 51.46265922621143
7.524663615856794, 51.64740947112278
7.570267637771078, 51.83215971603413
7.615871659685362, 52.01690996094547
7.661475681599645, 52.20166020585682
7.707079703513929, 52.3711317344552
7.752683725428212, 52.37007389141344
7.798287747342496, 52.36901604837169
7.843891769256779, 52.367958205329934
7.889495791171063, 52.36690036228818
7.935099813085347, 52.36584251924642
7.98070383499963, 52.36478467620467
8.026307856913913, 52.363726833162914
8.071911878828198, 52.36266899012116
8.11751590074248, 52.3616111470794
8.163119922656765, 52.36055330403765
8.208723944571048, 52.359495460995895
8.254327966485333, 52.35843761795414
8.299931988399615, 52.35737977491238
8.345536010313898, 52.35632193187063
8.391140032228183, 52.355264088828875
8.436744054142466, 52.35420624578712
8.48234807605675, 52.35314840274536
8.527952097971033, 52.35209055970361
8.573556119885318, 52.351032716661855
8.6191601417996, 52.3499748736201
8.664764163713885, 52.34891703057834
8.710368185628168, 52.34785918753659
8.755972207542452, 52.346801344494835
8.801576229456735, 52.34574350145308
8.847180251371018, 52.34468565841132
8.892784273285303, 52.34362781536957
8.938388295199585, 52.342569972327816
8.98399231711387, 52.34151212928606
9.029596339028153, 52.3404542862443
9.075200360942437, 52.33939644320255
9.12080438285672, 52.338338600160796
9.166408404771005, 52.33728075711904
9.212012426685288, 52.33622291407728
9.25761644859957, 52.33516507103553
9.303220470513855, 52.334107227993776
9.348824492428138, 52.33304938495202
9.394428514342422, 52.33199154191026
9.440032536256705, 52.33093369886851
9.48563655817099, 52.32987585582676
9.531240580085273, 52.328818012785
9.576844601999557, 52.32776016974324
9.62244862391384, 52.32670232670149
9.668052645828123, 52.32564448365974
9.713656667742407, 52.32458664061798
9.75926068965669, 52.32352879757622
9.804864711570975, 52.322470954534474
9.850468733485258, 52.32141311149272
9.896072755399542, 52.32035526845096
9.941676777313825, 52.319297425409204
9.98728079922811, 52.318239582367454
10.032884821142392, 52.3171817393257
10.078488843056675, 52.31612389628394
10.12409286497096, 52.315066053242184
10.169696886885243, 52.314008210200434
10.215300908799527, 52.31295036715868
10.26090493071381, 52.31189252411692
10.306508952628095, 52.310834681075164
10.352112974542377, 52.309776838033414
10.397716996456662, 52.30871899499166
10.443321018370945, 52.3076611519499
10.488925040285228, 52.306603308908144
10.534529062199512, 52.305545465866395
10.580133084113795, 52.30448762282464
10.62573710602808, 52.30342977978288
10.671341127942362, 52.302371936741125
10.716945149856647, 52.301314093699375
10.76254917177093, 52.30025625065762
10.808153193685214, 52.29919840761586
10.853757215599497, 52.298140564574105
10.89936123751378, 52.297082721532355
10.944965259428065, 52.2960248784906
10.990569281342347, 52.29496703544884
11.036173303256632, 52.293909192407085
11.081777325170915, 52.292851349365336
11.1273813470852, 52.29179350632358
11.172985368999482, 52.29073566328182
11.218589390913767, 52.289677820240065
11.26419341282805, 52.288619977198316
11.309797434742332, 52.28756213415656
11.355401456656617, 52.2865042911148
11.4010054785709, 52.285446448073046
11.446609500485184, 52.28438860503129
11.492213522399467, 52.28333076198954
11.537817544313752, 52.28227291894778
11.583421566228035, 52.281215075906026
11.62902558814232, 52.28015723286427
11.674629610056602, 52.27909938982252
11.720233631970885, 52.27804154678076
11.76583765388517, 52.276983703739006
11.811441675799452, 52.27592586069725
11.857045697713737, 52.2748680176555
11.90264971962802, 52.27381017461374
11.948253741542304, 52.272752331571986
11.993857763456587, 52.27169448853023
12.039461785370872, 52.27063664548848
12.085065807285154, 52.26957880244672
12.130669829199437, 52.26852095940497
12.176273851113722, 52.26746311636321
12.221877873028005, 52.26640527332146
12.26748189494229, 52.265347430279704
12.313085916856572, 52.26428958723795
12.358689938770857, 52.26323174419619
12.40429396068514, 52.26217390115444
12.449897982599424, 52.261116058112684
12.495502004513707, 52.26005821507093
12.54110602642799, 52.25900037202917
12.586710048342274, 52.25794252898742
12.632314070256557, 52.256884685945664
12.677918092170842, 52.25582684290391
12.723522114085124, 52.25476899986215
12.769126135999409, 52.2537111568204
12.814730157913692, 52.252653313778644
12.860334179827976, 52.25159547073689
12.90593820174226, 52.25053762769513
12.951542223656542, 52.24947978465338
12.997146245570827, 52.248421941611625
13.04275026748511, 52.24736409856987
13.088354289399394, 52.24630625552811
13.133958311313677, 52.24524841248636
13.179562333227961, 52.244190569444605
13.225166355142244, 52.24313272640285
13.270770377056529, 52.24207488336109
13.316374398970812, 52.24101704031934
13.361978420885094, 52.239959197277585
13.407582442799379, 52.23890135423583
13.453186464713662, 52.23784351119407
13.498790486627946, 52.23678566815232
13.54439450854223, 52.235727825110565
13.589998530456514, 52.23466998206881
13.635602552370797, 52.23361213902705
13.681206574285081, 52.2325542959853
13.726810596199364, 52.231496452943546
13.772414618113647, 52.23043860990179
13.818018640027931, 52.22938076686003
13.863622661942214, 52.22832292381828
13.909226683856499, 52.227265080776526
13.954830705770782, 52.22620723773477
14.000434727685066, 52.22514939469301
14.046038749599349, 52.22409155165126
14.091642771513634, 52.223033708609506
14.137246793427916, 52.22197586556775
14.1828508153422, 52.22091802252599
14.228454837256484, 52.21986017948424
14.274058859170767, 52.21880233644249
14.319662881085051, 52.21774449340073
14.365266902999334, 52.21668665035897
14.410870924913619, 52.21562880731722
14.456474946827901, 52.21457096427547
14.502078968742186, 52.21351312123371
14.547682990656469, 52.21245527819195
14.593287012570752, 52.211397435150204
14.638891034485036, 52.21033959210845
14.684495056399319, 52.20928174906669
14.730099078313604, 52.208223906024934
14.775703100227886, 52.207166062983184
14.821307122142171, 52.20610821994143
14.866911144056454, 52.20505037689967
14.912515165970738, 52.203992533857914
14.958119187885021, 52.202934690816164
15.003723209799306, 52.20187684777441
15.049327231713589, 52.20081900473265
15.094931253627871, 52.199761161690894
15.140535275542156, 52.198703318649144
15.186139297456439, 52.19764547560739
15.231743319370723, 52.19658763256563
15.277347341285006, 52.195529789523874
15.32295136319929, 52.194471946482125
15.368555385113574, 52.19341410344037
15.414159407027858, 52.19235626039861
15.459763428942141, 52.191298417356855
15.505367450856424, 52.190240574315105
15.550971472770708, 52.18918273127335
15.596575494684991, 52.18812488823159
15.642179516599276, 52.187067045189835
15.687783538513559, 52.186009202148085
15.733387560427843, 52.18495135910633
15.778991582342126, 52.18389351606457
15.82459560425641, 52.182835673022815
15.870199626170693, 52.18177782998106
15.915803648084976, 52.18071998693931
15.96140766999926, 52.17966214389755
16.007011691913544, 52.178604300855795
16.052615713827826, 52.17754645781404
16.098219735742113, 52.17648861477229
16.143823757656396, 52.17543077173053
16.18942777957068, 52.174372928688776
16.23503180148496, 52.17331508564702
16.280635823399244, 52.17225724260527
16.32623984531353, 52.17119939956351
16.371843867227813, 52.170141556521756
16.417447889142096, 52.16908371348
16.46305191105638, 52.16802587043825
16.508655932970665, 52.16696802739649
16.554259954884948, 52.165910184354736
16.59986397679923, 52.16485234131298
16.645467998713514, 52.16379449827123
16.691072020627796, 52.16273665522947
16.736676042542083, 52.161678812187716
16.782280064456366, 52.16062096914596
16.82788408637065, 52.15956312610421
16.87348810828493, 52.15850528306245
16.919092130199218, 52.1574474400207
16.9646961521135, 52.15638959697894
17.010300174027783, 52.15533175393719
17.055904195942066, 52.154273910895434
17.10150821785635, 52.15321606785368
17.147112239770635, 52.15215822481192
17.192716261684918, 52.15110038177017
17.2383202835992, 52.150042538728414
17.283924305513484, 52.14898469568666
17.32952832742777, 52.1479268526449
17.375132349342053, 52.14686900960315
17.420736371256336, 52.145811166561394
17.46634039317062, 52.14475332351964
17.511944415084905, 52.14369548047788
17.557548436999188, 52.14263763743613
17.60315245891347, 52.141579794394374
17.648756480827753, 52.14052195135262
17.694360502742036, 52.13946410831086
17.739964524656322, 52.13840626526911
17.785568546570605, 52.137348422227355
17.831172568484888, 52.1362905791856
17.87677659039917, 52.13523273614384
17.922380612313457, 52.13417489310209
17.96798463422774, 52.133117050060335
18.013588656142023, 52.13205920701858
18.059192678056306, 52.13100136397682
18.10479669997059, 52.12994352093507
18.150400721884875, 52.128885677893315
18.196004743799158, 52.12782783485156
18.24160876571344, 52.1267699918098
18.287212787627723, 52.12571214876805
18.33281680954201, 52.124654305726295
18.378420831456292, 52.12359646268454
18.424024853370575, 52.12253861964278
18.469628875284858, 52.12148077660103
18.51523289719914, 52.120422933559276
18.560836919113427, 52.11936509051752
18.60644094102771, 52.11830724747576
18.652044962941993, 52.11724940443401
18.697648984856276, 52.116191561392256
18.743253006770562, 52.1151337183505
18.788857028684845, 52.11407587530874
18.834461050599128, 52.11301803226699
18.88006507251341, 52.111960189225236
18.925669094427693, 52.11090234618348
18.97127311634198, 52.10984450314172
19.016877138256262, 52.10878666009997
19.062481160170545, 52.10772881705822
19.108085182084828, 52.10667097401646
19.153689203999114, 52.1056131309747
19.199293225913397, 52.10455528793295
19.24489724782768, 52.1034974448912
19.290501269741963, 52.10243960184944
19.336105291656246, 52.10138175880768
19.381709313570532, 52.100323915765934
19.427313335484815, 52.09926607272418
19.472917357399098, 52.09820822968242
19.51852137931338, 52.097150386640664
19.564125401227667, 52.096092543598914
19.60972942314195, 52.09503470055716
19.655333445056232, 52.0939768575154
19.700937466970515, 52.092919014473644
19.746541488884798, 52.091861171431894
19.792145510799084, 52.09080332839014
19.837749532713367, 52.08974548534838
19.88335355462765, 52.088687642306624
19.928957576541933, 52.087629799264874
19.97456159845622, 52.08657195622312
20.020165620370502, 52.08551411318136
20.065769642284785, 52.084456270139604
20.111373664199068, 52.083398427097855
20.15697768611335, 52.0823405840561
20.202581708027637, 52.08128274101434
20.24818572994192, 52.080224897972585
20.293789751856202, 52.079167054930835
20.339393773770485, 52.07810921188908
20.38499779568477, 52.07705136884732
20.430601817599054, 52.075993525805565
20.476205839513337, 52.07493568276381
20.52180986142762, 52.07387783972206
20.567413883341903, 52.0728199966803
20.61301790525619, 52.071762153638545
20.658621927170472, 52.07070431059679
20.704225949084755, 52.06964646755504
20.749829970999038, 52.06858862451328
20.795433992913324, 52.067530781471525
20.841038014827607, 52.06647293842977
20.88664203674189, 52.06541509538802
20.932246058656172, 52.06435725234626
20.977850080570455, 52.063299409304506
21.02345410248474, 52.06224156626275
21.069058124399024, 52.061183723221
21.114662146313307, 52.06012588017924
21.16026616822759, 52.059068037137486
21.205870190141876, 52.05801019409573
21.25147421205616, 52.05695235105398
21.297078233970442, 52.05589450801222
21.342682255884725, 52.054836664970466
21.388286277799008, 52.05377882192871
21.433890299713294, 52.05272097888696
21.479494321627577, 52.0516631358452
21.52509834354186, 52.050605292803446
21.570702365456143, 52.04954744976169
21.61630638737043, 52.04848960671994
21.66191040928471, 52.04743176367818
21.707514431198994, 52.04637392063643
21.753118453113277, 52.04531607759467
21.79872247502756, 52.04425823455292
21.844326496941846, 52.043200391511164
21.88993051885613, 52.04214254846941
21.935534540770412, 52.04108470542765
21.981138562684695, 52.0400268623859
22.02674258459898, 52.038969019344144
22.072346606513264, 52.03791117630239
22.117950628427547, 52.03685333326063
22.16355465034183, 52.03579549021888
22.209158672256113, 52.034737647177124
22.2547626941704, 52.03367980413537
22.30036671608468, 52.03262196109361
22.345970737998964, 52.03156411805186
22.391574759913247, 52.030506275010104
22.437178781827534, 52.02944843196835
22.482782803741816, 52.02839058892659
22.5283868256561, 52.02733274588484
22.573990847570382, 52.026274902843085
22.619594869484665, 52.02521705980133
22.66519889139895, 52.02415921675957
22.710802913313234, 52.02310137371782
22.756406935227517, 52.022043530676065
22.8020109571418, 52.02098568763431
22.847614979056086, 52.01992784459255
22.89321900097037, 52.0188700015508
22.93882302288465, 52.017812158509045
22.984427044798935, 52.01675431546729
23.030031066713217, 52.01569647242553
23.075635088627504, 52.01463862938378
23.121239110541786, 52.013580786342025
23.16684313245607, 52.01252294330027
23.212447154370352, 52.01146510025851
23.25805117628464, 52.01040725721676
23.30365519819892, 52.009349414175006
23.349259220113204, 52.00829157113325
23.394863242027487, 52.00723372809149
23.44046726394177, 52.00617588504974
23.486071285856056, 52.005118042007986
23.53167530777034, 52.00406019896623
23.57727932968462, 52.00300235592447
23.622883351598905, 52.00194451288272
23.66848737351319, 52.000886669840966
23.714091395427474, 51.99982882679921
23.759695417341756, 51.99877098375745
23.80529943925604, 51.9977131407157
23.850903461170322, 51.99665529767395
23.89650748308461, 51.99559745463219
23.94211150499889, 51.99453961159043
23.987715526913174, 51.99348176854868
24.033319548827457, 51.99242392550693
24.078923570741743, 51.99136608246517
24.124527592656026, 51.99030823942341
24.17013161457031, 51.989250396381664
24.21573563648459, 51.98819255333991
24.261339658398875, 51.98713471029815
24.30694368031316, 51.98607686725639
24.352547702227444, 51.985019024214644
24.398151724141727, 51.98396118117289
24.44375574605601, 51.98290333813113
24.489359767970296, 51.981845495089374
24.53496378988458, 51.980787652047624
24.58056781179886, 51.97972980900587
24.626171833713144, 51.97867196596411
24.671775855627427, 51.977614122922354
24.717379877541713, 51.976556279880604
24.762983899455996, 51.97549843683885
24.80858792137028, 51.97444059379709
24.85419194328456, 51.973382750755334
24.899795965198848, 51.972324907713585
24.94539998711313, 51.97126706467183
24.991004009027414, 51.97020922163007
25.036608030941697, 51.969151378588315
25.08221205285598, 51.96809353554656
25.127816074770266, 51.96703569250481
25.17342009668455, 51.96597784946305
25.21902411859883, 51.964920006421295
25.264628140513114, 51.96386216337954
25.3102321624274, 51.96280432033779
25.355836184341683, 51.96174647729603
25.401440206255966, 51.960688634254275
25.44704422817025, 51.95963079121252
25.49264825008453, 51.95857294817077
25.538252271998818, 51.95751510512901
25.5838562939131, 51.956457262087255
25.629460315827384, 51.9553994190455
25.675064337741667, 51.95434157600375
25.720668359655953, 51.95328373296199
25.766272381570236, 51.952225889920236
25.81187640348452, 51.95116804687848
25.8574804253988, 51.95011020383673
25.903084447313084, 51.94905236079497
25.94868846922737, 51.947994517753216
25.994292491141653, 51.94693667471146
26.039896513055936, 51.94587883166971
26.08550053497022, 51.94482098862795
26.131104556884505, 51.943763145586196
26.176708578798788, 51.94270530254444
26.22231260071307, 51.94164745950269
26.267916622627354, 51.94058961646093
26.313520644541637, 51.939531773419176
26.359124666455923, 51.93847393037742
26.404728688370206, 51.93741608733567
26.45033271028449, 51.93635824429391
26.49593673219877, 51.93530040125216
26.541540754113058, 51.9342425582104
26.58714477602734, 51.93318471516865
26.632748797941623, 51.932126872126894
26.678352819855906, 51.93106902908514
26.72395684177019, 51.93001118604338
26.769560863684475, 51.92895334300163
26.815164885598758, 51.927895499959874
26.86076890751304, 51.92683765691812
26.906372929427324, 51.92577981387636
26.95197695134161, 51.92472197083461
26.997580973255893, 51.923664127792854
27.043184995170176, 51.9226062847511
27.08878901708446, 51.92154844170934
27.13439303899874, 51.92049059866759
27.179997060913028, 51.919432755625834
27.22560108282731, 51.91837491258408
27.271205104741593, 51.91731706954232
27.316809126655876, 51.91625922650057
27.362413148570162, 51.915201383458815
27.408017170484445, 51.91414354041706
27.453621192398728, 51.9130856973753
27.49922521431301, 51.91202785433355
27.544829236227294, 51.910970011291795
27.59043325814158, 51.90991216825004
27.636037280055863, 51.90885432520828
27.681641301970146, 51.90779648216653
27.72724532388443, 51.906738639124775
27.772849345798715, 51.90568079608302
27.818453367712998, 51.90462295304126
27.86405738962728, 51.90356510999951
27.909661411541563, 51.902507266957755
27.955265433455846, 51.901449423916
28.000869455370132, 51.90039158087424
28.046473477284415, 51.89933373783249
28.092077499198698, 51.898275894790736
28.13768152111298, 51.89721805174898
28.183285543027267, 51.89616020870722
28.22888956494155, 51.89510236566547
28.274493586855833, 51.894044522623716
28.320097608770116, 51.89298667958196
28.3657016306844, 51.8919288365402
28.411305652598685, 51.89087099349845
28.456909674512968, 51.889813150456696
28.50251369642725, 51.88875530741494
28.548117718341533, 51.88769746437318
28.59372174025582, 51.88663962133143
28.639325762170103, 51.885581778289676
28.684929784084385, 51.88452393524792
28.730533805998668, 51.88346609220616
28.77613782791295, 51.88240824916441
28.821741849827237, 51.88135040612266
28.86734587174152, 51.8802925630809
28.912949893655803, 51.87923472003914
28.958553915570086, 51.878176876997394
29.004157937484372, 51.87711903395564
29.049761959398655, 51.87606119091388
29.095365981312938, 51.87500334787212
29.14097000322722, 51.873945504830374
29.186574025141503, 51.87288766178862
29.23217804705579, 51.87182981874686
29.277782068970073, 51.870771975705104
29.323386090884355, 51.869714132663354
29.368990112798638, 51.8686562896216
29.414594134712925, 51.86759844657984
29.460198156627207, 51.866540603538084
29.50580217854149, 51.865482760496334
29.551406200455773, 51.86442491745458
29.59701022237006, 51.86336707441282
29.642614244284342, 51.862309231371064
29.688218266198625, 51.86125138832931
29.733822288112908, 51.86019354528756
29.77942631002719, 51.8591357022458
29.825030331941477, 51.858077859204045
29.87063435385576, 51.85702001616229
29.916238375770043, 51.85596217312054
29.961842397684325, 51.85490433007878
30.00744641959861, 51.853846487037025
30.053050441512895, 51.85278864399527
30.098654463427177, 51.85173080095352
30.14425848534146, 51.85067295791176
30.189862507255743, 51.849615114870005
30.23546652917003, 51.84855727182825
30.281070551084312, 51.8474994287865
30.326674572998595, 51.84644158574474
30.372278594912878, 51.845383742702985
30.417882616827164, 51.84432589966123
30.463486638741447, 51.84326805661948
30.50909066065573, 51.84221021357772
30.554694682570013, 51.841152370535966
30.600298704484295, 51.84009452749421
30.64590272639858, 51.83903668445246
30.691506748312865, 51.8379788414107
30.737110770227147, 51.836920998368946
30.78271479214143, 51.83586315532719
30.828318814055717, 51.83480531228544
30.87392283597, 51.83374746924368
30.919526857884282, 51.832689626201926
30.965130879798565, 51.83163178316017
31.010734901712848, 51.83057394011842
31.056338923627134, 51.82951609707666
31.101942945541417, 51.828458254034906
31.1475469674557, 51.82740041099315
31.193150989369983, 51.8263425679514
31.23875501128427, 51.82528472490964
31.28435903319855, 51.82422688186789
31.329963055112835, 51.82316903882613
31.375567077027117, 51.82211119578438
31.4211710989414, 51.821053352742624
31.466775120855687, 51.81999550970087
31.51237914276997, 51.81893766665911
31.557983164684252, 51.81787982361736
31.603587186598535, 51.816821980575604
31.64919120851282, 51.81576413753385
31.694795230427104, 51.81470629449209
31.740399252341387, 51.81364845145034
31.78600327425567, 51.812590608408584
31.831607296169953, 51.81153276536683
31.87721131808424, 51.81047492232507
31.92281533999852, 51.80941707928332
31.968419361912805, 51.808359236241564
32.01402338382709, 51.80730139319981
32.059627405741374, 51.80624355015805
32.10523142765565, 51.8051857071163
32.15083544956994, 51.804127864074545
32.196439471484226, 51.80307002103279
32.242043493398505, 51.80201217799103
32.28764751531279, 51.80095433494928
32.33325153722707, 51.799896491907525
32.37885555914136, 51.79883864886577
32.42445958105564, 51.79778080582401
32.47006360296992, 51.79672296278226
32.51566762488421, 51.795665119740505
32.56127164679849, 51.79460727669875
32.606875668712775, 51.79354943365699
32.65247969062706, 51.79249159061524
32.69808371254134, 51.791433747573485
32.74368773445563, 51.79037590453173
32.78929175636991, 51.78931806148997
32.83489577828419, 51.78826021844822
32.88049980019848, 51.787202375406466
32.92610382211276, 51.78614453236471
32.971707844027044, 51.78508668932295
33.01731186594133, 51.7840288462812
33.06291588785561, 51.782971003239446
33.108519909769896, 51.78191316019769
33.154123931684175, 51.78085531715593
33.19972795359846, 51.77979747411418
33.24533197551275, 51.778739631072426
33.29093599742703, 51.77768178803067
33.336540019341314, 51.77662394498891
33.38214404125559, 51.77556610194716
33.42774806316988, 51.774508258905406
33.473352085084166, 51.77345041586365
33.518956106998445, 51.77239257282189
33.56456012891273, 51.77133472978014
33.61016415082702, 51.77027688673839
33.6557681727413, 51.76921904369663
33.70137219465558, 51.76816120065487
33.74697621656986, 51.767103357613124
33.79258023848415, 51.76604551457137
33.838184260398435, 51.76498767152961
33.883788282312715, 51.76392982848785
33.929392304227, 51.7628719854461
33.97499632614128, 51.76181414240435
34.02060034805557, 51.76075629936259
34.06620436996985, 51.759698456320834
34.11180839188413, 51.758640613279084
34.15741241379842, 51.75758277023733
34.2030164357127, 51.75652492719557
34.248620457626984, 51.755467084153814
34.29422447954127, 51.75440924111206
34.33982850145555, 51.75335139807031
34.385432523369836, 51.75229355502855
34.43103654528412, 51.751235711986794
34.4766405671984, 51.75017786894504
34.52224458911269, 51.74912002590329
34.56784861102697, 51.74806218286153
34.613452632941254, 51.747004339819775
34.65905665485554, 51.74594649677802
34.70466067676982, 51.74488865373627
34.750264698684106, 51.74383081069451
34.795868720598385, 51.742772967652755
34.84147274251267, 51.741715124611
34.88707676442696, 51.74065728156925
34.93268078634124, 51.73959943852749
34.97828480825552, 51.738541595485735
35.02388883016981, 51.73748375244398
35.06949285208409, 51.73642590940223
35.115096873998375, 51.73536806636047
35.160700895912655, 51.734310223318715
35.20630491782694, 51.73325238027696
35.25190893974123, 51.73219453723521
35.29751296165551, 51.73113669419345
35.34311698356979, 51.730078851151696
35.38872100548407, 51.72902100810994
35.43432502739836, 51.72796316506819
35.479929049312645, 51.72690532202643
35.525533071226924, 51.725847478984676
35.57113709314121, 51.72478963594292
35.61674111505549, 51.72373179290117
35.662345136969776, 51.72267394985941
35.70794915888406, 51.721616106817656
35.75355318079834, 51.7205582637759
35.79915720271263, 51.71950042073415
35.844761224626914, 51.71844257769239
35.890365246541194, 51.717384734650636
35.93596926845548, 51.71632689160888
35.98157329036976, 51.71526904856713
36.027177312284046, 51.71421120552537
36.07278133419833, 51.71315336248362
36.11838535611261, 51.71209551944186
36.1639893780269, 51.71103767640011
36.20959339994118, 51.709979833358354
36.25519742185546, 51.7089219903166
36.30080144376975, 51.70786414727484
36.34640546568403, 51.70680630423309
36.392009487598315, 51.705748461191334
36.437613509512595, 51.70469061814958
36.48321753142688, 51.70363277510782
36.52882155334117, 51.70257493206607
36.57442557525545, 51.701517089024314
36.62002959716973, 51.70045924598256
36.66563361908402, 51.6994014029408
36.7112376409983, 51.69834355989905
36.756841662912585, 51.697285716857294
36.802445684826864, 51.69622787381554
36.84804970674115, 51.69517003077378
36.89365372865544, 51.69411218773203
36.939257750569716, 51.693054344690275
36.984861772484, 51.69199650164852
37.03046579439828, 51.69093865860676
37.07606981631257, 51.68988081556501
37.121673838226855, 51.688822972523255
37.167277860141134, 51.6877651294815
37.21288188205542, 51.68670728643974
37.2584859039697, 51.68564944339799
37.304089925883986, 51.684591600356235
37.34969394779827, 51.68353375731448
37.39529796971255, 51.68247591427272
37.44090199162684, 51.68141807123097
37.486506013541124, 51.680360228189215
37.5321100354554, 51.67930238514746
37.57771405736969, 51.6782445421057
37.62331807928397, 51.67718669906395
37.668922101198255, 51.676128856022196
37.71452612311254, 51.67507101298044
37.76013014502682, 51.67401316993868
37.80573416694111, 51.67295532689693
37.85133818885539, 51.671897483855176
37.89694221076967, 51.67083964081342
37.94254623268396, 51.66978179777166
37.98815025459824, 51.66872395472991
38.033754276512525, 51.667666111688156
38.079358298426804, 51.6666082686464
38.12496232034109, 51.66555042560464
38.17056634225538, 51.66449258256289
38.216170364169656, 51.663434739521136
38.26177438608394, 51.66237689647938
38.30737840799823, 51.66131905343762
38.35298242991251, 51.66026121039587
38.398586451826795, 51.65920336735412
38.444190473741074, 51.65814552431236
38.48979449565536, 51.6570876812706
38.53539851756965, 51.65602983822885
38.581002539483926, 51.6549719951871
38.62660656139821, 51.65391415214534
38.67221058331249, 51.65285630910358
38.71781460522678, 51.651798466061834
38.763418627141064, 51.65074062302008
38.80902264905534, 51.64968277997832
38.85462667096963, 51.648624936936564
38.90023069288391, 51.64756709389481
38.945834714798195, 51.64650925085306
38.99143873671248, 51.6454514078113
39.03704275862676, 51.644393564769544
39.08264678054105, 51.64333572172779
39.128250802455334, 51.64227787868604
39.17385482436961, 51.64122003564428
39.2194588462839, 51.640162192602524
39.26506286819818, 51.63910434956077
39.310666890112465, 51.63804650651902
39.35627091202675, 51.63698866347726
39.40187493394103, 51.635930820435505
39.44747895585532, 51.63487297739375
39.493082977769596, 51.633815134352
39.53868699968388, 51.603625120385296
39.58429102159817, 51.477728302391355
39.62989504351245, 51.351831484397444
39.675499065426735, 51.225934666403504
39.721103087341014, 51.10003784840959
39.7667071092553, 50.97414103041565
39.81231113116959, 50.84824421242172
39.857915153083866, 50.7223473944278
39.90351917499815, 50.59645057643387
39.94912319691244, 50.47055375843993
39.99472721882672, 50.344656940446015
40.040331240741004, 50.218760122452075
40.08593526265528, 50.092863304458156
40.13153928456957, 49.96696648646422
40.177143306483856, 49.84106966847029
40.222747328398135, 49.71517285047637
40.26835135031242, 49.58927603248244
40.3139553722267, 49.46337921448852
40.35955939414099, 49.33748239649458
40.405163416055274, 49.211585578500646
40.45076743796955, 49.08568876050673
40.49637145988384, 48.959791942512794
40.54197548179812, 48.833895124518875
40.587579503712405, 48.70799830652494
40.63318352562669, 48.582101488531
40.67878754754097, 48.45620467053709
40.72439156945526, 48.33030785254315
40.76999559136954, 48.20441103454922
40.81559961328382, 48.0785142165553
40.86120363519811, 47.952617398561365
40.90680765711239, 47.82672058056745
40.952411679026675, 47.70082376257351
40.99801570094096, 47.57492694457957
41.04361972285524, 47.44903012658566
41.08922374476953, 47.32313330859172
41.134827766683806, 47.1972364905978
41.18043178859809, 47.07133967260387
41.22603581051238, 46.94544285460994
41.27163983242666, 46.81954603661602
41.317243854340944, 46.693649218622085
41.36284787625522, 46.567752400628166
41.40845189816951, 46.44185558263423
41.454055920083796, 46.31595876464029
41.499659941998075, 46.190061946646374
41.54526396391236, 46.06416512865244
41.59086798582665, 45.9382683106585
41.63647200774093, 45.81237149266459
41.682076029655214, 45.68647467467065
41.72768005156949, 45.56057785667674
41.77328407348378, 45.4346810386828
41.818888095398066, 45.308784220688864
41.864492117312345, 45.182887402694945
41.91009613922663, 45.05699058470101
41.95570016114091, 44.93109376670709
42.0013041830552, 44.80519694871316
42.04690820496948, 44.67930013071922
42.09251222688376, 44.55340331272531
42.13811624879805, 44.42750649473137
42.18372027071233, 44.301609676737456
42.229324292626615, 44.175712858743516
42.2749283145409, 44.04981604074958
42.32053233645518, 43.923919222755664
42.36613635836947, 43.79802240476173
42.41174038028375, 43.67212558676779
42.45734440219803, 43.54622876877387
42.50294842411232, 43.42033195077994
42.5485524460266, 43.29443513278602
42.594156467940884, 43.16853831479209
42.63976048985517, 43.042641496798154
42.68536451176945, 42.916744678804235
42.730968533683736, 42.7908478608103
42.776572555598015, 42.664951042816384
42.8221765775123, 42.53905422482245
42.86778059942659, 42.41315740682851
42.91338462134087, 42.28726058883459
42.958988643255154, 42.16136377084066
43.00459266516943, 42.03546695284674
43.05019668708372, 41.90957013485281
43.095800708998006, 41.78367331685887
43.141404730912285, 41.657776498864955
43.18700875282657, 41.531879680871015
43.23261277474086, 41.40598286287708
43.27821679665514, 41.28008604488316
43.32382081856942, 41.15418922688923
43.3694248404837, 41.02829240889531
43.41502886239799, 40.90239559090138
43.460632884312275, 40.77649877290744
43.506236906226555, 40.650601954913526
43.55184092814084, 40.524705136919586
43.59744495005512, 40.398808318925674
43.64304897196941, 40.272911500931734
43.68865299388369, 40.1470146829378
43.73425701579797, 40.02111786494388
43.77986103771226, 39.89522104694994
43.82546505962654, 39.76932422895603
43.871069081540824, 39.64342741096209
43.91667310345511, 39.51753059296816
43.96227712536939, 39.39163377497424
44.007881147283676, 39.265736956980305
44.05348516919796, 39.13984013898637
44.09908919111224, 39.01394332099245
44.14469321302653, 38.88804650299852
44.19029723494081, 38.7621496850046
44.235901256855094, 38.63625286701066
44.28150527876938, 38.51035604901673
44.32710930068366, 38.38445923102281
44.372713322597946, 38.258562413028876
44.418317344512225, 38.13266559503496
44.46392136642651, 38.006768777041025
44.5095253883408, 37.880871959047084
44.55512941025508, 37.754975141053166
44.60073343216936, 37.62907832305923
44.64633745408364, 37.503181505065314
44.69194147599793, 37.37728468707138
44.737545497912215, 37.25138786907745
44.783149519826495, 37.12549105108353
44.82875354174078, 36.999594233089596
44.87435756365507, 36.873697415095656
44.91996158556935, 36.747800597101744
44.96556560748363, 36.621903779107804
45.01116962939791, 36.49600696111389
45.0567736513122, 36.37011014311995
45.102377673226485, 36.24421332512601
45.147981695140764, 36.1183165071321
45.19358571705505, 35.99241968913816
45.23918973896933, 35.86652287114425
45.284793760883616, 35.74062605315031
45.3303977827979, 35.614729235156375
45.37600180471218, 35.488832417162456
45.42160582662647, 35.36293559916852
45.46720984854075, 35.237038781174604
45.512813870455034, 35.11114196318067
45.55841789236932, 34.98524514518674
