Parameters: [49.96778415667936, 19.799378375428603, 12.051253122043486, 38.39156475532235, 4.124709527945401, 0.1273775658965372, -2.73587402214969]
Points:
0.0, 19.799378375428603
0.050017801958637996, 20.005687279734282
0.10003560391727599, 20.211996184039965
0.15005340587591398, 20.418305088345644
0.20007120783455198, 20.624613992651323
0.25008900979319, 20.830922896957006
0.30010681175182796, 21.037231801262685
0.350124613710466, 21.243540705568364
0.40014241566910397, 21.449849609874047
0.45016021762774194, 21.656158514179726
0.50017801958638, 21.862467418485405
0.550195821545018, 22.068776322791088
0.6002136235036559, 22.275085227096767
0.650231425462294, 22.481394131402446
0.700249227420932, 22.687703035708125
0.7502670293795699, 22.894011940013808
0.8002848313382079, 23.100320844319487
0.850302633296846, 23.30662974862517
0.9003204352554839, 23.51293865293085
0.9503382372141219, 23.719247557236528
1.00035603917276, 23.925556461542207
1.0503738411313979, 24.13186536584789
1.100391643090036, 24.33817427015357
1.150409445048674, 24.544483174459252
1.2004272470073118, 24.75079207876493
1.25044504896595, 24.95710098307061
1.300462850924588, 25.16340988737629
1.3504806528832258, 25.36971879168197
1.400498454841864, 25.57602769598765
1.450516256800502, 25.78233660029333
1.5005340587591398, 25.988645504599013
1.550551860717778, 26.194954408904692
1.6005696626764159, 26.40126331321037
1.6505874646350538, 26.60757221751605
1.700605266593692, 26.813881121821733
1.7506230685523299, 27.020190026127413
1.8006408705109678, 27.226498930433095
1.850658672469606, 27.432807834738774
1.9006764744282438, 27.639116739044454
1.9506942763868818, 27.845425643350133
2.00071207834552, 28.051734547655816
2.050729880304158, 28.2580434519615
2.1007476822627957, 28.464352356267177
2.150765484221434, 28.670661260572857
2.200783286180072, 28.876970164878536
2.2508010881387097, 29.083279069184215
2.300818890097348, 29.289587973489898
2.350836692055986, 29.495896877795577
2.4008544940146237, 29.702205782101256
2.450872295973262, 29.90851468640694
2.5008900979319, 30.114823590712618
2.5509078998905377, 30.321132495018297
2.600925701849176, 30.527441399323976
2.650943503807814, 30.73375030362966
2.7009613057664517, 30.940059207935338
2.75097910772509, 31.14636811224102
2.800996909683728, 31.3526770165467
2.8510147116423656, 31.55898592085238
2.901032513601004, 31.76529482515806
2.951050315559642, 31.97160372946374
3.0010681175182796, 32.177912633769424
3.0510859194769178, 32.3842215380751
3.101103721435556, 32.59053044238078
3.1511215233941936, 32.79683934668646
3.2011393253528317, 33.00314825099214
3.25115712731147, 33.20945715529783
3.3011749292701076, 33.4157660596035
3.3511927312287457, 33.622074963909185
3.401210533187384, 33.828383868214864
3.4512283351460216, 34.03469277252054
3.5012461371046597, 34.24100167682622
3.551263939063298, 34.4473105811319
3.6012817410219355, 34.65361948543759
3.6512995429805737, 34.85992838974327
3.701317344939212, 35.066237294048946
3.7513351468978495, 35.272546198354625
3.8013529488564877, 35.478855102660305
3.851370750815126, 35.68516400696599
3.9013885527737635, 35.89147291127166
3.9514063547324016, 36.09778181557735
4.00142415669104, 36.30409071988303
4.0514419586496775, 36.51039962418871
4.101459760608316, 36.716708528494394
4.151477562566954, 36.923017432800066
4.2014953645255915, 37.12932633710575
4.25151316648423, 37.33563524141143
4.301530968442868, 37.54194414571711
4.3515487704015055, 37.74825305002279
4.401566572360144, 37.95456195432847
4.451584374318782, 38.160870858634155
4.501602176277419, 38.36717976293983
4.551619978236058, 38.57348866724551
4.601637780194696, 38.77979757155119
4.651655582153333, 38.98610647585687
4.701673384111972, 39.19241538016255
4.75169118607061, 39.39872428446823
4.801708988029247, 39.60503318877391
4.851726789987886, 39.81134209307959
4.901744591946524, 40.017650997385275
4.951762393905161, 40.22395990169095
5.0017801958638, 40.43026880599663
5.051797997822438, 40.63657771030231
5.101815799781075, 40.84288661460799
5.151833601739714, 41.04919551891368
5.201851403698352, 41.25550442321935
5.251869205656989, 41.461813327525036
5.301887007615628, 41.668122231830715
5.351904809574266, 41.874431136136394
5.401922611532903, 42.08074004044207
5.451940413491542, 42.28704894474775
5.50195821545018, 42.49335784905344
5.551976017408817, 42.69966675335911
5.601993819367456, 42.9059756576648
5.652011621326094, 43.112284561970476
5.702029423284731, 43.318593466276155
5.75204722524337, 43.52490237058184
5.802065027202008, 43.731211274887514
5.852082829160645, 43.9375201791932
5.902100631119284, 44.14382908349888
5.9521184330779215, 44.35013798780456
6.002136235036559, 44.55644689211024
6.052154036995198, 44.76275579641592
6.1021718389538355, 44.9690647007216
6.152189640912473, 45.175373605027275
6.202207442871112, 45.38168250933296
6.2522252448297495, 45.58799141363864
6.302243046788387, 45.79430031794432
6.352260848747026, 46.000609222250006
6.4022786507056635, 46.20691812655568
6.452296452664301, 46.413227030861364
6.50231425462294, 46.61953593516704
6.5523320565815775, 46.82584483947272
6.602349858540215, 47.0321537437784
6.652367660498854, 47.23846264808408
6.7023854624574914, 47.44477155238977
6.752403264416129, 47.65108045669544
6.802421066374768, 47.857389361001125
6.852438868333405, 48.063698265306805
6.902456670292043, 48.270007169612484
6.952474472250682, 48.47631607391817
7.002492274209319, 48.68262497822384
7.052510076167957, 48.88893388252953
7.102527878126596, 49.09524278683521
7.152545680085233, 49.30155169114089
7.202563482043871, 49.507860595446566
7.25258128400251, 49.714169499752245
7.302599085961147, 49.92047840405793
7.352616887919785, 50.1267873083636
7.402634689878424, 50.33309621266929
7.452652491837061, 50.53940511697497
7.502670293795699, 50.74571402128065
7.552688095754338, 50.952022925586334
7.602705897712975, 51.158331829892006
7.652723699671613, 51.36464073419769
7.702741501630252, 51.57094963850337
7.752759303588889, 51.77725854280905
7.802777105547527, 51.98356744711473
7.852794907506166, 52.18987635142041
7.902812709464803, 52.39618525572609
7.952830511423441, 52.60249416003177
8.00284831338208, 52.808803064337454
8.052866115340718, 53.01511196864313
8.102883917299355, 53.22142087294881
8.152901719257994, 53.42772977725449
8.202919521216632, 53.63403868156018
8.252937323175269, 53.84034758586585
8.302955125133908, 54.046656490171536
8.352972927092546, 54.252965394477215
8.402990729051183, 54.459274298782894
8.453008531009822, 54.66558320308857
8.50302633296846, 54.87189210739426
8.553044134927097, 55.07820101169993
8.603061936885736, 55.28450991600562
8.653079738844374, 55.4908188203113
8.703097540803011, 55.697127724616976
8.75311534276165, 55.903436628922655
8.803133144720288, 56.10974553322834
8.853150946678925, 56.316054437534014
8.903168748637563, 56.5223633418397
8.953186550596202, 56.72867224614538
9.003204352554839, 56.93498115045106
9.053222154513477, 57.14129005475674
9.103239956472116, 57.347598959062424
9.153257758430753, 57.553907863368096
9.203275560389391, 57.76021676767378
9.25329336234803, 57.96652567197946
9.303311164306667, 58.17283457628513
9.353328966265305, 58.37914348059082
9.403346768223944, 58.5854523848965
9.45336457018258, 58.79176128920218
9.50338237214122, 58.99807019350786
9.553400174099858, 59.20437909781354
9.603417976058495, 59.410688002119215
9.653435778017133, 59.6169969064249
9.703453579975772, 59.82330581073058
9.753471381934409, 60.02961471503626
9.803489183893047, 60.23592361934194
9.853506985851686, 60.442232523647625
9.903524787810323, 60.6485414279533
9.953542589768961, 60.854850332258984
10.0035603917276, 61.06115923656466
10.053578193686237, 61.26746814087034
10.103595995644875, 61.47377704517602
10.153613797603514, 61.68008594948171
10.20363159956215, 61.88639485378738
10.25364940152079, 62.092703758093066
10.303667203479428, 62.299012662398745
10.353685005438065, 62.505321566704424
10.403702807396703, 62.7116304710101
10.453720609355342, 62.91793937531579
10.503738411313979, 63.12424827962146
10.553756213272617, 63.33055718392715
10.603774015231256, 63.53686608823283
10.653791817189893, 63.743174992538506
10.703809619148531, 63.949483896844185
10.75382742110717, 64.15579280114987
10.803845223065807, 64.36210170545554
10.853863025024445, 64.56841060976123
10.903880826983084, 64.7747195140669
10.95389862894172, 64.98102841837259
11.00391643090036, 65.18733732267827
11.053934232858998, 65.39364622698395
11.103952034817635, 65.59995513128962
11.153969836776273, 65.80626403559532
11.203987638734912, 66.01257293990099
11.254005440693549, 66.21888184420666
11.304023242652187, 66.42519074851235
11.354041044610826, 66.63149965281804
11.404058846569463, 66.83780855712371
11.454076648528101, 67.0441174614294
11.50409445048674, 67.25042636573508
11.554112252445377, 67.45673527004075
11.604130054404015, 67.66304417434642
11.654147856362654, 67.86935307865213
11.70416565832129, 68.0756619829578
11.754183460279929, 68.28197088726347
11.804201262238568, 68.48827979156916
11.854219064197205, 68.69458869587484
11.904236866155843, 68.90089760018051
11.954254668114482, 69.1072065044862
12.004272470073118, 69.31351540879187
12.054290272031757, 69.5076838163759
12.104308073990396, 69.51405496224089
12.154325875949032, 69.52042610810588
12.204343677907671, 69.52679725397087
12.25436147986631, 69.53316839983586
12.304379281824946, 69.53953954570083
12.354397083783585, 69.54591069156582
12.404414885742224, 69.55228183743081
12.45443268770086, 69.5586529832958
12.504450489659499, 69.56502412916079
12.554468291618138, 69.57139527502576
12.604486093576774, 69.57776642089075
12.654503895535413, 69.58413756675574
12.704521697494052, 69.59050871262073
12.754539499452688, 69.59687985848572
12.804557301411327, 69.6032510043507
12.854575103369966, 69.60962215021569
12.904592905328602, 69.61599329608067
12.954610707287241, 69.62236444194566
13.00462850924588, 69.62873558781065
13.054646311204516, 69.63510673367563
13.104664113163155, 69.64147787954062
13.154681915121794, 69.6478490254056
13.20469971708043, 69.6542201712706
13.254717519039069, 69.66059131713558
13.304735320997708, 69.66696246300056
13.354753122956344, 69.67333360886555
13.404770924914983, 69.67970475473054
13.454788726873621, 69.68607590059553
13.504806528832258, 69.69244704646052
13.554824330790897, 69.6988181923255
13.604842132749535, 69.70518933819048
13.654859934708172, 69.71156048405547
13.70487773666681, 69.71793162992046
13.75489553862545, 69.72430277578545
13.804913340584086, 69.73067392165044
13.854931142542725, 69.73704506751541
13.904948944501363, 69.7434162133804
13.95496674646, 69.74978735924539
14.004984548418639, 69.75615850511038
14.055002350377277, 69.76252965097537
14.105020152335914, 69.76890079684034
14.155037954294553, 69.77527194270533
14.205055756253191, 69.78164308857032
14.255073558211828, 69.78801423443531
14.305091360170467, 69.7943853803003
14.355109162129105, 69.80075652616527
14.405126964087742, 69.80712767203026
14.45514476604638, 69.81349881789525
14.50516256800502, 69.81986996376024
14.555180369963656, 69.82624110962523
14.605198171922295, 69.8326122554902
14.655215973880933, 69.8389834013552
14.70523377583957, 69.84535454722018
14.755251577798209, 69.85172569308517
14.805269379756847, 69.85809683895016
14.855287181715484, 69.86446798481514
14.905304983674123, 69.87083913068012
14.955322785632761, 69.87721027654511
15.005340587591398, 69.8835814224101
15.055358389550037, 69.88995256827509
15.105376191508675, 69.89632371414008
15.155393993467312, 69.90269486000506
15.20541179542595, 69.90906600587005
15.25542959738459, 69.91543715173503
15.305447399343226, 69.92180829760002
15.355465201301865, 69.92817944346501
15.405483003260503, 69.93455058932999
15.45550080521914, 69.94092173519498
15.505518607177779, 69.94729288105997
15.555536409136417, 69.95366402692495
15.605554211095054, 69.96003517278994
15.655572013053693, 69.96640631865492
15.705589815012331, 69.97277746451991
15.755607616970968, 69.9791486103849
15.805625418929607, 69.98551975624989
15.855643220888245, 69.99189090211487
15.905661022846882, 69.99826204797985
15.95567882480552, 70.00463319384484
16.00569662676416, 70.01100433970983
16.055714428722798, 70.01737548557482
16.105732230681436, 70.0237466314398
16.15575003264007, 70.03011777730478
16.20576783459871, 70.03648892316977
16.25578563655735, 70.04286006903476
16.305803438515987, 70.04923121489975
16.355821240474626, 70.05560236076474
16.405839042433264, 70.06197350662973
16.4558568443919, 70.0683446524947
16.505874646350538, 70.07471579835969
16.555892448309177, 70.08108694422468
16.605910250267815, 70.08745809008967
16.655928052226454, 70.09382923595466
16.705945854185092, 70.10020038181963
16.755963656143727, 70.10657152768462
16.805981458102366, 70.11294267354961
16.855999260061004, 70.1193138194146
16.906017062019643, 70.12568496527959
16.95603486397828, 70.13205611114456
17.00605266593692, 70.13842725700955
17.056070467895555, 70.14479840287454
17.106088269854194, 70.15116954873953
17.156106071812832, 70.15754069460452
17.20612387377147, 70.1639118404695
17.25614167573011, 70.17028298633448
17.306159477688748, 70.17665413219947
17.356177279647383, 70.18302527806446
17.406195081606022, 70.18939642392945
17.45621288356466, 70.19576756979443
17.5062306855233, 70.20213871565942
17.556248487481938, 70.2085098615244
17.606266289440576, 70.2148810073894
17.65628409139921, 70.22125215325438
17.70630189335785, 70.22762329911936
17.75631969531649, 70.23399444498435
17.806337497275127, 70.24036559084934
17.856355299233766, 70.24673673671433
17.906373101192404, 70.25310788257931
17.95639090315104, 70.2594790284443
18.006408705109678, 70.26585017430928
18.056426507068316, 70.27222132017427
18.106444309026955, 70.27859246603926
18.156462110985593, 70.28496361190425
18.206479912944232, 70.29133475776923
18.256497714902867, 70.29770590363421
18.306515516861506, 70.3040770494992
18.356533318820144, 70.31044819536419
18.406551120778783, 70.31681934122918
18.45656892273742, 70.32319048709417
18.50658672469606, 70.32956163295914
18.556604526654695, 70.33593277882413
18.606622328613334, 70.34230392468912
18.656640130571972, 70.34867507055411
18.70665793253061, 70.3550462164191
18.75667573448925, 70.36141736228407
18.806693536447888, 70.36778850814906
18.856711338406523, 70.37415965401405
18.90672914036516, 70.38053079987904
18.9567469423238, 70.38690194574403
19.00676474428244, 70.393273091609
19.056782546241077, 70.39964423747399
19.106800348199716, 70.40601538333898
19.15681815015835, 70.41238652920397
19.20683595211699, 70.41875767506896
19.256853754075628, 70.42512882093395
19.306871556034267, 70.43149996679892
19.356889357992905, 70.43787111266391
19.406907159951544, 70.4442422585289
19.45692496191018, 70.45061340439389
19.506942763868818, 70.45698455025888
19.556960565827456, 70.46335569612386
19.606978367786095, 70.46972684198884
19.656996169744733, 70.47609798785383
19.707013971703372, 70.48246913371882
19.757031773662007, 70.48884027958381
19.807049575620645, 70.49521142544879
19.857067377579284, 70.50158257131378
19.907085179537923, 70.50795371717876
19.95710298149656, 70.51432486304375
20.0071207834552, 70.52069600890874
20.057138585413835, 70.52706715477372
20.107156387372473, 70.53343830063871
20.157174189331112, 70.5398094465037
20.20719199128975, 70.54618059236869
20.25720979324839, 70.55255173823367
20.307227595207028, 70.55892288409865
20.357245397165663, 70.56529402996364
20.4072631991243, 70.57166517582863
20.45728100108294, 70.57803632169362
20.50729880304158, 70.5844074675586
20.557316605000217, 70.5907786134236
20.607334406958856, 70.59714975928857
20.65735220891749, 70.60352090515356
20.70737001087613, 70.60989205101855
20.757387812834768, 70.61626319688354
20.807405614793407, 70.62263434274853
20.857423416752045, 70.6290054886135
20.907441218710684, 70.63537663447849
20.95745902066932, 70.64174778034348
21.007476822627957, 70.64811892620847
21.057494624586596, 70.65449007207346
21.107512426545235, 70.66086121793843
21.157530228503873, 70.66723236380342
21.20754803046251, 70.67360350966841
21.257565832421147, 70.6799746555334
21.307583634379785, 70.68634580139839
21.357601436338424, 70.69271694726336
21.407619238297062, 70.69908809312835
21.4576370402557, 70.70545923899334
21.50765484221434, 70.71183038485833
21.557672644172975, 70.71820153072332
21.607690446131613, 70.7245726765883
21.657708248090252, 70.73094382245328
21.70772605004889, 70.73731496831827
21.75774385200753, 70.74368611418326
21.807761653966168, 70.75005726004825
21.857779455924803, 70.75642840591323
21.90779725788344, 70.76279955177822
21.95781505984208, 70.7691706976432
22.00783286180072, 70.7755418435082
22.057850663759357, 70.78191298937318
22.107868465717996, 70.78828413523817
22.15788626767663, 70.79465528110315
22.20790406963527, 70.80102642696814
22.257921871593908, 70.80739757283312
22.307939673552546, 70.81376871869811
22.357957475511185, 70.8201398645631
22.407975277469824, 70.82651101042808
22.45799307942846, 70.83288215629307
22.508010881387097, 70.83925330215806
22.558028683345736, 70.84562444802305
22.608046485304374, 70.85199559388803
22.658064287263013, 70.85836673975301
22.70808208922165, 70.864737885618
22.758099891180287, 70.87110903148299
22.808117693138925, 70.87748017734798
22.858135495097564, 70.88385132321297
22.908153297056202, 70.89022246907794
22.95817109901484, 70.89659361494293
23.00818890097348, 70.90296476080792
23.058206702932114, 70.90933590667291
23.108224504890753, 70.9157070525379
23.15824230684939, 70.92207819840287
23.20826010880803, 70.92844934426786
23.25827791076667, 70.93482049013285
23.308295712725307, 70.94119163599784
23.358313514683942, 70.94756278186283
23.40833131664258, 70.9539339277278
23.45834911860122, 70.96030507359279
23.508366920559858, 70.96667621945778
23.558384722518497, 70.97304736532277
23.608402524477135, 70.97941851118776
23.65842032643577, 70.98578965705275
23.70843812839441, 70.99216080291772
23.758455930353048, 70.99853194878271
23.808473732311686, 71.0049030946477
23.858491534270325, 71.01127424051269
23.908509336228963, 71.01764538637768
23.9585271381876, 71.02401653224265
24.008544940146237, 71.03038767810764
24.058562742104876, 71.03675882397263
24.108580544063514, 71.04312996983762
24.158598346022153, 71.04950111570261
24.20861614798079, 71.05587226156759
24.258633949939426, 71.06224340743258
24.308651751898065, 71.06861455329756
24.358669553856704, 71.07498569916255
24.408687355815342, 71.08135684502754
24.45870515777398, 71.08772799089252
24.50872295973262, 71.0940991367575
24.558740761691254, 71.1004702826225
24.608758563649893, 71.10684142848748
24.65877636560853, 71.11321257435247
24.70879416756717, 71.11958372021745
24.75881196952581, 71.12595486608244
24.808829771484447, 71.13232601194743
24.858847573443082, 71.13869715781242
24.90886537540172, 71.1450683036774
24.95888317736036, 71.15143944954238
25.008900979318998, 71.15781059540737
25.058918781277637, 71.16418174127236
25.108936583236275, 71.17055288713735
25.15895438519491, 71.17692403300234
25.20897218715355, 71.18329517886733
25.258989989112187, 71.1896663247323
25.309007791070826, 71.19603747059729
25.359025593029465, 71.20240861646228
25.409043394988103, 71.20877976232727
25.459061196946738, 71.21515090819226
25.509078998905377, 71.22152205405723
25.559096800864015, 71.22789319992222
25.609114602822654, 71.23426434578721
25.659132404781293, 71.2406354916522
25.70915020673993, 71.24700663751719
25.75916800869857, 71.25337778338216
25.809185810657205, 71.25974892924715
25.859203612615843, 71.26612007511214
25.909221414574482, 71.27249122097713
25.95923921653312, 71.27886236684212
26.00925701849176, 71.2852335127071
26.059274820450398, 71.29160465857208
26.109292622409033, 71.29797580443707
26.15931042436767, 71.30434695030206
26.20932822632631, 71.31071809616705
26.25934602828495, 71.31708924203203
26.309363830243587, 71.32346038789701
26.359381632202226, 71.329831533762
26.40939943416086, 71.336202679627
26.4594172361195, 71.34257382549198
26.509435038078138, 71.34894497135697
26.559452840036776, 71.35531611722195
26.609470641995415, 71.36168726308694
26.659488443954054, 71.36805840895192
26.70950624591269, 71.37442955481691
26.759524047871327, 71.3808007006819
26.809541849829966, 71.38717184654688
26.859559651788604, 71.39354299241187
26.909577453747243, 71.39991413827686
26.95959525570588, 71.40628528414184
27.009613057664517, 71.41265643000683
27.059630859623155, 71.41902757587181
27.109648661581794, 71.4253987217368
27.159666463540432, 71.43176986760179
27.20968426549907, 71.43814101346678
27.25970206745771, 71.44451215933177
27.309719869416345, 71.45088330519674
27.359737671374983, 71.45725445106173
27.40975547333362, 71.46362559692672
27.45977327529226, 71.46999674279171
27.5097910772509, 71.4763678886567
27.559808879209537, 71.48273903452167
27.609826681168173, 71.48911018038666
27.65984448312681, 71.49548132625165
27.70986228508545, 71.50185247211664
27.75988008704409, 71.50822361798163
27.809897889002727, 71.51459476384662
27.859915690961365, 71.52096590971159
27.90993349292, 71.52733705557658
27.95995129487864, 71.53370820144157
28.009969096837278, 71.54007934730656
28.059986898795916, 71.54645049317153
28.110004700754555, 71.55282163903652
28.160022502713193, 71.55919278490151
28.21004030467183, 71.5655639307665
28.260058106630467, 71.57193507663149
28.310075908589106, 71.57830622249648
28.360093710547744, 71.58467736836145
28.410111512506383, 71.59104851422644
28.46012931446502, 71.59741966009143
28.510147116423656, 71.60379080595642
28.560164918382295, 71.61016195182141
28.610182720340934, 71.61653309768639
28.660200522299572, 71.62290424355137
28.71021832425821, 71.62927538941636
28.76023612621685, 71.63564653528135
28.810253928175484, 71.64201768114634
28.860271730134123, 71.64838882701132
28.91028953209276, 71.6547599728763
28.9603073340514, 71.6611311187413
29.01032513601004, 71.66750226460628
29.060342937968677, 71.67387341047127
29.110360739927312, 71.68024455633625
29.16037854188595, 71.68661570220124
29.21039634384459, 71.69298684806623
29.260414145803228, 71.69935799393122
29.310431947761867, 71.7057291397962
29.360449749720505, 71.7121002856612
29.41046755167914, 71.71847143152617
29.46048535363778, 71.72484257739116
29.510503155596417, 71.73121372325615
29.560520957555056, 71.73758486912114
29.610538759513695, 71.74395601498613
29.660556561472333, 71.7503271608511
29.71057436343097, 71.75669830671609
29.760592165389607, 71.76306945258108
29.810609967348245, 71.76944059844607
29.860627769306884, 71.77581174431106
29.910645571265523, 71.78218289017603
29.96066337322416, 71.78855403604102
30.010681175182796, 71.79492518190601
30.060698977141435, 71.801296327771
30.110716779100073, 71.80766747363599
30.160734581058712, 71.81403861950096
30.21075238301735, 71.82040976536595
30.26077018497599, 71.82678091123094
30.310787986934624, 71.83315205709593
30.360805788893263, 71.83952320296092
30.4108235908519, 71.8458943488259
30.46084139281054, 71.85226549469088
30.51085919476918, 71.85863664055587
30.560876996727817, 71.86500778642086
30.610894798686452, 71.87137893228585
30.66091260064509, 71.87775007815083
30.71093040260373, 71.88412122401581
30.760948204562368, 71.8904923698808
30.810966006521006, 71.89686351574579
30.860983808479645, 71.90323466161078
30.91100161043828, 71.90960580747577
30.96101941239692, 71.91597695334075
31.011037214355557, 71.92234809920573
31.061055016314196, 71.92871924507072
31.111072818272834, 71.93509039093571
31.161090620231473, 71.9414615368007
31.211108422190108, 71.94783268266568
31.261126224148747, 71.95420382853067
31.311144026107385, 71.96057497439566
31.361161828066024, 71.96694612026064
31.411179630024662, 71.97331726612563
31.4611974319833, 71.97968841199061
31.511215233941936, 71.9860595578556
31.561233035900575, 71.99243070372059
31.611250837859213, 71.99880184958558
31.661268639817852, 72.00517299545056
31.71128644177649, 72.01154414131554
31.76130424373513, 72.01791528718053
31.811322045693764, 72.02428643304552
31.861339847652403, 72.0306575789105
31.91135764961104, 72.0370287247755
31.96137545156968, 72.04339987064047
32.01139325352832, 72.04977101650546
32.06141105548696, 72.05614216237045
32.111428857445595, 72.06251330823544
32.161446659404234, 72.06888445410043
32.21146446136287, 72.07525559996542
32.261482263321504, 72.08162674583039
32.31150006528014, 72.08799789169538
32.36151786723878, 72.09436903756037
32.41153566919742, 72.10074018342536
32.46155347115606, 72.10711132929035
32.5115712731147, 72.11348247515532
32.561589075073336, 72.11985362102031
32.611606877031974, 72.1262247668853
32.66162467899061, 72.13259591275029
32.71164248094925, 72.13896705861528
32.76166028290789, 72.14533820448025
32.81167808486653, 72.15170935034524
32.86169588682516, 72.15808049621023
32.9117136887838, 72.16445164207522
32.96173149074244, 72.17082278794021
33.011749292701076, 72.17719393380519
33.061767094659714, 72.18356507967017
33.11178489661835, 72.18993622553516
33.16180269857699, 72.19630737140015
33.21182050053563, 72.20267851726514
33.26183830249427, 72.20904966313012
33.31185610445291, 72.2154208089951
33.361873906411546, 72.2217919548601
33.411891708370185, 72.22816310072508
33.461909510328816, 72.23453424659007
33.511927312287455, 72.24090539245505
33.56194511424609, 72.24727653832004
33.61196291620473, 72.25364768418503
33.66198071816337, 72.26001883005002
33.71199852012201, 72.266389975915
33.76201632208065, 72.27276112178
33.812034124039286, 72.27913226764497
33.862051925997925, 72.28550341350996
33.91206972795656, 72.29187455937495
33.9620875299152, 72.29824570523994
34.01210533187384, 72.30461685110492
34.06212313383247, 72.3109879969699
34.11214093579111, 72.31735914283489
34.16215873774975, 72.32373028869988
34.21217653970839, 72.33010143456487
34.262194341667026, 72.33647258042986
34.312212143625665, 72.34284372629483
34.3622299455843, 72.34921487215982
34.41224774754294, 72.35558601802481
34.46226554950158, 72.3619571638898
34.51228335146022, 72.36832830975479
34.56230115341886, 72.37469945561976
34.612318955377496, 72.38107060148475
34.66233675733613, 72.38744174734974
34.712354559294766, 72.39381289321473
34.762372361253405, 72.40018403907972
34.812390163212044, 72.4065551849447
34.86240796517068, 72.41292633080968
34.91242576712932, 72.41929747667467
34.96244356908796, 72.42566862253966
35.0124613710466, 72.43203976840465
35.06247917300524, 72.43841091426964
35.112496974963875, 72.44478206013461
35.162514776922514, 72.4511532059996
35.21253257888115, 72.45752435186459
35.262550380839784, 72.46389549772958
35.31256818279842, 72.47026664359457
35.36258598475706, 72.47663778945955
35.4126037867157, 72.48300893532453
35.46262158867434, 72.48938008118952
35.51263939063298, 72.49575122705451
35.562657192591615, 72.5021223729195
35.612674994550254, 72.50849351878448
35.66269279650889, 72.51486466464947
35.71271059846753, 72.52123581051445
35.76272840042617, 72.52760695637944
35.81274620238481, 72.53397810224443
35.86276400434344, 72.54034924810941
35.91278180630208, 72.5467203939744
35.96279960826072, 72.55309153983939
36.012817410219355, 72.55946268570437
36.062835212177994, 72.56583383156936
36.11285301413663, 72.57220497743434
36.16287081609527, 72.57857612329933
36.21288861805391, 72.58494726916432
36.26290642001255, 72.5913184150293
36.31292422197119, 72.5976895608943
36.362942023929826, 72.60406070675927
36.412959825888464, 72.61043185262426
36.462977627847096, 72.61680299848925
36.512995429805734, 72.62317414435424
36.56301323176437, 72.62954529021923
36.61303103372301, 72.63591643608422
36.66304883568165, 72.64228758194919
36.71306663764029, 72.64865872781418
36.76308443959893, 72.65502987367917
36.813102241557566, 72.66140101954416
36.863120043516204, 72.66777216540915
36.91313784547484, 72.67414331127412
36.96315564743348, 72.68051445713911
37.01317344939212, 72.6868856030041
37.06319125135075, 72.69325674886909
37.11320905330939, 72.69962789473408
37.16322685526803, 72.70599904059905
37.21324465722667, 72.71237018646404
37.263262459185306, 72.71874133232903
37.313280261143944, 72.72511247819402
37.36329806310258, 72.73148362405901
37.41331586506122, 72.73785476992398
37.46333366701986, 72.74422591578897
37.5133514689785, 72.75059706165396
37.56336927093714, 72.75696820751895
37.613387072895776, 72.76333935338394
37.66340487485441, 72.76971049924892
37.713422676813046, 72.7760816451139
37.763440478771685, 72.7824527909789
37.81345828073032, 72.78882393684388
37.86347608268896, 72.79519508270887
37.9134938846476, 72.80156622857385
37.96351168660624, 72.80793737443884
38.01352948856488, 72.81430852030383
38.063547290523516, 72.82067966616881
38.113565092482155, 72.8270508120338
38.16358289444079, 72.83342195789879
38.21360069639943, 72.83979310376377
38.26361849835806, 72.84616424962876
38.3136363003167, 72.85253539549375
38.36365410227534, 72.85890654135873
38.41367190423398, 72.80197935799532
38.46368970619262, 72.66513695297165
38.513707508151256, 72.528294547948
38.563725310109895, 72.39145214292432
38.61374311206853, 72.25460973790065
38.66376091402717, 72.11776733287698
38.71377871598581, 71.98092492785332
38.76379651794445, 71.84408252282965
38.81381431990309, 71.70724011780598
38.863832121861726, 71.57039771278232
38.91384992382036, 71.43355530775867
38.963867725779, 71.296712902735
39.013885527737635, 71.15987049771134
39.063903329696274, 71.02302809268767
39.11392113165491, 70.886185687664
39.16393893361355, 70.74934328264034
39.21395673557219, 70.61250087761667
39.26397453753083, 70.475658472593
39.31399233948947, 70.33881606756933
39.364010141448105, 70.20197366254567
39.414027943406744, 70.065131257522
39.46404574536538, 69.92828885249833
39.514063547324014, 69.79144644747468
39.56408134928265, 69.65460404245101
39.61409915124129, 69.51776163742734
39.66411695319993, 69.38091923240368
39.71413475515857, 69.24407682738001
39.76415255711721, 69.10723442235634
39.814170359075845, 68.97039201733268
39.864188161034484, 68.83354961230901
39.91420596299312, 68.69670720728534
39.96422376495176, 68.55986480226167
40.0142415669104, 68.42302239723801
40.06425936886904, 68.28617999221434
40.11427717082767, 68.1493375871907
40.16429497278631, 68.01249518216703
40.21431277474495, 67.87565277714336
40.264330576703586, 67.7388103721197
40.314348378662224, 67.60196796709603
40.36436618062086, 67.46512556207236
40.4143839825795, 67.32828315704869
40.46440178453814, 67.19144075202503
40.51441958649678, 67.05459834700136
40.56443738845542, 66.91775594197769
40.614455190414056, 66.78091353695402
40.664472992372694, 66.64407113193036
40.714490794331326, 66.5072287269067
40.764508596289964, 66.37038632188305
40.8145263982486, 66.23354391685938
40.86454420020724, 66.0967015118357
40.91456200216588, 65.95985910681205
40.96457980412452, 65.82301670178838
41.01459760608316, 65.6861742967647
41.064615408041796, 65.54933189174103
41.114633210000434, 65.41248948671738
41.16465101195907, 65.2756470816937
41.21466881391771, 65.13880467667003
41.26468661587635, 65.00196227164636
41.31470441783498, 64.86511986662272
41.36472221979362, 64.72827746159905
41.41474002175226, 64.59143505657539
41.4647578237109, 64.45459265155172
41.514775625669536, 64.31775024652805
41.564793427628175, 64.18090784150439
41.61481122958681, 64.04406543648072
41.66482903154545, 63.90722303145705
41.71484683350409, 63.770380626433386
41.76486463546273, 63.633538221409715
41.81488243742137, 63.49669581638605
41.864900239380006, 63.35985341136238
41.91491804133864, 63.22301100633874
41.964935843297276, 63.086168601315066
42.014953645255915, 62.9493261962914
42.06497144721455, 62.81248379126774
42.11498924917319, 62.67564138624407
42.16500705113183, 62.538798981220395
42.21502485309047, 62.40195657619673
42.26504265504911, 62.26511417117307
42.315060457007746, 62.128271766149396
42.365078258966385, 61.99142936112573
42.41509606092502, 61.85458695610206
42.46511386288366, 61.7177445510784
42.51513166484229, 61.58090214605475
42.56514946680093, 61.44405974103108
42.61516726875957, 61.30721733600741
42.66518507071821, 61.17037493098375
42.71520287267685, 61.033532525960084
42.765220674635486, 60.89669012093641
42.815238476594125, 60.75984771591274
42.86525627855276, 60.62300531088908
42.9152740805114, 60.48616290586541
42.96529188247004, 60.34932050084174
43.01530968442868, 60.21247809581808
43.06532748638732, 60.07563569079441
43.11534528834595, 59.938793285770764
43.16536309030459, 59.80195088074709
43.21538089226323, 59.66510847572343
43.265398694221865, 59.52826607069976
43.315416496180504, 59.39142366567609
43.36543429813914, 59.25458126065243
43.41545210009778, 59.11773885562876
43.46546990205642, 58.98089645060509
43.51548770401506, 58.84405404558142
43.5655055059737, 58.70721164055776
43.615523307932335, 58.57036923553409
43.665541109890974, 58.433526830510424
43.715558911849605, 58.296684425486774
43.765576713808244, 58.15984202046311
43.81559451576688, 58.02299961543944
43.86561231772552, 57.886157210415774
43.91563011968416, 57.7493148053921
43.9656479216428, 57.61247240036844
44.01566572360144, 57.475629995344775
44.065683525560075, 57.338787590321104
44.115701327518714, 57.20194518529743
44.16571912947735, 57.06510278027377
44.21573693143599, 56.928260375250105
44.26575473339463, 56.79141797022643
44.31577253535326, 56.65457556520279
44.3657903373119, 56.51773316017912
44.41580813927054, 56.38089075515545
44.46582594122918, 56.24404835013179
44.515843743187816, 56.10720594510812
44.565861545146454, 55.97036354008445
44.61587934710509, 55.833521135060785
44.66589714906373, 55.69667873003712
44.71591495102237, 55.55983632501345
44.76593275298101, 55.42299391998978
44.81595055493965, 55.286151514966114
44.865968356898286, 55.14930910994245
44.91598615885692, 55.0124667049188
44.966003960815556, 54.87562429989514
45.016021762774194, 54.738781894871465
45.06603956473283, 54.601939489847794
45.11605736669147, 54.46509708482414
45.16607516865011, 54.328254679800466
45.21609297060875, 54.191412274776795
45.26611077256739, 54.05456986975313
45.316128574526026, 53.91772746472947
45.366146376484664, 53.780885059705795
45.4161641784433, 53.644042654682124
45.46618198040194, 53.50720024965846
45.51619978236057, 53.37035784463481
45.56621758431921, 53.233515439611146
45.61623538627785, 53.09667303458748
45.66625318823649, 52.95983062956381
45.71627099019513, 52.82298822454015
45.766288792153766, 52.68614581951648
45.816306594112405, 52.54930341449281
45.86632439607104, 52.41246100946914
45.91634219802968, 52.27561860444548
45.96635999998832, 52.13877619942181
46.01637780194696, 52.00193379439814
46.0663956039056, 51.86509138937447
46.11641340586423, 51.72824898435083
46.16643120782287, 51.591406579327156
46.216449009781506, 51.45456417430349
46.266466811740145, 51.31772176927983
46.31648461369878, 51.18087936425616
46.36650241565742, 51.04403695923249
46.41652021761606, 50.90719455420883
46.4665380195747, 50.77035214918516
46.51655582153334, 50.633509744161486
46.566573623491976, 50.49666733913782
46.616591425450615, 50.35982493411416
46.66660922740925, 50.22298252909049
46.716627029367885, 50.086140124066844
46.76664483132652, 49.94929771904317
46.81666263328516, 49.8124553140195
46.8666804352438, 49.67561290899584
46.91669823720244, 49.538770503972174
46.96671603916108, 49.4019280989485
47.016733841119716, 49.26508569392484
47.066751643078355, 49.128243288901174
47.116769445036994, 48.9914008838775
47.16678724699563, 48.85455847885383
47.21680504895427, 48.71771607383017
47.26682285091291, 48.580873668806504
47.31684065287154, 48.444031263782854
47.36685845483018, 48.30718885875919
47.41687625678882, 48.17034645373552
47.46689405874746, 48.03350404871185
47.516911860706095, 47.896661643688184
47.566929662664734, 47.75981923866452
47.61694746462337, 47.62297683364085
47.66696526658201, 47.486134428617184
47.71698306854065, 47.34929202359352
47.76700087049929, 47.21244961856985
47.81701867245793, 47.07560721354618
47.867036474416565, 46.938764808522514
47.9170542763752, 46.801922403498864
47.967072078333835, 46.6650799984752
48.017089880292474, 46.528237593451536
48.06710768225111, 46.391395188427865
48.11712548420975, 46.25455278340419
48.16714328616839, 46.11771037838053
48.21716108812703, 45.980867973356865
48.26717889008567, 45.844025568333194
48.317196692044305, 45.70718316330953
48.367214494002944, 45.570340758285866
48.41723229596158, 45.433498353262195
48.46725009792022, 45.296655948238524
48.51726789987885, 45.15981354321488
48.56728570183749, 45.02297113819121
48.61730350379613, 44.886128733167546
48.66732130575477, 44.74928632814388
48.71733910771341, 44.61244392312021
48.767356909672046, 44.47560151809654
48.817374711630684, 44.338759113072875
48.86739251358932, 44.20191670804921
48.91741031554796, 44.06507430302554
48.9674281175066, 43.928231898001876
49.01744591946524, 43.79138949297821
49.06746372142388, 43.65454708795454
49.11748152338251, 43.5177046829309
49.16749932534115, 43.38086227790723
49.217517127299786, 43.244019872883555
49.267534929258424, 43.10717746785989
49.31755273121706, 42.97033506283623
49.3675705331757, 42.833492657812556
49.41758833513434, 42.696650252788885
49.46760613709298, 42.55980784776523
49.51762393905162, 42.42296544274156
49.567641741010256, 42.286123037717886
49.617659542968894, 42.14928063269422
49.66767734492753, 42.01243822767056
49.717695146886165, 41.87559582264691
49.7677129488448, 41.73875341762324
49.81773075080344, 41.60191101259957
49.86774855276208, 41.4650686075759
49.91776635472072, 41.32822620255224
49.96778415667936, 41.19138379752857
