Parameters: [45.51836927785696, 23.2202328836533, 12.291685159336021, 38.64282300929765, 4.081325594505366, -0.1888220663486202, -2.5675243725608032]
Points:
0.0, 23.2202328836533
0.04556393321106803, 23.406194130453965
0.09112786642213606, 23.592155377254628
0.1366917996332041, 23.778116624055293
0.18225573284427213, 23.96407787085596
0.22781966605534015, 24.150039117656625
0.2733835992664082, 24.33600036445729
0.3189475324774762, 24.521961611257954
0.36451146568854426, 24.70792285805862
0.4100753988996123, 24.893884104859286
0.4556393321106803, 25.079845351659948
0.5012032653217483, 25.265806598460614
0.5467671985328164, 25.45176784526128
0.5923311317438844, 25.637729092061946
0.6378950649549524, 25.82369033886261
0.6834589981660205, 26.009651585663274
0.7290229313770885, 26.19561283246394
0.7745868645881565, 26.381574079264606
0.8201507977992246, 26.56753532606527
0.8657147310102926, 26.753496572865934
0.9112786642213606, 26.9394578196666
0.9568425974324287, 27.125419066467266
1.0024065306434966, 27.31138031326793
1.0479704638545648, 27.497341560068595
1.0935343970656328, 27.68330280686926
1.1390983302767008, 27.869264053669927
1.1846622634877688, 28.05522530047059
1.2302261966988368, 28.241186547271255
1.2757901299099048, 28.42714779407192
1.321354063120973, 28.613109040872587
1.366917996332041, 28.799070287673253
1.412481929543109, 28.985031534473915
1.458045862754177, 29.17099278127458
1.503609795965245, 29.356954028075243
1.549173729176313, 29.54291527487591
1.594737662387381, 29.728876521676575
1.6403015955984492, 29.91483776847724
1.6858655288095172, 30.100799015277907
1.7314294620205852, 30.28676026207857
1.7769933952316532, 30.472721508879236
1.8225573284427212, 30.6586827556799
1.8681212616537892, 30.844644002480564
1.9136851948648574, 31.03060524928123
1.9592491280759254, 31.216566496081896
2.004813061286993, 31.40252774288256
2.0503769944980617, 31.588488989683228
2.0959409277091297, 31.774450236483894
2.1415048609201977, 31.960411483284556
2.1870687941312656, 32.14637273008522
2.2326327273423336, 32.332333976885884
2.2781966605534016, 32.51829522368655
2.3237605937644696, 32.704256470487216
2.3693245269755376, 32.89021771728788
2.4148884601866056, 33.07617896408855
2.4604523933976736, 33.262140210889214
2.5060163266087416, 33.44810145768987
2.5515802598198096, 33.63406270449054
2.5971441930308776, 33.820023951291205
2.642708126241946, 34.00598519809187
2.688272059453014, 34.19194644489254
2.733835992664082, 34.3779076916932
2.77939992587515, 34.56386893849387
2.824963859086218, 34.749830185294535
2.870527792297286, 34.9357914320952
2.916091725508354, 35.12175267889586
2.961655658719422, 35.307713925696525
3.00721959193049, 35.49367517249719
3.052783525141558, 35.67963641929786
3.098347458352626, 35.86559766609852
3.143911391563694, 36.05155891289918
3.189475324774762, 36.237520159699855
3.2350392579858305, 36.423481406500514
3.2806031911968985, 36.60944265330119
3.3261671244079665, 36.795403900101846
3.3717310576190345, 36.98136514690251
3.4172949908301025, 37.16732639370318
3.4628589240411705, 37.353287640503844
3.5084228572522385, 37.53924888730451
3.5539867904633065, 37.72521013410517
3.5995507236743745, 37.91117138090584
3.6451146568854425, 38.0971326277065
3.6906785900965104, 38.283093874507166
3.7362425233075784, 38.46905512130783
3.7818064565186464, 38.6550163681085
3.827370389729715, 38.840977614909164
3.872934322940783, 39.02693886170983
3.918498256151851, 39.212900108510496
3.964062189362919, 39.398861355311155
4.009626122573986, 39.58482260211182
4.055190055785054, 39.77078384891249
4.100753988996123, 39.95674509571316
4.146317922207191, 40.14270634251382
4.191881855418259, 40.328667589314485
4.237445788629327, 40.51462883611515
4.283009721840395, 40.70059008291581
4.328573655051463, 40.88655132971648
4.374137588262531, 41.07251257651714
4.419701521473599, 41.258473823317814
4.465265454684667, 41.44443507011847
4.510829387895735, 41.63039631691914
4.556393321106803, 41.816357563719805
4.601957254317871, 42.002318810520464
4.647521187528939, 42.18828005732114
4.693085120740007, 42.374241304121796
4.738649053951075, 42.56020255092246
4.784212987162143, 42.74616379772313
4.829776920373211, 42.932125044523794
4.875340853584279, 43.11808629132446
4.920904786795347, 43.30404753812512
4.966468720006415, 43.49000878492579
5.012032653217483, 43.67597003172645
5.057596586428551, 43.861931278527116
5.103160519639619, 44.04789252532778
5.148724452850687, 44.23385377212845
5.194288386061755, 44.419815018929114
5.239852319272823, 44.60577626572977
5.285416252483892, 44.791737512530446
5.33098018569496, 44.97769875933111
5.376544118906028, 45.16366000613178
5.422108052117096, 45.34962125293244
5.467671985328164, 45.53558249973311
5.513235918539232, 45.72154374653377
5.5587998517503, 45.907504993334435
5.604363784961368, 46.0934662401351
5.649927718172436, 46.27942748693577
5.695491651383504, 46.46538873373643
5.741055584594572, 46.65134998053709
5.78661951780564, 46.837311227337764
5.832183451016708, 47.02327247413842
5.877747384227776, 47.20923372093909
5.923311317438844, 47.395194967739755
5.968875250649912, 47.58115621454042
6.01443918386098, 47.76711746134109
6.060003117072048, 47.953078708141746
6.105567050283116, 48.13903995494242
6.151130983494184, 48.32500120174308
6.196694916705252, 48.510962448543744
6.24225884991632, 48.69692369534441
6.287822783127388, 48.88288494214507
6.333386716338456, 49.06884618894574
6.378950649549524, 49.2548074357464
6.424514582760593, 49.44076868254707
6.470078515971661, 49.62672992934773
6.515642449182729, 49.812691176148405
6.561206382393797, 49.998652422949064
6.606770315604865, 50.18461366974973
6.652334248815933, 50.370574916550396
6.697898182027001, 50.55653616335106
6.743462115238069, 50.74249741015173
6.789026048449137, 50.92845865695239
6.834589981660205, 51.11441990375306
6.880153914871273, 51.30038115055372
6.925717848082341, 51.486342397354385
6.971281781293409, 51.67230364415505
7.016845714504477, 51.85826489095572
7.062409647715545, 52.04422613775638
7.107973580926613, 52.23018738455704
7.153537514137681, 52.416148631357714
7.199101447348749, 52.60210987815837
7.244665380559817, 52.78807112495904
7.290229313770885, 52.974032371759705
7.335793246981953, 53.15999361856037
7.381357180193021, 53.34595486536104
7.426921113404089, 53.531916112161696
7.472485046615157, 53.71787735896237
7.518048979826225, 53.90383860576303
7.563612913037293, 54.089799852563694
7.609176846248362, 54.27576109936436
7.65474077945943, 54.46172234616503
7.700304712670498, 54.64768359296569
7.745868645881566, 54.83364483976636
7.791432579092634, 55.01960608656702
7.836996512303702, 55.20556733336768
7.88256044551477, 55.391528580168355
7.928124378725838, 55.577489826969014
7.973688311936906, 55.76345107376969
8.019252245147973, 55.949412320570346
8.064816178359042, 56.13537356737102
8.110380111570109, 56.32133481417168
8.155944044781178, 56.50729606097234
8.201507977992247, 56.69325730777301
8.247071911203314, 56.87921855457367
8.292635844414383, 57.06517980137434
8.33819977762545, 57.251141048175
8.383763710836519, 57.43710229497567
8.429327644047586, 57.62306354177633
8.474891577258655, 57.809024788577005
8.520455510469722, 57.994986035377664
8.56601944368079, 58.18094728217832
8.611583376891858, 58.366908528978996
8.657147310102927, 58.552869775779655
8.702711243313994, 58.738831022580314
8.748275176525063, 58.92479226938099
8.79383910973613, 59.110753516181646
8.839403042947199, 59.29671476298232
8.884966976158266, 59.48267600978298
8.930530909369335, 59.66863725658365
8.976094842580402, 59.85459850338431
9.02165877579147, 60.04055975018498
9.067222709002538, 60.22652099698564
9.112786642213607, 60.412482243786314
9.158350575424674, 60.59844349058697
9.203914508635743, 60.78440473738763
9.24947844184681, 60.970365984188305
9.295042375057879, 61.156327230988964
9.340606308268947, 61.34228847778964
9.386170241480015, 61.528249724590296
9.431734174691083, 61.71421097139097
9.47729810790215, 61.90017221819163
9.52286204111322, 62.0861334649923
9.568425974324287, 62.27209471179296
9.613989907535355, 62.45805595859363
9.659553840746423, 62.64401720539429
9.705117773957491, 62.82997845219495
9.750681707168559, 63.01593969899562
9.796245640379627, 63.20190094579628
9.841809573590695, 63.38786219259694
9.887373506801763, 63.573823439397614
9.93293744001283, 63.75978468619827
9.9785013732239, 63.945745932998946
10.024065306434967, 64.1317071797996
10.069629239646035, 64.31766842660028
10.115193172857103, 64.50362967340094
10.160757106068171, 64.68959092020161
10.206321039279239, 64.87555216700227
10.251884972490307, 65.06151341380293
10.297448905701374, 65.2474746606036
10.343012838912443, 65.43343590740426
10.38857677212351, 65.61939715420493
10.43414070533458, 65.80535840100559
10.479704638545646, 65.99131964780625
10.525268571756715, 66.17728089460692
10.570832504967784, 66.3632421414076
10.616396438178851, 66.54920338820826
10.66196037138992, 66.73516463500893
10.707524304600987, 66.92112588180959
10.753088237812056, 67.10708712861025
10.798652171023123, 67.29304837541092
10.844216104234192, 67.47900962221158
10.88978003744526, 67.66497086901224
10.935343970656328, 67.85093211581291
10.980907903867395, 68.03689336261357
11.026471837078464, 68.22285460941424
11.072035770289531, 68.4088158562149
11.1175997035006, 68.59477710301557
11.163163636711667, 68.78073834981623
11.208727569922736, 68.9666995966169
11.254291503133803, 69.15266084341756
11.299855436344872, 69.33862209021824
11.34541936955594, 69.5245833370189
11.390983302767008, 69.71054458381955
11.436547235978075, 69.89650583062023
11.482111169189144, 70.08246707742089
11.527675102400211, 70.26842832422155
11.57323903561128, 70.45438957102222
11.618802968822347, 70.64035081782288
11.664366902033416, 70.82631206462355
11.709930835244485, 71.01227331142422
11.755494768455552, 71.19823455822488
11.801058701666621, 71.38419580502554
11.846622634877688, 71.57015705182621
11.892186568088757, 71.75611829862687
11.937750501299824, 71.94207954542755
11.983314434510893, 72.1280407922282
12.02887836772196, 72.31400203902886
12.074442300933029, 72.49996328582954
12.120006234144096, 72.6859245326302
12.165570167355165, 72.87188577943087
12.211134100566232, 73.05784702623153
12.256698033777301, 73.2438082730322
12.302261966988368, 73.38460498937688
12.347825900199437, 73.376001513357
12.393389833410504, 73.36739803733711
12.438953766621573, 73.35879456131723
12.48451769983264, 73.35019108529734
12.530081633043709, 73.34158760927745
12.575645566254776, 73.33298413325757
12.621209499465845, 73.3243806572377
12.666773432676912, 73.31577718121781
12.712337365887981, 73.30717370519793
12.757901299099048, 73.29857022917804
12.803465232310117, 73.28996675315815
12.849029165521186, 73.28136327713827
12.894593098732253, 73.27275980111838
12.940157031943322, 73.2641563250985
12.985720965154389, 73.25555284907861
13.031284898365458, 73.24694937305873
13.076848831576525, 73.23834589703884
13.122412764787594, 73.22974242101897
13.167976697998661, 73.22113894499908
13.21354063120973, 73.2125354689792
13.259104564420797, 73.20393199295931
13.304668497631866, 73.19532851693943
13.350232430842933, 73.18672504091954
13.395796364054002, 73.17812156489966
13.441360297265069, 73.16951808887977
13.486924230476138, 73.16091461285988
13.532488163687205, 73.15231113684
13.578052096898274, 73.14370766082011
13.623616030109341, 73.13510418480024
13.66917996332041, 73.12650070878036
13.714743896531477, 73.11789723276047
13.760307829742546, 73.10929375674058
13.805871762953613, 73.1006902807207
13.851435696164682, 73.09208680470081
13.896999629375749, 73.08348332868093
13.942563562586818, 73.07487985266104
13.988127495797885, 73.06627637664116
14.033691429008954, 73.05767290062127
14.079255362220023, 73.04906942460138
14.12481929543109, 73.0404659485815
14.170383228642159, 73.03186247256163
14.215947161853226, 73.02325899654174
14.261511095064295, 73.01465552052186
14.307075028275362, 73.00605204450197
14.35263896148643, 72.99744856848208
14.398202894697498, 72.9888450924622
14.443766827908567, 72.98024161644231
14.489330761119634, 72.97163814042243
14.534894694330703, 72.96303466440254
14.58045862754177, 72.95443118838266
14.626022560752839, 72.94582771236277
14.671586493963906, 72.9372242363429
14.717150427174975, 72.92862076032301
14.762714360386042, 72.92001728430313
14.80827829359711, 72.91141380828324
14.853842226808178, 72.90281033226336
14.899406160019247, 72.89420685624347
14.944970093230314, 72.88560338022359
14.990534026441383, 72.8769999042037
15.03609795965245, 72.86839642818381
15.081661892863519, 72.85979295216393
15.127225826074586, 72.85118947614404
15.172789759285655, 72.84258600012417
15.218353692496724, 72.83398252410429
15.26391762570779, 72.8253790480844
15.30948155891886, 72.81677557206451
15.355045492129927, 72.80817209604463
15.400609425340996, 72.79956862002474
15.446173358552063, 72.79096514400486
15.491737291763132, 72.78236166798497
15.537301224974199, 72.77375819196509
15.582865158185268, 72.7651547159452
15.628429091396335, 72.75655123992532
15.673993024607404, 72.74794776390543
15.71955695781847, 72.73934428788556
15.76512089102954, 72.73074081186567
15.810684824240607, 72.72213733584579
15.856248757451676, 72.7135338598259
15.901812690662743, 72.70493038380602
15.947376623873811, 72.69632690778613
15.992940557084879, 72.68772343176624
16.038504490295946, 72.67911995574636
16.084068423507016, 72.67051647972647
16.129632356718083, 72.66191300370659
16.17519628992915, 72.6533095276867
16.220760223140218, 72.64470605166683
16.26632415635129, 72.63610257564694
16.311888089562355, 72.62749909962706
16.357452022773423, 72.61889562360717
16.403015955984493, 72.61029214758729
16.44857988919556, 72.6016886715674
16.494143822406627, 72.59308519554752
16.539707755617695, 72.58448171952763
16.585271688828765, 72.57587824350774
16.630835622039832, 72.56727476748786
16.6763995552509, 72.55867129146797
16.721963488461967, 72.5500678154481
16.767527421673037, 72.54146433942822
16.813091354884104, 72.53286086340833
16.85865528809517, 72.52425738738845
16.90421922130624, 72.51565391136856
16.94978315451731, 72.50705043534867
16.995347087728376, 72.49844695932879
17.040911020939443, 72.4898434833089
17.08647495415051, 72.48124000728902
17.13203888736158, 72.47263653126913
17.17760282057265, 72.46403305524925
17.223166753783715, 72.45542957922937
17.268730686994783, 72.44682610320949
17.314294620205853, 72.4382226271896
17.35985855341692, 72.42961915116972
17.405422486627987, 72.42101567514983
17.450986419839055, 72.41241219912995
17.496550353050125, 72.40380872311006
17.542114286261192, 72.39520524709017
17.58767821947226, 72.38660177107029
17.63324215268333, 72.3779982950504
17.678806085894397, 72.36939481903052
17.724370019105464, 72.36079134301063
17.76993395231653, 72.35218786699076
17.815497885527602, 72.34358439097088
17.86106181873867, 72.33498091495099
17.906625751949736, 72.3263774389311
17.952189685160803, 72.31777396291122
17.997753618371874, 72.30917048689133
18.04331755158294, 72.30056701087145
18.08888148479401, 72.29196353485156
18.134445418005075, 72.28336005883168
18.180009351216146, 72.27475658281179
18.225573284427213, 72.2661531067919
18.27113721763828, 72.25754963077203
18.316701150849347, 72.24894615475215
18.362265084060418, 72.24034267873226
18.407829017271485, 72.23173920271238
18.453392950482552, 72.22313572669249
18.49895688369362, 72.2145322506726
18.54452081690469, 72.20592877465272
18.590084750115757, 72.19732529863283
18.635648683326824, 72.18872182261295
18.681212616537895, 72.18011834659306
18.726776549748962, 72.17151487057318
18.77234048296003, 72.1629113945533
18.817904416171096, 72.15430791853342
18.863468349382167, 72.14570444251353
18.909032282593234, 72.13710096649365
18.9545962158043, 72.12849749047376
19.000160149015368, 72.11989401445388
19.04572408222644, 72.11129053843399
19.091288015437506, 72.1026870624141
19.136851948648573, 72.09408358639422
19.18241588185964, 72.08548011037433
19.22797981507071, 72.07687663435445
19.273543748281778, 72.06827315833456
19.319107681492845, 72.05966968231469
19.364671614703912, 72.0510662062948
19.410235547914983, 72.04246273027492
19.45579948112605, 72.03385925425503
19.501363414337117, 72.02525577823515
19.546927347548184, 72.01665230221526
19.592491280759255, 72.00804882619538
19.638055213970322, 71.99944535017549
19.68361914718139, 71.9908418741556
19.729183080392456, 71.98223839813572
19.774747013603527, 71.97363492211583
19.820310946814594, 71.96503144609596
19.86587488002566, 71.95642797007608
19.91143881323673, 71.94782449405619
19.9570027464478, 71.9392210180363
20.002566679658866, 71.93061754201642
20.048130612869933, 71.92201406599654
20.093694546081004, 71.91341058997665
20.13925847929207, 71.90480711395676
20.184822412503138, 71.89620363793688
20.230386345714205, 71.88760016191699
20.275950278925276, 71.8789966858971
20.321514212136343, 71.87039320987724
20.36707814534741, 71.86178973385735
20.412642078558477, 71.85318625783746
20.458206011769548, 71.84458278181758
20.503769944980615, 71.8359793057977
20.549333878191682, 71.82737582977781
20.59489781140275, 71.81877235375792
20.64046174461382, 71.81016887773804
20.686025677824887, 71.80156540171815
20.731589611035954, 71.79296192569826
20.77715354424702, 71.78435844967838
20.82271747745809, 71.77575497365851
20.86828141066916, 71.76715149763862
20.913845343880226, 71.75854802161874
20.959409277091293, 71.74994454559885
21.004973210302364, 71.74134106957897
21.05053714351343, 71.73273759355908
21.096101076724498, 71.7241341175392
21.14166500993557, 71.71553064151931
21.187228943146636, 71.70692716549942
21.232792876357703, 71.69832368947954
21.27835680956877, 71.68972021345965
21.32392074277984, 71.68111673743977
21.369484675990908, 71.6725132614199
21.415048609201975, 71.66390978540001
21.460612542413042, 71.65530630938012
21.506176475624112, 71.64670283336024
21.55174040883518, 71.63809935734035
21.597304342046247, 71.62949588132047
21.642868275257314, 71.62089240530058
21.688432208468384, 71.6122889292807
21.73399614167945, 71.60368545326081
21.77956007489052, 71.59508197724092
21.825124008101586, 71.58647850122104
21.870687941312656, 71.57787502520117
21.916251874523724, 71.56927154918128
21.96181580773479, 71.5606680731614
22.007379740945858, 71.55206459714151
22.05294367415693, 71.54346112112162
22.098507607367996, 71.53485764510174
22.144071540579063, 71.52625416908185
22.189635473790133, 71.51765069306197
22.2351994070012, 71.50904721704208
22.280763340212268, 71.5004437410222
22.326327273423335, 71.49184026500231
22.371891206634405, 71.48323678898244
22.417455139845472, 71.47463331296255
22.46301907305654, 71.46602983694267
22.508583006267607, 71.45742636092278
22.554146939478677, 71.4488228849029
22.599710872689744, 71.44021940888301
22.64527480590081, 71.43161593286312
22.69083873911188, 71.42301245684324
22.73640267232295, 71.41440898082335
22.781966605534016, 71.40580550480347
22.827530538745084, 71.39720202878358
22.87309447195615, 71.38859855276371
22.91865840516722, 71.37999507674382
22.96422233837829, 71.37139160072394
23.009786271589356, 71.36278812470405
23.055350204800423, 71.35418464868417
23.100914138011493, 71.34558117266428
23.14647807122256, 71.3369776966444
23.192042004433628, 71.32837422062451
23.237605937644695, 71.31977074460463
23.283169870855765, 71.31116726858474
23.328733804066832, 71.30256379256485
23.3742977372779, 71.29396031654497
23.41986167048897, 71.2853568405251
23.465425603700037, 71.27675336450521
23.510989536911104, 71.26814988848533
23.55655347012217, 71.25954641246544
23.602117403333242, 71.25094293644555
23.64768133654431, 71.24233946042567
23.693245269755376, 71.23373598440578
23.738809202966443, 71.2251325083859
23.784373136177514, 71.21652903236601
23.82993706938858, 71.20792555634613
23.87550100259965, 71.19932208032624
23.921064935810715, 71.19071860430637
23.966628869021786, 71.18211512828648
24.012192802232853, 71.1735116522666
24.05775673544392, 71.16490817624671
24.103320668654987, 71.15630470022683
24.148884601866058, 71.14770122420694
24.194448535077125, 71.13909774818706
24.240012468288192, 71.13049427216717
24.28557640149926, 71.12189079614728
24.33114033471033, 71.1132873201274
24.376704267921397, 71.10468384410751
24.422268201132464, 71.09608036808764
24.46783213434353, 71.08747689206776
24.513396067554602, 71.07887341604787
24.55896000076567, 71.07026994002798
24.604523933976736, 71.0616664640081
24.650087867187807, 71.05306298798821
24.695651800398874, 71.04445951196833
24.74121573360994, 71.03585603594844
24.78677966682101, 71.02725255992856
24.83234360003208, 71.01864908390867
24.877907533243146, 71.01004560788878
24.923471466454213, 71.00144213186891
24.96903539966528, 70.99283865584903
25.01459933287635, 70.98423517982914
25.060163266087418, 70.97563170380926
25.105727199298485, 70.96702822778937
25.151291132509552, 70.95842475176948
25.196855065720623, 70.9498212757496
25.24241899893169, 70.94121779972971
25.287982932142757, 70.93261432370983
25.333546865353824, 70.92401084768994
25.379110798564895, 70.91540737167006
25.424674731775962, 70.90680389565017
25.47023866498703, 70.8982004196303
25.515802598198096, 70.88959694361041
25.561366531409167, 70.88099346759053
25.606930464620234, 70.87238999157064
25.6524943978313, 70.86378651555076
25.698058331042372, 70.85518303953087
25.74362226425344, 70.84657956351099
25.789186197464506, 70.8379760874911
25.834750130675573, 70.82937261147121
25.880314063886644, 70.82076913545133
25.92587799709771, 70.81216565943144
25.971441930308778, 70.80356218341157
26.017005863519845, 70.79495870739169
26.062569796730916, 70.7863552313718
26.108133729941983, 70.77775175535191
26.15369766315305, 70.76914827933203
26.199261596364117, 70.76054480331214
26.244825529575188, 70.75194132729226
26.290389462786255, 70.74333785127237
26.335953395997322, 70.73473437525249
26.38151732920839, 70.7261308992326
26.42708126241946, 70.71752742321272
26.472645195630527, 70.70892394719283
26.518209128841594, 70.70032047117296
26.56377306205266, 70.69171699515307
26.60933699526373, 70.68311351913319
26.6549009284748, 70.6745100431133
26.700464861685866, 70.66590656709342
26.746028794896933, 70.65730309107353
26.791592728108004, 70.64869961505364
26.83715666131907, 70.64009613903376
26.882720594530138, 70.63149266301387
26.92828452774121, 70.62288918699399
26.973848460952276, 70.6142857109741
27.019412394163343, 70.60568223495423
27.06497632737441, 70.59707875893434
27.11054026058548, 70.58847528291446
27.156104193796548, 70.57987180689457
27.201668127007615, 70.57126833087469
27.247232060218682, 70.5626648548548
27.292795993429753, 70.55406137883492
27.33835992664082, 70.54545790281503
27.383923859851887, 70.53685442679514
27.429487793062954, 70.52825095077526
27.475051726274025, 70.51964747475537
27.52061565948509, 70.5110439987355
27.56617959269616, 70.50244052271562
27.611743525907226, 70.49383704669573
27.657307459118297, 70.48523357067585
27.702871392329364, 70.47663009465596
27.74843532554043, 70.46802661863607
27.793999258751498, 70.45942314261619
27.83956319196257, 70.4508196665963
27.885127125173636, 70.44221619057642
27.930691058384703, 70.43361271455653
27.97625499159577, 70.42500923853665
28.02181892480684, 70.41640576251677
28.067382858017908, 70.40780228649689
28.112946791228975, 70.399198810477
28.158510724440045, 70.39059533445712
28.204074657651113, 70.38199185843723
28.24963859086218, 70.37338838241735
28.295202524073247, 70.36478490639746
28.340766457284317, 70.35618143037757
28.386330390495385, 70.34757795435769
28.43189432370645, 70.3389744783378
28.47745825691752, 70.33037100231792
28.52302219012859, 70.32176752629803
28.568586123339657, 70.31316405027816
28.614150056550724, 70.30456057425828
28.65971398976179, 70.29595709823839
28.70527792297286, 70.2873536222185
28.75084185618393, 70.27875014619862
28.796405789394996, 70.27014667017873
28.841969722606063, 70.26154319415885
28.887533655817133, 70.25293971813896
28.9330975890282, 70.24433624211908
28.978661522239268, 70.23573276609919
29.024225455450335, 70.2271292900793
29.069789388661405, 70.21852581405943
29.115353321872472, 70.20992233803955
29.16091725508354, 70.20131886201966
29.20648118829461, 70.19271538599978
29.252045121505677, 70.18411190997989
29.297609054716744, 70.17550843396
29.34317298792781, 70.16690495794012
29.388736921138882, 70.15830148192023
29.43430085434995, 70.14969800590035
29.479864787561016, 70.14109452988046
29.525428720772084, 70.13249105386058
29.570992653983154, 70.12388757784069
29.61655658719422, 70.11528410182082
29.66212052040529, 70.10668062580093
29.707684453616356, 70.09807714978105
29.753248386827426, 70.08947367376116
29.798812320038493, 70.08087019774128
29.84437625324956, 70.07226672172139
29.889940186460628, 70.0636632457015
29.935504119671698, 70.05505976968162
29.981068052882765, 70.04645629366173
30.026631986093832, 70.03785281764185
30.0721959193049, 70.02924934162198
30.11775985251597, 70.02064586560209
30.163323785727037, 70.0120423895822
30.208887718938104, 70.00343891356232
30.25445165214917, 69.99483543754243
30.300015585360242, 69.98623196152255
30.34557951857131, 69.97762848550266
30.391143451782376, 69.96902500948278
30.436707384993447, 69.96042153346289
30.482271318204514, 69.951818057443
30.52783525141558, 69.94321458142312
30.57339918462665, 69.93461110540325
30.61896311783772, 69.92600762938336
30.664527051048786, 69.91740415336348
30.710090984259853, 69.90880067734359
30.75565491747092, 69.9001972013237
30.80121885068199, 69.89159372530382
30.846782783893058, 69.88299024928394
30.892346717104125, 69.87438677326405
30.937910650315192, 69.86578329724416
30.983474583526263, 69.85717982122428
31.02903851673733, 69.84857634520439
31.074602449948397, 69.83997286918452
31.120166383159464, 69.83136939316464
31.165730316370535, 69.82276591714475
31.211294249581602, 69.81416244112486
31.25685818279267, 69.80555896510498
31.302422116003736, 69.7969554890851
31.347986049214807, 69.78835201306521
31.393549982425874, 69.77974853704532
31.43911391563694, 69.77114506102544
31.48467784884801, 69.76254158500555
31.53024178205908, 69.75393810898566
31.575805715270146, 69.74533463296578
31.621369648481213, 69.73673115694591
31.666933581692284, 69.72812768092602
31.71249751490335, 69.71952420490614
31.758061448114418, 69.71092072888625
31.803625381325485, 69.70231725286637
31.849189314536556, 69.69371377684648
31.894753247747623, 69.6851103008266
31.94031718095869, 69.67650682480671
31.985881114169757, 69.66790334878682
32.03144504738083, 69.65929987276694
32.07700898059189, 69.65069639674705
32.12257291380296, 69.64209292072718
32.16813684701403, 69.6334894447073
32.213700780225096, 69.62488596868741
32.25926471343617, 69.61628249266752
32.30482864664724, 69.60767901664764
32.3503925798583, 69.59907554062775
32.39595651306937, 69.59047206460787
32.441520446280435, 69.58186858858798
32.487084379491506, 69.5732651125681
32.53264831270258, 69.56466163654821
32.57821224591364, 69.55605816052832
32.62377617912471, 69.54745468450844
32.66934011233578, 69.53885120848855
32.714904045546845, 69.53024773246868
32.760467978757916, 69.5216442564488
32.80603191196899, 69.51304078042891
32.85159584518005, 69.50443730440902
32.89715977839112, 69.49583382838914
32.942723711602184, 69.48723035236925
32.988287644813255, 69.47862687634937
33.033851578024326, 69.47002340032948
33.07941551123539, 69.4614199243096
33.12497944444646, 69.45281644828971
33.17054337765753, 69.44421297226982
33.216107310868594, 69.43560949624995
33.261671244079665, 69.42700602023007
33.30723517729073, 69.41840254421018
33.3527991105018, 69.4097990681903
33.39836304371287, 69.40119559217041
33.44392697692393, 69.39259211615052
33.489490910135004, 69.38398864013064
33.535054843346074, 69.37538516411075
33.58061877655714, 69.36678168809087
33.62618270976821, 69.35817821207098
33.67174664297927, 69.34957473605111
33.71731057619034, 69.34097126003122
33.76287450940141, 69.33236778401134
33.80843844261248, 69.32376430799145
33.85400237582355, 69.31516083197157
33.89956630903462, 69.30655735595168
33.94513024224568, 69.2979538799318
33.99069417545675, 69.28935040391191
34.03625810866782, 69.28074692789203
34.08182204187889, 69.27214345187214
34.12738597508996, 69.26353997585225
34.17294990830102, 69.25493649983238
34.21851384151209, 69.2463330238125
34.26407777472316, 69.23772954779261
34.309641707934226, 69.22912607177273
34.3552056411453, 69.22052259575284
34.40076957435637, 69.21191911973295
34.44633350756743, 69.20331564371307
34.4918974407785, 69.19471216769318
34.537461373989565, 69.1861086916733
34.583025307200636, 69.17750521565341
34.628589240411706, 69.16890173963353
34.67415317362277, 69.16029826361364
34.71971710683384, 69.15169478759377
34.76528104004491, 69.14309131157388
34.810844973255975, 69.134487835554
34.856408906467045, 69.12588435953411
34.90197283967811, 69.11728088351423
34.94753677288918, 69.10867740749434
34.99310070610025, 69.10007393147445
35.038664639311314, 69.09147045545457
35.084228572522385, 69.08286697943468
35.129792505733455, 69.0742635034148
35.17535643894452, 69.06566002739491
35.22092037215559, 69.05705655137504
35.26648430536666, 69.04845307535516
35.312048238577724, 69.03984959933527
35.357612171788794, 69.03124612331538
35.40317610499986, 69.0226426472955
35.44874003821093, 69.01403917127561
35.494303971422, 69.00543569525573
35.53986790463306, 68.99683221923584
35.58543183784413, 68.98822874321596
35.630995771055204, 68.97962526719607
35.67655970426627, 68.97102179117618
35.72212363747734, 68.9624183151563
35.7676875706884, 68.95381483913643
35.81325150389947, 68.94521136311654
35.85881543711054, 68.93660788709666
35.90437937032161, 68.92800441107677
35.94994330353268, 68.91940093505688
35.99550723674375, 68.910797459037
36.04107116995481, 68.90219398301711
36.08663510316588, 68.89359050699723
36.132199036376946, 68.88498703097734
36.17776296958802, 68.87638355495746
36.22332690279909, 68.86778007893757
36.26889083601015, 68.8591766029177
36.31445476922122, 68.85057312689781
36.36001870243229, 68.84196965087793
36.405582635643356, 68.83336617485804
36.451146568854426, 68.82476269883816
36.4967105020655, 68.81615922281827
36.54227443527656, 68.80755574679839
36.58783836848763, 68.7989522707785
36.633402301698695, 68.79034879475861
36.678966234909765, 68.78174531873873
36.724530168120836, 68.77314184271884
36.7700941013319, 68.76453836669897
36.81565803454297, 68.75593489067909
36.86122196775404, 68.7473314146592
36.906785900965104, 68.73872793863931
36.952349834176175, 68.73012446261943
36.99791376738724, 68.72152098659954
37.04347770059831, 68.71291751057966
37.08904163380938, 68.70431403455977
37.134605567020444, 68.69571055853989
37.180169500231514, 68.68710708252
37.225733433442585, 68.67850360650012
37.27129736665365, 68.66990013048024
37.31686129986472, 68.66129665446036
37.36242523307579, 68.65269317844047
37.40798916628685, 68.64408970242059
37.453553099497924, 68.6354862264007
37.49911703270899, 68.62688275038082
37.54468096592006, 68.61827927436093
37.59024489913113, 68.60967579834104
37.63580883234219, 68.60107232232116
37.68137276555326, 68.59246884630127
37.726936698764334, 68.58386537028139
37.7725006319754, 68.5752618942615
37.81806456518647, 68.56665841824163
37.86362849839753, 68.55805494222174
37.9091924316086, 68.54945146620186
37.95475636481967, 68.54084799018197
38.000320298030736, 68.53224451416209
38.04588423124181, 68.5236410381422
38.09144816445288, 68.51503756212232
38.13701209766394, 68.50643408610243
38.18257603087501, 68.49783061008254
38.228139964086076, 68.48922713406266
38.273703897297146, 68.48062365804277
38.31926783050822, 68.4720201820229
38.36483176371928, 68.46341670600302
38.41039569693035, 68.45481322998313
38.45595963014142, 68.44620975396325
38.501523563352485, 68.43760627794336
38.547087496563556, 68.42900280192347
38.59265142977463, 68.42039932590359
38.63821536298569, 68.4117958498837
38.68377929619676, 68.30576955976302
38.729343229407824, 68.18878305073387
38.774907162618895, 68.07179654170471
38.820471095829966, 67.95481003267557
38.86603502904103, 67.83782352364642
38.9115989622521, 67.72083701461727
38.95716289546317, 67.60385050558811
39.002726828674234, 67.48686399655898
39.048290761885305, 67.36987748752982
39.09385469509637, 67.25289097850067
39.13941862830744, 67.13590446947153
39.18498256151851, 67.01891796044237
39.23054649472957, 66.90193145141323
39.276110427940644, 66.78494494238407
39.321674361151715, 66.66795843335491
39.36723829436278, 66.55097192432578
39.41280222757385, 66.43398541529662
39.45836616078491, 66.31699890626749
39.50393009399598, 66.20001239723832
39.549494027207054, 66.08302588820916
39.59505796041812, 65.96603937918003
39.64062189362919, 65.84905287015087
39.68618582684026, 65.73206636112171
39.73174976005132, 65.61507985209258
39.77731369326239, 65.49809334306342
39.82287762647346, 65.38110683403427
39.86844155968453, 65.26412032500512
39.9140054928956, 65.14713381597598
39.95956942610666, 65.03014730694683
40.00513335931773, 64.91316079791767
40.0506972925288, 64.79617428888852
40.096261225739866, 64.67918777985938
40.14182515895094, 64.56220127083023
40.18738909216201, 64.44521476180107
40.23295302537307, 64.32822825277194
40.27851695858414, 64.21124174374278
40.324080891795205, 64.09425523471363
40.369644825006276, 63.97726872568448
40.41520875821735, 63.86028221665532
40.46077269142841, 63.74329570762618
40.50633662463948, 63.62630919859703
40.55190055785055, 63.50932268956787
40.597464491061615, 63.392336180538734
40.643028424272686, 63.275349671509574
40.68859235748375, 63.158363162480434
40.73415629069482, 63.04137665345128
40.77972022390589, 62.92439014442213
40.825284157116954, 62.80740363539299
40.870848090328025, 62.690417126363826
40.916412023539095, 62.57343061733467
40.96197595675016, 62.45644410830553
41.00753988996123, 62.33945759927638
41.0531038231723, 62.22247109024722
41.098667756383364, 62.10548458121808
41.144231689594434, 61.988498072188925
41.1897956228055, 61.871511563159785
41.23535955601657, 61.75452505413063
41.28092348922764, 61.63753854510148
41.3264874224387, 61.52055203607234
41.37205135564977, 61.40356552704318
41.417615288860844, 61.286579018014024
41.46317922207191, 61.169592508984884
41.50874315528298, 61.05260599995573
41.55430708849404, 60.93561949092659
41.59987102170511, 60.81863298189744
41.64543495491618, 60.701646472868276
41.69099888812725, 60.58465996383914
41.73656282133832, 60.46767345480998
41.78212675454939, 60.35068694578082
41.82769068776045, 60.23370043675169
41.87325462097152, 60.11671392772253
41.918818554182586, 59.999727418693396
41.96438248739366, 59.882740909664236
42.00994642060473, 59.76575440063508
42.05551035381579, 59.64876789160594
42.10107428702686, 59.53178138257678
42.14663822023793, 59.41479487354763
42.192202153448996, 59.29780836451849
42.237766086660066, 59.180821855489334
42.28333001987114, 59.06383534646018
42.3288939530822, 58.946848837431034
42.37445788629327, 58.82986232840188
42.420021819504335, 58.71287581937274
42.465585752715405, 58.59588931034359
42.511149685926476, 58.47890280131443
42.55671361913754, 58.361916292285294
42.60227755234861, 58.24492978325614
42.64784148555968, 58.12794327422698
42.693405418770745, 58.01095676519784
42.738969351981815, 57.893970256168686
42.78453328519288, 57.776983747139546
42.83009721840395, 57.65999723811039
42.87566115161502, 57.54301072908123
42.921225084826084, 57.42602422005209
42.966789018037154, 57.30903771102294
43.012352951248225, 57.19205120199378
43.05791688445929, 57.075064692964645
43.10348081767036, 56.958078183935484
43.14904475088142, 56.84109167490635
43.19460868409249, 56.72410516587719
43.240172617303564, 56.60711865684804
43.28573655051463, 56.4901321478189
43.3313004837257, 56.37314563878974
43.37686441693677, 56.25615912976058
43.42242835014783, 56.13917262073144
43.4679922833589, 56.02218611170229
43.513556216569974, 55.905199602673136
43.55912014978104, 55.788213093643996
43.60468408299211, 55.671226584614836
43.65024801620317, 55.554240075585696
43.69581194941424, 55.43725356655654
43.74137588262531, 55.32026705752739
43.78693981583638, 55.20328054849825
43.83250374904745, 55.086294039469095
43.87806768225852, 54.969307530439934
43.92363161546958, 54.852321021410795
43.96919554868065, 54.73533451238164
44.014759481891716, 54.6183480033525
44.060323415102786, 54.50136149432335
44.10588734831386, 54.38437498529419
44.15145128152492, 54.267388476265054
44.19701521473599, 54.150401967235894
44.24257914794706, 54.03341545820673
44.288143081158125, 53.9164289491776
44.333707014369196, 53.79944244014844
44.37927094758027, 53.682455931119286
44.42483488079133, 53.565469422090146
44.4703988140024, 53.44848291306099
44.515962747213464, 53.33149640403185
44.561526680424535, 53.21450989500269
44.607090613635606, 53.09752338597354
44.65265454684667, 52.9805368769444
44.69821848005774, 52.863550367915245
44.74378241326881, 52.74656385888609
44.789346346479874, 52.62957734985695
44.834910279690945, 52.51259084082779
44.88047421290201, 52.39560433179865
44.92603814611308, 52.2786178227695
44.97160207932415, 52.161631313740344
45.01716601253521, 52.044644804711204
45.062729945746284, 51.92765829568205
45.108293878957355, 51.81067178665289
45.15385781216842, 51.69368527762376
45.19942174537949, 51.576698768594596
45.24498567859055, 51.45971225956546
45.29054961180162, 51.3427257505363
45.336113545012694, 51.22573924150714
45.38167747822376, 51.10875273247801
45.42724141143483, 50.99176622344885
45.4728053446459, 50.87477971441969
45.51836927785696, 50.757793205390556
