Parameters: [47.31838727682259, 23.46040793587555, 7.794191675547423, 44.57125444210554, 4.094201282879354, 0.0879821476569066, -2.6588056738811803]
Points:
0.0, 23.46040793587555
0.04736575302985244, 23.65433286269492
0.09473150605970489, 23.84825778951429
0.14209725908955734, 24.042182716333656
0.18946301211940977, 24.236107643153026
0.2368287651492622, 24.430032569972393
0.2841945181791147, 24.623957496791764
0.3315602712089671, 24.81788242361113
0.37892602423881955, 25.011807350430498
0.426291777268672, 25.20573227724987
0.4736575302985244, 25.399657204069236
0.5210232833283769, 25.593582130888606
0.5683890363582293, 25.787507057707973
0.6157547893880818, 25.98143198452734
0.6631205424179342, 26.17535691134671
0.7104862954477866, 26.369281838166078
0.7578520484776391, 26.56320676498545
0.8052178015074916, 26.757131691804815
0.852583554537344, 26.951056618624186
0.8999493075671964, 27.144981545443553
0.9473150605970488, 27.33890647226292
0.9946808136269013, 27.53283139908229
1.0420465666567538, 27.726756325901658
1.0894123196866061, 27.920681252721025
1.1367780727164587, 28.114606179540395
1.184143825746311, 28.308531106359766
1.2315095787761636, 28.502456033179133
1.278875331806016, 28.6963809599985
1.3262410848358683, 28.89030588681787
1.373606837865721, 29.084230813637237
1.4209725908955733, 29.278155740456604
1.4683383439254258, 29.472080667275975
1.5157040969552782, 29.666005594095346
1.5630698499851305, 29.859930520914713
1.6104356030149831, 30.05385544773408
1.6578013560448355, 30.24778037455345
1.705167109074688, 30.441705301372817
1.7525328621045404, 30.635630228192184
1.7998986151343928, 30.829555155011555
1.8472643681642453, 31.023480081830925
1.8946301211940977, 31.217405008650292
1.9419958742239503, 31.41132993546966
1.9893616272538026, 31.60525486228903
2.036727380283655, 31.799179789108397
2.0840931333135075, 31.993104715927764
2.13145888634336, 32.187029642747135
2.1788246393732122, 32.3809545695665
2.226190392403065, 32.574879496385876
2.2735561454329174, 32.76880442320524
2.3209218984627698, 32.96272935002461
2.368287651492622, 33.15665427684398
2.4156534045224745, 33.350579203663344
2.4630191575523273, 33.544504130482714
2.5103849105821796, 33.738429057302085
2.557750663612032, 33.93235398412145
2.6051164166418843, 34.12627891094082
2.6524821696717367, 34.32020383776019
2.6998479227015895, 34.51412876457955
2.747213675731442, 34.70805369139892
2.794579428761294, 34.901978618218294
2.8419451817911465, 35.09590354503766
2.889310934820999, 35.28982847185703
2.9366766878508517, 35.4837533986764
2.984042440880704, 35.67767832549577
3.0314081939105564, 35.87160325231514
3.0787739469404087, 36.0655281791345
3.126139699970261, 36.259453105953874
3.173505453000114, 36.453378032773244
3.2208712060299662, 36.64730295959261
3.2682369590598186, 36.84122788641198
3.315602712089671, 37.03515281323135
3.3629684651195233, 37.22907774005071
3.410334218149376, 37.42300266687008
3.4576999711792284, 37.616927593689454
3.505065724209081, 37.81085252050882
3.552431477238933, 38.00477744732819
3.5997972302687855, 38.19870237414756
3.6471629832986383, 38.39262730096693
3.6945287363284907, 38.5865522277863
3.741894489358343, 38.78047715460566
3.7892602423881954, 38.97440208142503
3.8366259954180477, 39.168327008244404
3.8839917484479005, 39.36225193506377
3.931357501477753, 39.55617686188314
3.9787232545076052, 39.75010178870251
4.026089007537458, 39.94402671552187
4.07345476056731, 40.13795164234124
4.120820513597162, 40.33187656916061
4.168186266627015, 40.52580149597998
4.215552019656868, 40.719726422799354
4.26291777268672, 40.91365134961872
4.310283525716573, 41.10757627643808
4.3576492787464245, 41.30150120325745
4.405015031776277, 41.49542613007682
4.45238078480613, 41.68935105689619
4.499746537835982, 41.88327598371556
4.547112290865835, 42.07720091053493
4.594478043895687, 42.27112583735429
4.6418437969255395, 42.46505076417367
4.689209549955392, 42.65897569099303
4.736575302985244, 42.8529006178124
4.783941056015097, 43.04682554463177
4.831306809044949, 43.240750471451136
4.878672562074802, 43.43467539827051
4.9260383151046545, 43.62860032508988
4.973404068134506, 43.82252525190924
5.020769821164359, 44.01645017872862
5.068135574194211, 44.21037510554798
5.115501327224064, 44.404300032367345
5.162867080253917, 44.59822495918672
5.210232833283769, 44.79214988600609
5.257598586313621, 44.98607481282546
5.304964339343473, 45.17999973964483
5.352330092373326, 45.37392466646419
5.399695845403179, 45.56784959328356
5.447061598433031, 45.76177452010293
5.494427351462884, 45.955699446922296
5.5417931044927355, 46.149624373741666
5.589158857522588, 46.34354930056104
5.636524610552441, 46.5374742273804
5.683890363582293, 46.73139915419977
5.731256116612146, 46.92532408101914
5.778621869641998, 47.119249007838505
5.8259876226718506, 47.31317393465788
5.873353375701703, 47.507098861477246
5.920719128731555, 47.70102378829661
5.968084881761408, 47.89494871511599
6.01545063479126, 48.08887364193535
6.062816387821113, 48.28279856875472
6.110182140850966, 48.47672349557409
6.1575478938808175, 48.670648422393455
6.20491364691067, 48.864573349212826
6.252279399940522, 49.058498276032196
6.299645152970375, 49.25242320285156
6.347010906000228, 49.44634812967094
6.39437665903008, 49.6402730564903
6.4417424120599325, 49.834197983309664
6.489108165089784, 50.028122910129035
6.536473918119637, 50.222047836948406
6.58383967114949, 50.415972763767776
6.631205424179342, 50.60989769058715
6.678571177209195, 50.80382261740651
6.725936930239047, 50.997747544225874
6.773302683268899, 51.19167247104525
6.820668436298752, 51.385597397864615
6.868034189328604, 51.579522324683985
6.915399942358457, 51.773447251503356
6.962765695388309, 51.96737217832272
7.010131448418162, 52.16129710514209
7.057497201448014, 52.35522203196146
7.104862954477866, 52.549146958780824
7.152228707507719, 52.7430718856002
7.199594460537571, 52.936996812419565
7.246960213567424, 53.13092173923893
7.294325966597277, 53.324846666058306
7.3416917196271285, 53.51877159287767
7.389057472656981, 53.71269651969704
7.436423225686833, 53.906621446516404
7.483788978716686, 54.100546373335774
7.531154731746539, 54.294471300155145
7.578520484776391, 54.488396226974515
7.6258862378062435, 54.68232115379388
7.673251990836095, 54.87624608061325
7.720617743865948, 55.07017100743262
7.767983496895801, 55.26409593425198
7.815349249925653, 55.3732589817424
7.862715002955506, 55.37742632241935
7.910080755985358, 55.38159366309631
7.9574465090152104, 55.38576100377326
8.004812262045062, 55.38992834445021
8.052178015074915, 55.39409568512717
8.099543768104768, 55.39826302580412
8.14690952113462, 55.40243036648108
8.194275274164474, 55.40659770715803
8.241641027194325, 55.41076504783498
8.289006780224177, 55.414932388511936
8.33637253325403, 55.419099729188886
8.383738286283883, 55.42326706986584
8.431104039313736, 55.427434410542794
8.478469792343587, 55.431601751219745
8.52583554537344, 55.435769091896695
8.573201298403292, 55.43993643257365
8.620567051433145, 55.4441037732506
8.667932804462998, 55.44827111392756
8.715298557492849, 55.45243845460451
8.762664310522702, 55.45660579528146
8.810030063552555, 55.46077313595842
8.857395816582407, 55.46494047663537
8.90476156961226, 55.46910781731232
8.952127322642111, 55.47327515798928
8.999493075671964, 55.47744249866623
9.046858828701817, 55.48160983934318
9.09422458173167, 55.485777180020136
9.141590334761522, 55.48994452069709
9.188956087791373, 55.494111861374044
9.236321840821226, 55.498279202050995
9.283687593851079, 55.502446542727945
9.331053346880932, 55.5066138834049
9.378419099910785, 55.51078122408185
9.425784852940636, 55.514948564758804
9.473150605970488, 55.51911590543576
9.520516359000341, 55.52328324611271
9.567882112030194, 55.52745058678966
9.615247865060047, 55.53161792746662
9.662613618089898, 55.53578526814357
9.70997937111975, 55.53995260882053
9.757345124149603, 55.54411994949748
9.804710877179456, 55.54828729017443
9.852076630209309, 55.552454630851386
9.89944238323916, 55.55662197152834
9.946808136269013, 55.56078931220529
9.994173889298866, 55.564956652882245
10.041539642328718, 55.569123993559195
10.088905395358571, 55.573291334236146
10.136271148388422, 55.5774586749131
10.183636901418275, 55.581626015590054
10.231002654448128, 55.58579335626701
10.27836840747798, 55.58996069694396
10.325734160507833, 55.59412803762091
10.373099913537684, 55.59829537829787
10.420465666567537, 55.60246271897482
10.46783141959739, 55.60663005965177
10.515197172627243, 55.61079740032873
10.562562925657096, 55.61496474100568
10.609928678686947, 55.61913208168263
10.6572944317168, 55.62329942235959
10.704660184746652, 55.62746676303654
10.752025937776505, 55.631634103713495
10.799391690806358, 55.635801444390445
10.846757443836209, 55.639968785067396
10.894123196866062, 55.64413612574435
10.941488949895914, 55.648303466421304
10.988854702925767, 55.652470807098254
11.03622045595562, 55.65663814777521
11.083586208985471, 55.66080548845216
11.130951962015324, 55.66497282912911
11.178317715045177, 55.66914016980607
11.22568346807503, 55.67330751048302
11.273049221104882, 55.67747485115998
11.320414974134733, 55.68164219183693
11.367780727164586, 55.68580953251388
11.415146480194439, 55.68997687319084
11.462512233224292, 55.69414421386779
11.509877986254144, 55.69831155454474
11.557243739283996, 55.702478895221695
11.604609492313848, 55.706646235898646
11.651975245343701, 55.710813576575596
11.699340998373554, 55.714980917252554
11.746706751403407, 55.719148257929504
11.794072504433258, 55.72331559860646
11.84143825746311, 55.72748293928341
11.888804010492963, 55.73165027996036
11.936169763522816, 55.73581762063732
11.983535516552669, 55.73998496131427
12.03090126958252, 55.74415230199122
12.078267022612373, 55.74831964266818
12.125632775642226, 55.75248698334513
12.172998528672078, 55.75665432402208
12.220364281701931, 55.76082166469904
12.267730034731782, 55.76498900537599
12.315095787761635, 55.769156346052945
12.362461540791488, 55.773323686729896
12.40982729382134, 55.777491027406846
12.457193046851193, 55.781658368083804
12.504558799881044, 55.785825708760754
12.551924552910897, 55.789993049437705
12.59929030594075, 55.79416039011466
12.646656058970603, 55.79832773079161
12.694021812000456, 55.80249507146857
12.741387565030307, 55.80666241214552
12.78875331806016, 55.81082975282247
12.836119071090012, 55.81499709349943
12.883484824119865, 55.81916443417638
12.930850577149718, 55.82333177485333
12.978216330179569, 55.82749911553029
13.025582083209422, 55.83166645620724
13.072947836239274, 55.83583379688419
13.120313589269127, 55.840001137561146
13.16767934229898, 55.844168478238096
13.215045095328831, 55.84833581891505
13.262410848358684, 55.852503159592004
13.309776601388537, 55.856670500268955
13.35714235441839, 55.86083784094591
13.404508107448242, 55.86500518162286
13.451873860478093, 55.86917252229981
13.499239613507946, 55.87333986297677
13.546605366537799, 55.87750720365372
13.593971119567652, 55.88167454433067
13.641336872597504, 55.88584188500763
13.688702625627355, 55.89000922568458
13.736068378657208, 55.89417656636154
13.783434131687061, 55.89834390703849
13.830799884716914, 55.90251124771544
13.878165637746767, 55.906678588392396
13.925531390776618, 55.910845929069346
13.97289714380647, 55.9150132697463
14.020262896836323, 55.919180610423254
14.067628649866176, 55.923347951100205
14.114994402896029, 55.927515291777155
14.16236015592588, 55.93168263245411
14.209725908955733, 55.93584997313106
14.257091661985585, 55.94001731380802
14.304457415015438, 55.94418465448497
14.351823168045291, 55.94835199516192
14.399188921075142, 55.95251933583888
14.446554674104995, 55.95668667651583
14.493920427134848, 55.96085401719278
14.5412861801647, 55.96502135786974
14.588651933194553, 55.96918869854669
14.636017686224404, 55.97335603922364
14.683383439254257, 55.977523379900596
14.73074919228411, 55.98169072057755
14.778114945313963, 55.985858061254504
14.825480698343815, 55.990025401931454
14.872846451373666, 55.994192742608405
14.92021220440352, 55.99836008328536
14.967577957433372, 56.00252742396231
15.014943710463225, 56.00669476463926
15.062309463493078, 56.01086210531622
15.109675216522929, 56.01502944599317
15.157040969552781, 56.01919678667012
15.204406722582634, 56.02336412734708
15.251772475612487, 56.02753146802403
15.29913822864234, 56.03169880870099
15.34650398167219, 56.03586614937794
15.393869734702044, 56.04003349005489
15.441235487731896, 56.044200830731846
15.48860124076175, 56.0483681714088
15.535966993791602, 56.05253551208575
15.583332746821453, 56.056702852762704
15.630698499851306, 56.060870193439655
15.678064252881159, 56.065037534116605
15.725430005911011, 56.06920487479356
15.772795758940864, 56.07337221547051
15.820161511970715, 56.07753955614747
15.867527265000568, 56.08170689682442
15.914893018030421, 56.08587423750137
15.962258771060274, 56.09004157817833
16.009624524090125, 56.09420891885528
16.05699027711998, 56.09837625953223
16.10435603014983, 56.10254360020919
16.151721783179685, 56.10671094088614
16.199087536209536, 56.11087828156309
16.246453289239387, 56.115045622240046
16.29381904226924, 56.119212962917
16.341184795299093, 56.123380303593954
16.388550548328947, 56.127547644270905
16.435916301358798, 56.131714984947855
16.48328205438865, 56.13588232562481
16.530647807418504, 56.14004966630176
16.578013560448355, 56.144217006978714
16.62537931347821, 56.14838434765567
16.67274506650806, 56.15255168833262
16.72011081953791, 56.15671902900957
16.767476572567766, 56.16088636968653
16.814842325597617, 56.16505371036348
16.86220807862747, 56.16922105104044
16.909573831657323, 56.17338839171739
16.956939584687174, 56.17755573239434
17.004305337717028, 56.181723073071296
17.05167109074688, 56.18589041374825
17.099036843776734, 56.1900577544252
17.146402596806585, 56.194225095102155
17.193768349836436, 56.198392435779105
17.24113410286629, 56.202559776456056
17.28849985589614, 56.20672711713301
17.335865608925996, 56.210894457809964
17.383231361955847, 56.21506179848692
17.430597114985698, 56.21922913916387
17.477962868015553, 56.22339647984082
17.525328621045404, 56.22756382051778
17.572694374075258, 56.23173116119473
17.62006012710511, 56.23589850187168
17.66742588013496, 56.24006584254864
17.714791633164815, 56.24423318322559
17.762157386194666, 56.24840052390254
17.80952313922452, 56.2525678645795
17.85688889225437, 56.25673520525645
17.904254645284222, 56.260902545933405
17.951620398314077, 56.265069886610355
17.998986151343928, 56.269237227287306
18.046351904373783, 56.27340456796426
18.093717657403634, 56.277571908641214
18.141083410433485, 56.281739249318164
18.18844916346334, 56.28590658999512
18.23581491649319, 56.29007393067207
18.283180669523045, 56.29424127134902
18.330546422552896, 56.29840861202598
18.377912175582747, 56.30257595270293
18.4252779286126, 56.30674329337989
18.472643681642452, 56.31091063405684
18.520009434672307, 56.31507797473379
18.567375187702158, 56.31924531541075
18.61474094073201, 56.3234126560877
18.662106693761864, 56.32757999676465
18.709472446791715, 56.331747337441605
18.75683819982157, 56.335914678118556
18.80420395285142, 56.340082018795506
18.85156970588127, 56.344249359472464
18.898935458911126, 56.348416700149414
18.946301211940977, 56.35258404082637
18.99366696497083, 56.35675138150332
19.041032718000682, 56.36091872218027
19.088398471030533, 56.36508606285723
19.135764224060388, 56.36925340353418
19.18312997709024, 56.37342074421113
19.230495730120094, 56.37758808488809
19.277861483149945, 56.38175542556504
19.325227236179796, 56.38592276624199
19.37259298920965, 56.39009010691895
19.4199587422395, 56.3942574475959
19.467324495269356, 56.398424788272855
19.514690248299207, 56.402592128949806
19.562056001329058, 56.406759469626756
19.609421754358912, 56.410926810303714
19.656787507388763, 56.415094150980664
19.704153260418618, 56.419261491657615
19.75151901344847, 56.42342883233457
19.79888476647832, 56.42759617301152
19.846250519508175, 56.43176351368848
19.893616272538026, 56.43593085436543
19.94098202556788, 56.44009819504238
19.98834777859773, 56.44426553571934
20.035713531627582, 56.44843287639629
20.083079284657437, 56.45260021707324
20.130445037687288, 56.4567675577502
20.177810790717142, 56.46093489842715
20.225176543746993, 56.4651022391041
20.272542296776844, 56.469269579781056
20.3199080498067, 56.473436920458006
20.36727380283655, 56.47760426113496
20.414639555866405, 56.481771601811914
20.462005308896256, 56.485938942488865
20.509371061926107, 56.49010628316582
20.55673681495596, 56.49427362384277
20.604102567985812, 56.49844096451972
20.651468321015667, 56.50260830519668
20.698834074045518, 56.50677564587363
20.74619982707537, 56.51094298655058
20.793565580105223, 56.51511032722754
20.840931333135075, 56.51927766790449
20.88829708616493, 56.52344500858145
20.93566283919478, 56.5276123492584
20.98302859222463, 56.53177968993535
21.030394345254486, 56.535947030612306
21.077760098284337, 56.540114371289256
21.12512585131419, 56.54428171196621
21.172491604344042, 56.548449052643164
21.219857357373893, 56.552616393320115
21.267223110403748, 56.556783733997065
21.3145888634336, 56.56095107467402
21.361954616463454, 56.56511841535097
21.409320369493305, 56.56928575602793
21.456686122523156, 56.57345309670488
21.50405187555301, 56.57762043738183
21.55141762858286, 56.58178777805879
21.598783381612716, 56.58595511873574
21.646149134642567, 56.59012245941269
21.693514887672418, 56.59428980008965
21.740880640702272, 56.5984571407666
21.788246393732123, 56.60262448144355
21.835612146761978, 56.606791822120506
21.88297789979183, 56.61095916279746
21.93034365282168, 56.615126503474414
21.977709405851535, 56.619293844151365
22.025075158881386, 56.623461184828315
22.07244091191124, 56.62762852550527
22.11980666494109, 56.63179586618222
22.167172417970942, 56.635963206859174
22.214538171000797, 56.64013054753613
22.261903924030648, 56.64429788821308
22.309269677060502, 56.64846522889003
22.356635430090353, 56.65263256956699
22.404001183120204, 56.65679991024394
22.45136693615006, 56.6609672509209
22.49873268917991, 56.66513459159785
22.546098442209765, 56.6693019322748
22.593464195239616, 56.673469272951756
22.640829948269467, 56.67763661362871
22.68819570129932, 56.68180395430566
22.735561454329172, 56.685971294982615
22.782927207359027, 56.690138635659565
22.830292960388878, 56.694305976336516
22.87765871341873, 56.69847331701347
22.925024466448583, 56.702640657690424
22.972390219478434, 56.70680799836738
23.01975597250829, 56.71097533904433
23.06712172553814, 56.71514267972128
23.11448747856799, 56.71931002039824
23.161853231597846, 56.72347736107519
23.209218984627697, 56.72764470175214
23.25658473765755, 56.7318120424291
23.303950490687402, 56.73597938310605
23.351316243717253, 56.740146723783
23.398681996747108, 56.74431406445996
23.44604774977696, 56.74848140513691
23.493413502806813, 56.752648745813865
23.540779255836664, 56.756816086490815
23.588145008866515, 56.760983427167766
23.63551076189637, 56.76515076784472
23.68287651492622, 56.769318108521674
23.730242267956076, 56.773485449198624
23.777608020985927, 56.77765278987558
23.824973774015778, 56.78182013055253
23.872339527045632, 56.78598747122948
23.919705280075483, 56.79015481190644
23.967071033105338, 56.79432215258339
24.01443678613519, 56.79848949326035
24.06180253916504, 56.8026568339373
24.109168292194894, 56.80682417461425
24.156534045224745, 56.81099151529121
24.2038997982546, 56.81515885596816
24.25126555128445, 56.81932619664511
24.298631304314302, 56.823493537322065
24.345997057344157, 56.827660877999016
24.393362810374008, 56.831828218675966
24.440728563403862, 56.835995559352924
24.488094316433713, 56.840162900029874
24.535460069463564, 56.84433024070683
24.58282582249342, 56.84849758138378
24.63019157552327, 56.85266492206073
24.677557328553124, 56.85683226273769
24.724923081582975, 56.86099960341464
24.772288834612826, 56.86516694409159
24.81965458764268, 56.86933428476855
24.867020340672532, 56.8735016254455
24.914386093702387, 56.87766896612246
24.961751846732238, 56.88183630679941
25.00911759976209, 56.88600364747636
25.056483352791943, 56.890170988153315
25.103849105821794, 56.894338328830266
25.15121485885165, 56.898505669507216
25.1985806118815, 56.902673010184174
25.24594636491135, 56.906840350861124
25.293312117941205, 56.911007691538074
25.340677870971057, 56.91517503221503
25.38804362400091, 56.91934237289198
25.435409377030762, 56.92350971356893
25.482775130060613, 56.92767705424589
25.530140883090468, 56.93184439492284
25.57750663612032, 56.9360117355998
25.624872389150173, 56.94017907627675
25.672238142180024, 56.9443464169537
25.719603895209875, 56.94851375763066
25.76696964823973, 56.95268109830761
25.81433540126958, 56.95684843898456
25.861701154299436, 56.961015779661516
25.909066907329287, 56.965183120338466
25.956432660359138, 56.96935046101542
26.003798413388992, 56.973517801692374
26.051164166418843, 56.977685142369324
26.098529919448698, 56.98185248304628
26.14589567247855, 56.98601982372323
26.1932614255084, 56.99018716440018
26.240627178538254, 56.99435450507714
26.287992931568105, 56.99852184575409
26.33535868459796, 57.00268918643104
26.38272443762781, 57.006856527108
26.430090190657662, 57.01102386778495
26.477455943687517, 57.01519120846191
26.524821696717368, 57.01935854913886
26.572187449747222, 57.02352588981581
26.619553202777073, 57.027693230492766
26.666918955806924, 57.031860571169716
26.71428470883678, 57.036027911846666
26.76165046186663, 57.040195252523624
26.809016214896484, 57.044362593200574
26.856381967926335, 57.048529933877525
26.903747720956186, 57.05269727455448
26.95111347398604, 57.05686461523143
26.998479227015892, 57.06103195590839
27.045844980045747, 57.06519929658534
27.093210733075598, 57.06936663726229
27.14057648610545, 57.07353397793925
27.187942239135303, 57.0777013186162
27.235307992165154, 57.08186865929315
27.28267374519501, 57.08603599997011
27.33003949822486, 57.09020334064706
27.37740525125471, 57.09437068132401
27.424771004284565, 57.098538022000966
27.472136757314416, 57.102705362677916
27.51950251034427, 57.106872703354874
27.566868263374122, 57.111040044031824
27.614234016403973, 57.115207384708775
27.661599769433828, 57.11937472538573
27.70896552246368, 57.12354206606268
27.756331275493533, 57.12770940673963
27.803697028523384, 57.13187674741659
27.851062781553235, 57.13604408809354
27.89842853458309, 57.14021142877049
27.94579428761294, 57.14437876944745
27.993160040642795, 57.1485461101244
28.040525793672646, 57.15271345080136
28.087891546702497, 57.15688079147831
28.135257299732352, 57.16104813215526
28.182623052762203, 57.165215472832216
28.229988805792058, 57.169382813509166
28.27735455882191, 57.17355015418612
28.32472031185176, 57.177717494863074
28.372086064881614, 57.181884835540025
28.419451817911465, 57.186052176216975
28.46681757094132, 57.19021951689393
28.51418332397117, 57.19438685757088
28.561549077001022, 57.19855419824784
28.608914830030876, 57.20272153892479
28.656280583060727, 57.20688887960174
28.703646336090582, 57.2110562202787
28.751012089120433, 57.21522356095565
28.798377842150284, 57.2193909016326
28.84574359518014, 57.22355824230956
28.89310934820999, 57.22772558298651
28.940475101239844, 57.23189292366346
28.987840854269695, 57.236060264340416
29.035206607299546, 57.24022760501737
29.0825723603294, 57.244394945694324
29.129938113359252, 57.248562286371275
29.177303866389106, 57.252729627048225
29.224669619418957, 57.25689696772518
29.27203537244881, 57.26106430840213
29.319401125478663, 57.265231649079084
29.366766878508514, 57.26939898975604
29.41413263153837, 57.27356633043299
29.46149838456822, 57.27773367110994
29.50886413759807, 57.2819010117869
29.556229890627925, 57.28606835246385
29.603595643657776, 57.29023569314081
29.65096139668763, 57.29440303381776
29.698327149717482, 57.29857037449471
29.745692902747333, 57.302737715171666
29.793058655777187, 57.30690505584862
29.84042440880704, 57.31107239652557
29.887790161836893, 57.315239737202525
29.935155914866744, 57.319407077879475
29.982521667896595, 57.323574418556426
30.02988742092645, 57.32774175923338
30.0772531739563, 57.331909099910334
30.124618926986155, 57.33607644058729
30.171984680016006, 57.34024378126424
30.219350433045857, 57.34441112194119
30.266716186075712, 57.34857846261815
30.314081939105563, 57.3527458032951
30.361447692135417, 57.35691314397205
30.40881344516527, 57.36108048464901
30.45617919819512, 57.36524782532596
30.503544951224974, 57.36941516600291
30.550910704254825, 57.37358250667987
30.59827645728468, 57.37774984735682
30.64564221031453, 57.381917188033775
30.69300796334438, 57.386084528710725
30.740373716374236, 57.390251869387676
30.787739469404087, 57.39441921006463
30.835105222433942, 57.398586550741584
30.882470975463793, 57.402753891418534
30.929836728493644, 57.40692123209549
30.9772024815235, 57.41108857277244
31.02456823455335, 57.4152559134494
31.071933987583204, 57.41942325412635
31.119299740613055, 57.4235905948033
31.166665493642906, 57.42775793548026
31.21403124667276, 57.43192527615721
31.26139699970261, 57.43609261683416
31.308762752732466, 57.44025995751112
31.356128505762317, 57.44442729818807
31.40349425879217, 57.44859463886502
31.450860011822023, 57.452761979541975
31.498225764851874, 57.456929320218926
31.54559151788173, 57.461096660895876
31.59295727091158, 57.465264001572834
31.64032302394143, 57.469431342249784
31.687688776971285, 57.47359868292674
31.735054530001136, 57.47776602360369
31.78242028303099, 57.48193336428064
31.829786036060842, 57.4861007049576
31.877151789090693, 57.49026804563455
31.924517542120547, 57.4944353863115
31.9718832951504, 57.49860272698846
32.01924904818025, 57.50277006766541
32.06661480121011, 57.50693740834237
32.11398055423996, 57.51110474901932
32.16134630726981, 57.51527208969627
32.20871206029966, 57.519439430373225
32.25607781332951, 57.523606771050176
32.30344356635937, 57.527774111727126
32.35080931938922, 57.531941452404084
32.39817507241907, 57.536108793081034
32.44554082544892, 57.540276133757985
32.492906578478774, 57.54444347443494
32.54027233150863, 57.54861081511189
32.58763808453848, 57.55277815578885
32.635003837568334, 57.5569454964658
32.682369590598185, 57.56111283714275
32.729735343628036, 57.56528017781971
32.777101096657894, 57.56944751849666
32.824466849687745, 57.57361485917361
32.871832602717596, 57.57778219985057
32.91919835574745, 57.58194954052752
32.9665641087773, 57.58611688120447
33.013929861807156, 57.590284221881426
33.06129561483701, 57.594451562558376
33.10866136786686, 57.598618903235334
33.15602712089671, 57.602786243912284
33.20339287392656, 57.606953584589235
33.25075862695642, 57.61112092526619
33.29812437998627, 57.61528826594314
33.34549013301612, 57.61945560662009
33.39285588604597, 57.62362294729705
33.44022163907582, 57.627790287974
33.48758739210568, 57.63195762865095
33.53495314513553, 57.63612496932791
33.58231889816538, 57.64029231000486
33.629684651195234, 57.64445965068181
33.677050404225085, 57.64862699135877
33.72441615725494, 57.65279433203572
33.771781910284794, 57.656961672712676
33.819147663314645, 57.661129013389626
33.866513416344496, 57.66529635406658
33.91387916937435, 57.669463694743534
33.961244922404205, 57.673631035420485
34.008610675434056, 57.67779837609744
34.05597642846391, 57.68196571677439
34.10334218149376, 57.68613305745134
34.15070793452361, 57.6903003981283
34.19807368755347, 57.69446773880525
34.24543944058332, 57.6986350794822
34.29280519361317, 57.70280242015916
34.34017094664302, 57.70696976083611
34.38753669967287, 57.71113710151306
34.43490245270273, 57.71530444219002
34.48226820573258, 57.71947178286697
34.52963395876243, 57.72363912354392
34.57699971179228, 57.727806464220876
34.624365464822134, 57.73197380489783
34.67173121785199, 57.736141145574784
34.71909697088184, 57.740308486251735
34.766462723911694, 57.744475826928685
34.813828476941545, 57.74864316760564
34.861194229971396, 57.75281050828259
34.908559983001254, 57.756977848959544
34.955925736031105, 57.7611451896365
35.003291489060956, 57.76531253031345
35.05065724209081, 57.7694798709904
35.09802299512066, 57.77364721166736
35.145388748150516, 57.77781455234431
35.19275450118037, 57.78198189302127
35.24012025421022, 57.78614923369822
35.28748600724007, 57.79031657437517
35.33485176026992, 57.794483915052126
35.38221751329978, 57.79865125572908
35.42958326632963, 57.80281859640603
35.47694901935948, 57.806985937082985
35.52431477238933, 57.811153277759935
35.57168052541918, 57.815320618436886
35.61904627844904, 57.81948795911384
35.66641203147889, 57.82365529979079
35.71377778450874, 57.82782264046775
35.761143537538594, 57.8319899811447
35.808509290568445, 57.83615732182165
35.8558750435983, 57.84032466249861
35.903240796628154, 57.84449200317556
35.950606549658005, 57.84865934385251
35.997972302687856, 57.85282668452947
36.04533805571771, 57.85699402520642
36.092703808747565, 57.861161365883376
36.140069561777416, 57.86532870656033
36.18743531480727, 57.86949604723728
36.23480106783712, 57.873663387914235
36.28216682086697, 57.877830728591185
36.32953257389683, 57.881998069268136
36.37689832692668, 57.88616540994509
36.42426407995653, 57.89033275062204
36.47162983298638, 57.894500091298994
36.51899558601623, 57.89866743197595
36.56636133904609, 57.9028347726529
36.61372709207594, 57.90700211332985
36.66109284510579, 57.91116945400681
36.70845859813564, 57.91533679468376
36.755824351165494, 57.91950413536072
36.80319010419535, 57.92367147603767
36.8505558572252, 57.92783881671462
36.897921610255054, 57.93200615739158
36.945287363284905, 57.93617349806853
36.992653116314756, 57.94034083874548
37.040018869344614, 57.944508179422435
37.087384622374465, 57.948675520099385
37.134750375404316, 57.95284286077634
37.18211612843417, 57.95701020145329
37.22948188146402, 57.961177542130244
37.276847634493876, 57.9653448828072
37.32421338752373, 57.96951222348415
37.37157914055358, 57.9736795641611
37.41894489358343, 57.97784690483806
37.46631064661328, 57.98201424551501
37.51367639964314, 57.98618158619196
37.56104215267299, 57.99034892686892
37.60840790570284, 57.99451626754587
37.65577365873269, 57.99868360822282
37.70313941176254, 58.00285094889978
37.7505051647924, 58.00701828957673
37.79787091782225, 58.011185630253685
37.8452366708521, 58.015352970930635
37.892602423881954, 58.019520311607586
37.939968176911805, 58.02368765228454
37.98733392994166, 58.027854992961494
38.034699682971514, 58.032022333638444
38.082065436001365, 58.0361896743154
38.129431189031216, 58.04035701499235
38.17679694206107, 58.04452435566931
38.224162695090925, 58.04869169634626
38.271528448120776, 58.05285903702321
38.31889420115063, 58.05702637770017
38.36625995418048, 58.06119371837712
38.41362570721033, 58.06536105905407
38.46099146024019, 58.06952839973103
38.50835721327004, 58.07369574040798
38.55572296629989, 58.07786308108493
38.60308871932974, 58.082030421761885
38.65045447235959, 58.086197762438836
38.69782022538945, 58.09036510311579
38.7451859784193, 58.094532443792744
38.79255173144915, 58.098699784469694
38.839917484479, 58.10286712514665
38.88728323750885, 58.1070344658236
38.93464899053871, 58.11120180650055
38.98201474356856, 58.11536914717751
39.029380496598414, 58.11953648785446
39.076746249628265, 58.12370382853141
39.124112002658116, 58.12787116920837
39.171477755687974, 58.13203850988532
39.218843508717825, 58.13620585056228
39.266209261747676, 58.14037319123923
39.31357501477753, 58.14454053191618
39.36094076780738, 58.148707872593135
39.408306520837236, 58.152875213270086
39.45567227386709, 58.157042553947036
39.50303802689694, 58.161209894623994
39.55040377992679, 58.165377235300944
39.59776953295664, 58.169544575977895
39.6451352859865, 58.17371191665485
39.69250103901635, 58.1778792573318
39.7398667920462, 58.18204659800876
39.78723254507605, 58.18621393868571
39.8345982981059, 58.19038127936266
39.88196405113576, 58.19454862003962
39.92932980416561, 58.19871596071657
39.97669555719546, 58.20288330139352
40.02406131022531, 58.20705064207048
40.071427063255165, 58.21121798274743
40.11879281628502, 58.215385323424385
40.166158569314874, 58.219552664101336
40.213524322344725, 58.223720004778286
40.260890075374576, 58.227887345455244
40.30825582840443, 58.232054686132194
40.355621581434285, 58.236222026809145
40.402987334464136, 58.2403893674861
40.45035308749399, 58.24455670816305
40.49771884052384, 58.24872404884
40.54508459355369, 58.25289138951696
40.59245034658355, 58.25705873019391
40.6398160996134, 58.26122607087086
40.68718185264325, 58.26539341154782
40.7345476056731, 58.26956075222477
40.78191335870295, 58.27372809290172
40.82927911173281, 58.27789543357868
40.87664486476266, 58.28206277425563
40.92401061779251, 58.286230114932586
40.97137637082236, 58.290397455609536
41.01874212385221, 58.29456479628649
41.06610787688207, 58.298732136963444
41.11347362991192, 58.302899477640395
41.160839382941774, 58.30706681831735
41.208205135971625, 58.3112341589943
41.255570889001476, 58.31540149967125
41.302936642031334, 58.31956884034821
41.350302395061185, 58.32373618102516
41.397668148091036, 58.32790352170211
41.44503390112089, 58.33207086237907
41.49239965415074, 58.33623820305602
41.539765407180596, 58.34040554373297
41.58713116021045, 58.34457288440993
41.6344969132403, 58.34874022508688
41.68186266627015, 58.35290756576383
41.7292284193, 58.357074906440786
41.77659417232986, 58.36124224711774
41.82395992535971, 58.365409587794694
41.87132567838956, 58.369576928471645
41.91869143141941, 58.373744269148595
41.96605718444926, 58.37791160982555
42.01342293747912, 58.3820789505025
42.06078869050897, 58.386246291179454
42.10815444353882, 58.39041363185641
42.15552019656867, 58.39458097253336
42.202885949598524, 58.39874831321031
42.25025170262838, 58.40291565388727
42.297617455658234, 58.40708299456422
42.344983208688085, 58.41125033524118
42.392348961717936, 58.41541767591813
42.43971471474779, 58.41958501659508
42.487080467777645, 58.423752357272036
42.534446220807496, 58.42791969794899
42.58181197383735, 58.43208703862594
42.6291777268672, 58.436254379302895
42.67654347989705, 58.440421719979845
42.72390923292691, 58.4445890606568
42.77127498595676, 58.44875640133375
42.81864073898661, 58.452923742010704
42.86600649201646, 58.45709108268766
42.91337224504631, 58.46125842336461
42.96073799807617, 58.46542576404156
43.00810375110602, 58.46959310471852
43.05546950413587, 58.47376044539547
43.10283525716572, 58.47792778607242
43.15020101019557, 58.48209512674938
43.19756676322543, 58.48626246742633
43.24493251625528, 58.490429808103286
43.29229826928513, 58.49459714878024
43.339664022314984, 58.49876448945719
43.387029775344836, 58.502931830134145
43.434395528374694, 58.507099170811095
43.481761281404545, 58.511266511488046
43.529127034434396, 58.515433852165
43.57649278746425, 58.519601192841954
43.6238585404941, 58.523768533518904
43.671224293523956, 58.52793587419586
43.71859004655381, 58.53210321487281
43.76595579958366, 58.53627055554976
43.81332155261351, 58.54043789622672
43.86068730564336, 58.54460523690367
43.90805305867322, 58.54877257758063
43.95541881170307, 58.55293991825758
44.00278456473292, 58.55710725893453
44.05015031776277, 58.56127459961149
44.09751607079262, 58.56544194028844
44.14488182382248, 58.56960928096539
44.19224757685233, 58.573776621642345
44.23961332988218, 58.577943962319296
44.28697908291203, 58.58211130299625
44.334344835941884, 58.586278643673204
44.38171058897174, 58.590445984350154
44.42907634200159, 58.59461332502711
44.476442095031445, 58.59878066570406
44.523807848061296, 58.60294800638101
44.57117360109115, 58.60711534705797
44.618539354121005, 58.481401067268344
44.665905107150856, 58.35546473436492
44.71327086018071, 58.2295284014615
44.76063661321056, 58.10359206855807
44.80800236624041, 57.97765573565465
44.85536811927027, 57.851719402751215
44.90273387230012, 57.725783069847786
44.95009962532997, 57.599846736944365
44.99746537835982, 57.47391040404094
45.04483113138967, 57.34797407113752
45.09219688441953, 57.22203773823408
45.13956263744938, 57.09610140533066
45.18692839047923, 56.970165072427235
45.23429414350908, 56.844228739523814
45.28165989653893, 56.71829240662039
45.32902564956879, 56.59235607371695
45.37639140259864, 56.46641974081353
45.42375715562849, 56.3404834079101
45.471122908658344, 56.21454707500668
45.518488661688195, 56.088610742103256
45.56585441471805, 55.96267440919981
45.613220167747905, 55.83673807629639
45.660585920777756, 55.71080174339297
45.70795167380761, 55.58486541048955
45.75531742683746, 55.45892907758613
45.802683179867316, 55.332992744682684
45.85004893289717, 55.20705641177926
45.89741468592702, 55.08112007887584
45.94478043895687, 54.95518374597241
45.99214619198672, 54.82924741306899
46.03951194501658, 54.70331108016555
46.08687769804643, 54.57737474726213
46.13424345107628, 54.451438414358705
46.18160920410613, 54.325502081455284
46.22897495713598, 54.19956574855186
46.27634071016584, 54.07362941564842
46.32370646319569, 53.947693082745
46.37107221622554, 53.821756749841576
46.41843796925539, 53.695820416938155
46.465803722285244, 53.569884084034726
46.5131694753151, 53.44394775113129
46.56053522834495, 53.31801141822787
46.607900981374804, 53.19207508532444
46.655266734404655, 53.06613875242102
46.70263248743451, 52.9402024195176
46.749998240464365, 52.814266086614154
46.797363993494216, 52.68832975371073
46.84472974652407, 52.56239342080731
46.89209549955392, 52.43645708790389
46.93946125258377, 52.31052075500047
46.98682700561363, 52.184584422097025
47.03419275864348, 52.0586480891936
47.08155851167333, 51.93271175629018
47.12892426470318, 51.80677542338675
47.17629001773303, 51.68083909048333
47.22365577076289, 51.554902757579896
47.27102152379274, 51.42896642467647
47.31838727682259, 51.303030091773046
