Parameters: [46.26473884306252, 19.79776964617757, 14.270422710599082, 44.966255105915465, 3.6901523099810913, -0.04114434998050251, -2.5241587558038683]
Points:
0.0, 19.79776964617757
0.04631104989295547, 19.96866447391771
0.09262209978591095, 20.13955930165785
0.1389331496788664, 20.31045412939799
0.1852441995718219, 20.481348957138128
0.23155524946477737, 20.652243784878266
0.2778662993577328, 20.823138612618408
0.3241773492506883, 20.994033440358546
0.3704883991436438, 21.164928268098684
0.41679944903659927, 21.335823095838823
0.46311049892955475, 21.506717923578965
0.5094215488225102, 21.677612751319103
0.5557325987154657, 21.84850757905924
0.6020436486084212, 22.01940240679938
0.6483546985013766, 22.19029723453952
0.6946657483943321, 22.36119206227966
0.7409767982872876, 22.532086890019798
0.787287848180243, 22.702981717759936
0.8335988980731985, 22.873876545500078
0.879909947966154, 23.044771373240216
0.9262209978591095, 23.215666200980355
0.9725320477520649, 23.386561028720493
1.0188430976450205, 23.557455856460635
1.065154147537976, 23.728350684200773
1.1114651974309313, 23.89924551194091
1.1577762473238868, 24.07014033968105
1.2040872972168424, 24.24103516742119
1.2503983471097977, 24.41192999516133
1.2967093970027532, 24.58282482290147
1.3430204468957088, 24.753719650641607
1.3893314967886643, 24.92461447838175
1.4356425466816196, 25.095509306121887
1.4819535965745751, 25.266404133862025
1.5282646464675307, 25.437298961602167
1.574575696360486, 25.6081937893423
1.6208867462534415, 25.779088617082444
1.667197796146397, 25.949983444822582
1.7135088460393526, 26.12087827256272
1.759819895932308, 26.291773100302862
1.8061309458252635, 26.462667928043
1.852441995718219, 26.63356275578314
1.8987530456111743, 26.804457583523277
1.9450640955041298, 26.975352411263415
1.9913751453970854, 27.146247239003557
2.037686195290041, 27.317142066743695
2.0839972451829962, 27.488036894483834
2.130308295075952, 27.658931722223976
2.1766193449689073, 27.829826549964114
2.2229303948618626, 28.000721377704252
2.2692414447548184, 28.171616205444394
2.3155524946477737, 28.34251103318453
2.361863544540729, 28.51340586092467
2.4081745944336848, 28.684300688664813
2.45448564432664, 28.855195516404947
2.5007966942195954, 29.02609034414509
2.547107744112551, 29.196985171885228
2.5934187940055065, 29.367879999625366
2.6397298438984618, 29.538774827365504
2.6860408937914175, 29.709669655105646
2.732351943684373, 29.880564482845784
2.7786629935773286, 30.051459310585926
2.824974043470284, 30.22235413832606
2.8712850933632392, 30.393248966066203
2.917596143256195, 30.56414379380634
2.9639071931491503, 30.73503862154648
3.0102182430421056, 30.90593344928662
3.0565292929350614, 31.07682827702676
3.1028403428280167, 31.247723104766898
3.149151392720972, 31.418617932507036
3.1954624426139278, 31.589512760247175
3.241773492506883, 31.760407587987316
3.288084542399839, 31.93130241572746
3.334395592292794, 32.10219724346759
3.3807066421857495, 32.273092071207735
3.427017692078705, 32.44398689894787
3.4733287419716605, 32.61488172668801
3.519639791864616, 32.78577655442815
3.5659508417575716, 32.95667138216829
3.612261891650527, 33.12756620990843
3.6585729415434822, 33.298461037648565
3.704883991436438, 33.46935586538871
3.7511950413293933, 33.64025069312885
3.7975060912223486, 33.81114552086898
3.8438171411153044, 33.982040348609125
3.8901281910082597, 34.15293517634926
3.9364392409012154, 34.3238300040894
3.9827502907941708, 34.494724831829544
4.029061340687126, 34.665619659569685
4.075372390580082, 34.83651448730982
4.121683440473037, 35.007409315049955
4.1679944903659925, 35.1783041427901
4.214305540258948, 35.34919897053024
4.260616590151904, 35.52009379827038
4.306927640044859, 35.690988626010515
4.353238689937815, 35.86188345375066
4.39954973983077, 36.0327782814908
4.445860789723725, 36.203673109230934
4.492171839616681, 36.374567936971076
4.538482889509637, 36.54546276471122
4.584793939402592, 36.71635759245135
4.631104989295547, 36.88725242019149
4.677416039188503, 37.05814724793163
4.723727089081458, 37.22904207567177
4.770038138974414, 37.39993690341191
4.8163491888673695, 37.570831731152055
4.862660238760324, 37.74172655889218
4.90897128865328, 37.912621386632324
4.955282338546236, 38.083516214372466
5.001593388439191, 38.25441104211261
5.0479044383321465, 38.42530586985275
5.094215488225102, 38.596200697592884
5.140526538118057, 38.76709552533302
5.186837588011013, 38.93799035307316
5.233148637903969, 39.1088851808133
5.2794596877969235, 39.27978000855344
5.325770737689879, 39.45067483629358
5.372081787582835, 39.62156966403372
5.418392837475791, 39.792464491773856
5.464703887368746, 39.963359319514
5.511014937261701, 40.13425414725414
5.557325987154657, 40.30514897499428
5.603637037047612, 40.47604380273442
5.649948086940568, 40.64693863047455
5.696259136833524, 40.81783345821469
5.7425701867264785, 40.988728285954835
5.788881236619434, 41.15962311369498
5.83519228651239, 41.33051794143511
5.881503336405345, 41.501412769175246
5.927814386298301, 41.67230759691539
5.974125436191256, 41.84320242465553
6.020436486084211, 42.01409725239567
6.066747535977167, 42.18499208013581
6.113058585870123, 42.35588690787595
6.159369635763078, 42.52678173561608
6.205680685656033, 42.697676563356225
6.251991735548989, 42.86857139109637
6.298302785441944, 43.0394662188365
6.3446138353349, 43.210361046576644
6.3909248852278555, 43.38125587431678
6.43723593512081, 43.55215070205692
6.483546985013766, 43.72304552979706
6.529858034906722, 43.893940357537204
6.576169084799678, 44.064835185277346
6.6224801346926325, 44.23573001301747
6.668791184585588, 44.406624840757615
6.715102234478544, 44.57751966849776
6.761413284371499, 44.7484144962379
6.807724334264455, 44.919309323978034
6.85403538415741, 45.090204151718176
6.900346434050365, 45.26109897945831
6.946657483943321, 45.43199380719845
6.992968533836277, 45.602888634938594
7.039279583729232, 45.77378346267873
7.085590633622187, 45.94467829041887
7.131901683515143, 46.115573118159006
7.178212733408098, 46.28646794589915
7.224523783301054, 46.45736277363929
7.27083483319401, 46.62825760137943
7.3171458830869645, 46.799152429119566
7.36345693297992, 46.9700472568597
7.409767982872876, 47.14094208459984
7.456079032765831, 47.311836912339984
7.502390082658787, 47.482731740080126
7.548701132551742, 47.65362656782027
7.595012182444697, 47.824521395560396
7.641323232337653, 47.99541622330054
7.687634282230609, 48.16631105104068
7.7339453321235645, 48.33720587878082
7.780256382016519, 48.508100706520956
7.826567431909475, 48.6789955342611
7.872878481802431, 48.84989036200124
7.919189531695386, 49.020785189741375
7.9655005815883415, 49.19168001748152
8.011811631481297, 49.36257484522166
8.058122681374252, 49.53346967296179
8.104433731267207, 49.70436450070193
8.150744781160164, 49.87525932844207
8.197055831053119, 50.04615415618221
8.243366880946073, 50.217048983922346
8.28967793083903, 50.387943811662495
8.335988980731985, 50.55883863940262
8.382300030624942, 50.72973346714277
8.428611080517896, 50.90062829488291
8.474922130410851, 51.07152312262305
8.521233180303808, 51.24241795036319
8.567544230196763, 51.413312778103325
8.613855280089718, 51.58420760584346
8.660166329982674, 51.7551024335836
8.70647737987563, 51.925997261323744
8.752788429768584, 52.09689208906388
8.79909947966154, 52.26778691680403
8.845410529554496, 52.43868174454416
8.89172157944745, 52.6095765722843
8.938032629340407, 52.78047140002444
8.984343679233362, 52.95136622776458
9.030654729126317, 53.122261055504715
9.076965779019273, 53.29315588324486
9.123276828912228, 53.464050710985
9.169587878805183, 53.634945538725134
9.21589892869814, 53.805840366465276
9.262209978591095, 53.97673519420541
9.30852102848405, 54.14763002194555
9.354832078377006, 54.318524849685694
9.401143128269961, 54.48941967742583
9.447454178162916, 54.66031450516597
9.493765228055873, 54.83120933290611
9.540076277948828, 55.00210416064625
9.586387327841782, 55.17299898838638
9.632698377734739, 55.34389381612653
9.679009427627694, 55.514788643866666
9.725320477520649, 55.6856834716068
9.771631527413605, 55.85657829934695
9.81794257730656, 56.027473127087084
9.864253627199515, 56.19836795482722
9.910564677092472, 56.36926278256736
9.956875726985427, 56.5401576103075
10.003186776878382, 56.71105243804764
10.049497826771338, 56.88194726578778
10.095808876664293, 57.05284209352792
10.142119926557248, 57.223736921268056
10.188430976450205, 57.3946317490082
10.23474202634316, 57.56552657674833
10.281053076236114, 57.736421404488475
10.327364126129071, 57.90731623222862
10.373675176022026, 58.07821105996875
10.41998622591498, 58.24910588770889
10.466297275807937, 58.420000715449035
10.512608325700892, 58.59089554318917
10.558919375593847, 58.761790370929305
10.605230425486804, 58.93268519866945
10.651541475379759, 59.10358002640959
10.697852525272715, 59.27447485414973
10.74416357516567, 59.44536968188987
10.790474625058625, 59.61626450963001
10.836785674951582, 59.78715933737015
10.883096724844536, 59.95805416511028
10.929407774737491, 60.128948992850425
10.975718824630448, 60.29984382059057
11.022029874523403, 60.4707386483307
11.068340924416358, 60.641633476070844
11.114651974309314, 60.812528303810986
11.16096302420227, 60.98342313155112
11.207274074095224, 61.15431795929126
11.25358512398818, 61.325212787031404
11.299896173881136, 61.49610761477154
11.34620722377409, 61.667002442511674
11.392518273667047, 61.83789727025182
11.438829323560002, 62.00879209799196
11.485140373452957, 62.17968692573209
11.531451423345914, 62.350581753472234
11.577762473238868, 62.521476581212376
11.624073523131823, 62.69237140895251
11.67038457302478, 62.86326623669265
11.716695622917735, 63.034161064432794
11.76300667281069, 63.20505589217293
11.809317722703646, 63.37595071991307
11.855628772596601, 63.54684554765321
11.901939822489556, 63.71774037539335
11.948250872382513, 63.88863520313349
11.994561922275468, 64.05953003087362
12.040872972168422, 64.23042485861376
12.087184022061379, 64.4013196863539
12.133495071954334, 64.57221451409404
12.179806121847289, 64.74310934183418
12.226117171740245, 64.91400416957433
12.2724282216332, 65.08489899731447
12.318739271526155, 65.2557938250546
12.365050321419112, 65.42668865279475
12.411361371312067, 65.59758348053488
12.457672421205022, 65.76847830827501
12.503983471097978, 65.93937313601516
12.550294520990933, 66.11026796375529
12.596605570883888, 66.28116279149543
12.642916620776845, 66.45205761923557
12.6892276706698, 66.62295244697572
12.735538720562754, 66.79384727471586
12.781849770455711, 66.964742102456
12.828160820348666, 67.13563693019614
12.87447187024162, 67.30653175793627
12.920782920134577, 67.47742658567641
12.967093970027532, 67.64832141341654
13.013405019920487, 67.81921624115668
13.059716069813444, 67.99011106889682
13.106027119706399, 68.16100589663696
13.152338169599355, 68.3319007243771
13.19864921949231, 68.50279555211725
13.244960269385265, 68.67369037985739
13.291271319278222, 68.84458520759753
13.337582369171177, 69.01548003533767
13.383893419064131, 69.1863748630778
13.430204468957088, 69.35726969081794
13.476515518850043, 69.52816451855809
13.522826568742998, 69.69905934629821
13.569137618635954, 69.86995417403836
13.61544866852891, 70.0408490017785
13.661759718421864, 70.21174382951864
13.70807076831482, 70.38263865725878
13.754381818207776, 70.55353348499892
13.80069286810073, 70.72442831273906
13.847003917993687, 70.8953231404792
13.893314967886642, 71.06621796821933
13.939626017779597, 71.23711279595946
13.985937067672554, 71.40800762369962
14.032248117565508, 71.57890245143975
14.078559167458463, 71.74979727917989
14.12487021735142, 71.92069210692003
14.171181267244375, 72.09158693466017
14.21749231713733, 72.26248176240031
14.263803367030286, 72.43337659014045
14.310114416923241, 72.45616988664507
14.356425466816196, 72.45426444860031
14.402736516709153, 72.45235901055554
14.449047566602108, 72.45045357251078
14.495358616495063, 72.44854813446602
14.54166966638802, 72.44664269642126
14.587980716280974, 72.4447372583765
14.634291766173929, 72.44283182033175
14.680602816066886, 72.44092638228699
14.72691386595984, 72.43902094424223
14.773224915852795, 72.43711550619746
14.819535965745752, 72.4352100681527
14.865847015638707, 72.43330463010794
14.912158065531662, 72.43139919206318
14.958469115424618, 72.42949375401842
15.004780165317573, 72.42758831597367
15.051091215210528, 72.4256828779289
15.097402265103485, 72.42377743988415
15.14371331499644, 72.42187200183938
15.190024364889394, 72.41996656379462
15.236335414782351, 72.41806112574986
15.282646464675306, 72.4161556877051
15.32895751456826, 72.41425024966034
15.375268564461217, 72.41234481161558
15.421579614354172, 72.41043937357082
15.467890664247129, 72.40853393552607
15.514201714140084, 72.4066284974813
15.560512764033039, 72.40472305943653
15.606823813925995, 72.40281762139178
15.65313486381895, 72.40091218334702
15.699445913711905, 72.39900674530226
15.745756963604862, 72.3971013072575
15.792068013497817, 72.39519586921274
15.838379063390772, 72.39329043116798
15.884690113283728, 72.39138499312321
15.931001163176683, 72.38947955507845
15.977312213069638, 72.3875741170337
16.023623262962595, 72.38566867898894
16.069934312855548, 72.38376324094418
16.116245362748504, 72.38185780289942
16.16255641264146, 72.37995236485466
16.208867462534414, 72.3780469268099
16.25517851242737, 72.37614148876513
16.301489562320327, 72.37423605072037
16.34780061221328, 72.37233061267561
16.394111662106237, 72.37042517463085
16.440422711999194, 72.3685197365861
16.486733761892147, 72.36661429854134
16.533044811785103, 72.36470886049658
16.57935586167806, 72.36280342245182
16.625666911571017, 72.36089798440705
16.67197796146397, 72.35899254636229
16.718289011356926, 72.35708710831753
16.764600061249883, 72.35518167027277
16.810911111142836, 72.35327623222801
16.857222161035793, 72.35137079418325
16.90353321092875, 72.3494653561385
16.949844260821703, 72.34755991809374
16.99615531071466, 72.34565448004896
17.042466360607616, 72.3437490420042
17.08877741050057, 72.34184360395945
17.135088460393526, 72.33993816591469
17.181399510286482, 72.33803272786993
17.227710560179435, 72.33612728982517
17.274021610072392, 72.33422185178041
17.32033265996535, 72.33231641373565
17.3666437098583, 72.33041097569088
17.41295475975126, 72.32850553764612
17.459265809644215, 72.32660009960136
17.505576859537168, 72.3246946615566
17.551887909430125, 72.32278922351185
17.59819895932308, 72.32088378546709
17.644510009216035, 72.31897834742233
17.69082105910899, 72.31707290937757
17.737132109001948, 72.3151674713328
17.7834431588949, 72.31326203328804
17.829754208787858, 72.31135659524328
17.876065258680814, 72.30945115719852
17.922376308573767, 72.30754571915377
17.968687358466724, 72.305640281109
18.01499840835968, 72.30373484306425
18.061309458252634, 72.30182940501949
18.10762050814559, 72.29992396697472
18.153931558038547, 72.29801852892996
18.2002426079315, 72.2961130908852
18.246553657824457, 72.29420765284044
18.292864707717413, 72.29230221479568
18.339175757610366, 72.29039677675092
18.385486807503323, 72.28849133870617
18.43179785739628, 72.28658590066141
18.478108907289233, 72.28468046261665
18.52441995718219, 72.28277502457188
18.570731007075146, 72.28086958652712
18.6170420569681, 72.27896414848236
18.663353106861056, 72.2770587104376
18.709664156754013, 72.27515327239284
18.755975206646966, 72.27324783434808
18.802286256539922, 72.27134239630333
18.84859730643288, 72.26943695825857
18.894908356325832, 72.2675315202138
18.94121940621879, 72.26562608216904
18.987530456111745, 72.26372064412428
19.0338415060047, 72.26181520607952
19.080152555897655, 72.25990976803476
19.12646360579061, 72.25800432999
19.172774655683565, 72.25609889194524
19.21908570557652, 72.25419345390048
19.265396755469478, 72.25228801585571
19.31170780536243, 72.25038257781095
19.358018855255388, 72.2484771397662
19.404329905148344, 72.24657170172144
19.450640955041298, 72.24466626367668
19.496952004934254, 72.24276082563192
19.54326305482721, 72.24085538758716
19.589574104720164, 72.2389499495424
19.63588515461312, 72.23704451149763
19.682196204506077, 72.23513907345287
19.72850725439903, 72.23323363540811
19.774818304291987, 72.23132819736335
19.821129354184944, 72.2294227593186
19.867440404077897, 72.22751732127384
19.913751453970853, 72.22561188322908
19.96006250386381, 72.22370644518432
20.006373553756763, 72.22180100713955
20.05268460364972, 72.21989556909479
20.098995653542676, 72.21799013105003
20.14530670343563, 72.21608469300527
20.191617753328586, 72.21417925496051
20.237928803221543, 72.21227381691575
20.284239853114496, 72.210368378871
20.330550903007452, 72.20846294082624
20.37686195290041, 72.20655750278146
20.423173002793362, 72.2046520647367
20.46948405268632, 72.20274662669195
20.515795102579276, 72.20084118864719
20.56210615247223, 72.19893575060243
20.608417202365185, 72.19703031255767
20.654728252258142, 72.19512487451291
20.701039302151095, 72.19321943646815
20.74735035204405, 72.19131399842338
20.79366140193701, 72.18940856037862
20.83997245182996, 72.18750312233387
20.886283501722918, 72.1855976842891
20.932594551615875, 72.18369224624435
20.978905601508828, 72.18178680819959
21.025216651401784, 72.17988137015483
21.07152770129474, 72.17797593211007
21.117838751187694, 72.1760704940653
21.16414980108065, 72.17416505602054
21.210460850973607, 72.17225961797578
21.25677190086656, 72.17035417993102
21.303082950759517, 72.16844874188627
21.349394000652474, 72.16654330384151
21.39570505054543, 72.16463786579675
21.442016100438384, 72.16273242775199
21.48832715033134, 72.16082698970722
21.534638200224297, 72.15892155166246
21.58094925011725, 72.1570161136177
21.627260300010207, 72.15511067557294
21.673571349903163, 72.15320523752818
21.719882399796116, 72.15129979948343
21.766193449689073, 72.14939436143867
21.81250449958203, 72.14748892339391
21.858815549474983, 72.14558348534914
21.90512659936794, 72.14367804730438
21.951437649260896, 72.14177260925962
21.99774869915385, 72.13986717121486
22.044059749046806, 72.1379617331701
22.090370798939762, 72.13605629512534
22.136681848832716, 72.13415085708058
22.182992898725672, 72.13224541903583
22.22930394861863, 72.13033998099105
22.275614998511582, 72.1284345429463
22.32192604840454, 72.12652910490154
22.368237098297495, 72.12462366685678
22.41454814819045, 72.12271822881202
22.460859198083405, 72.12081279076726
22.50717024797636, 72.1189073527225
22.553481297869315, 72.11700191467774
22.59979234776227, 72.11509647663297
22.646103397655228, 72.11319103858821
22.69241444754818, 72.11128560054345
22.738725497441138, 72.1093801624987
22.785036547334094, 72.10747472445394
22.831347597227047, 72.10556928640918
22.877658647120004, 72.10366384836442
22.92396969701296, 72.10175841031966
22.970280746905914, 72.09985297227489
23.01659179679887, 72.09794753423013
23.062902846691827, 72.09604209618537
23.10921389658478, 72.09413665814061
23.155524946477737, 72.09223122009585
23.201835996370693, 72.0903257820511
23.248147046263647, 72.08842034400634
23.294458096156603, 72.08651490596158
23.34076914604956, 72.0846094679168
23.387080195942513, 72.08270402987205
23.43339124583547, 72.08079859182729
23.479702295728426, 72.07889315378253
23.52601334562138, 72.07698771573777
23.572324395514336, 72.07508227769301
23.618635445407293, 72.07317683964826
23.664946495300246, 72.0712714016035
23.711257545193202, 72.06936596355872
23.75756859508616, 72.06746052551397
23.803879644979112, 72.0655550874692
23.85019069487207, 72.06364964942445
23.896501744765025, 72.06174421137969
23.94281279465798, 72.05983877333493
23.989123844550935, 72.05793333529017
24.035434894443892, 72.05602789724541
24.081745944336845, 72.05412245920066
24.1280569942298, 72.05221702115588
24.174368044122758, 72.05031158311112
24.22067909401571, 72.04840614506637
24.266990143908668, 72.04650070702161
24.313301193801625, 72.04459526897685
24.359612243694578, 72.04268983093209
24.405923293587534, 72.04078439288733
24.45223434348049, 72.03887895484257
24.498545393373444, 72.0369735167978
24.5448564432664, 72.03506807875304
24.591167493159357, 72.03316264070828
24.63747854305231, 72.03125720266353
24.683789592945267, 72.02935176461877
24.730100642838224, 72.02744632657401
24.776411692731177, 72.02554088852925
24.822722742624133, 72.02363545048449
24.86903379251709, 72.02173001243972
24.915344842410043, 72.01982457439496
24.961655892303, 72.0179191363502
25.007966942195957, 72.01601369830544
25.05427799208891, 72.01410826026068
25.100589041981866, 72.01220282221593
25.146900091874823, 72.01029738417117
25.193211141767776, 72.00839194612641
25.239522191660733, 72.00648650808164
25.28583324155369, 72.00458107003688
25.332144291446642, 72.00267563199212
25.3784553413396, 72.00077019394736
25.424766391232556, 71.9988647559026
25.47107744112551, 71.99695931785784
25.517388491018465, 71.99505387981309
25.563699540911422, 71.99314844176833
25.610010590804375, 71.99124300372355
25.656321640697332, 71.9893375656788
25.70263269059029, 71.98743212763404
25.74894374048324, 71.98552668958928
25.795254790376198, 71.98362125154452
25.841565840269155, 71.98171581349976
25.887876890162108, 71.979810375455
25.934187940055065, 71.97790493741024
25.98049898994802, 71.97599949936547
26.026810039840974, 71.97409406132071
26.07312108973393, 71.97218862327595
26.119432139626888, 71.9702831852312
26.165743189519844, 71.96837774718644
26.212054239412797, 71.96647230914168
26.258365289305754, 71.96456687109692
26.30467633919871, 71.96266143305216
26.350987389091664, 71.96075599500739
26.39729843898462, 71.95885055696263
26.443609488877577, 71.95694511891787
26.48992053877053, 71.95503968087311
26.536231588663487, 71.95313424282836
26.582542638556443, 71.9512288047836
26.628853688449396, 71.94932336673884
26.675164738342353, 71.94741792869408
26.72147578823531, 71.9455124906493
26.767786838128263, 71.94360705260455
26.81409788802122, 71.94170161455979
26.860408937914176, 71.93979617651503
26.90671998780713, 71.93789073847027
26.953031037700086, 71.93598530042551
26.999342087593043, 71.93407986238076
27.045653137485996, 71.932174424336
27.091964187378952, 71.93026898629122
27.13827523727191, 71.92836354824647
27.184586287164862, 71.92645811020171
27.23089733705782, 71.92455267215695
27.277208386950775, 71.92264723411219
27.32351943684373, 71.92074179606743
27.369830486736685, 71.91883635802267
27.41614153662964, 71.91693091997791
27.462452586522595, 71.91502548193314
27.50876363641555, 71.91312004388838
27.555074686308508, 71.91121460584363
27.60138573620146, 71.90930916779887
27.647696786094418, 71.90740372975411
27.694007835987374, 71.90549829170935
27.740318885880328, 71.90359285366459
27.786629935773284, 71.90168741561983
27.83294098566624, 71.89978197757506
27.879252035559194, 71.8978765395303
27.92556308545215, 71.89597110148554
27.971874135345107, 71.89406566344078
28.01818518523806, 71.89216022539603
28.064496235131017, 71.89025478735127
28.110807285023974, 71.88834934930651
28.157118334916927, 71.88644391126175
28.203429384809883, 71.88453847321698
28.24974043470284, 71.88263303517222
28.296051484595793, 71.88072759712746
28.34236253448875, 71.8788221590827
28.388673584381706, 71.87691672103794
28.43498463427466, 71.87501128299319
28.481295684167616, 71.87310584494843
28.527606734060573, 71.87120040690367
28.573917783953526, 71.8692949688589
28.620228833846483, 71.86738953081414
28.66653988373944, 71.86548409276938
28.712850933632392, 71.86357865472462
28.75916198352535, 71.86167321667986
28.805473033418306, 71.8597677786351
28.85178408331126, 71.85786234059034
28.898095133204215, 71.85595690254559
28.944406183097172, 71.85405146450081
28.990717232990125, 71.85214602645605
29.03702828288308, 71.8502405884113
29.08333933277604, 71.84833515036654
29.12965038266899, 71.84642971232178
29.175961432561948, 71.84452427427702
29.222272482454905, 71.84261883623226
29.268583532347858, 71.8407133981875
29.314894582240814, 71.83880796014273
29.36120563213377, 71.83690252209797
29.407516682026724, 71.83499708405321
29.45382773191968, 71.83309164600846
29.500138781812637, 71.8311862079637
29.54644983170559, 71.82928076991894
29.592760881598547, 71.82737533187418
29.639071931491504, 71.82546989382942
29.685382981384457, 71.82356445578466
29.731694031277414, 71.82165901773989
29.77800508117037, 71.81975357969513
29.824316131063323, 71.81784814165037
29.87062718095628, 71.81594270360561
29.916938230849237, 71.81403726556086
29.96324928074219, 71.8121318275161
30.009560330635146, 71.81022638947134
30.055871380528103, 71.80832095142658
30.102182430421056, 71.80641551338181
30.148493480314013, 71.80451007533705
30.19480453020697, 71.80260463729229
30.241115580099923, 71.80069919924753
30.28742662999288, 71.79879376120277
30.333737679885836, 71.79688832315802
30.38004872977879, 71.79498288511326
30.426359779671746, 71.7930774470685
30.472670829564702, 71.79117200902373
30.518981879457655, 71.78926657097897
30.565292929350612, 71.78736113293421
30.61160397924357, 71.78545569488945
30.65791502913652, 71.78355025684469
30.70422607902948, 71.78164481879993
30.750537128922435, 71.77973938075517
30.796848178815388, 71.77783394271042
30.843159228708345, 71.77592850466564
30.8894702786013, 71.77402306662088
30.935781328494258, 71.77211762857613
30.98209237838721, 71.77021219053137
31.028403428280168, 71.76830675248661
31.074714478173124, 71.76640131444185
31.121025528066077, 71.76449587639709
31.167336577959034, 71.76259043835233
31.21364762785199, 71.76068500030756
31.259958677744944, 71.7587795622628
31.3062697276379, 71.75687412421804
31.352580777530857, 71.75496868617329
31.39889182742381, 71.75306324812853
31.445202877316767, 71.75115781008377
31.491513927209724, 71.74925237203901
31.537824977102677, 71.74734693399425
31.584136026995633, 71.74544149594948
31.63044707688859, 71.74353605790472
31.676758126781543, 71.74163061985996
31.7230691766745, 71.7397251818152
31.769380226567456, 71.73781974377044
31.81569127646041, 71.73591430572569
31.862002326353366, 71.73400886768093
31.908313376246323, 71.73210342963617
31.954624426139276, 71.7301979915914
32.00093547603223, 71.72829255354664
32.04724652592519, 71.72638711550188
32.093557575818146, 71.72448167745712
32.139868625711095, 71.72257623941236
32.18617967560405, 71.7206708013676
32.23249072549701, 71.71876536332285
32.278801775389965, 71.71685992527809
32.32511282528292, 71.71495448723331
32.37142387517588, 71.71304904918856
32.41773492506883, 71.7111436111438
32.464045974961785, 71.70923817309904
32.51035702485474, 71.70733273505428
32.5566680747477, 71.70542729700952
32.602979124640655, 71.70352185896476
32.64929017453361, 71.70161642092
32.69560122442656, 71.69971098287523
32.74191227431952, 71.69780554483047
32.788223324212474, 71.69590010678571
32.83453437410543, 71.69399466874096
32.88084542399839, 71.6920892306962
32.927156473891344, 71.69018379265144
32.973467523784294, 71.68827835460668
33.01977857367725, 71.68637291656192
33.06608962357021, 71.68446747851715
33.11240067346316, 71.68256204047239
33.15871172335612, 71.68065660242763
33.20502277324908, 71.67875116438287
33.25133382314203, 71.67684572633812
33.29764487303498, 71.67494028829336
33.34395592292794, 71.6730348502486
33.390266972820896, 71.67112941220384
33.43657802271385, 71.66922397415907
33.48288907260681, 71.66731853611431
33.529200122499766, 71.66541309806955
33.575511172392716, 71.66350766002479
33.62182222228567, 71.66160222198003
33.66813327217863, 71.65969678393527
33.714444322071586, 71.65779134589052
33.76075537196454, 71.65588590784576
33.8070664218575, 71.65398046980098
33.85337747175045, 71.65207503175623
33.899688521643405, 71.65016959371147
33.94599957153636, 71.64826415566671
33.99231062142932, 71.64635871762195
34.038621671322275, 71.64445327957719
34.08493272121523, 71.64254784153243
34.13124377110818, 71.64064240348767
34.17755482100114, 71.6387369654429
34.223865870894095, 71.63683152739814
34.27017692078705, 71.63492608935339
34.31648797068001, 71.63302065130863
34.362799020572965, 71.63111521326387
34.409110070465914, 71.62920977521911
34.45542112035887, 71.62730433717435
34.50173217025183, 71.62539889912959
34.548043220144784, 71.62349346108482
34.59435427003774, 71.62158802304006
34.6406653199307, 71.6196825849953
34.68697636982365, 71.61777714695054
34.7332874197166, 71.61587170890579
34.77959846960956, 71.61396627086103
34.82590951950252, 71.61206083281627
34.87222056939547, 71.61015539477151
34.91853161928843, 71.60824995672674
34.96484266918138, 71.60634451868198
35.011153719074336, 71.60443908063722
35.05746476896729, 71.60253364259246
35.10377581886025, 71.6006282045477
35.150086868753206, 71.59872276650295
35.19639791864616, 71.59681732845819
35.24270896853911, 71.59491189041343
35.28902001843207, 71.59300645236867
35.335331068325026, 71.5911010143239
35.38164211821798, 71.58919557627914
35.42795316811094, 71.58729013823438
35.474264218003896, 71.58538470018962
35.520575267896845, 71.58347926214486
35.5668863177898, 71.5815738241001
35.61319736768276, 71.57966838605535
35.659508417575715, 71.57776294801059
35.70581946746867, 71.57585750996581
35.75213051736163, 71.57395207192106
35.79844156725458, 71.5720466338763
35.844752617147535, 71.57014119583154
35.89106366704049, 71.56823575778678
35.93737471693345, 71.56633031974202
35.983685766826405, 71.56442488169726
36.02999681671936, 71.5625194436525
36.07630786661231, 71.56061400560773
36.12261891650527, 71.55870856756297
36.168929966398224, 71.55680312951822
36.21524101629118, 71.55489769147346
36.26155206618414, 71.5529922534287
36.307863116077094, 71.55108681538394
36.35417416597004, 71.54918137733918
36.400485215863, 71.54727593929442
36.44679626575596, 71.54537050124965
36.49310731564891, 71.54346506320489
36.53941836554187, 71.54155962516013
36.58572941543483, 71.53965418711537
36.632040465327776, 71.53774874907062
36.67835151522073, 71.53584331102586
36.72466256511369, 71.5339378729811
36.770973615006646, 71.53203243493634
36.8172846648996, 71.53012699689157
36.86359571479256, 71.52822155884681
36.90990676468551, 71.52631612080205
36.956217814578466, 71.52441068275729
37.00252886447142, 71.52250524471253
37.04883991436438, 71.52059980666778
37.095150964257336, 71.51869436862302
37.14146201415029, 71.51678893057826
37.18777306404324, 71.51488349253349
37.2340841139362, 71.51297805448873
37.280395163829155, 71.51107261644397
37.32670621372211, 71.50916717839921
37.37301726361507, 71.50726174035445
37.419328313508025, 71.50535630230969
37.465639363400975, 71.50345086426493
37.51195041329393, 71.50154542622018
37.55826146318689, 71.4996399881754
37.604572513079844, 71.49773455013064
37.6508835629728, 71.49582911208589
37.69719461286576, 71.49392367404113
37.74350566275871, 71.49201823599637
37.789816712651664, 71.49011279795161
37.83612776254462, 71.48820735990685
37.88243881243758, 71.4863019218621
37.928749862330534, 71.48439648381732
37.97506091222349, 71.48249104577256
38.02137196211645, 71.4805856077278
38.0676830120094, 71.47868016968305
38.11399406190235, 71.47677473163829
38.16030511179531, 71.47486929359353
38.20661616168827, 71.47296385554877
38.25292721158122, 71.47105841750401
38.29923826147418, 71.46915297945924
38.34554931136713, 71.46724754141448
38.391860361260086, 71.46534210336972
38.43817141115304, 71.46343666532496
38.484482461046, 71.4615312272802
38.530793510938956, 71.45962578923545
38.57710456083191, 71.45772035119069
38.62341561072486, 71.45581491314593
38.66972666061782, 71.45390947510116
38.716037710510776, 71.4520040370564
38.76234876040373, 71.45009859901164
38.80865981029669, 71.44819316096688
38.854970860189646, 71.44628772292212
38.901281910082595, 71.44438228487736
38.94759295997555, 71.4424768468326
38.99390400986851, 71.44057140878785
39.040215059761465, 71.43866597074307
39.08652610965442, 71.43676053269832
39.13283715954738, 71.43485509465356
39.17914820944033, 71.4329496566088
39.225459259333284, 71.43104421856404
39.27177030922624, 71.42913878051928
39.3180813591192, 71.42723334247452
39.364392409012154, 71.42532790442976
39.41070345890511, 71.42342246638499
39.45701450879806, 71.42151702834023
39.50332555869102, 71.41961159029547
39.549636608583974, 71.41770615225072
39.59594765847693, 71.41580071420596
39.64225870836989, 71.4138952761612
39.688569758262844, 71.41198983811644
39.73488080815579, 71.41008440007168
39.78119185804875, 71.40817896202691
39.82750290794171, 71.40627352398215
39.87381395783466, 71.40436808593739
39.92012500772762, 71.40246264789263
39.96643605762058, 71.40055720984788
40.012747107513526, 71.39865177180312
40.05905815740648, 71.39674633375836
40.10536920729944, 71.3948408957136
40.151680257192396, 71.39293545766883
40.19799130708535, 71.39103001962407
40.24430235697831, 71.38912458157931
40.29061340687126, 71.38721914353455
40.336924456764216, 71.38531370548979
40.38323550665717, 71.38340826744503
40.42954655655013, 71.38150282940028
40.475857606443086, 71.37959739135552
40.52216865633604, 71.37769195331074
40.56847970622899, 71.37578651526599
40.61479075612195, 71.37388107722123
40.661101806014905, 71.37197563917647
40.70741285590786, 71.37007020113171
40.75372390580082, 71.36816476308695
40.800034955693775, 71.3662593250422
40.846346005586724, 71.36435388699743
40.89265705547968, 71.36244844895268
40.93896810537264, 71.3605430109079
40.985279155265594, 71.35863757286315
41.03159020515855, 71.35673213481839
41.07790125505151, 71.35482669677363
41.12421230494446, 71.35292125872887
41.170523354837414, 71.35101582068411
41.21683440473037, 71.34911038263935
41.26314545462333, 71.3472049445946
41.309456504516284, 71.34529950654982
41.35576755440924, 71.34339406850506
41.40207860430219, 71.3414886304603
41.44838965419515, 71.33958319241555
41.4947007040881, 71.33767775437079
41.54101175398106, 71.33577231632603
41.58732280387402, 71.33386687828127
41.63363385376697, 71.33196144023651
41.67994490365992, 71.33005600219174
41.72625595355288, 71.32815056414698
41.772567003445836, 71.32624512610222
41.81887805333879, 71.32433968805746
41.86518910323175, 71.3224342500127
41.911500153124706, 71.32052881196795
41.957811203017656, 71.31862337392319
42.00412225291061, 71.31671793587843
42.05043330280357, 71.31481249783366
42.096744352696525, 71.3129070597889
42.14305540258948, 71.31100162174414
42.18936645248244, 71.30909618369938
42.23567750237539, 71.30719074565462
42.281988552268345, 71.30528530760986
42.3282996021613, 71.3033798695651
42.37461065205426, 71.30147443152035
42.420921701947215, 71.29956899347557
42.46723275184017, 71.29766355543082
42.51354380173312, 71.29575811738606
42.55985485162608, 71.2938526793413
42.606165901519034, 71.29194724129654
42.65247695141199, 71.29004180325178
42.69878800130495, 71.28813636520702
42.745099051197904, 71.28623092716226
42.79141010109086, 71.28432548911749
42.83772115098381, 71.28242005107273
42.88403220087677, 71.28051461302798
42.930343250769724, 71.27860917498322
42.97665430066268, 71.27670373693846
43.02296535055564, 71.2747982988937
43.069276400448594, 71.27289286084894
43.11558745034154, 71.27098742280418
43.1618985002345, 71.26908198475941
43.20820955012746, 71.26717654671465
43.25452060002041, 71.2652711086699
43.30083164991337, 71.26336567062513
43.34714269980633, 71.26146023258038
43.393453749699276, 71.25955479453562
43.43976479959223, 71.25764935649086
43.48607584948519, 71.2557439184461
43.532386899378146, 71.25383848040133
43.5786979492711, 71.25193304235657
43.62500899916406, 71.25002760431181
43.67132004905701, 71.24812216626705
43.717631098949965, 71.2462167282223
43.76394214884292, 71.24431129017754
43.81025319873588, 71.24240585213278
43.856564248628835, 71.24050041408802
43.90287529852179, 71.23859497604325
43.94918634841474, 71.23668953799849
43.9954973983077, 71.23478409995373
44.041808448200655, 71.23287866190897
44.08811949809361, 71.23097322386421
44.13443054798657, 71.22906778581945
44.180741597879525, 71.2271623477747
44.227052647772474, 71.22525690972994
44.27336369766543, 71.22335147168516
44.31967474755839, 71.2214460336404
44.365985797451344, 71.21954059559565
44.4122968473443, 71.21763515755089
44.45860789723726, 71.21572971950613
44.50491894713021, 71.21382428146137
44.551229997023164, 71.21191884341661
44.59754104691612, 71.21001340537185
44.64385209680908, 71.20810796732708
44.690163146702034, 71.20620252928232
44.73647419659499, 71.20429709123756
44.78278524648794, 71.2023916531928
44.8290962963809, 71.20048621514805
44.87540734627385, 71.19858077710329
44.92171839616681, 71.19667533905853
44.96802944605977, 71.19036418887464
45.01434049595272, 71.07346774679687
45.06065154584567, 70.9565713047191
45.10696259573863, 70.83967486264133
45.153273645631586, 70.72277842056356
45.19958469552454, 70.60588197848577
45.2458957454175, 70.488985536408
45.292206795310456, 70.37208909433022
45.338517845203405, 70.25519265225246
45.38482889509636, 70.13829621017469
45.43113994498932, 70.02139976809691
45.477450994882275, 69.90450332601914
45.52376204477523, 69.78760688394136
45.57007309466819, 69.67071044186358
45.61638414456114, 69.55381399978582
45.662695194454095, 69.43691755770804
45.70900624434705, 69.32002111563027
45.75531729424001, 69.2031246735525
45.801628344132965, 69.08622823147472
45.84793939402592, 68.96933178939695
45.89425044391887, 68.85243534731919
45.94056149381183, 68.73553890524141
45.986872543704784, 68.61864246316362
46.03318359359774, 68.50174602108585
46.0794946434907, 68.38484957900808
46.125805693383654, 68.2679531369303
46.172116743276604, 68.15105669485254
46.21842779316956, 68.03416025277477
46.26473884306252, 67.917263810697
