Parameters: [45.37748745703448, 21.53079208588877, 14.565329643804382, 41.94698266925257, 4.000465600255236, 0.02964720740865584, -2.8925030230445308]
Points:
0.0, 21.53079208588877
0.045422910367401884, 21.712504876277038
0.09084582073480377, 21.894217666665305
0.13626873110220566, 22.075930457053573
0.18169164146960753, 22.25764324744184
0.2271145518370094, 22.43935603783011
0.27253746220441133, 22.62106882821838
0.3179603725718132, 22.802781618606648
0.36338328293921507, 22.984494408994916
0.40880619330661694, 23.166207199383184
0.4542291036740188, 23.34791998977145
0.49965201404142073, 23.52963278015972
0.5450749244088227, 23.711345570547987
0.5904978347762245, 23.893058360936255
0.6359207451436264, 24.074771151324523
0.6813436555110283, 24.25648394171279
0.7267665658784301, 24.438196732101062
0.772189476245832, 24.61990952248933
0.8176123866132339, 24.801622312877598
0.8630352969806357, 24.983335103265865
0.9084582073480376, 25.165047893654133
0.9538811177154396, 25.3467606840424
0.9993040280828415, 25.52847347443067
1.0447269384502433, 25.710186264818937
1.0901498488176453, 25.891899055207205
1.135572759185047, 26.073611845595472
1.180995669552449, 26.25532463598374
1.2264185799198508, 26.437037426372008
1.2718414902872528, 26.61875021676028
1.3172644006546546, 26.800463007148547
1.3626873110220565, 26.982175797536815
1.4081102213894583, 27.163888587925083
1.4535331317568603, 27.34560137831335
1.4989560421242623, 27.52731416870162
1.544378952491664, 27.709026959089886
1.589801862859066, 27.890739749478154
1.6352247732264678, 28.072452539866422
1.6806476835938697, 28.254165330254693
1.7260705939612715, 28.43587812064296
1.7714935043286735, 28.61759091103123
1.8169164146960752, 28.799303701419497
1.8623393250634772, 28.981016491807765
1.9077622354308792, 29.162729282196032
1.953185145798281, 29.3444420725843
1.998608056165683, 29.526154862972568
2.044030966533085, 29.707867653360836
2.0894538769004867, 29.889580443749104
2.1348767872678884, 30.07129323413737
2.1802996976352906, 30.253006024525643
2.2257226080026924, 30.434718814913907
2.271145518370094, 30.616431605302175
2.316568428737496, 30.798144395690443
2.361991339104898, 30.979857186078714
2.4074142494723, 31.161569976466982
2.4528371598397016, 31.34328276685525
2.4982600702071034, 31.524995557243518
2.5436829805745056, 31.70670834763179
2.5891058909419074, 31.888421138020057
2.634528801309309, 32.070133928408325
2.6799517116767113, 32.25184671879659
2.725374622044113, 32.43355950918486
2.770797532411515, 32.61527229957313
2.8162204427789166, 32.796985089961396
2.861643353146319, 32.978697880349664
2.9070662635137205, 33.16041067073793
2.9524891738811223, 33.3421234611262
2.9979120842485245, 33.52383625151447
3.0433349946159263, 33.705549041902735
3.088757904983328, 33.887261832291
3.13418081535073, 34.06897462267927
3.179603725718132, 34.25068741306754
3.2250266360855337, 34.432400203455806
3.2704495464529355, 34.614112993844074
3.3158724568203377, 34.79582578423235
3.3612953671877395, 34.97753857462061
3.4067182775551412, 35.159251365008885
3.452141187922543, 35.340964155397145
3.497564098289945, 35.52267694578542
3.542987008657347, 35.70438973617369
3.5884099190247487, 35.886102526561956
3.6338328293921505, 36.067815316950224
3.6792557397595527, 36.24952810733849
3.7246786501269544, 36.43124089772676
3.770101560494356, 36.61295368811503
3.8155244708617584, 36.794666478503295
3.86094738122916, 36.97637926889156
3.906370291596562, 37.15809205927983
3.9517932019639637, 37.3398048496681
3.997216112331366, 37.521517640056366
4.042639022698768, 37.703230430444634
4.08806193306617, 37.88494322083291
4.133484843433571, 38.06665601122117
4.178907753800973, 38.248368801609445
4.2243306641683755, 38.430081591997705
4.269753574535777, 38.61179438238598
4.315176484903179, 38.79350717277424
4.360599395270581, 38.975219963162516
4.406022305637983, 39.15693275355078
4.451445216005385, 39.33864554393905
4.496868126372786, 39.52035833432731
4.542291036740188, 39.70207112471559
4.5877139471075905, 39.883783915103855
4.633136857474992, 40.06549670549212
4.678559767842394, 40.24720949588039
4.723982678209796, 40.42892228626866
4.7694055885771975, 40.610635076656926
4.8148284989446, 40.792347867045194
4.860251409312002, 40.97406065743347
4.905674319679403, 41.15577344782173
4.9510972300468055, 41.33748623821
4.996520140414207, 41.519199028598265
5.041943050781609, 41.70091181898653
5.087365961149011, 41.8826246093748
5.1327888715164125, 42.06433739976307
5.178211781883815, 42.24605019015134
5.223634692251217, 42.42776298053961
5.269057602618618, 42.60947577092787
5.31448051298602, 42.79118856131615
5.359903423353423, 42.972901351704415
5.405326333720824, 43.15461414209268
5.450749244088226, 43.336326932480944
5.496172154455628, 43.51803972286922
5.54159506482303, 43.69975251325748
5.587017975190432, 43.881465303645754
5.632440885557833, 44.063178094034015
5.677863795925235, 44.24489088442229
5.723286706292638, 44.42660367481056
5.768709616660039, 44.608316465198826
5.814132527027441, 44.79002925558709
5.859555437394843, 44.97174204597536
5.904978347762245, 45.15345483636363
5.950401258129647, 45.3351676267519
5.995824168497049, 45.51688041714017
6.04124707886445, 45.69859320752843
6.0866699892318525, 45.88030599791671
6.132092899599254, 46.06201878830497
6.177515809966656, 46.24373157869324
6.222938720334058, 46.425444369081504
6.26836163070146, 46.60715715946978
6.313784541068862, 46.78886994985804
6.359207451436264, 46.970582740246314
6.404630361803665, 47.152295530634575
6.4500532721710675, 47.33400832102285
6.49547618253847, 47.51572111141112
6.540899092905871, 47.697433901799386
6.586322003273273, 47.87914669218765
6.631744913640675, 48.06085948257592
6.677167824008077, 48.24257227296419
6.722590734375479, 48.42428506335246
6.76801364474288, 48.605997853740725
6.8134365551102825, 48.78771064412899
6.858859465477685, 48.96942343451726
6.904282375845086, 49.15113622490553
6.949705286212488, 49.332849015293796
6.99512819657989, 49.514561805682064
7.040551106947292, 49.69627459607033
7.085974017314694, 49.8779873864586
7.131396927682096, 50.059700176846874
7.176819838049497, 50.241412967235135
7.2222427484169, 50.42312575762341
7.267665658784301, 50.60483854801167
7.313088569151703, 50.786551338399946
7.358511479519105, 50.968264128788206
7.403934389886507, 51.14997691917648
7.449357300253909, 51.33168970956474
7.494780210621311, 51.51340249995302
7.540203120988712, 51.69511529034128
7.585626031356115, 51.87682808072955
7.631048941723517, 52.05854087111782
7.676471852090918, 52.24025366150609
7.72189476245832, 52.421966451894356
7.7673176728257225, 52.603679242282624
7.812740583193124, 52.78539203267089
7.858163493560526, 52.96710482305916
7.903586403927927, 53.14881761344743
7.9490093142953295, 53.330530403835695
7.994432224662732, 53.51224319422397
8.039855135030134, 53.69395598461224
8.085278045397535, 53.8756687750005
8.130700955764937, 54.057381565388766
8.17612386613234, 54.23909435577704
8.221546776499741, 54.42080714616531
8.266969686867142, 54.60251993655357
8.312392597234545, 54.784232726941845
8.357815507601947, 54.96594551733011
8.403238417969348, 55.14765830771837
8.448661328336751, 55.32937109810665
8.494084238704152, 55.511083888494916
8.539507149071554, 55.692796678883184
8.584930059438957, 55.87450946927145
8.630352969806358, 56.05622225965972
8.67577588017376, 56.23793505004799
8.721198790541163, 56.41964784043626
8.766621700908564, 56.60136063082452
8.812044611275965, 56.78307342121279
8.857467521643366, 56.96478621160106
8.90289043201077, 57.146499001989326
8.94831334237817, 57.328211792377594
8.993736252745572, 57.50992458276586
9.039159163112975, 57.69163737315414
9.084582073480377, 57.8733501635424
9.130004983847778, 58.055062953930666
9.175427894215181, 58.23677574431894
9.220850804582582, 58.41848853470721
9.266273714949984, 58.60020132509547
9.311696625317387, 58.781914115483744
9.357119535684788, 58.96362690587201
9.40254244605219, 59.14533969626027
9.447965356419592, 59.32705248664855
9.493388266786994, 59.508765277036815
9.538811177154395, 59.69047806742508
9.584234087521798, 59.87219085781335
9.6296569978892, 60.05390364820162
9.6750799082566, 60.23561643858989
9.720502818624004, 60.41732922897816
9.765925728991405, 60.59904201936642
9.811348639358807, 60.78075480975469
9.85677154972621, 60.962467600142965
9.902194460093611, 61.144180390531226
9.947617370461012, 61.32589318091949
9.993040280828414, 61.50760597130776
10.038463191195817, 61.689318761696036
10.083886101563218, 61.8710315520843
10.12930901193062, 62.052744342472565
10.174731922298022, 62.23445713286084
10.220154832665424, 62.41616992324911
10.265577743032825, 62.59788271363737
10.311000653400228, 62.77959550402564
10.35642356376763, 62.96130829441391
10.40184647413503, 63.14302108480217
10.447269384502434, 63.32473387519045
10.492692294869835, 63.506446665578714
10.538115205237236, 63.68815945596698
10.58353811560464, 63.86987224635525
10.62896102597204, 64.05158503674352
10.674383936339442, 64.23329782713179
10.719806846706845, 64.41501061752007
10.765229757074247, 64.59672340790831
10.810652667441648, 64.77843619829659
10.856075577809051, 64.96014898868486
10.901498488176452, 65.14186177907312
10.946921398543854, 65.32357456946139
10.992344308911257, 65.50528735984966
11.037767219278658, 65.68700015023794
11.08319012964606, 65.8687129406262
11.12861304001346, 66.05042573101446
11.174035950380864, 66.23213852140273
11.219458860748265, 66.413851311791
11.264881771115666, 66.59556410217927
11.31030468148307, 66.77727689256754
11.35572759185047, 66.9589896829558
11.401150502217872, 67.14070247334408
11.446573412585275, 67.32241526373235
11.491996322952676, 67.50412805412061
11.537419233320078, 67.68584084450887
11.58284214368748, 67.86755363489715
11.628265054054882, 68.04926642528542
11.673687964422284, 68.23097921567368
11.719110874789687, 68.41269200606195
11.764533785157088, 68.59440479645022
11.80995669552449, 68.7761175868385
11.855379605891892, 68.95783037722677
11.900802516259294, 69.13954316761502
11.946225426626695, 69.32125595800329
11.991648336994098, 69.50296874839157
12.0370712473615, 69.68468153877984
12.0824941577289, 69.86639432916809
12.127917068096304, 70.04810711955636
12.173339978463705, 70.22981990994464
12.218762888831106, 70.4115327003329
12.264185799198508, 70.59324549072116
12.30960870956591, 70.77495828110943
12.355031619933312, 70.95667107149771
12.400454530300713, 71.13838386188597
12.445877440668117, 71.32009665227424
12.491300351035518, 71.5018094426625
12.53672326140292, 71.68352223305078
12.582146171770322, 71.86523502343906
12.627569082137724, 72.04694781382732
12.672991992505125, 72.22866060421558
12.718414902872528, 72.41037339460385
12.76383781323993, 72.59208618499213
12.80926072360733, 72.77379897538039
12.854683633974734, 72.95551176576866
12.900106544342135, 73.13722455615692
12.945529454709536, 73.3189373465452
12.99095236507694, 73.50065013693347
13.03637527544434, 73.68236292732173
13.081798185811742, 73.86407571771
13.127221096179145, 74.04578850809827
13.172644006546546, 74.22750129848654
13.218066916913948, 74.40921408887479
13.26348982728135, 74.59092687926307
13.308912737648752, 74.77263966965134
13.354335648016153, 74.95435246003962
13.399758558383555, 75.13606525042786
13.445181468750958, 75.31777804081614
13.49060437911836, 75.49949083120441
13.53602728948576, 75.68120362159269
13.581450199853164, 75.86291641198095
13.626873110220565, 76.04462920236921
13.672296020587966, 76.22634199275748
13.71771893095537, 76.40805478314576
13.76314184132277, 76.58976757353402
13.808564751690172, 76.77148036392228
13.853987662057575, 76.95319315431055
13.899410572424976, 77.13490594469883
13.944833482792378, 77.31661873508709
13.99025639315978, 77.49833152547536
14.035679303527182, 77.68004431586363
14.081102213894583, 77.8617571062519
14.126525124261986, 78.04346989664018
14.171948034629388, 78.22518268702844
14.217370944996789, 78.4068954774167
14.262793855364192, 78.58860826780497
14.308216765731594, 78.77032105819325
14.353639676098995, 78.95203384858151
14.399062586466398, 79.13374663896977
14.4444854968338, 79.31545942935804
14.4899084072012, 79.49717221974632
14.535331317568602, 79.67888501013458
14.580754227936005, 79.79934957815098
14.626177138303406, 79.80069624059576
14.671600048670808, 79.80204290304052
14.71702295903821, 79.80338956548529
14.762445869405612, 79.80473622793005
14.807868779773013, 79.80608289037482
14.853291690140416, 79.80742955281958
14.898714600507818, 79.80877621526436
14.944137510875219, 79.81012287770912
14.989560421242622, 79.8114695401539
15.034983331610023, 79.81281620259865
15.080406241977425, 79.81416286504343
15.125829152344828, 79.81550952748819
15.17125206271223, 79.81685618993296
15.21667497307963, 79.81820285237772
15.262097883447034, 79.8195495148225
15.307520793814435, 79.82089617726726
15.352943704181836, 79.82224283971203
15.39836661454924, 79.82358950215679
15.44378952491664, 79.82493616460157
15.489212435284042, 79.82628282704633
15.534635345651445, 79.82762948949109
15.580058256018846, 79.82897615193586
15.625481166386248, 79.83032281438062
15.67090407675365, 79.8316694768254
15.716326987121052, 79.83301613927016
15.761749897488453, 79.83436280171493
15.807172807855855, 79.83570946415969
15.852595718223258, 79.83705612660447
15.898018628590659, 79.83840278904923
15.94344153895806, 79.839749451494
15.988864449325463, 79.84109611393876
16.034287359692865, 79.84244277638354
16.079710270060268, 79.8437894388283
16.125133180427667, 79.84513610127307
16.17055609079507, 79.84648276371783
16.215979001162474, 79.8478294261626
16.261401911529873, 79.84917608860736
16.306824821897276, 79.85052275105214
16.35224773226468, 79.8518694134969
16.39767064263208, 79.85321607594167
16.443093552999482, 79.85456273838643
16.488516463366885, 79.85590940083121
16.533939373734285, 79.85725606327597
16.579362284101688, 79.85860272572074
16.62478519446909, 79.8599493881655
16.67020810483649, 79.86129605061028
16.715631015203893, 79.86264271305504
16.761053925571296, 79.86398937549981
16.806476835938696, 79.86533603794457
16.8518997463061, 79.86668270038935
16.897322656673502, 79.86802936283411
16.9427455670409, 79.86937602527888
16.988168477408305, 79.87072268772364
17.033591387775708, 79.87206935016842
17.079014298143107, 79.87341601261318
17.12443720851051, 79.87476267505795
17.169860118877914, 79.87610933750271
17.215283029245313, 79.87745599994749
17.260705939612716, 79.87880266239225
17.30612884998012, 79.880149324837
17.35155176034752, 79.88149598728178
17.396974670714922, 79.88284264972654
17.442397581082325, 79.88418931217132
17.487820491449725, 79.88553597461608
17.533243401817128, 79.88688263706085
17.578666312184527, 79.88822929950561
17.62408922255193, 79.88957596195038
17.669512132919333, 79.89092262439515
17.714935043286733, 79.89226928683992
17.760357953654136, 79.89361594928468
17.80578086402154, 79.89496261172945
17.85120377438894, 79.89630927417421
17.89662668475634, 79.89765593661899
17.942049595123745, 79.89900259906375
17.987472505491144, 79.90034926150852
18.032895415858547, 79.90169592395328
18.07831832622595, 79.90304258639806
18.12374123659335, 79.90438924884282
18.169164146960753, 79.9057359112876
18.214587057328156, 79.90708257373235
18.260009967695556, 79.90842923617713
18.30543287806296, 79.90977589862189
18.350855788430362, 79.91112256106666
18.39627869879776, 79.91246922351142
18.441701609165165, 79.9138158859562
18.487124519532568, 79.91516254840096
18.532547429899967, 79.91650921084573
18.57797034026737, 79.91785587329049
18.623393250634773, 79.91920253573527
18.668816161002173, 79.92054919818003
18.714239071369576, 79.9218958606248
18.75966198173698, 79.92324252306956
18.80508489210438, 79.92458918551434
18.850507802471782, 79.9259358479591
18.895930712839185, 79.92728251040387
18.941353623206584, 79.92862917284863
18.986776533573988, 79.92997583529339
19.03219944394139, 79.93132249773817
19.07762235430879, 79.93266916018293
19.123045264676193, 79.9340158226277
19.168468175043596, 79.93536248507246
19.213891085410996, 79.93670914751723
19.2593139957784, 79.938055809962
19.304736906145802, 79.93940247240677
19.3501598165132, 79.94074913485153
19.395582726880605, 79.9420957972963
19.441005637248008, 79.94344245974106
19.486428547615407, 79.94478912218584
19.53185145798281, 79.9461357846306
19.577274368350214, 79.94748244707537
19.622697278717613, 79.94882910952013
19.668120189085016, 79.95017577196491
19.71354309945242, 79.95152243440967
19.75896600981982, 79.95286909685444
19.804388920187222, 79.9542157592992
19.84981183055462, 79.95556242174398
19.895234740922024, 79.95690908418874
19.940657651289428, 79.95825574663351
19.986080561656827, 79.95960240907827
20.03150347202423, 79.96094907152305
20.076926382391633, 79.9622957339678
20.122349292759033, 79.96364239641258
20.167772203126436, 79.96498905885734
20.21319511349384, 79.96633572130212
20.25861802386124, 79.96768238374688
20.30404093422864, 79.96902904619165
20.349463844596045, 79.97037570863641
20.394886754963444, 79.97172237108119
20.440309665330847, 79.97306903352595
20.48573257569825, 79.97441569597072
20.53115548606565, 79.97576235841548
20.576578396433053, 79.97710902086025
20.622001306800456, 79.97845568330501
20.667424217167856, 79.97980234574979
20.71284712753526, 79.98114900819455
20.758270037902662, 79.98249567063931
20.80369294827006, 79.98384233308408
20.849115858637465, 79.98518899552884
20.894538769004868, 79.98653565797362
20.939961679372267, 79.98788232041838
20.98538458973967, 79.98922898286315
21.030807500107073, 79.99057564530791
21.076230410474473, 79.99192230775269
21.121653320841876, 79.99326897019745
21.16707623120928, 79.99461563264222
21.21249914157668, 79.99596229508698
21.25792205194408, 79.99730895753176
21.303344962311485, 79.99865561997652
21.348767872678884, 80.00000228242129
21.394190783046287, 80.00134894486605
21.43961369341369, 80.00269560731083
21.48503660378109, 80.00404226975559
21.530459514148493, 80.00538893220036
21.575882424515896, 80.00673559464512
21.621305334883296, 80.0080822570899
21.6667282452507, 80.00942891953466
21.712151155618102, 80.01077558197943
21.7575740659855, 80.01212224442419
21.802996976352905, 80.01346890686897
21.848419886720308, 80.01481556931373
21.893842797087707, 80.0161622317585
21.93926570745511, 80.01750889420326
21.984688617822513, 80.01885555664803
22.030111528189913, 80.0202022190928
22.075534438557316, 80.02154888153757
22.120957348924716, 80.02289554398233
22.16638025929212, 80.0242422064271
22.21180316965952, 80.02558886887186
22.25722608002692, 80.02693553131664
22.302648990394324, 80.0282821937614
22.348071900761727, 80.02962885620617
22.393494811129127, 80.03097551865093
22.43891772149653, 80.03232218109571
22.484340631863933, 80.03366884354047
22.529763542231333, 80.03501550598523
22.575186452598736, 80.03636216843
22.62060936296614, 80.03770883087476
22.66603227333354, 80.03905549331954
22.71145518370094, 80.0404021557643
22.756878094068345, 80.04174881820907
22.802301004435744, 80.04309548065383
22.847723914803147, 80.0444421430986
22.89314682517055, 80.04578880554337
22.93856973553795, 80.04713546798814
22.983992645905353, 80.0484821304329
23.029415556272756, 80.04982879287768
23.074838466640156, 80.05117545532244
23.12026137700756, 80.05252211776721
23.16568428737496, 80.05386878021197
23.21110719774236, 80.05521544265675
23.256530108109764, 80.0565621051015
23.301953018477167, 80.05790876754628
23.347375928844567, 80.05925542999104
23.39279883921197, 80.06060209243581
23.438221749579373, 80.06194875488058
23.483644659946773, 80.06329541732535
23.529067570314176, 80.06464207977011
23.57449048068158, 80.06598874221488
23.61991339104898, 80.06733540465964
23.66533630141638, 80.06868206710442
23.710759211783785, 80.07002872954918
23.756182122151184, 80.07137539199395
23.801605032518587, 80.07272205443871
23.84702794288599, 80.07406871688349
23.89245085325339, 80.07541537932825
23.937873763620793, 80.07676204177302
23.983296673988196, 80.07810870421778
24.028719584355596, 80.07945536666256
24.074142494723, 80.08080202910732
24.119565405090402, 80.08214869155209
24.1649883154578, 80.08349535399685
24.210411225825204, 80.08484201644163
24.255834136192608, 80.08618867888639
24.301257046560007, 80.08753534133115
24.34667995692741, 80.08888200377592
24.392102867294813, 80.09022866622068
24.437525777662213, 80.09157532866546
24.482948688029616, 80.09292199111022
24.528371598397015, 80.09426865355499
24.57379450876442, 80.09561531599975
24.61921741913182, 80.09696197844453
24.66464032949922, 80.09830864088929
24.710063239866624, 80.09965530333406
24.755486150234027, 80.10100196577882
24.800909060601427, 80.1023486282236
24.84633197096883, 80.10369529066836
24.891754881336233, 80.10504195311313
24.937177791703633, 80.10638861555789
24.982600702071036, 80.10773527800266
25.02802361243844, 80.10908194044742
25.07344652280584, 80.1104286028922
25.11886943317324, 80.11177526533696
25.164292343540644, 80.11312192778173
25.209715253908044, 80.1144685902265
25.255138164275447, 80.11581525267127
25.30056107464285, 80.11716191511603
25.34598398501025, 80.1185085775608
25.391406895377653, 80.11985524000556
25.436829805745056, 80.12120190245034
25.482252716112455, 80.1225485648951
25.52767562647986, 80.12389522733987
25.57309853684726, 80.12524188978463
25.61852144721466, 80.1265885522294
25.663944357582064, 80.12793521467417
25.709367267949467, 80.12928187711894
25.754790178316867, 80.1306285395637
25.80021308868427, 80.13197520200848
25.845635999051673, 80.13332186445324
25.891058909419073, 80.13466852689801
25.936481819786476, 80.13601518934277
25.98190473015388, 80.13736185178753
26.02732764052128, 80.1387085142323
26.07275055088868, 80.14005517667707
26.118173461256085, 80.14140183912184
26.163596371623484, 80.1427485015666
26.209019281990887, 80.14409516401138
26.25444219235829, 80.14544182645614
26.29986510272569, 80.14678848890091
26.345288013093093, 80.14813515134567
26.390710923460496, 80.14948181379044
26.436133833827896, 80.1508284762352
26.4815567441953, 80.15217513867998
26.5269796545627, 80.15352180112474
26.5724025649301, 80.15486846356951
26.617825475297504, 80.15621512601427
26.663248385664907, 80.15756178845905
26.708671296032307, 80.15890845090381
26.75409420639971, 80.16025511334858
26.79951711676711, 80.16160177579334
26.844940027134513, 80.16294843823812
26.890362937501916, 80.16429510068288
26.935785847869315, 80.16564176312765
26.98120875823672, 80.16698842557241
27.02663166860412, 80.16833508801719
27.07205457897152, 80.16968175046195
27.117477489338924, 80.17102841290672
27.162900399706327, 80.17237507535148
27.208323310073727, 80.17372173779626
27.25374622044113, 80.17506840024102
27.299169130808533, 80.17641506268579
27.344592041175932, 80.17776172513055
27.390014951543336, 80.17910838757533
27.43543786191074, 80.18045505002009
27.480860772278138, 80.18180171246486
27.52628368264554, 80.18314837490962
27.571706593012944, 80.1844950373544
27.617129503380344, 80.18584169979916
27.662552413747747, 80.18718836224393
27.70797532411515, 80.18853502468869
27.75339823448255, 80.18988168713345
27.798821144849953, 80.19122834957822
27.844244055217356, 80.19257501202298
27.889666965584755, 80.19392167446776
27.93508987595216, 80.19526833691252
27.98051278631956, 80.1966149993573
28.02593569668696, 80.19796166180205
28.071358607054364, 80.19930832424683
28.116781517421767, 80.20065498669159
28.162204427789167, 80.20200164913636
28.20762733815657, 80.20334831158112
28.253050248523973, 80.2046949740259
28.298473158891372, 80.20604163647066
28.343896069258776, 80.20738829891543
28.38931897962618, 80.2087349613602
28.434741889993578, 80.21008162380497
28.48016480036098, 80.21142828624973
28.525587710728384, 80.2127749486945
28.571010621095784, 80.21412161113926
28.616433531463187, 80.21546827358404
28.66185644183059, 80.2168149360288
28.70727935219799, 80.21816159847357
28.752702262565393, 80.21950826091833
28.798125172932796, 80.2208549233631
28.843548083300195, 80.22220158580787
28.8889709936676, 80.22354824825264
28.934393904035, 80.2248949106974
28.9798168144024, 80.22624157314218
29.025239724769804, 80.22758823558694
29.070662635137204, 80.22893489803171
29.116085545504607, 80.23028156047647
29.16150845587201, 80.23162822292124
29.20693136623941, 80.232974885366
29.252354276606813, 80.23432154781078
29.297777186974216, 80.23566821025554
29.343200097341615, 80.23701487270031
29.38862300770902, 80.23836153514507
29.43404591807642, 80.23970819758985
29.47946882844382, 80.24105486003461
29.524891738811224, 80.24240152247937
29.570314649178627, 80.24374818492414
29.615737559546027, 80.2450948473689
29.66116046991343, 80.24644150981368
29.706583380280833, 80.24778817225844
29.752006290648232, 80.24913483470321
29.797429201015635, 80.25048149714797
29.84285211138304, 80.25182815959275
29.888275021750438, 80.25317482203751
29.93369793211784, 80.25452148448228
29.979120842485244, 80.25586814692704
30.024543752852644, 80.25721480937182
30.069966663220047, 80.25856147181658
30.11538957358745, 80.25990813426135
30.16081248395485, 80.26125479670611
30.206235394322253, 80.26260145915089
30.251658304689656, 80.26394812159565
30.297081215057055, 80.26529478404042
30.34250412542446, 80.26664144648518
30.38792703579186, 80.26798810892996
30.43334994615926, 80.26933477137472
30.478772856526664, 80.27068143381949
30.524195766894067, 80.27202809626425
30.569618677261467, 80.27337475870902
30.61504158762887, 80.27472142115379
30.660464497996273, 80.27606808359856
30.705887408363672, 80.27741474604332
30.751310318731075, 80.2787614084881
30.79673322909848, 80.28010807093285
30.842156139465878, 80.28145473337763
30.88757904983328, 80.28280139582239
30.933001960200684, 80.28414805826716
30.978424870568084, 80.28549472071192
31.023847780935487, 80.2868413831567
31.06927069130289, 80.28818804560146
31.11469360167029, 80.28953470804623
31.160116512037693, 80.290881370491
31.205539422405096, 80.29222803293575
31.250962332772495, 80.29357469538053
31.2963852431399, 80.29492135782529
31.3418081535073, 80.29626802027006
31.3872310638747, 80.29761468271482
31.432653974242104, 80.2989613451596
31.478076884609504, 80.30030800760436
31.523499794976907, 80.30165467004913
31.56892270534431, 80.30300133249389
31.61434561571171, 80.30434799493867
31.659768526079112, 80.30569465738343
31.705191436446515, 80.3070413198282
31.750614346813915, 80.30838798227296
31.796037257181318, 80.30973464471774
31.84146016754872, 80.3110813071625
31.88688307791612, 80.31242796960727
31.932305988283524, 80.31377463205203
31.977728898650927, 80.3151212944968
32.02315180901833, 80.31646795694157
32.06857471938573, 80.31781461938634
32.11399762975313, 80.3191612818311
32.159420540120536, 80.32050794427587
32.204843450487935, 80.32185460672063
32.250266360855335, 80.32320126916541
32.29568927122274, 80.32454793161017
32.34111218159014, 80.32589459405494
32.38653509195754, 80.3272412564997
32.43195800232495, 80.32858791894448
32.47738091269235, 80.32993458138924
32.522803823059746, 80.33128124383401
32.56822673342715, 80.33262790627877
32.61364964379455, 80.33397456872355
32.65907255416195, 80.33532123116831
32.70449546452936, 80.33666789361308
32.74991837489676, 80.33801455605784
32.79534128526416, 80.33936121850262
32.840764195631564, 80.34070788094738
32.886187105998964, 80.34205454339215
32.93161001636636, 80.34340120583691
32.97703292673377, 80.34474786828167
33.02245583710117, 80.34609453072645
33.06787874746857, 80.3474411931712
33.113301657835976, 80.34878785561598
33.158724568203375, 80.35013451806074
33.204147478570775, 80.35148118050552
33.24957038893818, 80.35282784295028
33.29499329930558, 80.35417450539505
33.34041620967298, 80.35552116783981
33.38583912004039, 80.35686783028459
33.43126203040779, 80.35821449272935
33.476684940775186, 80.35956115517412
33.52210785114259, 80.36090781761888
33.56753076150999, 80.36225448006365
33.61295367187739, 80.36360114250841
33.6583765822448, 80.36494780495319
33.7037994926122, 80.36629446739795
33.7492224029796, 80.36764112984272
33.794645313347004, 80.36898779228748
33.840068223714404, 80.37033445473226
33.8854911340818, 80.37168111717702
33.93091404444921, 80.3730277796218
33.97633695481661, 80.37437444206655
34.02175986518401, 80.37572110451133
34.067182775551416, 80.37706776695609
34.112605685918815, 80.37841442940086
34.158028596286215, 80.37976109184562
34.20345150665362, 80.3811077542904
34.24887441702102, 80.38245441673516
34.29429732738842, 80.38380107917993
34.33972023775583, 80.38514774162469
34.38514314812323, 80.38649440406947
34.430566058490626, 80.38784106651423
34.47598896885803, 80.389187728959
34.52141187922543, 80.39053439140376
34.56683478959283, 80.39188105384854
34.61225769996024, 80.3932277162933
34.65768061032764, 80.39457437873807
34.70310352069504, 80.39592104118283
34.748526431062444, 80.39726770362759
34.793949341429844, 80.39861436607237
34.83937225179724, 80.39996102851713
34.88479516216465, 80.4013076909619
34.93021807253205, 80.40265435340666
34.97564098289945, 80.40400101585143
35.02106389326685, 80.4053476782962
35.066486803634255, 80.40669434074097
35.111909714001655, 80.40804100318573
35.157332624369054, 80.4093876656305
35.20275553473646, 80.41073432807526
35.24817844510386, 80.41208099052004
35.29360135547126, 80.4134276529648
35.33902426583867, 80.41477431540957
35.384447176206066, 80.41612097785433
35.429870086573466, 80.41746764029911
35.47529299694087, 80.41881430274387
35.52071590730827, 80.42016096518864
35.56613881767567, 80.4215076276334
35.61156172804308, 80.42285429007818
35.65698463841048, 80.42420095252294
35.70240754877788, 80.42554761496771
35.747830459145284, 80.42689427741247
35.79325336951268, 80.42824093985725
35.83867627988008, 80.429587602302
35.88409919024749, 80.43093426474678
35.92952210061489, 80.43228092719154
35.97494501098229, 80.43362758963632
36.020367921349695, 80.43497425208108
36.065790831717095, 80.43632091452585
36.111213742084495, 80.43766757697061
36.1566366524519, 80.43901423941539
36.2020595628193, 80.44036090186015
36.2474824731867, 80.44170756430492
36.29290538355411, 80.44305422674968
36.338328293921506, 80.44440088919445
36.383751204288906, 80.44574755163922
36.42917411465631, 80.44709421408399
36.47459702502371, 80.44844087652875
36.52001993539111, 80.44978753897351
36.56544284575852, 80.45113420141828
36.61086575612592, 80.45248086386304
36.65628866649332, 80.45382752630782
36.701711576860724, 80.45517418875258
36.747134487228124, 80.45652085119735
36.79255739759552, 80.45786751364211
36.83798030796293, 80.45921417608689
36.88340321833033, 80.46056083853165
36.92882612869773, 80.46190750097642
36.974249039065135, 80.46325416342118
37.019671949432535, 80.46460082586596
37.065094859799935, 80.46594748831072
37.11051777016734, 80.46729415075549
37.15594068053474, 80.46864081320025
37.20136359090214, 80.46998747564503
37.24678650126955, 80.47133413808979
37.29220941163695, 80.47268080053456
37.337632322004346, 80.47402746297932
37.38305523237175, 80.4753741254241
37.42847814273915, 80.47672078786886
37.47390105310655, 80.47806745031363
37.51932396347396, 80.47941411275839
37.56474687384136, 80.48076077520317
37.61016978420876, 80.48210743764793
37.655592694576164, 80.4834541000927
37.701015604943564, 80.48480076253746
37.74643851531096, 80.48614742498224
37.79186142567837, 80.487494087427
37.83728433604577, 80.48884074987177
37.88270724641317, 80.49018741231653
37.928130156780576, 80.4915340747613
37.973553067147975, 80.49288073720606
38.018975977515375, 80.49422739965084
38.06439888788278, 80.4955740620956
38.10982179825018, 80.49692072454037
38.15524470861758, 80.49826738698513
38.20066761898499, 80.4996140494299
38.24609052935239, 80.50096071187467
38.291513439719786, 80.50230737431943
38.33693635008719, 80.5036540367642
38.38235926045459, 80.50500069920896
38.42778217082199, 80.50634736165374
38.4732050811894, 80.5076940240985
38.5186279915568, 80.50904068654327
38.5640509019242, 80.51038734898803
38.609473812291604, 80.51173401143281
38.654896722659004, 80.51308067387757
38.7003196330264, 80.51442733632234
38.74574254339381, 80.5157739987671
38.79116545376121, 80.51712066121188
38.83658836412861, 80.51846732365664
38.882011274496016, 80.51981398610141
38.927434184863415, 80.52116064854617
38.972857095230815, 80.52250731099095
39.01828000559822, 80.5238539734357
39.06370291596562, 80.52520063588048
39.10912582633302, 80.52654729832524
39.15454873670043, 80.52789396077002
39.19997164706783, 80.52924062321478
39.245394557435226, 80.53058728565955
39.29081746780263, 80.53193394810431
39.33624037817003, 80.53328061054908
39.38166328853743, 80.53462727299384
39.42708619890484, 80.53597393543862
39.47250910927224, 80.53732059788338
39.51793201963964, 80.53866726032815
39.56335493000704, 80.54001392277291
39.608777840374444, 80.54136058521769
39.65420075074184, 80.54270724766245
39.69962366110924, 80.54405391010722
39.74504657147665, 80.54540057255198
39.79046948184405, 80.54674723499676
39.83589239221145, 80.54809389744152
39.881315302578855, 80.54944055988629
39.926738212946255, 80.55078722233105
39.972161123313654, 80.55213388477581
40.01758403368106, 80.55348054722059
40.06300694404846, 80.55482720966535
40.10842985441586, 80.55617387211012
40.15385276478327, 80.55752053455488
40.199275675150666, 80.55886719699966
40.244698585518066, 80.56021385944442
40.29012149588547, 80.56156052188919
40.33554440625287, 80.56290718433395
40.38096731662027, 80.56425384677873
40.42639022698768, 80.56560050922349
40.47181313735508, 80.56694717166826
40.51723604772248, 80.56829383411302
40.562658958089884, 80.5696404965578
40.60808186845728, 80.57098715900256
40.65350477882468, 80.57233382144733
40.69892768919209, 80.57368048389209
40.74435059955949, 80.57502714633686
40.78977350992689, 80.57637380878163
40.835196420294295, 80.5777204712264
40.880619330661695, 80.57906713367116
40.926042241029094, 80.58041379611593
40.9714651513965, 80.5817604585607
41.0168880617639, 80.58310712100547
41.0623109721313, 80.58445378345023
41.10773388249871, 80.585800445895
41.153156792866106, 80.58714710833976
41.198579703233506, 80.58849377078454
41.24400261360091, 80.5898404332293
41.28942552396831, 80.59118709567407
41.33484843433571, 80.59253375811883
41.38027134470312, 80.59388042056361
41.42569425507052, 80.59522708300837
41.47111716543792, 80.59657374545314
41.516540075805324, 80.5979204078979
41.56196298617272, 80.59926707034268
41.60738589654012, 80.60061373278744
41.65280880690753, 80.6019603952322
41.69823171727493, 80.60330705767697
41.74365462764233, 80.60465372012173
41.789077538009735, 80.6060003825665
41.834500448377135, 80.60734704501127
41.879923358744534, 80.60869370745604
41.92534626911194, 80.6100403699008
41.97076917947934, 80.54187927600474
42.01619208984674, 80.41049337045156
42.06161500021415, 80.27910746489835
42.107037910581546, 80.14772155934517
42.152460820948946, 80.01633565379198
42.19788373131635, 79.88494974823878
42.24330664168375, 79.7535638426856
42.28872955205115, 79.6221779371324
42.33415246241856, 79.4907920315792
42.37957537278596, 79.35940612602602
42.42499828315336, 79.22802022047284
42.470421193520764, 79.09663431491964
42.51584410388816, 78.96524840936645
42.56126701425556, 78.83386250381326
42.60668992462297, 78.70247659826006
42.65211283499037, 78.57109069270687
42.69753574535777, 78.43970478715369
42.742958655725175, 78.30831888160048
42.788381566092575, 78.17693297604731
42.833804476459974, 78.04554707049412
42.87922738682738, 77.91416116494092
42.92465029719478, 77.78277525938773
42.97007320756218, 77.65138935383455
43.01549611792959, 77.52000344828134
43.060919028296986, 77.38861754272816
43.106341938664386, 77.25723163717498
43.15176484903179, 77.12584573162177
43.19718775939919, 76.99445982606859
43.24261066976659, 76.8630739205154
43.288033580134, 76.7316880149622
43.3334564905014, 76.60030210940901
43.3788794008688, 76.46891620385583
43.424302311236204, 76.33753029830262
43.4697252216036, 76.20614439274945
43.515148131971, 76.07475848719626
43.56057104233841, 75.94337258164306
43.60599395270581, 75.81198667608987
43.65141686307321, 75.68060077053669
43.696839773440615, 75.54921486498348
43.742262683808015, 75.4178289594303
43.787685594175414, 75.28644305387712
43.83310850454282, 75.1550571483239
43.87853141491022, 75.02367124277073
43.92395432527762, 74.89228533721754
43.96937723564503, 74.76089943166434
44.014800146012426, 74.62951352611115
44.060223056379826, 74.49812762055797
44.10564596674723, 74.36674171500476
44.15106887711463, 74.23535580945158
44.19649178748203, 74.1039699038984
44.24191469784943, 73.97258399834521
44.28733760821684, 73.84119809279201
44.33276051858424, 73.70981218723882
44.37818342895164, 73.57842628168564
44.42360633931904, 73.44704037613243
44.46902924968644, 73.31565447057926
44.51445216005384, 73.18426856502607
44.55987507042125, 73.05288265947287
44.60529798078865, 72.92149675391968
44.65072089115605, 72.7901108483665
44.696143801523455, 72.6587249428133
44.741566711890854, 72.5273390372601
44.786989622258254, 72.39595313170693
44.83241253262566, 72.26456722615372
44.87783544299306, 72.13318132060054
44.92325835336046, 72.00179541504735
44.968681263727866, 71.87040950949415
45.014104174095266, 71.73902360394096
45.059527084462665, 71.60763769838778
45.10494999483007, 71.47625179283457
45.15037290519747, 71.34486588728139
45.19579581556487, 71.21347998172821
45.24121872593228, 71.082094076175
45.28664163629968, 70.95070817062182
45.33206454666708, 70.81932226506864
45.37748745703448, 70.68793635951543
