Parameters: [53.295086718765155, 24.541161099533795, 7.319056263466205, 41.968579902113554, 3.937762962929387, 0.043163445868421524, -2.9573210297892265]
Points:
0.0, 24.541161099533795
0.05334843515391907, 24.751234591613137
0.10669687030783814, 24.96130808369248
0.16004530546175721, 25.17138157577182
0.2133937406156763, 25.381455067851167
0.26674217576959536, 25.59152855993051
0.32009061092351443, 25.80160205200985
0.3734390460774335, 26.011675544089194
0.4267874812313526, 26.221749036168536
0.48013591638527164, 26.431822528247878
0.5334843515391907, 26.641896020327223
0.5868327866931098, 26.851969512406566
0.6401812218470289, 27.062043004485908
0.6935296570009479, 27.27211649656525
0.746878092154867, 27.482189988644592
0.8002265273087861, 27.692263480723934
0.8535749624627051, 27.902336972803276
0.9069233976166242, 28.112410464882622
0.9602718327705433, 28.322483956961964
1.0136202679244624, 28.532557449041306
1.0669687030783814, 28.742630941120648
1.1203171382323005, 28.95270443319999
1.1736655733862196, 29.162777925279332
1.2270140085401386, 29.372851417358675
1.2803624436940577, 29.58292490943802
1.3337108788479768, 29.792998401517362
1.3870593140018959, 30.003071893596704
1.440407749155815, 30.213145385676047
1.493756184309734, 30.42321887775539
1.547104619463653, 30.63329236983473
1.6004530546175721, 30.843365861914073
1.6538014897714912, 31.05343935399342
1.7071499249254103, 31.26351284607276
1.7604983600793294, 31.473586338152103
1.8138467952332484, 31.683659830231445
1.8671952303871675, 31.893733322310787
1.9205436655410866, 32.10380681439013
1.9738921006950056, 32.31388030646947
2.0272405358489247, 32.52395379854882
2.080588971002844, 32.73402729062816
2.133937406156763, 32.9441007827075
2.1872858413106817, 33.15417427478684
2.240634276464601, 33.364247766866185
2.2939827116185203, 33.57432125894553
2.347331146772439, 33.78439475102487
2.400679581926358, 33.994468243104215
2.4540280170802773, 34.204541735183554
2.5073764522341966, 34.4146152272629
2.5607248873881154, 34.624688719342245
2.6140733225420343, 34.834762211421584
2.6674217576959536, 35.04483570350093
2.720770192849873, 35.25490919558027
2.7741186280037917, 35.464982687659614
2.8274670631577106, 35.67505617973895
2.88081549831163, 35.8851296718183
2.934163933465549, 36.095203163897644
2.987512368619468, 36.30527665597698
3.040860803773387, 36.51535014805633
3.094209238927306, 36.725423640135666
3.1475576740812254, 36.93549713221501
3.2009061092351443, 37.14557062429435
3.254254544389063, 37.355644116373696
3.3076029795429824, 37.56571760845304
3.3609514146969017, 37.77579110053238
3.4142998498508206, 37.985864592611726
3.4676482850047394, 38.195938084691065
3.5209967201586587, 38.40601157677041
3.574345155312578, 38.616085068849756
3.627693590466497, 38.826158560929095
3.6810420256204157, 39.03623205300843
3.734390460774335, 39.24630554508778
3.7877388959282543, 39.456379037167125
3.841087331082173, 39.66645252924646
3.894435766236092, 39.87652602132581
3.9477842013900113, 40.08659951340515
4.001132636543931, 40.29667300548449
4.054481071697849, 40.50674649756384
4.107829506851768, 40.71681998964318
4.161177942005688, 40.92689348172252
4.214526377159607, 41.13696697380186
4.267874812313526, 41.34704046588121
4.321223247467445, 41.55711395796055
4.374571682621363, 41.76718745003989
4.427920117775283, 41.97726094211923
4.481268552929202, 42.187334434198576
4.534616988083121, 42.39740792627792
4.587965423237041, 42.60748141835727
4.6413138583909594, 42.817554910436606
4.694662293544878, 43.027628402515944
4.748010728698797, 43.23770189459529
4.801359163852716, 43.447775386674635
4.854707599006636, 43.65784887875398
4.908056034160555, 43.86792237083331
4.961404469314473, 44.07799586291266
5.014752904468393, 44.288069354992004
5.068101339622312, 44.49814284707135
5.121449774776231, 44.70821633915069
5.17479820993015, 44.91828983123003
5.228146645084069, 45.12836332330937
5.281495080237988, 45.33843681538872
5.334843515391907, 45.548510307468064
5.388191950545826, 45.7585837995474
5.441540385699746, 45.96865729162674
5.494888820853665, 46.17873078370609
5.548237256007583, 46.38880427578543
5.601585691161502, 46.59887776786477
5.654934126315421, 46.80895125994411
5.708282561469341, 47.019024752023455
5.76163099662326, 47.2290982441028
5.814979431777179, 47.439171736182146
5.868327866931098, 47.64924522826149
5.921676302085017, 47.85931872034082
5.975024737238936, 48.06939221242017
6.028373172392855, 48.279465704499515
6.081721607546774, 48.48953919657885
6.1350700427006934, 48.6996126886582
6.188418477854612, 48.90968618073754
6.241766913008531, 49.11975967281688
6.295115348162451, 49.32983316489623
6.34846378331637, 49.539906656975575
6.401812218470289, 49.74998014905491
6.455160653624207, 49.96005364113425
6.508509088778126, 50.1701271332136
6.561857523932046, 50.38020062529294
6.615205959085965, 50.59027411737228
6.668554394239884, 50.80034760945162
6.7219028293938035, 51.010421101530966
6.775251264547722, 51.22049459361031
6.828599699701641, 51.43056808568966
6.88194813485556, 51.640641577768996
6.935296570009479, 51.850715069848334
6.988645005163399, 52.06078856192768
7.041993440317317, 52.270862054007026
7.095341875471236, 52.480935546086364
7.148690310625156, 52.69100903816571
7.202038745779075, 52.90108253024505
7.255387180932994, 53.111156022324394
7.308735616086913, 53.32122951440374
7.362084051240831, 53.36372700499581
7.415432486394751, 53.366029707288746
7.46878092154867, 53.368332409581676
7.522129356702589, 53.370635111874606
7.575477791856509, 53.372937814167535
7.6288262270104275, 53.375240516460465
7.682174662164346, 53.3775432187534
7.735523097318265, 53.37984592104633
7.788871532472184, 53.38214862333926
7.842219967626104, 53.38445132563219
7.895568402780023, 53.38675402792512
7.948916837933941, 53.38905673021805
8.002265273087861, 53.39135943251099
8.05561370824178, 53.39366213480392
8.108962143395699, 53.39596483709685
8.162310578549619, 53.39826753938978
8.215659013703537, 53.40057024168271
8.269007448857456, 53.402872943975645
8.322355884011376, 53.405175646268574
8.375704319165294, 53.407478348561504
8.429052754319214, 53.409781050854434
8.482401189473132, 53.412083753147364
8.535749624627051, 53.4143864554403
8.589098059780971, 53.41668915773323
8.64244649493489, 53.41899186002616
8.695794930088809, 53.42129456231909
8.749143365242727, 53.42359726461202
8.802491800396647, 53.42589996690496
8.855840235550566, 53.42820266919789
8.909188670704484, 53.43050537149082
8.962537105858404, 53.43280807378375
9.015885541012324, 53.43511077607668
9.069233976166242, 53.437413478369606
9.122582411320161, 53.43971618066254
9.175930846474081, 53.44201888295547
9.229279281628, 53.4443215852484
9.282627716781919, 53.44662428754133
9.335976151935837, 53.44892698983426
9.389324587089757, 53.4512296921272
9.442673022243676, 53.45353239442013
9.496021457397594, 53.45583509671306
9.549369892551514, 53.45813779900599
9.602718327705432, 53.46044050129892
9.656066762859352, 53.462743203591856
9.709415198013271, 53.465045905884786
9.76276363316719, 53.467348608177716
9.81611206832111, 53.469651310470645
9.869460503475029, 53.471954012763575
9.922808938628947, 53.474256715056505
9.976157373782867, 53.47655941734944
10.029505808936786, 53.47886211964237
10.082854244090704, 53.4811648219353
10.136202679244624, 53.48346752422823
10.189551114398542, 53.48577022652116
10.242899549552462, 53.4880729288141
10.296247984706381, 53.49037563110703
10.3495964198603, 53.49267833339996
10.40294485501422, 53.49498103569289
10.456293290168137, 53.49728373798582
10.509641725322057, 53.499586440278755
10.562990160475977, 53.501889142571684
10.616338595629895, 53.504191844864614
10.669687030783814, 53.506494547157544
10.723035465937734, 53.508797249450474
10.776383901091652, 53.51109995174341
10.829732336245572, 53.51340265403634
10.883080771399491, 53.51570535632927
10.93642920655341, 53.5180080586222
10.98977764170733, 53.52031076091513
11.043126076861247, 53.52261346320806
11.096474512015167, 53.524916165501
11.149822947169087, 53.52721886779393
11.203171382323005, 53.52952157008686
11.256519817476924, 53.53182427237979
11.309868252630842, 53.534126974672716
11.363216687784762, 53.53642967696565
11.416565122938682, 53.53873237925858
11.4699135580926, 53.54103508155151
11.52326199324652, 53.54333778384444
11.57661042840044, 53.54564048613737
11.629958863554357, 53.54794318843031
11.683307298708277, 53.55024589072324
11.736655733862197, 53.55254859301617
11.790004169016115, 53.5548512953091
11.843352604170034, 53.55715399760203
11.896701039323952, 53.55945669989496
11.950049474477872, 53.561759402187896
12.003397909631792, 53.564062104480826
12.05674634478571, 53.566364806773755
12.11009477993963, 53.568667509066685
12.163443215093547, 53.570970211359615
12.216791650247467, 53.57327291365255
12.270140085401387, 53.57557561594548
12.323488520555305, 53.57787831823841
12.376836955709225, 53.58018102053134
12.430185390863144, 53.58248372282427
12.483533826017062, 53.58478642511721
12.536882261170982, 53.58708912741014
12.590230696324902, 53.58939182970307
12.64357913147882, 53.591694531996
12.69692756663274, 53.59399723428893
12.750276001786657, 53.596299936581865
12.803624436940577, 53.598602638874794
12.856972872094497, 53.600905341167724
12.910321307248415, 53.603208043460654
12.963669742402335, 53.605510745753584
13.017018177556253, 53.607813448046514
13.070366612710172, 53.61011615033945
13.123715047864092, 53.61241885263238
13.17706348301801, 53.61472155492531
13.23041191817193, 53.61702425721824
13.28376035332585, 53.61932695951117
13.337108788479767, 53.62162966180411
13.390457223633687, 53.62393236409704
13.443805658787607, 53.62623506638997
13.497154093941525, 53.6285377686829
13.550502529095445, 53.630840470975826
13.603850964249363, 53.63314317326876
13.657199399403282, 53.63544587556169
13.710547834557202, 53.63774857785462
13.76389626971112, 53.64005128014755
13.81724470486504, 53.64235398244048
13.870593140018958, 53.64465668473341
13.923941575172877, 53.64695938702635
13.977290010326797, 53.64926208931928
14.030638445480715, 53.65156479161221
14.083986880634635, 53.65386749390514
14.137335315788555, 53.65617019619807
14.190683750942473, 53.658472898491006
14.244032186096392, 53.660775600783936
14.297380621250312, 53.663078303076865
14.35072905640423, 53.665381005369795
14.40407749155815, 53.667683707662725
14.457425926712068, 53.66998640995566
14.510774361865987, 53.67228911224859
14.564122797019907, 53.67459181454152
14.617471232173825, 53.67689451683445
14.670819667327745, 53.67919721912738
14.724168102481663, 53.68149992142032
14.777516537635583, 53.68380262371325
14.830864972789502, 53.68610532600618
14.88421340794342, 53.68840802829911
14.93756184309734, 53.69071073059204
14.99091027825126, 53.69301343288497
15.044258713405178, 53.695316135177904
15.097607148559097, 53.697618837470834
15.150955583713017, 53.699921539763764
15.204304018866935, 53.702224242056694
15.257652454020855, 53.704526944349624
15.311000889174773, 53.70682964664256
15.364349324328693, 53.70913234893549
15.417697759482612, 53.71143505122842
15.47104619463653, 53.71373775352135
15.52439462979045, 53.71604045581428
15.577743064944368, 53.71834315810722
15.631091500098288, 53.72064586040015
15.684439935252207, 53.72294856269308
15.737788370406125, 53.72525126498601
15.791136805560045, 53.727553967278936
15.844485240713965, 53.72985666957187
15.897833675867883, 53.7321593718648
15.951182111021803, 53.73446207415773
16.004530546175722, 53.73676477645066
16.05787898132964, 53.73906747874359
16.11122741648356, 53.74137018103652
16.16457585163748, 53.74367288332946
16.217924286791398, 53.74597558562239
16.271272721945316, 53.74827828791532
16.324621157099237, 53.75058099020825
16.377969592253155, 53.75288369250118
16.431318027407073, 53.755186394794116
16.484666462560995, 53.757489097087046
16.538014897714913, 53.759791799379975
16.59136333286883, 53.762094501672905
16.644711768022752, 53.764397203965835
16.69806020317667, 53.76669990625877
16.751408638330588, 53.7690026085517
16.804757073484506, 53.77130531084463
16.858105508638427, 53.77360801313756
16.911453943792345, 53.77591071543049
16.964802378946263, 53.77821341772342
17.018150814100185, 53.78051612001636
17.071499249254103, 53.78281882230929
17.12484768440802, 53.78512152460222
17.178196119561942, 53.78742422689515
17.23154455471586, 53.78972692918808
17.28489298986978, 53.792029631481014
17.3382414250237, 53.794332333773944
17.391589860177618, 53.796635036066874
17.444938295331536, 53.798937738359804
17.498286730485454, 53.801240440652734
17.551635165639375, 53.80354314294567
17.604983600793293, 53.8058458452386
17.65833203594721, 53.80814854753153
17.711680471101133, 53.81045124982446
17.76502890625505, 53.81275395211739
17.81837734140897, 53.81505665441032
17.87172577656289, 53.81735935670326
17.925074211716808, 53.81966205899619
17.978422646870726, 53.82196476128912
18.031771082024648, 53.824267463582046
18.085119517178565, 53.826570165874976
18.138467952332483, 53.82887286816791
18.191816387486405, 53.83117557046084
18.245164822640323, 53.83347827275377
18.29851325779424, 53.8357809750467
18.351861692948162, 53.83808367733963
18.40521012810208, 53.84038637963257
18.458558563256, 53.8426890819255
18.511906998409916, 53.84499178421843
18.565255433563838, 53.84729448651136
18.618603868717756, 53.84959718880429
18.671952303871674, 53.851899891097226
18.725300739025595, 53.854202593390156
18.778649174179513, 53.856505295683085
18.83199760933343, 53.858807997976015
18.885346044487353, 53.861110700268945
18.93869447964127, 53.863413402561875
18.99204291479519, 53.86571610485481
19.04539134994911, 53.86801880714774
19.098739785103028, 53.87032150944067
19.152088220256946, 53.8726242117336
19.205436655410864, 53.87492691402653
19.258785090564785, 53.87722961631947
19.312133525718703, 53.8795323186124
19.36548196087262, 53.88183502090533
19.418830396026543, 53.88413772319826
19.47217883118046, 53.88644042549119
19.52552726633438, 53.888743127784124
19.5788757014883, 53.891045830077054
19.63222413664222, 53.893348532369984
19.685572571796136, 53.895651234662914
19.738921006950058, 53.897953936955844
19.792269442103976, 53.90025663924878
19.845617877257894, 53.90255934154171
19.898966312411815, 53.90486204383464
19.952314747565733, 53.90716474612757
20.00566318271965, 53.9094674484205
20.059011617873573, 53.91177015071343
20.11236005302749, 53.91407285300637
20.16570848818141, 53.9163755552993
20.219056923335327, 53.91867825759223
20.272405358489248, 53.920980959885156
20.325753793643166, 53.923283662178086
20.379102228797084, 53.92558636447102
20.432450663951006, 53.92788906676395
20.485799099104923, 53.93019176905688
20.53914753425884, 53.93249447134981
20.592495969412763, 53.93479717364274
20.64584440456668, 53.93709987593568
20.6991928397206, 53.93940257822861
20.75254127487452, 53.94170528052154
20.80588971002844, 53.94400798281447
20.859238145182356, 53.9463106851074
20.912586580336274, 53.94861338740033
20.965935015490196, 53.950916089693266
21.019283450644114, 53.953218791986195
21.07263188579803, 53.955521494279125
21.125980320951953, 53.957824196572055
21.17932875610587, 53.960126898864985
21.23267719125979, 53.96242960115792
21.28602562641371, 53.96473230345085
21.33937406156763, 53.96703500574378
21.392722496721547, 53.96933770803671
21.446070931875468, 53.97164041032964
21.499419367029386, 53.97394311262258
21.552767802183304, 53.97624581491551
21.606116237337226, 53.97854851720844
21.659464672491143, 53.98085121950137
21.71281310764506, 53.9831539217943
21.766161542798983, 53.985456624087234
21.8195099779529, 53.987759326380164
21.87285841310682, 53.990062028673094
21.926206848260737, 53.992364730966024
21.97955528341466, 53.994667433258954
22.032903718568576, 53.996970135551884
22.086252153722494, 53.99927283784482
22.139600588876416, 54.00157554013775
22.192949024030334, 54.00387824243068
22.24629745918425, 54.00618094472361
22.299645894338173, 54.00848364701654
22.35299432949209, 54.01078634930948
22.40634276464601, 54.01308905160241
22.45969119979993, 54.01539175389534
22.51303963495385, 54.017694456188266
22.566388070107767, 54.019997158481196
22.619736505261685, 54.02229986077413
22.673084940415606, 54.02460256306706
22.726433375569524, 54.02690526535999
22.779781810723442, 54.02920796765292
22.833130245877364, 54.03151066994585
22.88647868103128, 54.03381337223878
22.9398271161852, 54.03611607453172
22.99317555133912, 54.03841877682465
23.04652398649304, 54.04072147911758
23.099872421646957, 54.04302418141051
23.15322085680088, 54.04532688370344
23.206569291954796, 54.047629585996376
23.259917727108714, 54.049932288289305
23.313266162262636, 54.052234990582235
23.366614597416554, 54.054537692875165
23.41996303257047, 54.056840395168095
23.473311467724393, 54.05914309746103
23.52665990287831, 54.06144579975396
23.58000833803223, 54.06374850204689
23.633356773186147, 54.06605120433982
23.68670520834007, 54.06835390663275
23.740053643493987, 54.07065660892569
23.793402078647905, 54.07295931121862
23.846750513801826, 54.07526201351155
23.900098948955744, 54.07756471580448
23.953447384109662, 54.07986741809741
24.006795819263584, 54.08217012039034
24.0601442544175, 54.084472822683274
24.11349268957142, 54.086775524976204
24.16684112472534, 54.089078227269134
24.22018955987926, 54.091380929562064
24.273537995033177, 54.093683631854994
24.326886430187095, 54.09598633414793
24.380234865341016, 54.09828903644086
24.433583300494934, 54.10059173873379
24.486931735648852, 54.10289444102672
24.540280170802774, 54.10519714331965
24.59362860595669, 54.10749984561259
24.64697704111061, 54.10980254790552
24.70032547626453, 54.11210525019845
24.75367391141845, 54.114407952491376
24.807022346572367, 54.116710654784306
24.86037078172629, 54.119013357077236
24.913719216880207, 54.12131605937017
24.967067652034125, 54.1236187616631
25.020416087188046, 54.12592146395603
25.073764522341964, 54.12822416624896
25.127112957495882, 54.13052686854189
25.180461392649804, 54.13282957083483
25.23380982780372, 54.13513227312776
25.28715826295764, 54.13743497542069
25.340506698111557, 54.13973767771362
25.39385513326548, 54.14204038000655
25.447203568419397, 54.144343082299486
25.500552003573315, 54.146645784592415
25.553900438727236, 54.148948486885345
25.607248873881154, 54.151251189178275
25.660597309035072, 54.153553891471205
25.713945744188994, 54.15585659376414
25.76729417934291, 54.15815929605707
25.82064261449683, 54.16046199835
25.87399104965075, 54.16276470064293
25.92733948480467, 54.16506740293586
25.980687919958587, 54.16737010522879
26.034036355112505, 54.16967280752173
26.087384790266427, 54.17197550981466
26.140733225420345, 54.17427821210759
26.194081660574263, 54.17658091440052
26.247430095728184, 54.17888361669345
26.300778530882102, 54.181186318986384
26.35412696603602, 54.183489021279314
26.40747540118994, 54.185791723572244
26.46082383634386, 54.188094425865174
26.514172271497777, 54.190397128158104
26.5675207066517, 54.19269983045104
26.620869141805617, 54.19500253274397
26.674217576959535, 54.1973052350369
26.727566012113456, 54.19960793732983
26.780914447267374, 54.20191063962276
26.834262882421292, 54.20421334191569
26.887611317575214, 54.20651604420863
26.940959752729132, 54.20881874650156
26.99430818788305, 54.211121448794486
27.047656623036968, 54.213424151087416
27.10100505819089, 54.215726853380346
27.154353493344807, 54.21802955567328
27.207701928498725, 54.22033225796621
27.261050363652647, 54.22263496025914
27.314398798806565, 54.22493766255207
27.367747233960483, 54.227240364845
27.421095669114404, 54.22954306713794
27.474444104268322, 54.23184576943087
27.52779253942224, 54.2341484717238
27.58114097457616, 54.23645117401673
27.63448940973008, 54.23875387630966
27.687837844883997, 54.241056578602596
27.741186280037915, 54.243359280895525
27.794534715191837, 54.245661983188455
27.847883150345755, 54.247964685481385
27.901231585499673, 54.250267387774315
27.954580020653594, 54.252570090067245
28.007928455807512, 54.25487279236018
28.06127689096143, 54.25717549465311
28.114625326115352, 54.25947819694604
28.16797376126927, 54.26178089923897
28.221322196423188, 54.2640836015319
28.27467063157711, 54.26638630382484
28.328019066731027, 54.26868900611777
28.381367501884945, 54.2709917084107
28.434715937038867, 54.27329441070363
28.488064372192785, 54.27559711299656
28.541412807346703, 54.277899815289494
28.594761242500624, 54.280202517582424
28.648109677654542, 54.282505219875354
28.70145811280846, 54.284807922168284
28.754806547962378, 54.287110624461214
28.8081549831163, 54.28941332675414
28.861503418270217, 54.29171602904708
28.914851853424135, 54.29401873134001
28.968200288578057, 54.29632143363294
29.021548723731975, 54.29862413592587
29.074897158885893, 54.3009268382188
29.128245594039814, 54.30322954051174
29.181594029193732, 54.30553224280467
29.23494246434765, 54.307834945097596
29.288290899501572, 54.310137647390526
29.34163933465549, 54.312440349683456
29.394987769809408, 54.31474305197639
29.448336204963326, 54.31704575426932
29.501684640117247, 54.31934845656225
29.555033075271165, 54.32165115885518
29.608381510425083, 54.32395386114811
29.661729945579005, 54.32625656344105
29.715078380732923, 54.32855926573398
29.76842681588684, 54.33086196802691
29.821775251040762, 54.33316467031984
29.87512368619468, 54.33546737261277
29.928472121348598, 54.3377700749057
29.98182055650252, 54.340072777198635
30.035168991656437, 54.342375479491565
30.088517426810355, 54.344678181784495
30.141865861964277, 54.346980884077425
30.195214297118195, 54.349283586370355
30.248562732272113, 54.35158628866329
30.301911167426034, 54.35388899095622
30.355259602579952, 54.35619169324915
30.40860803773387, 54.35849439554208
30.46195647288779, 54.36079709783501
30.51530490804171, 54.36309980012795
30.568653343195628, 54.36540250242088
30.622001778349546, 54.36770520471381
30.675350213503467, 54.37000790700674
30.728698648657385, 54.37231060929967
30.782047083811303, 54.3746133115926
30.835395518965225, 54.376916013885534
30.888743954119143, 54.379218716178464
30.94209238927306, 54.381521418471394
30.995440824426982, 54.383824120764324
31.0487892595809, 54.38612682305725
31.102137694734818, 54.38842952535019
31.155486129888736, 54.39073222764312
31.208834565042658, 54.39303492993605
31.262183000196575, 54.39533763222898
31.315531435350493, 54.39764033452191
31.368879870504415, 54.39994303681485
31.422228305658333, 54.40224573910778
31.47557674081225, 54.404548441400706
31.528925175966172, 54.406851143693636
31.58227361112009, 54.409153845986566
31.63562204627401, 54.4114565482795
31.68897048142793, 54.41375925057243
31.742318916581848, 54.41606195286536
31.795667351735766, 54.41836465515829
31.849015786889687, 54.42066735745122
31.902364222043605, 54.42297005974415
31.955712657197523, 54.42527276203709
32.009061092351445, 54.42757546433002
32.06240952750536, 54.42987816662295
32.11575796265928, 54.43218086891588
32.1691063978132, 54.43448357120881
32.22245483296712, 54.436786273501745
32.27580326812104, 54.439088975794675
32.32915170327496, 54.441391678087605
32.382500138428874, 54.443694380380535
32.435848573582795, 54.445997082673465
32.48919700873672, 54.4482997849664
32.54254544389063, 54.45060248725933
32.59589387904455, 54.45290518955226
32.649242314198474, 54.45520789184519
32.70259074935239, 54.45751059413812
32.75593918450631, 54.45981329643105
32.80928761966023, 54.46211599872399
32.862636054814146, 54.46441870101692
32.91598448996807, 54.46672140330985
32.96933292512199, 54.46902410560278
33.022681360275904, 54.47132680789571
33.076029795429825, 54.473629510188644
33.12937823058375, 54.475932212481574
33.18272666573766, 54.478234914774504
33.23607510089158, 54.480537617067434
33.289423536045504, 54.48284031936036
33.34277197119942, 54.4851430216533
33.39612040635334, 54.48744572394623
33.449468841507255, 54.48974842623916
33.502817276661176, 54.49205112853209
33.5561657118151, 54.49435383082502
33.60951414696901, 54.49665653311796
33.66286258212293, 54.49895923541089
33.716211017276855, 54.501261937703816
33.76955945243077, 54.503564639996746
33.82290788758469, 54.505867342289676
33.87625632273861, 54.508170044582606
33.92960475789253, 54.51047274687554
33.98295319304645, 54.51277544916847
34.03630162820037, 54.5150781514614
34.089650063354284, 54.51738085375433
34.142998498508206, 54.51968355604726
34.19634693366213, 54.5219862583402
34.24969536881604, 54.52428896063313
34.30304380396996, 54.52659166292606
34.356392239123885, 54.52889436521899
34.4097406742778, 54.53119706751192
34.46308910943172, 54.533499769804855
34.51643754458564, 54.535802472097785
34.56978597973956, 54.538105174390715
34.62313441489348, 54.540407876683645
34.6764828500474, 54.542710578976575
34.729831285201314, 54.545013281269505
34.783179720355236, 54.54731598356244
34.83652815550916, 54.54961868585537
34.88987659066307, 54.5519213881483
34.94322502581699, 54.55422409044123
34.99657346097091, 54.55652679273416
35.04992189612483, 54.5588294950271
35.10327033127875, 54.56113219732003
35.156618766432665, 54.56343489961296
35.209967201586586, 54.56573760190589
35.26331563674051, 54.56804030419882
35.31666407189442, 54.570343006491754
35.370012507048344, 54.572645708784684
35.423360942202265, 54.574948411077614
35.47670937735618, 54.577251113370544
35.5300578125101, 54.57955381566347
35.58340624766402, 54.58185651795641
35.63675468281794, 54.58415922024934
35.69010311797186, 54.58646192254227
35.74345155312578, 54.5887646248352
35.796799988279695, 54.59106732712813
35.850148423433616, 54.59337002942106
35.90349685858754, 54.595672731714
35.95684529374145, 54.597975434006926
36.01019372889537, 54.600278136299856
36.063542164049295, 54.602580838592786
36.11689059920321, 54.604883540885716
36.17023903435713, 54.60718624317865
36.22358746951105, 54.60948894547158
36.27693590466497, 54.61179164776451
36.33028433981889, 54.61409435005744
36.38363277497281, 54.61639705235037
36.436981210126724, 54.61869975464331
36.490329645280646, 54.62100245693624
36.54367808043457, 54.62330515922917
36.59702651558848, 54.6256078615221
36.6503749507424, 54.62791056381503
36.703723385896325, 54.630213266107965
36.75707182105024, 54.632515968400895
36.81042025620416, 54.634818670693825
36.863768691358075, 54.637121372986755
36.917117126512, 54.639424075279685
36.97046556166592, 54.641726777572615
37.02381399681983, 54.64402947986555
37.077162431973754, 54.64633218215848
37.130510867127676, 54.64863488445141
37.18385930228159, 54.65093758674434
37.23720773743551, 54.65324028903727
37.29055617258943, 54.65554299133021
37.34390460774335, 54.65784569362314
37.39725304289727, 54.66014839591607
37.45060147805119, 54.662451098209
37.503949913205105, 54.66475380050193
37.557298348359026, 54.667056502794864
37.61064678351295, 54.669359205087794
37.66399521866686, 54.671661907380724
37.717343653820784, 54.673964609673654
37.770692088974705, 54.67626731196658
37.82404052412862, 54.67857001425951
37.87738895928254, 54.68087271655245
37.93073739443646, 54.68317541884538
37.98408582959038, 54.68547812113831
38.0374342647443, 54.68778082343124
38.09078269989822, 54.69008352572417
38.144131135052135, 54.69238622801711
38.197479570206056, 54.694688930310036
38.25082800535998, 54.696991632602966
38.30417644051389, 54.699294334895896
38.35752487566781, 54.701597037188826
38.41087331082173, 54.70389973948176
38.46422174597565, 54.70620244177469
38.51757018112957, 54.70850514406762
38.570918616283485, 54.71080784636055
38.62426705143741, 54.71311054865348
38.67761548659133, 54.71541325094641
38.73096392174524, 54.71771595323935
38.784312356899164, 54.72001865553228
38.837660792053086, 54.72232135782521
38.891009227207, 54.72462406011814
38.94435766236092, 54.72692676241107
38.99770609751484, 54.729229464704005
39.05105453266876, 54.731532166996935
39.10440296782268, 54.733834869289865
39.1577514029766, 54.736137571582795
39.211099838130515, 54.738440273875725
39.26444827328444, 54.74074297616866
39.31779670843836, 54.74304567846159
39.37114514359227, 54.74534838075452
39.424493578746194, 54.74765108304745
39.477842013900116, 54.74995378534038
39.53119044905403, 54.75225648763332
39.58453888420795, 54.75455918992625
39.63788731936187, 54.75686189221918
39.69123575451579, 54.75916459451211
39.74458418966971, 54.76146729680504
39.79793262482363, 54.76376999909797
39.851281059977545, 54.766072701390904
39.904629495131466, 54.768375403683834
39.95797793028539, 54.770678105976764
40.0113263654393, 54.77298080826969
40.064674800593224, 54.77528351056262
40.118023235747145, 54.77758621285556
40.17137167090106, 54.77988891514849
40.22472010605498, 54.78219161744142
40.278068541208896, 54.78449431973435
40.33141697636282, 54.78679702202728
40.38476541151674, 54.78909972432022
40.43811384667065, 54.791402426613146
40.491462281824575, 54.793705128906076
40.544810716978496, 54.796007831199006
40.59815915213241, 54.798310533491936
40.65150758728633, 54.800613235784866
40.704856022440254, 54.8029159380778
40.75820445759417, 54.80521864037073
40.81155289274809, 54.80752134266366
40.86490132790201, 54.80982404495659
40.918249763055925, 54.81212674724952
40.97159819820985, 54.81442944954246
41.02494663336377, 54.81673215183539
41.07829506851768, 54.81903485412832
41.131643503671604, 54.82133755642125
41.184991938825526, 54.82364025871418
41.23834037397944, 54.825942961007115
41.29168880913336, 54.828245663300045
41.34503724428728, 54.830548365592975
41.3983856794412, 54.832851067885905
41.45173411459512, 54.835153770178835
41.50508254974904, 54.83745647247177
41.558430984902955, 54.8397591747647
41.61177942005688, 54.84206187705763
41.6651278552108, 54.84436457935056
41.71847629036471, 54.84666728164349
41.771824725518634, 54.84896998393643
41.82517316067255, 54.85127268622936
41.87852159582647, 54.85357538852229
41.93187003098039, 54.85587809081522
41.985218466134306, 54.80825704006665
42.03856690128823, 54.65048859087961
42.09191533644215, 54.49272014169257
42.14526377159606, 54.33495169250555
42.198612206749985, 54.17718324331851
42.251960641903906, 54.01941479413147
42.30530907705782, 53.861646344944454
42.35865751221174, 53.703877895757415
42.412005947365664, 53.54610944657038
42.46535438251958, 53.38834099738336
42.5187028176735, 53.23057254819632
42.57205125282742, 53.07280409900928
42.625399687981336, 52.915035649822265
42.67874812313526, 52.757267200635226
42.73209655828918, 52.59949875144819
42.78544499344309, 52.44173030226117
42.838793428597015, 52.28396185307413
42.892141863750936, 52.12619340388709
42.94549029890485, 51.96842495470007
42.99883873405877, 51.81065650551303
43.052187169212694, 51.65288805632599
43.10553560436661, 51.495119607138975
43.15888403952053, 51.337351157951936
43.21223247467445, 51.1795827087649
43.265580909828365, 51.02181425957788
43.31892934498229, 50.86404581039084
43.37227778013621, 50.7062773612038
43.42562621529012, 50.548508912016786
43.478974650444044, 50.39074046282975
43.532323085597966, 50.23297201364271
43.58567152075188, 50.07520356445569
43.6390199559058, 49.91743511526865
43.692368391059716, 49.759666666081635
43.74571682621364, 49.6018982168946
43.79906526136756, 49.44412976770755
43.852413696521474, 49.286361318520534
43.905762131675395, 49.128592869333495
43.95911056682932, 48.97082442014646
44.01245900198323, 48.81305597095944
44.06580743713715, 48.6552875217724
44.119155872291074, 48.49751907258536
44.17250430744499, 48.339750623398345
44.22585274259891, 48.181982174211306
44.27920117775283, 48.02421372502427
44.332549612906746, 47.86644527583725
44.38589804806067, 47.70867682665021
44.43924648321459, 47.55090837746317
44.4925949183685, 47.393139928276156
44.545943353522425, 47.23537147908912
44.59929178867635, 47.07760302990208
44.65264022383026, 46.919834580715055
44.70598865898418, 46.762066131528016
44.759337094138104, 46.60429768234098
44.81268552929202, 46.44652923315396
44.86603396444594, 46.28876078396692
44.91938239959986, 46.13099233477988
44.972730834753776, 45.973223885592866
45.0260792699077, 45.81545543640583
45.07942770506162, 45.65768698721879
45.13277614021553, 45.49991853803177
45.186124575369455, 45.34215008884473
45.23947301052337, 45.184381639657715
45.29282144567729, 45.02661319047068
45.34616988083121, 44.86884474128364
45.39951831598513, 44.71107629209662
45.45286675113905, 44.553307842909575
45.50621518629297, 44.395539393722544
45.559563621446884, 44.23777094453552
45.612912056600805, 44.08000249534848
45.66626049175473, 43.92223404616144
45.71960892690864, 43.764465596974425
45.77295736206256, 43.606697147787386
45.826305797216484, 43.44892869860035
45.8796542323704, 43.29116024941333
45.93300266752432, 43.13339180022629
45.98635110267824, 42.97562335103925
46.039699537832156, 42.817854901852236
46.09304797298608, 42.6600864526652
46.14639640814, 42.50231800347815
46.199744843293914, 42.344549554291135
46.253093278447835, 42.1867811051041
46.30644171360176, 42.02901265591706
46.35979014875567, 41.87124420673004
46.41313858390959, 41.713475757543
46.466487019063514, 41.55570730835596
46.51983545421743, 41.397938859168946
46.57318388937135, 41.24017040998191
46.62653232452527, 41.08240196079487
46.679880759679186, 40.92463351160785
46.73322919483311, 40.76686506242081
46.78657762998703, 40.609096613233774
46.83992606514094, 40.45132816404676
46.893274500294865, 40.29355971485972
46.94662293544879, 40.13579126567268
46.9999713706027, 39.97802281648566
47.05331980575662, 39.82025436729862
47.10666824091054, 39.6624859181116
47.16001667606446, 39.50471746892456
47.21336511121838, 39.34694901973752
47.266713546372294, 39.189180570550505
47.320061981526216, 39.031412121363466
47.37341041668014, 38.87364367217643
47.42675885183405, 38.71587522298941
47.48010728698797, 38.55810677380237
47.533455722141895, 38.40033832461533
47.58680415729581, 38.242569875428316
47.64015259244973, 38.08480142624128
47.69350102760365, 37.92703297705424
47.74684946275757, 37.76926452786722
47.80019789791149, 37.611496078680176
47.85354633306541, 37.453727629493144
47.906894768219324, 37.29595918030613
47.960243203373246, 37.13819073111908
48.01359163852717, 36.98042228193205
48.06694007368108, 36.822653832745026
48.120288508835, 36.66488538355799
48.173636943988924, 36.50711693437095
48.22698537914284, 36.34934848518393
48.28033381429676, 36.19158003599689
48.33368224945068, 36.033811586809854
48.387030684604596, 35.87604313762284
48.44037911975852, 35.7182746884358
48.49372755491244, 35.56050623924875
48.547075990066354, 35.402737790061735
48.600424425220275, 35.244969340874704
48.65377286037419, 35.08720089168769
48.70712129552811, 34.92943244250064
48.76046973068203, 34.77166399331361
48.81381816583595, 34.61389554412659
48.86716660098987, 34.456127094939546
48.92051503614379, 34.29835864575251
48.973863471297705, 34.14059019656549
49.027211906451626, 33.98282174737845
49.08056034160555, 33.82505329819141
49.13390877675946, 33.667284849004396
49.18725721191338, 33.50951639981736
49.240605647067305, 33.35174795063032
49.29395408222122, 33.193979501443295
49.34730251737514, 33.03621105225626
49.40065095252906, 32.87844260306922
49.45399938768298, 32.7206741538822
49.5073478228369, 32.56290570469517
49.56069625799082, 32.40513725550812
49.614044693144734, 32.247368806321106
49.667393128298656, 32.089600357134074
49.72074156345258, 31.93183190794703
49.77408999860649, 31.77406345876001
49.82743843376041, 31.616295009572973
49.880786868914335, 31.458526560385934
49.93413530406825, 31.300758111198917
49.98748373922217, 31.14298966201188
50.04083217437609, 30.98522121282484
50.09418060953001, 30.827452763637822
50.14752904468393, 30.66968431445078
50.20087747983785, 30.51191586526374
50.254225914991764, 30.354147416076724
50.307574350145686, 30.196378966889686
50.36092278529961, 30.038610517702647
50.41427122045352, 29.88084206851563
50.46761965560744, 29.72307361932859
50.52096809076136, 29.56530517014157
50.57431652591528, 29.407536720954532
50.6276649610692, 29.249768271767493
50.681013396223115, 29.091999822580476
50.734361831377036, 28.934231373393438
50.78771026653096, 28.7764629242064
50.84105870168487, 28.61869447501938
50.894407136838794, 28.460926025832343
50.947755571992715, 28.3031575766453
51.00110400714663, 28.145389127458284
51.05445244230055, 27.987620678271245
51.10780087745447, 27.829852229084207
51.16114931260839, 27.67208377989719
51.21449774776231, 27.51431533071015
51.26784618291623, 27.356546881523112
51.321194618070145, 27.19877843233609
51.374543053224066, 27.041009983149053
51.42789148837799, 26.883241533962014
51.4812399235319, 26.725473084774997
51.53458835868582, 26.56770463558796
51.587936793839745, 26.40993618640092
51.64128522899366, 26.252167737213902
51.69463366414758, 26.094399288026864
51.7479820993015, 25.936630838839825
51.80133053445542, 25.778862389652804
51.85467896960934, 25.621093940465766
51.90802740476326, 25.463325491278727
51.961375839917174, 25.30555704209171
52.014724275071096, 25.14778859290467
52.06807271022501, 24.990020143717654
52.12142114537893, 24.832251694530616
52.17476958053285, 24.674483245343573
52.22811801568677, 24.516714796156556
52.28146645084069, 24.358946346969518
52.33481488599461, 24.20117789778248
52.388163321148525, 24.04340944859546
52.44151175630245, 23.885640999408423
52.49486019145637, 23.727872550221385
52.54820862661028, 23.570104101034364
52.601557061764204, 23.412335651847325
52.654905496918126, 23.254567202660287
52.70825393207204, 23.09679875347327
52.76160236722596, 22.93903030428623
52.81495080237988, 22.78126185509919
52.8682992375338, 22.62349340591217
52.92164767268772, 22.465724956725133
52.97499610784164, 22.307956507538094
53.028344542995555, 22.150188058351077
53.081692978149476, 21.99241960916404
53.1350414133034, 21.834651159977
53.18838984845731, 21.676882710789982
53.241738283611234, 21.519114261602944
53.295086718765155, 21.361345812415905
