Parameters: [54.72603844969593, 15.634042461265986, 8.608054640029827, 44.60509581909674, 4.062651637794345, 0.09328893456985027, -2.581280995467556]
Points:
0.0, 15.634042461265986
0.05478081926896489, 15.856597846388762
0.10956163853792979, 16.07915323151154
0.1643424578068947, 16.301708616634315
0.21912327707585957, 16.524264001757093
0.2739040963448245, 16.746819386879867
0.3286849156137894, 16.969374772002645
0.38346573488275426, 17.19193015712542
0.43824655415171915, 17.414485542248197
0.49302737342068403, 17.637040927370972
0.547808192689649, 17.85959631249375
0.6025890119586138, 18.082151697616524
0.6573698312275787, 18.304707082739302
0.7121506504965436, 18.527262467862077
0.7669314697655085, 18.749817852984854
0.8217122890344734, 18.97237323810763
0.8764931083034383, 19.194928623230407
0.9312739275724032, 19.41748400835318
0.9860547468413681, 19.64003939347596
1.040835566110333, 19.862594778598734
1.095616385379298, 20.08515016372151
1.1503972046482627, 20.307705548844286
1.2051780239172276, 20.530260933967064
1.2599588431861926, 20.75281631908984
1.3147396624551575, 20.975371704212616
1.3695204817241224, 21.197927089335394
1.4243013009930872, 21.42048247445817
1.479082120262052, 21.643037859580943
1.533862939531017, 21.86559324470372
1.588643758799982, 22.0881486298265
1.6434245780689467, 22.310704014949273
1.6982053973379116, 22.533259400072048
1.7529862166068766, 22.755814785194826
1.8077670358758415, 22.978370170317604
1.8625478551448065, 23.200925555440378
1.9173286744137712, 23.423480940563152
1.9721094936827361, 23.64603632568593
2.026890312951701, 23.86859171080871
2.081671132220666, 24.091147095931483
2.1364519514896307, 24.313702481054257
2.191232770758596, 24.53625786617704
2.2460135900275606, 24.758813251299813
2.3007944092965253, 24.981368636422587
2.3555752285654905, 25.203924021545365
2.4103560478344552, 25.426479406668143
2.4651368671034204, 25.649034791790918
2.519917686372385, 25.871590176913692
2.57469850564135, 26.09414556203647
2.629479324910315, 26.316700947159248
2.6842601441792797, 26.539256332282022
2.739040963448245, 26.7618117174048
2.7938217827172096, 26.984367102527575
2.8486026019861743, 27.206922487650353
2.9033834212551395, 27.429477872773127
2.958164240524104, 27.6520332578959
3.012945059793069, 27.87458864301868
3.067725879062034, 28.097144028141457
3.122506698330999, 28.31969941326423
3.177287517599964, 28.54225479838701
3.2320683368689287, 28.764810183509784
3.2868491561378934, 28.987365568632562
3.3416299754068586, 29.209920953755336
3.3964107946758233, 29.43247633887811
3.4511916139447885, 29.655031724000892
3.505972433213753, 29.877587109123667
3.560753252482718, 30.10014249424644
3.615534071751683, 30.32269787936922
3.670314891020648, 30.545253264491997
3.725095710289613, 30.76780864961477
3.7798765295585777, 30.990364034737546
3.8346573488275424, 31.21291941986032
3.8894381680965076, 31.4354748049831
3.9442189873654723, 31.658030190105876
3.9989998066344374, 31.88058557522865
4.053780625903402, 32.103140960351425
4.108561445172367, 32.325696345474206
4.163342264441332, 32.54825173059698
4.218123083710297, 32.770807115719755
4.2729039029792615, 32.99336250084253
4.327684722248226, 33.21591788596531
4.382465541517192, 33.438473271088085
4.4372463607861565, 33.66102865621086
4.492027180055121, 33.88358404133364
4.546807999324086, 34.106139426456416
4.601588818593051, 34.32869481157919
4.656369637862016, 34.55125019670197
4.711150457130981, 34.773805581824746
4.765931276399946, 34.99636096694752
4.8207120956689105, 35.218916352070295
4.875492914937875, 35.44147173719307
4.930273734206841, 35.66402712231585
4.9850545534758055, 35.886582507438625
5.03983537274477, 36.1091378925614
5.094616192013735, 36.331693277684174
5.1493970112827, 36.554248662806955
5.204177830551665, 36.77680404792973
5.25895864982063, 36.999359433052504
5.313739469089595, 37.221914818175286
5.368520288358559, 37.44447020329806
5.423301107627524, 37.667025588420834
5.47808192689649, 37.889580973543616
5.5328627461654545, 38.11213635866639
5.587643565434419, 38.334691743789165
5.642424384703384, 38.55724712891194
5.697205203972349, 38.779802514034714
5.751986023241314, 39.002357899157495
5.806766842510279, 39.22491328428027
5.861547661779244, 39.447468669403044
5.916328481048208, 39.67002405452582
5.971109300317173, 39.89257943964859
6.025890119586138, 40.115134824771374
6.0806709388551035, 40.33769020989415
6.135451758124068, 40.56024559501692
6.190232577393033, 40.782800980139704
6.245013396661998, 41.00535636526248
6.299794215930962, 41.22791175038525
6.354575035199928, 41.450467135508035
6.409355854468893, 41.67302252063081
6.464136673737857, 41.89557790575358
6.518917493006822, 42.11813329087636
6.573698312275787, 42.34068867599913
6.628479131544752, 42.563244061121914
6.683259950813717, 42.78579944624469
6.738040770082682, 43.00835483136746
6.792821589351647, 43.23091021649024
6.847602408620611, 43.45346560161302
6.902383227889577, 43.67602098673579
6.957164047158542, 43.89857637185857
7.011944866427506, 44.12113175698135
7.066725685696471, 44.34368714210412
7.121506504965436, 44.5662425272269
7.176287324234401, 44.78879791234968
7.231068143503366, 45.01135329747245
7.285848962772331, 45.23390868259523
7.340629782041296, 45.456464067718
7.39541060131026, 45.67901945284078
7.450191420579226, 45.90157483796356
7.504972239848191, 46.12413022308633
7.559753059117155, 46.34668560820911
7.61453387838612, 46.56924099333188
7.669314697655085, 46.791796378454656
7.72409551692405, 47.01435176357744
7.778876336193015, 47.23690714870021
7.83365715546198, 47.459462533822986
7.8884379747309445, 47.68201791894576
7.943218793999909, 47.90457330406854
7.997999613268875, 48.127128689191316
8.052780432537839, 48.34968407431409
8.107561251806803, 48.572239459436865
8.16234207107577, 48.79479484455965
8.217122890344735, 49.01735022968242
8.2719037096137, 49.2399056148052
8.326684528882664, 49.46246099992798
8.381465348151629, 49.68501638505075
8.436246167420594, 49.907571770173526
8.491026986689558, 50.1301271552963
8.545807805958523, 50.352682540419075
8.600588625227488, 50.575237925541856
8.655369444496452, 50.60998369050444
8.710150263765419, 50.61509413476891
8.764931083034384, 50.62020457903338
8.819711902303348, 50.625315023297844
8.874492721572313, 50.630425467562304
8.929273540841278, 50.63553591182677
8.984054360110242, 50.64064635609124
9.038835179379207, 50.645756800355706
9.093615998648172, 50.650867244620166
9.148396817917137, 50.65597768888463
9.203177637186101, 50.6610881331491
9.257958456455068, 50.66619857741357
9.312739275724033, 50.67130902167803
9.367520094992997, 50.676419465942494
9.422300914261962, 50.68152991020696
9.477081733530927, 50.68664035447142
9.531862552799891, 50.69175079873589
9.586643372068856, 50.696861243000356
9.641424191337821, 50.70197168726482
9.696205010606786, 50.70708213152928
9.75098582987575, 50.71219257579375
9.805766649144715, 50.71730302005822
9.860547468413682, 50.722413464322685
9.915328287682646, 50.727523908587145
9.970109106951611, 50.73263435285161
10.024889926220576, 50.73774479711608
10.07967074548954, 50.742855241380546
10.134451564758505, 50.747965685645006
10.18923238402747, 50.75307612990947
10.244013203296435, 50.75818657417394
10.2987940225654, 50.7632970184384
10.353574841834364, 50.76840746270287
10.40835566110333, 50.773517906967335
10.463136480372295, 50.7786283512318
10.51791729964126, 50.78373879549626
10.572698118910225, 50.78884923976073
10.62747893817919, 50.7939596840252
10.682259757448154, 50.799070128289664
10.737040576717119, 50.804180572554124
10.791821395986084, 50.80929101681859
10.846602215255048, 50.81440146108306
10.901383034524013, 50.81951190534752
10.95616385379298, 50.824622349611985
11.010944673061944, 50.82973279387645
11.065725492330909, 50.83484323814092
11.120506311599874, 50.83995368240538
11.175287130868838, 50.84506412666985
11.230067950137803, 50.850174570934314
11.284848769406768, 50.85528501519878
11.339629588675733, 50.86039545946324
11.394410407944697, 50.86550590372771
11.449191227213662, 50.870616347992176
11.503972046482628, 50.87572679225664
11.558752865751593, 50.8808372365211
11.613533685020558, 50.88594768078557
11.668314504289523, 50.89105812505004
11.723095323558487, 50.8961685693145
11.777876142827452, 50.901279013578964
11.832656962096417, 50.90638945784343
11.887437781365382, 50.9114999021079
11.942218600634346, 50.91661034637236
11.996999419903311, 50.921720790636826
12.051780239172276, 50.92683123490129
12.106561058441242, 50.93194167916576
12.161341877710207, 50.93705212343022
12.216122696979172, 50.94216256769469
12.270903516248136, 50.947273011959155
12.325684335517101, 50.95238345622362
12.380465154786066, 50.95749390048808
12.43524597405503, 50.96260434475255
12.490026793323995, 50.967714789017016
12.54480761259296, 50.972825233281476
12.599588431861925, 50.97793567754594
12.654369251130891, 50.98304612181041
12.709150070399856, 50.98815656607488
12.76393088966882, 50.99326701033934
12.818711708937785, 50.998377454603805
12.87349252820675, 51.00348789886827
12.928273347475715, 51.00859834313274
12.98305416674468, 51.0137087873972
13.037834986013644, 51.018819231661666
13.092615805282609, 51.023929675926134
13.147396624551574, 51.0290401201906
13.20217744382054, 51.03415056445506
13.256958263089505, 51.03926100871953
13.31173908235847, 51.044371452983995
13.366519901627434, 51.049481897248455
13.421300720896399, 51.05459234151292
13.476081540165364, 51.05970278577739
13.530862359434328, 51.06481323004186
13.585643178703293, 51.06992367430632
13.640423997972258, 51.075034118570784
13.695204817241223, 51.08014456283525
13.74998563651019, 51.08525500709972
13.804766455779154, 51.09036545136418
13.859547275048119, 51.095475895628645
13.914328094317083, 51.10058633989311
13.969108913586048, 51.10569678415757
14.023889732855013, 51.11080722842204
14.078670552123977, 51.11591767268651
14.133451371392942, 51.121028116950974
14.188232190661907, 51.126138561215434
14.243013009930872, 51.1312490054799
14.297793829199836, 51.13635944974437
14.352574648468803, 51.141469894008836
14.407355467737768, 51.146580338273296
14.462136287006732, 51.15169078253776
14.516917106275697, 51.15680122680223
14.571697925544662, 51.1619116710667
14.626478744813626, 51.16702211533116
14.681259564082591, 51.172132559595624
14.736040383351556, 51.17724300386009
14.79082120262052, 51.18235344812455
14.845602021889485, 51.18746389238902
14.900382841158452, 51.192574336653486
14.955163660427417, 51.19768478091795
15.009944479696381, 51.20279522518241
15.064725298965346, 51.20790566944688
15.11950611823431, 51.21301611371135
15.174286937503275, 51.218126557975815
15.22906775677224, 51.223237002240275
15.283848576041205, 51.22834744650474
15.33862939531017, 51.23345789076921
15.393410214579134, 51.238568335033676
15.4481910338481, 51.243678779298136
15.502971853117065, 51.2487892235626
15.55775267238603, 51.25389966782707
15.612533491654995, 51.25901011209153
15.66731431092396, 51.264120556356
15.722095130192924, 51.269231000620465
15.776875949461889, 51.27434144488493
15.831656768730854, 51.27945188914939
15.886437587999819, 51.28456233341386
15.941218407268783, 51.28967277767833
15.99599922653775, 51.294783221942794
16.050780045806714, 51.299893666207254
16.105560865075677, 51.30500411047172
16.160341684344644, 51.31011455473619
16.215122503613607, 51.31522499900065
16.269903322882573, 51.320335443265115
16.32468414215154, 51.32544588752958
16.379464961420503, 51.33055633179405
16.43424578068947, 51.33566677605851
16.489026599958432, 51.34077722032298
16.5438074192274, 51.345887664587444
16.59858823849636, 51.35099810885191
16.653369057765328, 51.35610855311637
16.70814987703429, 51.36121899738084
16.762930696303258, 51.366329441645306
16.81771151557222, 51.37143988590977
16.872492334841187, 51.37655033017423
16.927273154110154, 51.3816607744387
16.982053973379116, 51.38677121870317
17.036834792648083, 51.391881662967634
17.091615611917046, 51.396992107232094
17.146396431186012, 51.40210255149656
17.201177250454975, 51.40721299576103
17.255958069723942, 51.41232344002549
17.310738888992905, 51.417433884289956
17.36551970826187, 51.42254432855442
17.420300527530838, 51.42765477281889
17.4750813467998, 51.43276521708335
17.529862166068767, 51.43787566134782
17.58464298533773, 51.442986105612285
17.639423804606697, 51.44809654987675
17.69420462387566, 51.45320699414121
17.748985443144626, 51.45831743840568
17.80376626241359, 51.463427882670146
17.858547081682556, 51.468538326934606
17.91332790095152, 51.47364877119907
17.968108720220485, 51.47875921546354
18.02288953948945, 51.48386965972801
18.077670358758414, 51.48898010399247
18.13245117802738, 51.494090548256935
18.187231997296344, 51.4992009925214
18.24201281656531, 51.50431143678587
18.296793635834273, 51.50942188105033
18.35157445510324, 51.514532325314796
18.406355274372203, 51.519642769579264
18.46113609364117, 51.52475321384373
18.515916912910136, 51.52986365810819
18.5706977321791, 51.53497410237266
18.625478551448065, 51.540084546637125
18.680259370717028, 51.545194990901585
18.735040189985995, 51.55030543516605
18.789821009254958, 51.55541587943052
18.844601828523924, 51.56052632369499
18.899382647792887, 51.56563676795945
18.954163467061854, 51.570747212223914
19.008944286330816, 51.57585765648838
19.063725105599783, 51.58096810075285
19.11850592486875, 51.58607854501731
19.173286744137712, 51.591188989281775
19.22806756340668, 51.59629943354624
19.282848382675642, 51.60140987781071
19.33762920194461, 51.60652032207517
19.39241002121357, 51.61163076633964
19.447190840482538, 51.616741210604104
19.5019716597515, 51.621851654868564
19.556752479020467, 51.62696209913303
19.61153329828943, 51.6320725433975
19.666314117558397, 51.637182987661966
19.721094936827363, 51.642293431926426
19.775875756096326, 51.64740387619089
19.830656575365293, 51.65251432045536
19.885437394634256, 51.65762476471983
19.940218213903222, 51.66273520898429
19.994999033172185, 51.667845653248754
20.04977985244115, 51.67295609751322
20.104560671710114, 51.67806654177768
20.15934149097908, 51.68317698604215
20.214122310248047, 51.688287430306616
20.26890312951701, 51.69339787457108
20.323683948785977, 51.69850831883554
20.37846476805494, 51.70361876310001
20.433245587323906, 51.70872920736448
20.48802640659287, 51.713839651628945
20.542807225861836, 51.718950095893405
20.5975880451308, 51.72406054015787
20.652368864399765, 51.72917098442234
20.707149683668728, 51.734281428686806
20.761930502937695, 51.739391872951266
20.81671132220666, 51.74450231721573
20.871492141475624, 51.7496127614802
20.92627296074459, 51.75472320574467
20.981053780013553, 51.75983365000913
21.03583459928252, 51.764944094273595
21.090615418551483, 51.77005453853806
21.14539623782045, 51.77516498280252
21.200177057089412, 51.78027542706699
21.25495787635838, 51.78538587133146
21.309738695627342, 51.790496315595924
21.36451951489631, 51.795606759860384
21.419300334165275, 51.80071720412485
21.474081153434238, 51.80582764838932
21.528861972703204, 51.810938092653785
21.583642791972167, 51.816048536918245
21.638423611241134, 51.82115898118271
21.693204430510097, 51.82626942544718
21.747985249779063, 51.83137986971164
21.802766069048026, 51.83649031397611
21.857546888316993, 51.841600758240574
21.91232770758596, 51.84671120250504
21.967108526854922, 51.8518216467695
22.02188934612389, 51.85693209103397
22.07667016539285, 51.862042535298436
22.131450984661818, 51.8671529795629
22.18623180393078, 51.87226342382736
22.241012623199747, 51.87737386809183
22.29579344246871, 51.8824843123563
22.350574261737677, 51.88759475662076
22.40535508100664, 51.892705200885224
22.460135900275606, 51.89781564514969
22.514916719544573, 51.90292608941416
22.569697538813536, 51.90803653367862
22.624478358082502, 51.913146977943086
22.679259177351465, 51.91825742220755
22.73403999662043, 51.92336786647202
22.788820815889395, 51.92847831073648
22.84360163515836, 51.93358875500095
22.898382454427324, 51.938699199265415
22.95316327369629, 51.94380964352988
23.007944092965257, 51.94892008779434
23.06272491223422, 51.95403053205881
23.117505731503186, 51.959140976323276
23.17228655077215, 51.964251420587736
23.227067370041116, 51.9693618648522
23.28184818931008, 51.97447230911667
23.336629008579045, 51.97958275338114
23.39140982784801, 51.9846931976456
23.446190647116975, 51.989803641910065
23.500971466385938, 51.99491408617453
23.555752285654904, 52.000024530439
23.61053310492387, 52.00513497470346
23.665313924192834, 52.010245418967926
23.7200947434618, 52.015355863232394
23.774875562730763, 52.02046630749686
23.82965638199973, 52.02557675176132
23.884437201268693, 52.03068719602579
23.93921802053766, 52.035797640290255
23.993998839806622, 52.040908084554715
24.04877965907559, 52.04601852881918
24.10356047834455, 52.05112897308365
24.158341297613518, 52.05623941734812
24.213122116882484, 52.06134986161258
24.267902936151447, 52.066460305877044
24.322683755420414, 52.07157075014151
24.377464574689377, 52.07668119440598
24.432245393958343, 52.08179163867044
24.487026213227306, 52.086902082934905
24.541807032496273, 52.09201252719937
24.596587851765236, 52.09712297146383
24.651368671034202, 52.1022334157283
24.70614949030317, 52.10734385999277
24.76093030957213, 52.112454304257234
24.815711128841098, 52.117564748521694
24.87049194811006, 52.12267519278616
24.925272767379028, 52.12778563705063
24.98005358664799, 52.132896081315096
25.034834405916957, 52.138006525579556
25.08961522518592, 52.14311696984402
25.144396044454886, 52.14822741410849
25.19917686372385, 52.15333785837296
25.253957682992816, 52.15844830263742
25.308738502261782, 52.163558746901884
25.363519321530745, 52.16866919116635
25.418300140799712, 52.17377963543082
25.473080960068675, 52.17889007969528
25.52786177933764, 52.184000523959746
25.582642598606604, 52.18911096822421
25.63742341787557, 52.19422141248867
25.692204237144534, 52.19933185675314
25.7469850564135, 52.20444230101761
25.801765875682463, 52.209552745282075
25.85654669495143, 52.214663189546535
25.911327514220396, 52.219773633811
25.96610833348936, 52.22488407807547
26.020889152758325, 52.229994522339936
26.07566997202729, 52.235104966604396
26.130450791296255, 52.24021541086886
26.185231610565218, 52.24532585513333
26.240012429834184, 52.25043629939779
26.294793249103147, 52.25554674366226
26.349574068372114, 52.260657187926725
26.40435488764108, 52.26576763219119
26.459135706910043, 52.27087807645565
26.51391652617901, 52.27598852072012
26.568697345447973, 52.28109896498459
26.62347816471694, 52.286209409249054
26.678258983985902, 52.291319853513514
26.73303980325487, 52.29643029777798
26.78782062252383, 52.30154074204245
26.842601441792798, 52.306651186306915
26.89738226106176, 52.311761630571375
26.952163080330727, 52.31687207483584
27.006943899599694, 52.32198251910031
27.061724718868657, 52.32709296336477
27.116505538137623, 52.33220340762924
27.171286357406586, 52.337313851893704
27.226067176675553, 52.34242429615817
27.280847995944516, 52.34753474042263
27.335628815213482, 52.3526451846871
27.390409634482445, 52.357755628951566
27.44519045375141, 52.36286607321603
27.49997127302038, 52.36797651748049
27.55475209228934, 52.37308696174496
27.609532911558308, 52.37819740600943
27.66431373082727, 52.383307850273894
27.719094550096237, 52.388418294538354
27.7738753693652, 52.39352873880282
27.828656188634167, 52.39863918306729
27.88343700790313, 52.40374962733175
27.938217827172096, 52.408860071596216
27.99299864644106, 52.41397051586068
28.047779465710025, 52.41908096012515
28.102560284978992, 52.42419140438961
28.157341104247955, 52.42930184865408
28.21212192351692, 52.434412292918545
28.266902742785884, 52.43952273718301
28.32168356205485, 52.44463318144747
28.376464381323814, 52.44974362571194
28.43124520059278, 52.454854069976406
28.486026019861743, 52.459964514240866
28.54080683913071, 52.46507495850533
28.595587658399673, 52.4701854027698
28.65036847766864, 52.47529584703427
28.705149296937606, 52.48040629129873
28.75993011620657, 52.485516735563195
28.814710935475535, 52.49062717982766
28.869491754744498, 52.49573762409213
28.924272574013465, 52.50084806835659
28.979053393282427, 52.505958512621056
29.033834212551394, 52.511068956885524
29.088615031820357, 52.51617940114999
29.143395851089323, 52.52128984541445
29.19817667035829, 52.52640028967892
29.252957489627253, 52.531510733943385
29.30773830889622, 52.53662117820785
29.362519128165182, 52.54173162247231
29.41729994743415, 52.54684206673678
29.47208076670311, 52.55195251100125
29.526861585972078, 52.55706295526571
29.58164240524104, 52.562173399530174
29.636423224510008, 52.56728384379464
29.69120404377897, 52.57239428805911
29.745984863047937, 52.57750473232357
29.800765682316904, 52.582615176588035
29.855546501585867, 52.5877256208525
29.910327320854833, 52.59283606511697
29.965108140123796, 52.59794650938143
30.019888959392762, 52.6030569536459
30.074669778661725, 52.608167397910364
30.129450597930692, 52.613277842174824
30.184231417199655, 52.61838828643929
30.23901223646862, 52.62349873070376
30.293793055737588, 52.628609174968226
30.34857387500655, 52.633719619232686
30.403354694275517, 52.63883006349715
30.45813551354448, 52.64394050776162
30.512916332813447, 52.64905095202609
30.56769715208241, 52.65416139629055
30.622477971351376, 52.659271840555014
30.67725879062034, 52.66438228481948
30.732039609889306, 52.66949272908394
30.78682042915827, 52.67460317334841
30.841601248427235, 52.679713617612876
30.8963820676962, 52.68482406187734
30.951162886965164, 52.6899345061418
31.00594370623413, 52.69504495040627
31.060724525503094, 52.70015539467074
31.11550534477206, 52.705265838935205
31.170286164041023, 52.710376283199665
31.22506698330999, 52.71548672746413
31.279847802578953, 52.7205971717286
31.33462862184792, 52.725707615993066
31.389409441116882, 52.730818060257526
31.44419026038585, 52.73592850452199
31.498971079654815, 52.74103894878646
31.553751898923778, 52.74614939305093
31.608532718192745, 52.75125983731539
31.663313537461708, 52.756370281579855
31.718094356730674, 52.76148072584432
31.772875175999637, 52.76659117010878
31.827655995268604, 52.77170161437325
31.882436814537567, 52.77681205863772
31.937217633806533, 52.781922502902184
31.9919984530755, 52.787032947166644
32.046779272344466, 52.79214339143111
32.10156009161343, 52.79725383569558
32.15634091088239, 52.802364279960045
32.211121730151355, 52.807474724224505
32.265902549420325, 52.81258516848897
32.32068336868929, 52.81769561275344
32.37546418795825, 52.8228060570179
32.430245007227214, 52.82791650128237
32.485025826496184, 52.833026945546834
32.53980664576515, 52.8381373898113
32.59458746503411, 52.84324783407576
32.64936828430308, 52.84835827834023
32.70414910357204, 52.853468722604696
32.758929922841006, 52.85857916686916
32.81371074210997, 52.86368961113362
32.86849156137894, 52.86880005539809
32.9232723806479, 52.87391049966256
32.978053199916864, 52.87902094392702
33.03283401918583, 52.884131388191484
33.0876148384548, 52.88924183245595
33.14239565772376, 52.89435227672042
33.19717647699272, 52.89946272098488
33.25195729626169, 52.904573165249346
33.306738115530656, 52.90968360951381
33.36151893479962, 52.91479405377828
33.41629975406858, 52.91990449804274
33.47108057333755, 52.92501494230721
33.525861392606515, 52.930125386571675
33.58064221187548, 52.93523583083614
33.63542303114444, 52.9403462751006
33.69020385041341, 52.94545671936507
33.744984669682374, 52.950567163629536
33.79976548895134, 52.955677607894
33.85454630822031, 52.96078805215846
33.90932712748927, 52.96589849642293
33.96410794675823, 52.9710089406874
34.018888766027196, 52.97611938495186
34.073669585296166, 52.981229829216325
34.12845040456513, 52.98634027348079
34.18323122383409, 52.99145071774526
34.23801204310306, 52.99656116200972
34.292792862372025, 53.001671606274186
34.34757368164099, 53.00678205053865
34.40235450090995, 53.01189249480312
34.45713532017892, 53.01700293906758
34.511916139447884, 53.02211338333205
34.56669695871685, 53.027223827596515
34.62147777798581, 53.032334271860975
34.67625859725478, 53.03744471612544
34.73103941652374, 53.04255516038991
34.785820235792706, 53.04766560465438
34.840601055061676, 53.052776048918844
34.89538187433064, 53.057886493183304
34.9501626935996, 53.06299693744777
35.004943512868564, 53.06810738171224
35.059724332137534, 53.0732178259767
35.1145051514065, 53.078328270241165
35.16928597067546, 53.08343871450563
35.22406678994442, 53.08854915877009
35.27884760921339, 53.09365960303456
35.333628428482356, 53.09877004729903
35.38840924775132, 53.103880491563494
35.44319006702029, 53.10899093582796
35.49797088628925, 53.11410138009242
35.552751705558215, 53.11921182435689
35.60753252482718, 53.124322268621356
35.66231334409615, 53.129432712885816
35.71709416336511, 53.13454315715028
35.771874982634074, 53.13965360141475
35.82665580190304, 53.14476404567922
35.88143662117201, 53.14987448994368
35.93621744044097, 53.154984934208144
35.99099825970993, 53.16009537847261
36.0457790789789, 53.16520582273708
36.100559898247866, 53.17031626700154
36.15534071751683, 53.175426711266006
36.21012153678579, 53.18053715553047
36.26490235605476, 53.18564759979493
36.319683175323725, 53.1907580440594
36.37446399459269, 53.19586848832387
36.42924481386165, 53.200978932588335
36.48402563313062, 53.206089376852795
36.538806452399584, 53.21119982111726
36.59358727166855, 53.21631026538173
36.64836809093752, 53.221420709646196
36.70314891020648, 53.226531153910656
36.75792972947544, 53.23164159817512
36.812710548744406, 53.23675204243959
36.867491368013376, 53.24186248670406
36.92227218728234, 53.24697293096852
36.9770530065513, 53.252083375232985
37.03183382582027, 53.25719381949745
37.086614645089234, 53.26230426376191
37.1413954643582, 53.26741470802638
37.19617628362716, 53.27252515229085
37.25095710289613, 53.277635596555314
37.30573792216509, 53.282746040819774
37.360518741434056, 53.28785648508424
37.41529956070302, 53.29296692934871
37.47008037997199, 53.298077373613175
37.52486119924095, 53.303187817877635
37.579642018509915, 53.3082982621421
37.634422837778885, 53.31340870640657
37.68920365704785, 53.31851915067104
37.74398447631681, 53.3236295949355
37.798765295585774, 53.328740039199964
37.853546114854744, 53.33385048346443
37.90832693412371, 53.33896092772889
37.96310775339267, 53.34407137199336
38.01788857266163, 53.349181816257826
38.0726693919306, 53.35429226052229
38.127450211199566, 53.35940270478675
38.18223103046853, 53.36451314905122
38.2370118497375, 53.36962359331569
38.29179266900646, 53.374734037580154
38.346573488275425, 53.379844481844614
38.40135430754439, 53.38495492610908
38.45613512681336, 53.39006537037355
38.51091594608232, 53.39517581463801
38.565696765351284, 53.400286258902476
38.62047758462025, 53.40539670316694
38.67525840388922, 53.41050714743141
38.73003922315818, 53.41561759169587
38.78482004242714, 53.42072803596034
38.83960086169611, 53.425838480224805
38.894381680965076, 53.43094892448927
38.94916250023404, 53.43605936875373
39.003943319503, 53.4411698130182
39.05872413877197, 53.446280257282666
39.113504958040934, 53.45139070154713
39.1682857773099, 53.45650114581159
39.22306659657886, 53.46161159007606
39.27784741584783, 53.46672203434053
39.33262823511679, 53.47183247860499
39.387409054385756, 53.476942922869455
39.442189873654726, 53.48205336713392
39.49697069292369, 53.48716381139839
39.55175151219265, 53.49227425566285
39.606532331461615, 53.497384699927316
39.661313150730585, 53.50249514419178
39.71609396999955, 53.50760558845625
39.77087478926851, 53.51271603272071
39.825655608537474, 53.51782647698518
39.880436427806444, 53.522936921249645
39.93521724707541, 53.52804736551411
39.98999806634437, 53.53315780977857
40.04477888561334, 53.53826825404304
40.0995597048823, 53.54337869830751
40.154340524151266, 53.54848914257197
40.20912134342023, 53.553599586836434
40.2639021626892, 53.5587100311009
40.31868298195816, 53.56382047536537
40.373463801227125, 53.56893091962983
40.428244620496095, 53.574041363894295
40.48302543976506, 53.57915180815876
40.53780625903402, 53.58426225242323
40.592587078302984, 53.58937269668769
40.647367897571954, 53.59448314095216
40.70214871684092, 53.599593585216624
40.75692953610988, 53.604704029481084
40.81171035537884, 53.60981447374555
40.86649117464781, 53.61492491801002
40.921271993916776, 53.620035362274486
40.97605281318574, 53.625145806538946
41.03083363245471, 53.63025625080341
41.08561445172367, 53.63536669506788
41.140395270992634, 53.64047713933235
41.1951760902616, 53.64558758359681
41.24995690953057, 53.650698027861274
41.30473772879953, 53.65580847212574
41.35951854806849, 53.66091891639021
41.414299367337456, 53.66602936065467
41.469080186606426, 53.671139804919136
41.52386100587539, 53.6762502491836
41.57864182514435, 53.68136069344806
41.63342264441332, 53.68647113771253
41.688203463682285, 53.691581581977
41.74298428295125, 53.696692026241465
41.79776510222021, 53.701802470505925
41.85254592148918, 53.70691291477039
41.907326740758144, 53.71202335903486
41.96210756002711, 53.717133803299326
42.01688837929607, 53.722244247563786
42.07166919856504, 53.72735469182825
42.126450017834, 53.73246513609272
42.181230837102966, 53.73757558035719
42.236011656371936, 53.74268602462165
42.2907924756409, 53.747796468886115
42.34557329490986, 53.75290691315058
42.400354114178825, 53.75801735741504
42.455134933447795, 53.76312780167951
42.50991575271676, 53.76823824594398
42.56469657198572, 53.773348690208444
42.619477391254684, 53.778459134472904
42.674258210523654, 53.78356957873737
42.72903902979262, 53.78868002300184
42.78381984906158, 53.793790467266305
42.83860066833055, 53.798900911530765
42.89338148759951, 53.80401135579523
42.948162306868475, 53.8091218000597
43.00294312613744, 53.81423224432416
43.05772394540641, 53.81934268858863
43.11250476467537, 53.824453132853094
43.167285583944334, 53.82956357711756
43.222066403213304, 53.83467402138203
43.27684722248227, 53.83978446564649
43.33162804175123, 53.844894909910956
43.38640886102019, 53.85000535417542
43.44118968028916, 53.85511579843988
43.495970499558126, 53.86022624270435
43.55075131882709, 53.86533668696882
43.60553213809605, 53.87044713123328
43.66031295736502, 53.875557575497744
43.715093776633985, 53.88066801976221
43.76987459590295, 53.88577846402668
43.82465541517192, 53.890888908291146
43.87943623444088, 53.895999352555606
43.934217053709844, 53.90110979682007
43.98899787297881, 53.90622024108454
44.04377869224778, 53.911330685349
44.09855951151674, 53.91644112961347
44.1533403307857, 53.921551573877935
44.208121150054666, 53.9266620181424
44.262901969323636, 53.93177246240686
44.3176827885926, 53.93688290667133
44.37246360786156, 53.941993350935796
44.42724442713053, 53.94710379520026
44.482025246399495, 53.95221423946472
44.53680606566846, 53.95732468372919
44.59158688493742, 53.96243512799366
44.64636770420639, 53.85716102938788
44.701148523475354, 53.71575634169277
44.75592934274432, 53.57435165399765
44.81071016201328, 53.43294696630254
44.86549098128225, 53.2915422786074
44.92027180055121, 53.15013759091228
44.975052619820175, 53.008732903217165
45.029833439089145, 52.86732821552203
45.08461425835811, 52.725923527826914
45.13939507762707, 52.58451884013179
45.194175896896034, 52.44311415243668
45.248956716165004, 52.30170946474154
45.30373753543397, 52.16030477704643
45.35851835470293, 52.01890008935131
45.41329917397189, 51.87749540165619
45.46807999324086, 51.736090713961055
45.522860812509826, 51.59468602626594
45.57764163177879, 51.453281338570825
45.63242245104776, 51.31187665087569
45.68720327031672, 51.170471963180574
45.741984089585685, 51.02906727548545
45.79676490885465, 50.88766258779034
45.85154572812362, 50.7462579000952
45.90632654739258, 50.60485321240009
45.961107366661544, 50.46344852470497
46.015888185930514, 50.322043837009836
46.07066900519948, 50.180639149314715
46.12544982446844, 50.0392344616196
46.1802306437374, 49.897829773924485
46.23501146300637, 49.75642508622935
46.289792282275336, 49.61502039853423
46.3445731015443, 49.47361571083911
46.39935392081326, 49.332211023144
46.45413474008223, 49.19080633544886
46.508915559351195, 49.04940164775375
46.56369637862016, 48.907996960058625
46.61847719788913, 48.76659227236349
46.67325801715809, 48.625187584668375
46.728038836427054, 48.48378289697326
46.78281965569602, 48.34237820927814
46.83760047496499, 48.20097352158301
46.89238129423395, 48.05956883388789
46.94716211350291, 47.91816414619277
47.001942932771875, 47.77675945849766
47.056723752040845, 47.63535477080252
47.11150457130981, 47.4939500831074
47.16628539057877, 47.352545395412285
47.22106620984774, 47.21114070771715
47.275847029116704, 47.069736020022034
47.33062784838567, 46.92833133232692
47.38540866765463, 46.7869266446318
47.4401894869236, 46.64552195693666
47.49497030619256, 46.50411726924155
47.549751125461526, 46.36271258154643
47.60453194473049, 46.22130789385132
47.65931276399946, 46.079903206156175
47.71409358326842, 45.93849851846106
47.768874402537385, 45.797093830765945
47.823655221806355, 45.65568914307081
47.87843604107532, 45.514284455375694
47.93321686034428, 45.37287976768057
47.987997679613244, 45.23147507998546
48.042778498882214, 45.09007039229032
48.09755931815118, 44.94866570459521
48.15234013742014, 44.807261016900085
48.2071209566891, 44.66585632920497
48.26190177595807, 44.524451641509835
48.316682595227036, 44.38304695381472
48.371463414496, 44.241642266119605
48.42624423376497, 44.10023757842447
48.48102505303393, 43.958832890729354
48.535805872302895, 43.81742820303423
48.59058669157186, 43.67602351533912
48.64536751084083, 43.53461882764398
48.70014833010979, 43.39321413994887
48.75492914937875, 43.25180945225375
48.809709968647724, 43.11040476455861
48.86449078791669, 42.969000076863495
48.91927160718565, 42.82759538916838
48.97405242645461, 42.686190701473265
49.02883324572358, 42.54478601377813
49.083614064992545, 42.40338132608301
49.13839488426151, 42.26197663838789
49.19317570353047, 42.12057195069278
49.24795652279944, 41.97916726299764
49.302737342068404, 41.83776257530252
49.35751816133737, 41.696357887607405
49.41229898060634, 41.55495319991227
49.4670797998753, 41.413548512217154
49.52186061914426, 41.27214382452204
49.576641438413226, 41.13073913682692
49.631422257682196, 40.98933444913179
49.68620307695116, 40.84792976143667
49.74098389622012, 40.70652507374155
49.795764715489085, 40.56512038604643
49.850545534758055, 40.4237156983513
49.90532635402702, 40.28231101065618
49.96010717329598, 40.140906322961065
50.01488799256495, 39.99950163526593
50.069668811833914, 39.858096947570814
50.12444963110288, 39.7166922598757
50.17923045037184, 39.57528757218058
50.23401126964081, 39.43388288448544
50.28879208890977, 39.29247819679033
50.343572908178736, 39.15107350909521
50.3983537274477, 39.00966882140009
50.45313454671667, 38.868264133704955
50.50791536598563, 38.72685944600984
50.562696185254595, 38.585454758314725
50.617477004523565, 38.44405007061959
50.67225782379253, 38.302645382924474
50.72703864306149, 38.16124069522935
50.78181946233045, 38.01983600753424
50.836600281599424, 37.8784313198391
50.89138110086839, 37.73702663214399
50.94616192013735, 37.595621944448865
51.00094273940631, 37.45421725675375
51.05572355867528, 37.31281256905862
51.110504377944245, 37.1714078813635
51.16528519721321, 37.03000319366838
51.22006601648218, 36.88859850597325
51.27484683575114, 36.747193818278134
51.329627655020104, 36.60578913058301
51.38440847428907, 36.4643844428879
51.43918929355804, 36.32297975519276
51.493970112827, 36.18157506749765
51.54875093209596, 36.04017037980253
51.603531751364926, 35.89876569210741
51.658312570633896, 35.757361004412274
51.71309338990286, 35.61595631671716
51.76787420917182, 35.474551629022045
51.82265502844079, 35.3331469413269
51.877435847709755, 35.19174225363179
51.93221666697872, 35.05033756593667
51.98699748624768, 34.90893287824156
52.04177830551665, 34.76752819054642
52.096559124785614, 34.6261235028513
52.15133994405458, 34.484718815156185
52.20612076332355, 34.34331412746105
52.26090158259251, 34.201909439765934
52.31568240186147, 34.06050475207081
52.370463221130436, 33.9191000643757
52.425244040399406, 33.77769537668057
52.48002485966837, 33.63629068898545
52.53480567893733, 33.49488600129033
52.589586498206295, 33.35348131359521
52.644367317475265, 33.21207662590008
52.69914813674423, 33.07067193820497
52.75392895601319, 32.929267250509845
52.80870977528216, 32.78786256281471
52.86349059455112, 32.646457875119594
52.91827141382009, 32.50505318742448
52.97305223308905, 32.36364849972936
53.02783305235802, 32.22224381203422
53.08261387162698, 32.08083912433911
53.137394690895945, 31.93943443664399
53.19217551016491, 31.798029748948874
53.24695632943388, 31.656625061253738
53.30173714870284, 31.51522037355862
53.356517967971804, 31.373815685863505
53.411298787240774, 31.23241099816837
53.46607960650974, 31.09100631047325
53.5208604257787, 30.949601622778133
53.57564124504766, 30.808196935083018
53.63042206431663, 30.666792247387882
53.685202883585596, 30.525387559692764
53.73998370285456, 30.38398287199765
53.79476452212352, 30.24257818430253
53.84954534139249, 30.101173496607394
53.904326160661455, 29.95976880891228
53.95910697993042, 29.81836412121716
54.01388779919939, 29.676959433522025
54.06866861846835, 29.53555474582691
54.123449437737314, 29.394150058131792
54.17823025700628, 29.252745370436678
54.23301107627525, 29.11134068274154
54.28779189554421, 28.969935995046423
54.34257271481317, 28.828531307351305
54.397353534082136, 28.68712661965619
54.452134353351106, 28.545721931961054
54.50691517262007, 28.404317244265936
54.56169599188903, 28.26291255657082
54.616476811158, 28.121507868875685
54.671257630426965, 27.980103181180567
54.72603844969593, 27.838698493485452
