Parameters: [49.34397484699126, 20.702185222286737, 9.025952554792998, 40.509916739663794, 4.183522102164902, -0.06138396203671306, -3.0085604805794675]
Points:
0.0, 20.702185222286737
0.049393368215206464, 20.908823469915422
0.09878673643041293, 21.115461717544108
0.1481801046456194, 21.322099965172793
0.19757347286082586, 21.52873821280148
0.2469668410760323, 21.735376460430164
0.2963602092912388, 21.94201470805885
0.34575357750644525, 22.148652955687535
0.3951469457216517, 22.35529120331622
0.44454031393685817, 22.561929450944906
0.4939336821520646, 22.76856769857359
0.5433270503672711, 22.97520594620228
0.5927204185824776, 23.181844193830965
0.642113786797684, 23.38848244145965
0.6915071550128905, 23.595120689088336
0.740900523228097, 23.80175893671702
0.7902938914433034, 24.008397184345707
0.8396872596585099, 24.215035431974393
0.8890806278737163, 24.421673679603078
0.9384739960889228, 24.628311927231763
0.9878673643041292, 24.83495017486045
1.0372607325193357, 25.041588422489134
1.0866541007345423, 25.24822667011782
1.1360474689497486, 25.454864917746505
1.1854408371649552, 25.66150316537519
1.2348342053801615, 25.868141413003876
1.284227573595368, 26.07477966063256
1.3336209418105744, 26.281417908261247
1.383014310025781, 26.488056155889936
1.4324076782409874, 26.694694403518618
1.481801046456194, 26.901332651147307
1.5311944146714003, 27.10797089877599
1.5805877828866068, 27.314609146404678
1.6299811511018134, 27.521247394033363
1.6793745193170198, 27.72788564166205
1.7287678875322263, 27.934523889290734
1.7781612557474327, 28.14116213691942
1.8275546239626392, 28.347800384548105
1.8769479921778456, 28.55443863217679
1.9263413603930521, 28.761076879805476
1.9757347286082585, 28.96771512743416
2.025128096823465, 29.174353375062847
2.0745214650386714, 29.380991622691532
2.123914833253878, 29.587629870320217
2.1733082014690845, 29.794268117948903
2.2227015696842907, 30.00090636557759
2.2720949378994972, 30.207544613206274
2.321488306114704, 30.414182860834963
2.3708816743299104, 30.620821108463645
2.420275042545117, 30.827459356092334
2.469668410760323, 31.034097603721015
2.5190617789755296, 31.240735851349704
2.568455147190736, 31.447374098978386
2.6178485154059428, 31.654012346607075
2.667241883621149, 31.860650594235757
2.7166352518363555, 32.067288841864446
2.766028620051562, 32.27392708949313
2.8154219882667686, 32.48056533712182
2.8648153564819747, 32.6872035847505
2.9142087246971813, 32.89384183237919
2.963602092912388, 33.10048008000787
3.0129954611275944, 33.30711832763656
3.0623888293428005, 33.51375657526525
3.111782197558007, 33.72039482289393
3.1611755657732137, 33.92703307052261
3.2105689339884202, 34.1336713181513
3.259962302203627, 34.34030956577999
3.309355670418833, 34.54694781340867
3.3587490386340395, 34.75358606103736
3.408142406849246, 34.96022430866604
3.4575357750644526, 35.16686255629473
3.5069291432796588, 35.37350080392341
3.5563225114948653, 35.5801390515521
3.605715879710072, 35.786777299180784
3.6551092479252785, 35.99341554680947
3.7045026161404846, 36.200053794438155
3.753895984355691, 36.406692042066844
3.8032893525708977, 36.613330289695526
3.8526827207861043, 36.819968537324215
3.9020760890013104, 37.026606784952904
3.951469457216517, 37.233245032581586
4.000862825431724, 37.43988328021027
4.05025619364693, 37.646521527838956
4.099649561862137, 37.853159775467645
4.149042930077343, 38.05979802309633
4.19843629829255, 38.266436270725016
4.247829666507756, 38.4730745183537
4.297223034722962, 38.67971276598239
4.346616402938169, 38.886351013611076
4.396009771153375, 39.09298926123975
4.445403139368581, 39.29962750886844
4.494796507583788, 39.50626575649713
4.5441898757989945, 39.71290400412581
4.5935832440142015, 39.9195422517545
4.642976612229408, 40.12618049938318
4.692369980444614, 40.33281874701187
4.741763348659821, 40.53945699464056
4.791156716875027, 40.74609524226924
4.840550085090234, 40.95273348989792
4.88994345330544, 41.15937173752661
4.939336821520646, 41.3660099851553
4.988730189735853, 41.57264823278398
5.038123557951059, 41.779286480412665
5.087516926166265, 41.985924728041354
5.136910294381472, 42.19256297567004
5.1863036625966785, 42.399201223298725
5.2356970308118855, 42.605839470927414
5.285090399027092, 42.812477718556096
5.334483767242298, 43.019115966184785
5.383877135457505, 43.225754213813474
5.433270503672711, 43.43239246144215
5.482663871887917, 43.63903070907084
5.532057240103124, 43.84566895669953
5.58145060831833, 44.05230720432821
5.630843976533537, 44.2589454519569
5.680237344748743, 44.46558369958558
5.729630712963949, 44.67222194721427
5.7790240811791564, 44.87886019484296
5.828417449394363, 45.08549844247164
5.87781081760957, 45.29213669010032
5.927204185824776, 45.49877493772901
5.976597554039982, 45.7054131853577
6.025990922255189, 45.91205143298638
6.075384290470395, 46.11868968061506
6.124777658685601, 46.32532792824375
6.174171026900808, 46.53196617587244
6.223564395116014, 46.73860442350112
6.272957763331221, 46.94524267112981
6.322351131546427, 47.15188091875849
6.3717444997616335, 47.35851916638718
6.4211378679768405, 47.56515741401587
6.470531236192047, 47.771795661644546
6.519924604407254, 47.978433909273235
6.56931797262246, 48.185072156901924
6.618711340837666, 48.391710404530606
6.668104709052873, 48.598348652159295
6.717498077268079, 48.80498689978798
6.766891445483285, 49.011625147416666
6.816284813698492, 49.218263395045355
6.865678181913698, 49.42490164267404
6.915071550128905, 49.63153989030272
6.964464918344111, 49.83817813793141
7.0138582865593175, 50.0448163855601
7.0632516547745245, 50.25145463318878
7.112645022989731, 50.45809288081746
7.162038391204938, 50.66473112844615
7.211431759420144, 50.87136937607484
7.26082512763535, 51.07800762370352
7.310218495850557, 51.28464587133221
7.359611864065763, 51.49128411896089
7.409005232280969, 51.69792236658958
7.458398600496176, 51.90456061421827
7.507791968711382, 52.111198861846944
7.557185336926589, 52.31783710947563
7.6065787051417955, 52.52447535710432
7.655972073357002, 52.731113604733004
7.705365441572209, 52.93775185236169
7.754758809787415, 53.144390099990375
7.804152178002621, 53.351028347619064
7.853545546217828, 53.55766659524775
7.902938914433034, 53.764304842876435
7.952332282648241, 53.97094309050512
8.001725650863447, 54.177581338133805
8.051119019078653, 54.38421958576249
8.10051238729386, 54.590857833391176
8.149905755509067, 54.797496081019865
8.199299123724273, 55.00413432864855
8.24869249193948, 55.210772576277236
8.298085860154686, 55.41741082390592
8.347479228369892, 55.6240490715346
8.3968725965851, 55.830687319163296
8.446265964800306, 56.03732556679198
8.495659333015512, 56.24396381442066
8.545052701230718, 56.45060206204935
8.594446069445924, 56.65724030967803
8.64383943766113, 56.86387855730671
8.693232805876338, 57.07051680493541
8.742626174091544, 57.27715505256409
8.79201954230675, 57.48379330019277
8.841412910521957, 57.69043154782146
8.890806278737163, 57.89706979545014
8.94019964695237, 58.10370804307883
8.989593015167577, 58.31034629070752
9.038986383382783, 58.46165716031566
9.088379751597989, 58.45862519967627
9.137773119813195, 58.45559323903688
9.187166488028403, 58.452561278397496
9.236559856243609, 58.449529317758106
9.285953224458815, 58.44649735711872
9.335346592674021, 58.44346539647933
9.384739960889227, 58.44043343583994
9.434133329104435, 58.43740147520056
9.483526697319641, 58.43436951456117
9.532920065534848, 58.43133755392178
9.582313433750054, 58.428305593282396
9.63170680196526, 58.425273632643005
9.681100170180468, 58.42224167200362
9.730493538395674, 58.41920971136423
9.77988690661088, 58.41617775072484
9.829280274826086, 58.41314579008546
9.878673643041292, 58.41011382944607
9.928067011256498, 58.40708186880668
9.977460379471706, 58.404049908167295
10.026853747686912, 58.401017947527905
10.076247115902119, 58.39798598688852
10.125640484117325, 58.39495402624913
10.17503385233253, 58.39192206560974
10.224427220547739, 58.38889010497036
10.273820588762945, 58.38585814433097
10.323213956978151, 58.38282618369158
10.372607325193357, 58.379794223052194
10.422000693408563, 58.376762262412804
10.471394061623771, 58.37373030177342
10.520787429838977, 58.37069834113403
10.570180798054183, 58.36766638049464
10.61957416626939, 58.36463441985526
10.668967534484596, 58.36160245921587
10.718360902699803, 58.358570498576476
10.76775427091501, 58.35553853793709
10.817147639130216, 58.3525065772977
10.866541007345422, 58.34947461665831
10.915934375560628, 58.34644265601893
10.965327743775834, 58.34341069537954
11.014721111991042, 58.340378734740156
11.064114480206248, 58.337346774100766
11.113507848421454, 58.334314813461376
11.16290121663666, 58.33128285282199
11.212294584851866, 58.3282508921826
11.261687953067074, 58.32521893154321
11.31108132128228, 58.32218697090383
11.360474689497487, 58.31915501026444
11.409868057712693, 58.316123049625055
11.459261425927899, 58.313091088985665
11.508654794143107, 58.310059128346275
11.558048162358313, 58.30702716770689
11.607441530573519, 58.3039952070675
11.656834898788725, 58.30096324642811
11.706228267003931, 58.29793128578873
11.75562163521914, 58.29489932514934
11.805015003434345, 58.291867364509955
11.854408371649551, 58.288835403870564
11.903801739864758, 58.285803443231174
11.953195108079964, 58.28277148259179
12.002588476295172, 58.2797395219524
12.051981844510378, 58.27670756131301
12.101375212725584, 58.27367560067363
12.15076858094079, 58.27064364003424
12.200161949155996, 58.267611679394854
12.249555317371202, 58.26457971875546
12.29894868558641, 58.26154775811607
12.348342053801616, 58.25851579747669
12.397735422016822, 58.2554838368373
12.447128790232028, 58.25245187619791
12.496522158447235, 58.249419915558526
12.545915526662442, 58.246387954919136
12.595308894877649, 58.243355994279746
12.644702263092855, 58.24032403364036
12.69409563130806, 58.23729207300097
12.743488999523267, 58.23426011236159
12.792882367738475, 58.2312281517222
12.842275735953681, 58.22819619108281
12.891669104168887, 58.225164230443426
12.941062472384093, 58.222132269804035
12.9904558405993, 58.219100309164645
13.039849208814507, 58.21606834852526
13.089242577029713, 58.21303638788587
13.13863594524492, 58.21000442724649
13.188029313460126, 58.2069724666071
13.237422681675332, 58.20394050596771
13.286816049890538, 58.200908545328325
13.336209418105746, 58.197876584688935
13.385602786320952, 58.194844624049544
13.434996154536158, 58.19181266341016
13.484389522751364, 58.18878070277077
13.53378289096657, 58.18574874213139
13.583176259181778, 58.182716781492
13.632569627396984, 58.17968482085261
13.68196299561219, 58.176652860213224
13.731356363827397, 58.173620899573834
13.780749732042603, 58.17058893893444
13.83014310025781, 58.16755697829506
13.879536468473017, 58.16452501765567
13.928929836688223, 58.16149305701629
13.978323204903429, 58.1584610963769
14.027716573118635, 58.155429135737506
14.077109941333843, 58.15239717509812
14.126503309549049, 58.14936521445873
14.175896677764255, 58.14633325381934
14.225290045979461, 58.14330129317996
14.274683414194667, 58.14026933254057
14.324076782409875, 58.13723737190118
14.373470150625081, 58.134205411261796
14.422863518840288, 58.131173450622406
14.472256887055494, 58.12814148998302
14.5216502552707, 58.12510952934363
14.571043623485906, 58.12207756870424
14.620436991701114, 58.11904560806486
14.66983035991632, 58.11601364742547
14.719223728131526, 58.11298168678608
14.768617096346732, 58.109949726146695
14.818010464561938, 58.106917765507305
14.867403832777146, 58.10388580486792
14.916797200992352, 58.10085384422853
14.966190569207559, 58.09782188358914
15.015583937422765, 58.09478992294976
15.06497730563797, 58.09175796231037
15.114370673853179, 58.08872600167098
15.163764042068385, 58.085694041031594
15.213157410283591, 58.082662080392204
15.262550778498797, 58.07963011975282
15.311944146714003, 58.07659815911343
15.361337514929211, 58.07356619847404
15.410730883144417, 58.07053423783466
15.460124251359623, 58.06750227719527
15.50951761957483, 58.06447031655588
15.558910987790036, 58.06143835591649
15.608304356005242, 58.0584063952771
15.65769772422045, 58.05537443463772
15.707091092435656, 58.05234247399833
15.756484460650862, 58.04931051335894
15.805877828866068, 58.046278552719556
15.855271197081274, 58.043246592080166
15.904664565296482, 58.040214631440776
15.954057933511688, 58.03718267080139
16.003451301726894, 58.034150710162
16.0528446699421, 58.03111874952261
16.102238038157306, 58.02808678888323
16.151631406372513, 58.02505482824384
16.20102477458772, 58.022022867604456
16.250418142802925, 58.018990906965065
16.299811511018135, 58.015958946325675
16.34920487923334, 58.01292698568629
16.398598247448547, 58.0098950250469
16.447991615663753, 58.00686306440751
16.49738498387896, 58.00383110376813
16.546778352094165, 58.00079914312874
16.59617172030937, 57.997767182489355
16.645565088524577, 57.994735221849965
16.694958456739784, 57.991703261210574
16.74435182495499, 57.98867130057119
16.7937451931702, 57.9856393399318
16.843138561385405, 57.98260737929241
16.89253192960061, 57.97957541865303
16.941925297815818, 57.97654345801364
16.991318666031024, 57.973511497374254
17.04071203424623, 57.970479536734864
17.090105402461436, 57.96744757609547
17.139498770676642, 57.96441561545609
17.18889213889185, 57.9613836548167
17.238285507107054, 57.95835169417731
17.28767887532226, 57.95531973353793
17.33707224353747, 57.952287772898536
17.386465611752676, 57.94925581225915
17.435858979967882, 57.94622385161976
17.48525234818309, 57.94319189098037
17.534645716398295, 57.94015993034099
17.5840390846135, 57.9371279697016
17.633432452828707, 57.93409600906221
17.682825821043913, 57.931064048422826
17.73221918925912, 57.928032087783436
17.781612557474325, 57.92500012714405
17.831005925689535, 57.92196816650466
17.88039929390474, 57.91893620586527
17.929792662119947, 57.91590424522589
17.979186030335153, 57.9128722845865
18.02857939855036, 57.90984032394711
18.077972766765566, 57.906808363307725
18.12736613498077, 57.903776402668335
18.176759503195978, 57.900744442028945
18.226152871411184, 57.89771248138956
18.27554623962639, 57.89468052075017
18.3249396078416, 57.89164856011079
18.374332976056806, 57.8886165994714
18.423726344272012, 57.88558463883201
18.473119712487218, 57.882552678192624
18.522513080702424, 57.879520717553234
18.57190644891763, 57.876488756913844
18.621299817132837, 57.87345679627446
18.670693185348043, 57.87042483563507
18.72008655356325, 57.86739287499569
18.769479921778455, 57.8643609143563
18.81887328999366, 57.86132895371691
18.86826665820887, 57.85829699307752
18.917660026424077, 57.85526503243813
18.967053394639283, 57.85223307179874
19.01644676285449, 57.84920111115936
19.065840131069695, 57.84616915051997
19.1152334992849, 57.843137189880586
19.164626867500107, 57.840105229241196
19.214020235715314, 57.837073268601806
19.26341360393052, 57.83404130796242
19.312806972145726, 57.83100934732303
19.362200340360936, 57.82797738668364
19.41159370857614, 57.82494542604426
19.460987076791348, 57.82191346540487
19.510380445006554, 57.818881504765486
19.55977381322176, 57.815849544126095
19.609167181436966, 57.812817583486705
19.658560549652172, 57.80978562284732
19.70795391786738, 57.80675366220793
19.757347286082585, 57.80372170156854
19.80674065429779, 57.80068974092916
19.856134022512997, 57.79765778028977
19.905527390728206, 57.79462581965038
19.954920758943413, 57.791593859010995
20.00431412715862, 57.788561898371604
20.053707495373825, 57.78552993773222
20.10310086358903, 57.78249797709283
20.152494231804237, 57.77946601645344
20.201887600019443, 57.77643405581406
20.25128096823465, 57.77340209517467
20.300674336449855, 57.77037013453528
20.35006770466506, 57.767338173895894
20.39946107288027, 57.7643062132565
20.448854441095477, 57.76127425261712
20.498247809310683, 57.75824229197773
20.54764117752589, 57.75521033133834
20.597034545741096, 57.75217837069896
20.646427913956302, 57.749146410059566
20.695821282171508, 57.746114449420176
20.745214650386714, 57.74308248878079
20.79460801860192, 57.7400505281414
20.844001386817126, 57.73701856750202
20.893394755032332, 57.73398660686263
20.942788123247542, 57.73095464622324
20.99218149146275, 57.727922685583856
21.041574859677954, 57.724890724944466
21.09096822789316, 57.721858764305075
21.140361596108367, 57.71882680366569
21.189754964323573, 57.7157948430263
21.23914833253878, 57.71276288238691
21.288541700753985, 57.70973092174753
21.33793506896919, 57.70669896110814
21.387328437184397, 57.703667000468755
21.436721805399607, 57.700635039829365
21.486115173614813, 57.697603079189975
21.53550854183002, 57.69457111855059
21.584901910045225, 57.6915391579112
21.63429527826043, 57.68850719727181
21.683688646475638, 57.68547523663243
21.733082014690844, 57.68244327599304
21.78247538290605, 57.679411315353654
21.831868751121256, 57.676379354714264
21.881262119336462, 57.673347394074874
21.930655487551668, 57.67031543343549
21.980048855766878, 57.6672834727961
22.029442223982084, 57.66425151215671
22.07883559219729, 57.66121955151733
22.128228960412496, 57.65818759087794
22.177622328627702, 57.65515563023855
22.22701569684291, 57.65212366959916
22.276409065058115, 57.64909170895977
22.32580243327332, 57.64605974832039
22.375195801488527, 57.643027787681
22.424589169703733, 57.63999582704161
22.473982537918943, 57.636963866402226
22.52337590613415, 57.633931905762836
22.572769274349355, 57.63089994512345
22.62216264256456, 57.62786798448406
22.671556010779767, 57.62483602384467
22.720949378994973, 57.62180406320529
22.77034274721018, 57.6187721025659
22.819736115425385, 57.61574014192651
22.86912948364059, 57.612708181287125
22.918522851855798, 57.609676220647735
22.967916220071007, 57.606644260008345
23.017309588286214, 57.60361229936896
23.06670295650142, 57.60058033872957
23.116096324716626, 57.59754837809019
23.165489692931832, 57.5945164174508
23.214883061147038, 57.59148445681141
23.264276429362244, 57.588452496172025
23.31366979757745, 57.585420535532634
23.363063165792656, 57.582388574893244
23.412456534007863, 57.57935661425386
23.46184990222307, 57.57632465361447
23.51124327043828, 57.57329269297509
23.560636638653484, 57.5702607323357
23.61003000686869, 57.56722877169631
23.659423375083897, 57.564196811056924
23.708816743299103, 57.56116485041753
23.75821011151431, 57.55813288977814
23.807603479729515, 57.55510092913876
23.85699684794472, 57.55206896849937
23.906390216159927, 57.54903700785999
23.955783584375133, 57.546005047220596
24.005176952590343, 57.542973086581206
24.05457032080555, 57.53994112594182
24.103963689020755, 57.53690916530243
24.15335705723596, 57.53387720466304
24.202750425451168, 57.53084524402366
24.252143793666374, 57.52781328338427
24.30153716188158, 57.524781322744886
24.350930530096786, 57.521749362105496
24.400323898311992, 57.518717401466105
24.4497172665272, 57.51568544082672
24.499110634742404, 57.51265348018733
24.548504002957614, 57.50962151954794
24.59789737117282, 57.50658955890856
24.647290739388026, 57.50355759826917
24.696684107603232, 57.50052563762978
24.74607747581844, 57.497493676990395
24.795470844033645, 57.494461716351005
24.84486421224885, 57.49142975571162
24.894257580464057, 57.48839779507223
24.943650948679263, 57.48536583443284
24.99304431689447, 57.48233387379346
25.04243768510968, 57.47930191315407
25.091831053324885, 57.47626995251468
25.14122442154009, 57.473237991875294
25.190617789755297, 57.470206031235904
25.240011157970503, 57.46717407059652
25.28940452618571, 57.46414210995713
25.338797894400916, 57.46111014931774
25.38819126261612, 57.45807818867836
25.437584630831328, 57.45504622803897
25.486977999046534, 57.452014267399576
25.53637136726174, 57.44898230676019
25.58576473547695, 57.4459503461208
25.635158103692156, 57.44291838548142
25.684551471907362, 57.43988642484203
25.733944840122568, 57.43685446420264
25.783338208337774, 57.433822503563256
25.83273157655298, 57.430790542923866
25.882124944768186, 57.427758582284476
25.931518312983393, 57.42472662164509
25.9809116811986, 57.4216946610057
26.030305049413805, 57.41866270036632
26.079698417629015, 57.41563073972693
26.12909178584422, 57.41259877908754
26.178485154059427, 57.409566818448155
26.227878522274633, 57.406534857808765
26.27727189048984, 57.403502897169375
26.326665258705045, 57.40047093652999
26.37605862692025, 57.3974389758906
26.425451995135457, 57.39440701525122
26.474845363350664, 57.39137505461183
26.52423873156587, 57.38834309397244
26.573632099781076, 57.385311133333055
26.623025467996285, 57.382279172693664
26.67241883621149, 57.379247212054274
26.721812204426698, 57.37621525141489
26.771205572641904, 57.3731832907755
26.82059894085711, 57.37015133013611
26.869992309072316, 57.36711936949673
26.919385677287522, 57.36408740885734
26.96877904550273, 57.361055448217954
27.018172413717934, 57.35802348757856
27.06756578193314, 57.35499152693917
27.11695915014835, 57.35195956629979
27.166352518363556, 57.3489276056604
27.215745886578762, 57.34589564502101
27.26513925479397, 57.342863684381626
27.314532623009175, 57.339831723742236
27.36392599122438, 57.33679976310285
27.413319359439587, 57.33376780246346
27.462712727654793, 57.33073584182407
27.51210609587, 57.32770388118469
27.561499464085205, 57.3246719205453
27.61089283230041, 57.32163995990591
27.66028620051562, 57.318607999266526
27.709679568730827, 57.315576038627135
27.759072936946033, 57.31254407798775
27.80846630516124, 57.30951211734836
27.857859673376446, 57.30648015670897
27.90725304159165, 57.30344819606959
27.956646409806858, 57.3004162354302
28.006039778022064, 57.29738427479081
28.05543314623727, 57.294352314151425
28.104826514452476, 57.291320353512035
28.154219882667686, 57.288288392872644
28.203613250882892, 57.28525643223326
28.253006619098098, 57.28222447159387
28.302399987313304, 57.27919251095449
28.35179335552851, 57.2761605503151
28.401186723743717, 57.27312858967571
28.450580091958923, 57.270096629036324
28.49997346017413, 57.267064668396934
28.549366828389335, 57.26403270775755
28.59876019660454, 57.26100074711816
28.64815356481975, 57.25796878647877
28.697546933034957, 57.25493682583939
28.746940301250163, 57.2519048652
28.79633366946537, 57.248872904560606
28.845727037680575, 57.24584094392122
28.89512040589578, 57.24280898328183
28.944513774110987, 57.23977702264244
28.993907142326194, 57.23674506200306
29.0433005105414, 57.23371310136367
29.092693878756606, 57.230681140724286
29.142087246971812, 57.227649180084896
29.19148061518702, 57.224617219445506
29.240873983402228, 57.22158525880612
29.290267351617434, 57.21855329816673
29.33966071983264, 57.21552133752734
29.389054088047846, 57.21248937688796
29.438447456263052, 57.20945741624857
29.48784082447826, 57.206425455609185
29.537234192693465, 57.203393494969795
29.58662756090867, 57.200361534330405
29.636020929123877, 57.19732957369102
29.685414297339086, 57.19429761305163
29.734807665554293, 57.19126565241224
29.7842010337695, 57.18823369177286
29.833594401984705, 57.18520173113347
29.88298777019991, 57.182169770494085
29.932381138415117, 57.179137809854694
29.981774506630323, 57.176105849215304
30.03116787484553, 57.17307388857592
30.080561243060735, 57.17004192793653
30.12995461127594, 57.16700996729714
30.179347979491148, 57.16397800665776
30.228741347706357, 57.16094604601837
30.278134715921563, 57.15791408537898
30.32752808413677, 57.15488212473959
30.376921452351976, 57.1518501641002
30.426314820567182, 57.14881820346082
30.475708188782388, 57.14578624282143
30.525101556997594, 57.14275428218204
30.5744949252128, 57.139722321542656
30.623888293428006, 57.136690360903266
30.673281661643212, 57.133658400263876
30.722675029858422, 57.13062643962449
30.77206839807363, 57.1275944789851
30.821461766288834, 57.12456251834572
30.87085513450404, 57.12153055770633
30.920248502719247, 57.11849859706694
30.969641870934453, 57.115466636427556
31.01903523914966, 57.112434675788165
31.068428607364865, 57.109402715148775
31.11782197558007, 57.10637075450939
31.167215343795277, 57.10333879387
31.216608712010483, 57.10030683323062
31.266002080225693, 57.09727487259123
31.3153954484409, 57.09424291195184
31.364788816656105, 57.091210951312455
31.41418218487131, 57.088178990673065
31.463575553086518, 57.085147030033674
31.512968921301724, 57.08211506939429
31.56236228951693, 57.0790831087549
31.611755657732136, 57.07605114811552
31.661149025947342, 57.07301918747613
31.710542394162548, 57.06998722683674
31.759935762377758, 57.066955266197354
31.809329130592964, 57.063923305557964
31.85872249880817, 57.06089134491857
31.908115867023376, 57.05785938427919
31.957509235238582, 57.0548274236398
32.00690260345379, 57.05179546300042
32.056295971668995, 57.04876350236103
32.1056893398842, 57.045731541721636
32.15508270809941, 57.04269958108225
32.20447607631461, 57.03966762044286
32.25386944452982, 57.03663565980347
32.303262812745025, 57.03360369916409
32.35265618096023, 57.0305717385247
32.40204954917544, 57.02753977788531
32.451442917390644, 57.024507817245926
32.50083628560585, 57.021475856606536
32.55022965382106, 57.01844389596715
32.59962302203627, 57.01541193532776
32.649016390251475, 57.01237997468837
32.69840975846668, 57.00934801404899
32.74780312668189, 57.0063160534096
32.79719649489709, 57.00328409277021
32.8465898631123, 57.000252132130825
32.895983231327506, 56.997220171491435
32.94537659954271, 56.99418821085205
32.99476996775792, 56.99115625021266
33.044163335973124, 56.98812428957327
33.09355670418833, 56.98509232893389
33.142950072403536, 56.9820603682945
33.19234344061874, 56.97902840765511
33.24173680883395, 56.975996447015724
33.291130177049155, 56.972964486376334
33.34052354526436, 56.96993252573695
33.38991691347957, 56.96690056509756
33.43931028169477, 56.96386860445817
33.48870364990998, 56.96083664381879
33.538097018125185, 56.9578046831794
33.5874903863404, 56.95477272254001
33.636883754555605, 56.95174076190062
33.68627712277081, 56.94870880126123
33.73567049098602, 56.94567684062184
33.78506385920122, 56.94264487998246
33.83445722741643, 56.93961291934307
33.883850595631635, 56.936580958703686
33.93324396384684, 56.933548998064296
33.98263733206205, 56.930517037424906
34.032030700277254, 56.92748507678552
34.08142406849246, 56.92445311614613
34.130817436707666, 56.92142115550674
34.18021080492287, 56.91838919486736
34.22960417313808, 56.91535723422797
34.278997541353284, 56.912325273588586
34.32839090956849, 56.909293312949195
34.3777842777837, 56.906261352309805
34.4271776459989, 56.90322939167042
34.47657101421411, 56.90019743103103
34.525964382429315, 56.89716547039164
34.57535775064452, 56.89413350975226
34.624751118859734, 56.89110154911287
34.67414448707494, 56.888069588473485
34.72353785529015, 56.885037627834095
34.77293122350535, 56.882005667194704
34.82232459172056, 56.87897370655532
34.871717959935765, 56.87594174591593
34.92111132815097, 56.87290978527654
34.97050469636618, 56.86987782463716
35.01989806458138, 56.86684586399777
35.06929143279659, 56.863813903358384
35.118684801011796, 56.860781942718994
35.168078169227, 56.8577499820796
35.21747153744221, 56.85471802144022
35.266864905657414, 56.85168606080083
35.31625827387262, 56.84865410016144
35.365651642087826, 56.84562213952206
35.41504501030303, 56.842590178882666
35.46443837851824, 56.83955821824328
35.513831746733445, 56.83652625760389
35.56322511494865, 56.8334942969645
35.612618483163864, 56.83046233632512
35.66201185137907, 56.82743037568573
35.711405219594276, 56.82439841504634
35.76079858780948, 56.821366454406956
35.81019195602469, 56.818334493767566
35.859585324239895, 56.815302533128175
35.9089786924551, 56.81227057248879
35.95837206067031, 56.8092386118494
36.00776542888551, 56.80620665121002
36.05715879710072, 56.80317469057063
36.106552165315925, 56.80014272993124
36.15594553353113, 56.797110769291855
36.20533890174634, 56.794078808652465
36.25473226996154, 56.791046848013075
36.30412563817675, 56.78801488737369
36.353519006391956, 56.7849829267343
36.40291237460716, 56.78195096609492
36.45230574282237, 56.77891900545553
36.501699111037574, 56.77588704481614
36.55109247925278, 56.772855084176754
36.600485847467986, 56.769823123537364
36.6498792156832, 56.766791162897974
36.699272583898406, 56.76375920225859
36.74866595211361, 56.7607272416192
36.79805932032882, 56.75769528097982
36.847452688544024, 56.75466332034043
36.89684605675923, 56.75163135970104
36.946239424974436, 56.74859939906165
36.99563279318964, 56.74556743842226
37.04502616140485, 56.74253547778287
37.094419529620055, 56.73950351714349
37.14381289783526, 56.7364715565041
37.19320626605047, 56.73343959586471
37.24259963426567, 56.730407635225326
37.29199300248088, 56.727375674585936
37.341386370696085, 56.72434371394655
37.39077973891129, 56.72131175330716
37.4401731071265, 56.71827979266777
37.489566475341704, 56.71524783202839
37.53895984355691, 56.712215871389
37.588353211772116, 56.709183910749616
37.63774657998732, 56.706151950110225
37.687139948202535, 56.703119989470835
37.73653331641774, 56.70008802883145
37.78592668463295, 56.69705606819206
37.835320052848154, 56.69402410755267
37.88471342106336, 56.69099214691329
37.934106789278566, 56.6879601862739
37.98350015749377, 56.68492822563451
38.03289352570898, 56.681896264995125
38.082286893924184, 56.678864304355734
38.13168026213939, 56.67583234371635
38.1810736303546, 56.67280038307696
38.2304669985698, 56.66976842243757
38.27986036678501, 56.66673646179819
38.329253735000215, 56.6637045011588
38.37864710321542, 56.66067254051941
38.42804047143063, 56.657640579880024
38.47743383964583, 56.65460861924063
38.52682720786104, 56.65157665860125
38.576220576076246, 56.64854469796186
38.62561394429145, 56.64551273732247
38.67500731250666, 56.64248077668309
38.72440068072187, 56.639448816043696
38.77379404893708, 56.636416855404306
38.82318741715228, 56.63338489476492
38.87258078536749, 56.63035293412553
38.921974153582696, 56.62732097348615
38.9713675217979, 56.62428901284676
39.02076089001311, 56.62125705220737
39.070154258228314, 56.618225091567986
39.11954762644352, 56.615193130928596
39.168940994658726, 56.612161170289205
39.21833436287393, 56.60912920964982
39.26772773108914, 56.60609724901043
39.317121099304345, 56.60306528837104
39.36651446751955, 56.60003332773166
39.41590783573476, 56.59700136709227
39.46530120394996, 56.593969406452885
39.51469457216517, 56.590937445813495
39.564087940380375, 56.587905485174105
39.61348130859558, 56.58487352453472
39.66287467681079, 56.58184156389533
39.71226804502599, 56.57880960325595
39.76166141324121, 56.57577764261656
39.81105478145641, 56.57274568197717
39.86044814967162, 56.569713721337784
39.909841517886825, 56.566681760698394
39.95923488610203, 56.563649800059004
40.00862825431724, 56.56061783941962
40.05802162253244, 56.55758587878023
40.10741499074765, 56.55455391814084
40.156808358962856, 56.55152195750146
40.20620172717806, 56.54848999686207
40.25559509539327, 56.54545803622268
40.304988463608474, 56.54242607558329
40.35438183182368, 56.5393941149439
40.403775200038886, 56.53636215430452
40.45316856825409, 56.53333019366513
40.5025619364693, 56.53029823302574
40.551955304684505, 56.403371200684084
40.60134867289971, 56.25476826506911
40.65074204111492, 56.10616532945413
40.70013540933012, 55.95756239383915
40.74952877754533, 55.808959458224166
40.79892214576054, 55.66035652260917
40.84831551397575, 55.51175358699419
40.897708882190955, 55.36315065137921
40.94710225040616, 55.21454771576423
40.99649561862137, 55.06594478014925
41.04588898683657, 54.91734184453427
41.09528235505178, 54.768738908919296
41.144675723266985, 54.620135973304315
41.19406909148219, 54.47153303768933
41.2434624596974, 54.32293010207436
41.292855827912604, 54.17432716645938
41.34224919612781, 54.025724230844396
41.391642564343016, 53.87712129522942
41.44103593255822, 53.72851835961444
41.49042930077343, 53.57991542399946
41.539822668988634, 53.431312488384485
41.58921603720384, 53.282709552769504
41.63860940541905, 53.13410661715452
41.68800277363425, 52.98550368153954
41.73739614184946, 52.83690074592457
41.786789510064665, 52.688297810309585
41.83618287827988, 52.53969487469458
41.885576246495084, 52.39109193907961
41.93496961471029, 52.24248900346463
41.9843629829255, 52.093886067849645
42.0337563511407, 51.94528313223467
42.08314971935591, 51.79668019661969
42.132543087571115, 51.64807726100471
42.18193645578632, 51.499474325389734
42.23132982400153, 51.35087138977475
42.28072319221673, 51.20226845415977
42.33011656043194, 51.0536655185448
42.379509928647146, 50.905062582929816
42.42890329686235, 50.756459647314834
42.47829666507756, 50.60785671169986
42.527690033292764, 50.45925377608488
42.57708340150797, 50.3106508404699
42.626476769723176, 50.162047904854916
42.67587013793838, 50.01344496923994
42.72526350615359, 49.86484203362496
42.774656874368794, 49.71623909800998
42.824050242584, 49.567636162395004
42.873443610799214, 49.41903322678
42.92283697901442, 49.27043029116503
42.972230347229626, 49.121827355550046
43.02162371544483, 48.973224419935065
43.07101708366004, 48.82462148432008
43.120410451875244, 48.67601854870511
43.16980382009045, 48.52741561309013
43.21919718830566, 48.378812677475146
43.26859055652086, 48.23020974186017
43.31798392473607, 48.08160680624519
43.367377292951275, 47.93300387063021
43.41677066116648, 47.784400935015235
43.46616402938169, 47.63579799940025
43.51555739759689, 47.48719506378527
43.5649507658121, 47.33859212817029
43.614344134027306, 47.189989192555316
43.66373750224251, 47.041386256940335
43.71313087045772, 46.89278332132535
43.762524238672924, 46.74418038571038
43.81191760688813, 46.5955774500954
43.861310975103336, 46.44697451448042
43.91070434331855, 46.29837157886542
43.960097711533756, 46.14976864325044
44.00949107974896, 46.001165707635465
44.05888444796417, 45.852562772020484
44.108277816179374, 45.7039598364055
44.15767118439458, 45.55535690079053
44.207064552609786, 45.40675396517555
44.25645792082499, 45.258151029560565
44.3058512890402, 45.109548093945584
44.355244657255405, 44.96094515833061
44.40463802547061, 44.81234222271563
44.45403139368582, 44.66373928710065
44.50342476190102, 44.51513635148567
44.55281813011623, 44.36653341587069
44.602211498331435, 44.21793048025571
44.65160486654664, 44.06932754464073
44.70099823476185, 43.920724609025754
44.750391602977054, 43.77212167341077
44.79978497119226, 43.62351873779579
44.849178339407466, 43.47491580218082
44.89857170762267, 43.326312866565836
44.947965075837885, 43.17770993095084
44.99735844405309, 43.02910699533586
45.0467518122683, 42.88050405972088
45.096145180483504, 42.7319011241059
45.14553854869871, 42.58329818849092
45.194931916913916, 42.43469525287594
45.24432528512912, 42.286092317260966
45.29371865334433, 42.137489381645985
45.343112021559534, 41.988886446031
45.39250538977474, 41.84028351041602
45.44189875798995, 41.69168057480105
45.49129212620515, 41.543077639186066
45.54068549442036, 41.394474703571085
45.590078862635565, 41.24587176795611
45.63947223085077, 41.09726883234113
45.68886559906598, 40.94866589672615
45.73825896728118, 40.800062961111166
45.78765233549639, 40.65146002549619
45.837045703711595, 40.50285708988121
45.8864390719268, 40.35425415426623
45.935832440142015, 40.205651218651234
45.98522580835722, 40.05704828303625
46.03461917657243, 39.90844534742128
46.08401254478763, 39.7598424118063
46.13340591300284, 39.611239476191315
46.182799281218045, 39.46263654057634
46.23219264943325, 39.31403360496136
46.28158601764846, 39.16543066934638
46.330979385863664, 39.016827733731404
46.38037275407887, 38.868224798116415
46.429766122294076, 38.71962186250144
46.47915949050928, 38.57101892688647
46.52855285872449, 38.42241599127148
46.577946226939694, 38.273813055656504
46.6273395951549, 38.12521012004153
46.67673296337011, 37.97660718442654
46.72612633158531, 37.82800424881157
46.77551969980052, 37.67940131319659
46.824913068015725, 37.530798377581604
46.87430643623093, 37.38219544196663
46.92369980444614, 37.23359250635165
46.97309317266135, 37.08498957073665
47.02248654087656, 36.93638663512167
47.07187990909176, 36.78778369950669
47.12127327730697, 36.639180763891716
47.170666645522175, 36.490577828276734
47.22006001373738, 36.34197489266175
47.26945338195259, 36.19337195704678
47.31884675016779, 36.0447690214318
47.368240118383, 35.896166085816816
47.417633486598206, 35.74756315020184
47.46702685481341, 35.59896021458685
47.51642022302862, 35.45035727897188
47.565813591243824, 35.301754343356905
47.61520695945903, 35.153151407741916
47.664600327674236, 35.00454847212694
47.71399369588944, 34.85594553651197
47.76338706410465, 34.70734260089698
47.812780432319855, 34.558739665282005
47.86217380053506, 34.41013672966703
47.91156716875027, 34.26153379405204
47.96096053696547, 34.11293085843707
48.010353905180686, 33.964327922822065
48.05974727339589, 33.81572498720709
48.1091406416111, 33.66712205159211
48.158534009826305, 33.51851911597713
48.20792737804151, 33.369916180362154
48.25732074625672, 33.22131324474717
48.30671411447192, 33.07271030913219
48.35610748268713, 32.92410737351722
48.405500850902335, 32.77550443790223
48.45489421911754, 32.626901502287254
48.50428758733275, 32.47829856667228
48.553680955547954, 32.32969563105729
48.60307432376316, 32.18109269544232
48.652467691978366, 32.03248975982734
48.70186106019357, 31.883886824212357
48.75125442840878, 31.73528388859738
48.800647796623984, 31.5866809529824
48.85004116483919, 31.43807801736742
48.8994345330544, 31.289475081752443
48.9488279012696, 31.140872146137465
48.99822126948481, 30.992269210522483
49.04761463770002, 30.843666274907484
49.09700800591523, 30.695063339292503
49.146401374130434, 30.546460403677525
49.19579474234564, 30.397857468062547
49.245188110560846, 30.249254532447566
49.29458147877605, 30.100651596832588
49.34397484699126, 29.95204866121761
