Parameters: [45.40512536576542, 18.079777392406115, 12.186735832160489, 38.57987040081661, 3.8192066440725565, 0.03355210504638312, -2.5149502002041966]
Points:
0.0, 18.079777392406115
0.04545057594170713, 18.253362534019608
0.09090115188341426, 18.426947675633098
0.1363517278251214, 18.60053281724659
0.18180230376682852, 18.774117958860085
0.22725287970853564, 18.947703100473575
0.2727034556502428, 19.12128824208707
0.3181540315919499, 19.29487338370056
0.36360460753365703, 19.468458525314052
0.4090551834753642, 19.642043666927545
0.4545057594170713, 19.815628808541035
0.4999563353587784, 19.98921395015453
0.5454069113004856, 20.162799091768022
0.5908574872421927, 20.336384233381512
0.6363080631838998, 20.509969374995006
0.681758639125607, 20.683554516608496
0.7272092150673141, 20.85713965822199
0.7726597910090212, 21.030724799835482
0.8181103669507284, 21.204309941448972
0.8635609428924355, 21.377895083062466
0.9090115188341426, 21.551480224675956
0.9544620947758498, 21.72506536628945
0.9999126707175569, 21.898650507902943
1.045363246659264, 22.072235649516436
1.0908138226009712, 22.245820791129926
1.1362643985426781, 22.41940593274342
1.1817149744843853, 22.59299107435691
1.2271655504260925, 22.766576215970403
1.2726161263677995, 22.940161357583897
1.3180667023095067, 23.113746499197386
1.363517278251214, 23.28733164081088
1.408967854192921, 23.46091678242437
1.4544184301346281, 23.634501924037863
1.4998690060763353, 23.808087065651357
1.5453195820180423, 23.981672207264847
1.5907701579597495, 24.15525734887834
1.6362207339014567, 24.328842490491834
1.6816713098431637, 24.502427632105324
1.727121885784871, 24.676012773718817
1.7725724617265781, 24.84959791533231
1.818023037668285, 25.0231830569458
1.8634736136099923, 25.196768198559294
1.9089241895516995, 25.370353340172784
1.9543747654934065, 25.543938481786277
1.9998253414351137, 25.71752362339977
2.045275917376821, 25.891108765013264
2.090726493318528, 26.064693906626754
2.136177069260235, 26.238279048240244
2.1816276452019423, 26.411864189853738
2.2270782211436493, 26.58544933146723
2.2725287970853563, 26.759034473080725
2.3179793730270637, 26.932619614694215
2.3634299489687707, 27.106204756307704
2.4088805249104777, 27.279789897921198
2.454331100852185, 27.45337503953469
2.499781676793892, 27.626960181148185
2.545232252735599, 27.800545322761675
2.5906828286773065, 27.97413046437517
2.6361334046190135, 28.147715605988658
2.6815839805607204, 28.32130074760215
2.727034556502428, 28.494885889215645
2.772485132444135, 28.66847103082914
2.817935708385842, 28.84205617244263
2.8633862843275493, 29.015641314056122
2.9088368602692563, 29.189226455669612
2.9542874362109632, 29.362811597283105
2.9997380121526707, 29.5363967388966
3.0451885880943776, 29.70998188051009
3.0906391640360846, 29.88356702212358
3.136089739977792, 30.057152163737072
3.181540315919499, 30.230737305350566
3.226990891861206, 30.40432244696406
3.2724414678029135, 30.577907588577553
3.3178920437446204, 30.751492730191043
3.3633426196863274, 30.925077871804532
3.408793195628035, 31.098663013418026
3.454243771569742, 31.27224815503152
3.499694347511449, 31.445833296645013
3.5451449234531562, 31.619418438258506
3.590595499394863, 31.793003579871993
3.63604607533657, 31.966588721485486
3.6814966512782776, 32.14017386309898
3.7269472272199846, 32.31375900471247
3.7723978031616916, 32.48734414632597
3.817848379103399, 32.66092928793945
3.863298955045106, 32.83451442955295
3.908749530986813, 33.00809957116644
3.9542001069285204, 33.18168471277993
3.9996506828702274, 33.35526985439343
4.045101258811934, 33.52885499600691
4.090551834753642, 33.702440137620414
4.136002410695348, 33.8760252792339
4.181452986637056, 34.049610420847394
4.226903562578763, 34.22319556246089
4.27235413852047, 34.396780704074374
4.317804714462177, 34.570365845687874
4.363255290403885, 34.74395098730136
4.408705866345591, 34.917536128914854
4.454156442287299, 35.09112127052835
4.499607018229006, 35.26470641214184
4.5450575941707125, 35.438291553755334
4.59050817011242, 35.61187669536882
4.635958746054127, 35.785461836982314
4.681409321995834, 35.95904697859581
4.726859897937541, 36.132632120209294
4.772310473879249, 36.306217261822795
4.817761049820955, 36.47980240343628
4.863211625762663, 36.653387545049775
4.90866220170437, 36.82697268666327
4.954112777646077, 37.000557828276754
4.999563353587784, 37.174142969890255
5.045013929529492, 37.34772811150374
5.090464505471198, 37.521313253117235
5.1359150814129055, 37.69489839473073
5.181365657354613, 37.86848353634422
5.2268162332963195, 38.042068677957715
5.272266809238027, 38.2156538195712
5.317717385179734, 38.3892389611847
5.363167961121441, 38.56282410279819
5.408618537063148, 38.73640924441168
5.454069113004856, 38.909994386025176
5.499519688946562, 39.08357952763866
5.54497026488827, 39.25716466925216
5.590420840829977, 39.43074981086565
5.635871416771684, 39.60433495247914
5.681321992713391, 39.777920094092636
5.7267725686550985, 39.95150523570613
5.772223144596805, 40.12509037731962
5.8176737205385125, 40.29867551893311
5.86312429648022, 40.4722606605466
5.9085748724219265, 40.645845802160096
5.954025448363634, 40.81943094377358
5.999476024305341, 40.99301608538708
6.044926600247048, 41.16660122700057
6.090377176188755, 41.34018636861406
6.135827752130463, 41.513771510227556
6.181278328072169, 41.68735665184104
6.226728904013877, 41.86094179345454
6.272179479955584, 42.03452693506803
6.317630055897291, 42.20811207668152
6.363080631838998, 42.38169721829502
6.4085312077807055, 42.55528235990851
6.453981783722412, 42.728867501522004
6.4994323596641195, 42.90245264313549
6.544882935605827, 43.07603778474899
6.590333511547533, 43.24962292636248
6.635784087489241, 43.42320806797597
6.681234663430948, 43.596793209589464
6.726685239372655, 43.77037835120295
6.772135815314362, 43.94396349281645
6.81758639125607, 44.11754863442994
6.863036967197776, 44.29113377604343
6.908487543139484, 44.464718917656924
6.953938119081191, 44.63830405927042
6.999388695022898, 44.81188920088391
7.044839270964605, 44.9854743424974
7.0902898469063125, 45.1590594841109
7.135740422848019, 45.332644625724384
7.181190998789726, 45.50622976733787
7.226641574731434, 45.67981490895137
7.27209215067314, 45.85340005056486
7.317542726614848, 46.02698519217835
7.362993302556555, 46.200570333791845
7.408443878498262, 46.37415547540533
7.453894454439969, 46.54774061701883
7.499345030381677, 46.72132575863232
7.544795606323383, 46.89491090024581
7.590246182265091, 47.068496041859305
7.635696758206798, 47.2420811834728
7.681147334148505, 47.41566632508629
7.726597910090212, 47.58925146669978
7.7720484860319194, 47.76283660831328
7.817499061973626, 47.936421749926765
7.862949637915333, 48.11000689154026
7.908400213857041, 48.28359203315375
7.953850789798747, 48.45717717476724
7.999301365740455, 48.63076231638074
8.044751941682161, 48.804347457994226
8.090202517623869, 48.97793259960772
8.135653093565576, 49.15151774122121
8.181103669507284, 49.325102882834706
8.226554245448991, 49.4986880244482
8.272004821390697, 49.672273166061686
8.317455397332404, 49.84585830767518
8.362905973274112, 50.01944344928867
8.408356549215819, 50.193028590902166
8.453807125157526, 50.36661373251566
8.499257701099234, 50.54019887412915
8.54470827704094, 50.71378401574264
8.590158852982647, 50.88736915735613
8.635609428924354, 51.06095429896963
8.681060004866062, 51.23453944058312
8.72651058080777, 51.40812458219661
8.771961156749477, 51.58170972381011
8.817411732691182, 51.75529486542359
8.86286230863289, 51.92888000703709
8.908312884574597, 52.10246514865058
8.953763460516305, 52.276050290264074
8.999214036458012, 52.44963543187757
9.04466461239972, 52.623220573491054
9.090115188341425, 52.79680571510455
9.135565764283132, 52.97039085671803
9.18101634022484, 53.14397599833153
9.226466916166547, 53.31756113994502
9.271917492108255, 53.491146281558514
9.317368068049962, 53.66473142317201
9.362818643991668, 53.838316564785494
9.408269219933375, 54.01190170639899
9.453719795875083, 54.18548684801248
9.49917037181679, 54.359071989625974
9.544620947758498, 54.53265713123947
9.590071523700205, 54.70624227285296
9.63552209964191, 54.87982741446645
9.680972675583618, 55.05341255607994
9.726423251525325, 55.226997697693434
9.771873827467033, 55.40058283930693
9.81732440340874, 55.57416798092042
9.862774979350448, 55.747753122533915
9.908225555292153, 55.9213382641474
9.95367613123386, 56.094923405760895
9.999126707175568, 56.26850854737439
10.044577283117276, 56.44209368898788
10.090027859058983, 56.615678830601375
10.13547843500069, 56.78926397221487
10.180929010942396, 56.962849113828355
10.226379586884104, 57.13643425544185
10.271830162825811, 57.31001939705534
10.317280738767518, 57.483604538668835
10.362731314709226, 57.65718968028233
10.408181890650933, 57.83077482189582
10.453632466592639, 58.00435996350931
10.499083042534346, 58.1779451051228
10.544533618476054, 58.351530246736296
10.589984194417761, 58.52511538834979
10.635434770359469, 58.69870052996328
10.680885346301176, 58.872285671576776
10.726335922242882, 59.04587081319026
10.77178649818459, 59.219455954803756
10.817237074126297, 59.39304109641725
10.862687650068004, 59.56662623803074
10.908138226009712, 59.740211379644236
10.953588801951419, 59.91379652125773
10.999039377893125, 60.087381662871216
11.044489953834832, 60.26096680448471
11.08994052977654, 60.4345519460982
11.135391105718247, 60.6081370877117
11.180841681659954, 60.78172222932519
11.226292257601662, 60.955307370938684
11.271742833543367, 61.12889251255217
11.317193409485075, 61.30247765416566
11.362643985426782, 61.47606279577916
11.40809456136849, 61.64964793739265
11.453545137310197, 61.823233079006144
11.498995713251905, 61.99681822061964
11.54444628919361, 62.170403362233124
11.589896865135318, 62.34398850384662
11.635347441077025, 62.51757364546011
11.680798017018732, 62.6911587870736
11.72624859296044, 62.86474392868709
11.771699168902146, 63.03832907030058
11.817149744843853, 63.21191421191407
11.86260032078556, 63.385499353527564
11.908050896727268, 63.55908449514106
11.953501472668975, 63.73266963675455
11.998952048610683, 63.906254778368044
12.044402624552388, 64.07983991998154
12.089853200494096, 64.25342506159502
12.135303776435803, 64.42701020320851
12.18075435237751, 64.60059534482201
12.226204928319218, 64.62476412341094
12.271655504260925, 64.62628908590936
12.317106080202631, 64.62781404840777
12.362556656144339, 64.6293390109062
12.408007232086046, 64.6308639734046
12.453457808027753, 64.63238893590302
12.49890838396946, 64.63391389840143
12.544358959911168, 64.63543886089985
12.589809535852874, 64.63696382339826
12.635260111794581, 64.63848878589667
12.680710687736289, 64.64001374839509
12.726161263677996, 64.6415387108935
12.771611839619704, 64.64306367339192
12.817062415561411, 64.64458863589033
12.862512991503117, 64.64611359838875
12.907963567444824, 64.64763856088716
12.953414143386532, 64.64916352338558
12.998864719328239, 64.65068848588399
13.044315295269946, 64.65221344838241
13.089765871211654, 64.65373841088082
13.13521644715336, 64.65526337337924
13.180667023095067, 64.65678833587765
13.226117599036774, 64.65831329837607
13.271568174978482, 64.65983826087448
13.31701875092019, 64.6613632233729
13.362469326861897, 64.66288818587131
13.407919902803602, 64.66441314836973
13.45337047874531, 64.66593811086814
13.498821054687017, 64.66746307336656
13.544271630628725, 64.66898803586497
13.589722206570432, 64.67051299836339
13.63517278251214, 64.6720379608618
13.680623358453845, 64.67356292336022
13.726073934395552, 64.67508788585863
13.77152451033726, 64.67661284835704
13.816975086278967, 64.67813781085546
13.862425662220675, 64.67966277335387
13.907876238162382, 64.68118773585229
13.953326814104088, 64.6827126983507
13.998777390045795, 64.68423766084912
14.044227965987503, 64.68576262334753
14.08967854192921, 64.68728758584595
14.135129117870918, 64.68881254834436
14.180579693812625, 64.69033751084278
14.22603026975433, 64.69186247334119
14.271480845696038, 64.69338743583961
14.316931421637745, 64.69491239833802
14.362381997579453, 64.69643736083644
14.40783257352116, 64.69796232333485
14.453283149462868, 64.69948728583327
14.498733725404573, 64.70101224833168
14.54418430134628, 64.7025372108301
14.589634877287988, 64.70406217332851
14.635085453229696, 64.70558713582693
14.680536029171403, 64.70711209832534
14.72598660511311, 64.70863706082376
14.771437181054816, 64.71016202332217
14.816887756996524, 64.71168698582059
14.862338332938231, 64.713211948319
14.907788908879938, 64.71473691081742
14.953239484821646, 64.71626187331583
14.998690060763353, 64.71778683581424
15.044140636705059, 64.71931179831266
15.089591212646766, 64.72083676081107
15.135041788588474, 64.72236172330949
15.180492364530181, 64.7238866858079
15.225942940471889, 64.72541164830632
15.271393516413596, 64.72693661080473
15.316844092355302, 64.72846157330315
15.36229466829701, 64.72998653580156
15.407745244238717, 64.73151149829998
15.453195820180424, 64.73303646079839
15.498646396122131, 64.73456142329681
15.544096972063839, 64.73608638579522
15.589547548005545, 64.73761134829364
15.634998123947252, 64.73913631079205
15.68044869988896, 64.74066127329047
15.725899275830667, 64.74218623578888
15.771349851772374, 64.7437111982873
15.816800427714082, 64.74523616078571
15.862251003655787, 64.74676112328413
15.907701579597495, 64.74828608578254
15.953152155539202, 64.74981104828096
15.99860273148091, 64.75133601077937
16.044053307422615, 64.75286097327779
16.089503883364323, 64.7543859357762
16.13495445930603, 64.7559108982746
16.180405035247738, 64.75743586077303
16.225855611189445, 64.75896082327144
16.271306187131152, 64.76048578576986
16.31675676307286, 64.76201074826827
16.362207339014567, 64.76353571076669
16.407657914956275, 64.7650606732651
16.453108490897982, 64.76658563576352
16.49855906683969, 64.76811059826193
16.544009642781393, 64.76963556076035
16.5894602187231, 64.77116052325876
16.63491079466481, 64.77268548575718
16.680361370606516, 64.77421044825559
16.725811946548223, 64.77573541075401
16.77126252248993, 64.77726037325242
16.816713098431638, 64.77878533575084
16.862163674373345, 64.78031029824925
16.907614250315053, 64.78183526074767
16.95306482625676, 64.78336022324608
16.998515402198468, 64.7848851857445
17.043965978140175, 64.78641014824291
17.08941655408188, 64.78793511074133
17.134867130023586, 64.78946007323974
17.180317705965294, 64.79098503573816
17.225768281907, 64.79250999823657
17.27121885784871, 64.79403496073498
17.316669433790416, 64.7955599232334
17.362120009732124, 64.7970848857318
17.40757058567383, 64.79860984823023
17.45302116161554, 64.80013481072864
17.498471737557246, 64.80165977322706
17.543922313498953, 64.80318473572547
17.589372889440657, 64.80470969822389
17.634823465382365, 64.8062346607223
17.680274041324072, 64.80775962322072
17.72572461726578, 64.80928458571913
17.771175193207487, 64.81080954821755
17.816625769149194, 64.81233451071596
17.8620763450909, 64.81385947321438
17.90752692103261, 64.81538443571279
17.952977496974317, 64.81690939821121
17.998428072916024, 64.81843436070962
18.04387864885773, 64.81995932320804
18.08932922479944, 64.82148428570645
18.134779800741143, 64.82300924820487
18.18023037668285, 64.82453421070328
18.225680952624558, 64.8260591732017
18.271131528566265, 64.8275841357001
18.316582104507972, 64.82910909819853
18.36203268044968, 64.83063406069694
18.407483256391387, 64.83215902319535
18.452933832333095, 64.83368398569377
18.498384408274802, 64.83520894819218
18.54383498421651, 64.8367339106906
18.589285560158217, 64.838258873189
18.634736136099924, 64.83978383568743
18.68018671204163, 64.84130879818584
18.725637287983336, 64.84283376068426
18.771087863925043, 64.84435872318267
18.81653843986675, 64.84588368568109
18.861989015808458, 64.8474086481795
18.907439591750165, 64.84893361067792
18.952890167691873, 64.85045857317633
18.99834074363358, 64.85198353567475
19.043791319575288, 64.85350849817316
19.089241895516995, 64.85503346067158
19.134692471458703, 64.85655842316999
19.18014304740041, 64.85808338566841
19.225593623342114, 64.85960834816682
19.27104419928382, 64.86113331066524
19.31649477522553, 64.86265827316365
19.361945351167236, 64.86418323566207
19.407395927108944, 64.86570819816048
19.45284650305065, 64.8672331606589
19.49829707899236, 64.8687581231573
19.543747654934066, 64.87028308565573
19.589198230875773, 64.87180804815414
19.63464880681748, 64.87333301065254
19.680099382759188, 64.87485797315097
19.725549958700896, 64.87638293564937
19.7710005346426, 64.8779078981478
19.816451110584307, 64.8794328606462
19.861901686526014, 64.88095782314463
19.90735226246772, 64.88248278564303
19.95280283840943, 64.88400774814146
19.998253414351137, 64.88553271063986
20.043703990292844, 64.88705767313829
20.08915456623455, 64.8885826356367
20.13460514217626, 64.89010759813512
20.180055718117966, 64.89163256063352
20.225506294059674, 64.89315752313195
20.27095687000138, 64.89468248563036
20.316407445943085, 64.89620744812878
20.361858021884792, 64.89773241062719
20.4073085978265, 64.89925737312561
20.452759173768207, 64.90078233562402
20.498209749709915, 64.90230729812244
20.543660325651622, 64.90383226062085
20.58911090159333, 64.90535722311927
20.634561477535037, 64.90688218561768
20.680012053476744, 64.9084071481161
20.725462629418452, 64.9099321106145
20.77091320536016, 64.91145707311291
20.816363781301867, 64.91298203561134
20.86181435724357, 64.91450699810974
20.907264933185278, 64.91603196060817
20.952715509126985, 64.91755692310657
20.998166085068693, 64.919081885605
21.0436166610104, 64.9206068481034
21.089067236952108, 64.92213181060183
21.134517812893815, 64.92365677310023
21.179968388835523, 64.92518173559866
21.22541896477723, 64.92670669809706
21.270869540718937, 64.92823166059549
21.316320116660645, 64.9297566230939
21.361770692602352, 64.93128158559232
21.407221268544056, 64.93280654809072
21.452671844485764, 64.93433151058915
21.49812242042747, 64.93585647308755
21.54357299636918, 64.93738143558598
21.589023572310886, 64.93890639808438
21.634474148252593, 64.9404313605828
21.6799247241943, 64.94195632308121
21.725375300136008, 64.94348128557964
21.770825876077716, 64.94500624807804
21.816276452019423, 64.94653121057647
21.86172702796113, 64.94805617307487
21.907177603902838, 64.94958113557328
21.95262817984454, 64.9511060980717
21.99807875578625, 64.95263106057011
22.043529331727957, 64.95415602306853
22.088979907669664, 64.95568098556694
22.13443048361137, 64.95720594806536
22.17988105955308, 64.95873091056377
22.225331635494786, 64.9602558730622
22.270782211436494, 64.9617808355606
22.3162327873782, 64.96330579805903
22.36168336331991, 64.96483076055743
22.407133939261616, 64.96635572305586
22.452584515203323, 64.96788068555426
22.498035091145027, 64.96940564805269
22.543485667086735, 64.9709306105511
22.588936243028442, 64.97245557304952
22.63438681897015, 64.97398053554792
22.679837394911857, 64.97550549804635
22.725287970853564, 64.97703046054475
22.770738546795272, 64.97855542304318
22.81618912273698, 64.98008038554158
22.861639698678687, 64.98160534804
22.907090274620394, 64.98313031053841
22.9525408505621, 64.98465527303684
22.99799142650381, 64.98618023553524
23.043442002445513, 64.98770519803365
23.08889257838722, 64.98923016053207
23.134343154328928, 64.99075512303048
23.179793730270635, 64.9922800855289
23.225244306212343, 64.99380504802731
23.27069488215405, 64.99533001052573
23.316145458095757, 64.99685497302414
23.361596034037465, 64.99837993552256
23.407046609979172, 64.99990489802097
23.45249718592088, 65.0014298605194
23.497947761862587, 65.0029548230178
23.54339833780429, 65.00447978551622
23.588848913746, 65.00600474801463
23.634299489687706, 65.00752971051305
23.679750065629413, 65.00905467301146
23.72520064157112, 65.01057963550988
23.770651217512828, 65.01210459800829
23.816101793454536, 65.01362956050671
23.861552369396243, 65.01515452300512
23.90700294533795, 65.01667948550354
23.952453521279658, 65.01820444800195
23.997904097221365, 65.01972941050037
24.043354673163073, 65.02125437299878
24.088805249104777, 65.0227793354972
24.134255825046484, 65.02430429799561
24.17970640098819, 65.02582926049402
24.2251569769299, 65.02735422299244
24.270607552871606, 65.02887918549085
24.316058128813314, 65.03040414798927
24.36150870475502, 65.03192911048768
24.40695928069673, 65.0334540729861
24.452409856638436, 65.03497903548451
24.497860432580143, 65.03650399798293
24.54331100852185, 65.03802896048134
24.58876158446356, 65.03955392297976
24.634212160405262, 65.04107888547817
24.67966273634697, 65.0426038479766
24.725113312288677, 65.044128810475
24.770563888230384, 65.04565377297342
24.816014464172092, 65.04717873547183
24.8614650401138, 65.04870369797025
24.906915616055507, 65.05022866046866
24.952366191997214, 65.05175362296708
24.99781676793892, 65.05327858546549
25.04326734388063, 65.05480354796391
25.088717919822336, 65.05632851046232
25.134168495764044, 65.05785347296074
25.179619071705748, 65.05937843545915
25.225069647647455, 65.06090339795757
25.270520223589163, 65.06242836045598
25.31597079953087, 65.0639533229544
25.361421375472577, 65.06547828545281
25.406871951414285, 65.06700324795122
25.452322527355992, 65.06852821044964
25.4977731032977, 65.07005317294805
25.543223679239407, 65.07157813544647
25.588674255181115, 65.07310309794488
25.634124831122822, 65.0746280604433
25.67957540706453, 65.07615302294171
25.725025983006233, 65.07767798544013
25.77047655894794, 65.07920294793854
25.815927134889648, 65.08072791043696
25.861377710831356, 65.08225287293537
25.906828286773063, 65.08377783543379
25.95227886271477, 65.0853027979322
25.997729438656478, 65.08682776043062
26.043180014598185, 65.08835272292903
26.088630590539893, 65.08987768542745
26.1340811664816, 65.09140264792586
26.179531742423308, 65.09292761042428
26.224982318365015, 65.09445257292269
26.27043289430672, 65.09597753542111
26.315883470248426, 65.09750249791952
26.361334046190134, 65.09902746041794
26.40678462213184, 65.10055242291635
26.45223519807355, 65.10207738541477
26.497685774015256, 65.10360234791318
26.543136349956963, 65.10512731041159
26.58858692589867, 65.10665227291001
26.63403750184038, 65.10817723540842
26.679488077782086, 65.10970219790684
26.724938653723793, 65.11122716040525
26.7703892296655, 65.11275212290367
26.815839805607204, 65.11427708540208
26.861290381548912, 65.1158020479005
26.90674095749062, 65.11732701039891
26.952191533432327, 65.11885197289733
26.997642109374034, 65.12037693539574
27.04309268531574, 65.12190189789416
27.08854326125745, 65.12342686039257
27.133993837199156, 65.12495182289099
27.179444413140864, 65.1264767853894
27.22489498908257, 65.12800174788782
27.27034556502428, 65.12952671038623
27.315796140965986, 65.13105167288465
27.36124671690769, 65.13257663538306
27.406697292849397, 65.13410159788148
27.452147868791105, 65.13562656037989
27.497598444732812, 65.13715152287831
27.54304902067452, 65.13867648537672
27.588499596616227, 65.14020144787514
27.633950172557935, 65.14172641037355
27.679400748499642, 65.14325137287196
27.72485132444135, 65.14477633537038
27.770301900383057, 65.14630129786879
27.815752476324764, 65.14782626036721
27.86120305226647, 65.14935122286562
27.906653628208176, 65.15087618536404
27.952104204149883, 65.15240114786245
27.99755478009159, 65.15392611036087
28.043005356033298, 65.15545107285928
28.088455931975005, 65.1569760353577
28.133906507916713, 65.15850099785611
28.17935708385842, 65.16002596035453
28.224807659800128, 65.16155092285294
28.270258235741835, 65.16307588535136
28.315708811683542, 65.16460084784977
28.36115938762525, 65.16612581034819
28.406609963566957, 65.1676507728466
28.45206053950866, 65.16917573534502
28.49751111545037, 65.17070069784343
28.542961691392076, 65.17222566034185
28.588412267333783, 65.17375062284026
28.63386284327549, 65.17527558533868
28.6793134192172, 65.17680054783709
28.724763995158906, 65.17832551033551
28.770214571100613, 65.17985047283392
28.81566514704232, 65.18137543533233
28.861115722984028, 65.18290039783075
28.906566298925735, 65.18442536032916
28.952016874867443, 65.18595032282758
28.997467450809147, 65.18747528532599
29.042918026750854, 65.18900024782441
29.08836860269256, 65.19052521032282
29.13381917863427, 65.19205017282124
29.179269754575976, 65.19357513531965
29.224720330517684, 65.19510009781807
29.27017090645939, 65.19662506031648
29.3156214824011, 65.1981500228149
29.361072058342806, 65.19967498531331
29.406522634284514, 65.20119994781173
29.45197321022622, 65.20272491031014
29.497423786167925, 65.20424987280856
29.542874362109632, 65.20577483530697
29.58832493805134, 65.20729979780539
29.633775513993047, 65.2088247603038
29.679226089934755, 65.21034972280222
29.724676665876462, 65.21187468530063
29.77012724181817, 65.21339964779905
29.815577817759877, 65.21492461029746
29.861028393701584, 65.21644957279588
29.906478969643292, 65.21797453529429
29.951929545585, 65.2194994977927
29.997380121526707, 65.22102446029112
30.04283069746841, 65.22254942278953
30.088281273410118, 65.22407438528795
30.133731849351825, 65.22559934778636
30.179182425293533, 65.22712431028478
30.22463300123524, 65.22864927278319
30.270083577176948, 65.23017423528161
30.315534153118655, 65.23169919778002
30.360984729060362, 65.23322416027844
30.40643530500207, 65.23474912277685
30.451885880943777, 65.23627408527527
30.497336456885485, 65.23779904777368
30.542787032827192, 65.2393240102721
30.588237608768896, 65.24084897277051
30.633688184710604, 65.24237393526893
30.67913876065231, 65.24389889776734
30.72458933659402, 65.24542386026576
30.770039912535726, 65.24694882276417
30.815490488477433, 65.24847378526259
30.86094106441914, 65.249998747761
30.906391640360848, 65.25152371025942
30.951842216302555, 65.25304867275783
30.997292792244263, 65.25457363525625
31.04274336818597, 65.25609859775466
31.088193944127678, 65.25762356025308
31.13364452006938, 65.25914852275149
31.17909509601109, 65.2606734852499
31.224545671952797, 65.26219844774832
31.269996247894504, 65.26372341024673
31.31544682383621, 65.26524837274515
31.36089739977792, 65.26677333524356
31.406347975719626, 65.26829829774198
31.451798551661334, 65.26982326024039
31.49724912760304, 65.27134822273881
31.54269970354475, 65.27287318523722
31.588150279486456, 65.27439814773564
31.633600855428163, 65.27592311023405
31.679051431369867, 65.27744807273247
31.724502007311575, 65.27897303523088
31.769952583253282, 65.2804979977293
31.81540315919499, 65.2820229602277
31.860853735136697, 65.28354792272613
31.906304311078404, 65.28507288522454
31.951754887020112, 65.28659784772296
31.99720546296182, 65.28812281022137
32.04265603890352, 65.28964777271979
32.08810661484523, 65.2911727352182
32.13355719078694, 65.29269769771662
32.179007766728645, 65.29422266021503
32.22445834267035, 65.29574762271345
32.26990891861206, 65.29727258521186
32.31535949455377, 65.29879754771027
32.360810070495475, 65.30032251020869
32.40626064643718, 65.3018474727071
32.45171122237889, 65.30337243520552
32.4971617983206, 65.30489739770393
32.542612374262305, 65.30642236020235
32.58806295020401, 65.30794732270076
32.63351352614572, 65.30947228519918
32.67896410208743, 65.31099724769759
32.724414678029135, 65.31252221019601
32.76986525397084, 65.31404717269442
32.81531582991255, 65.31557213519284
32.86076640585426, 65.31709709769125
32.906216981795964, 65.31862206018967
32.95166755773767, 65.32014702268808
32.99711813367938, 65.3216719851865
33.04256870962108, 65.3231969476849
33.08801928556279, 65.32472191018333
33.133469861504494, 65.32624687268174
33.1789204374462, 65.32777183518016
33.22437101338791, 65.32929679767857
33.26982158932962, 65.33082176017699
33.315272165271324, 65.3323467226754
33.36072274121303, 65.33387168517382
33.40617331715474, 65.33539664767223
33.451623893096446, 65.33692161017063
33.497074469038154, 65.33844657266906
33.54252504497986, 65.33997153516746
33.58797562092157, 65.34149649766589
33.633426196863276, 65.3430214601643
33.67887677280498, 65.34454642266272
33.72432734874669, 65.34607138516112
33.7697779246884, 65.34759634765955
33.815228500630106, 65.34912131015795
33.86067907657181, 65.35064627265638
33.90612965251352, 65.35217123515478
33.95158022845523, 65.3536961976532
33.997030804396935, 65.35522116015161
34.04248138033864, 65.35674612265004
34.08793195628035, 65.35827108514844
34.13338253222205, 65.35979604764687
34.17883310816376, 65.36132101014528
34.224283684105465, 65.3628459726437
34.26973426004717, 65.3643709351421
34.31518483598888, 65.36589589764053
34.36063541193059, 65.36742086013894
34.406085987872295, 65.36894582263736
34.451536563814, 65.37047078513577
34.49698713975571, 65.37199574763419
34.54243771569742, 65.3735207101326
34.587888291639125, 65.37504567263102
34.63333886758083, 65.37657063512943
34.67878944352254, 65.37809559762783
34.72424001946425, 65.37962056012626
34.769690595405955, 65.38114552262466
34.81514117134766, 65.38267048512309
34.86059174728937, 65.3841954476215
34.90604232323108, 65.38572041011992
34.951492899172784, 65.38724537261832
34.99694347511449, 65.38877033511675
35.0423940510562, 65.39029529761515
35.08784462699791, 65.39182026011358
35.133295202939614, 65.39334522261198
35.178745778881314, 65.3948701851104
35.22419635482302, 65.39639514760881
35.26964693076473, 65.39792011010724
35.31509750670644, 65.39944507260564
35.360548082648144, 65.40097003510407
35.40599865858985, 65.40249499760247
35.45144923453156, 65.4040199601009
35.496899810473266, 65.4055449225993
35.542350386414974, 65.40706988509773
35.58780096235668, 65.40859484759613
35.63325153829839, 65.41011981009456
35.678702114240096, 65.41164477259296
35.7241526901818, 65.41316973509139
35.76960326612351, 65.4146946975898
35.81505384206522, 65.4162196600882
35.860504418006926, 65.41774462258662
35.90595499394863, 65.41926958508503
35.95140556989034, 65.42079454758345
35.99685614583205, 65.42231951008186
36.042306721773755, 65.42384447258029
36.08775729771546, 65.4253694350787
36.13320787365717, 65.42689439757712
36.17865844959888, 65.42841936007552
36.224109025540585, 65.42994432257395
36.269559601482285, 65.43146928507235
36.31501017742399, 65.43299424757078
36.3604607533657, 65.43451921006918
36.40591132930741, 65.4360441725676
36.451361905249115, 65.43756913506601
36.49681248119082, 65.43909409756444
36.54226305713253, 65.44061906006284
36.58771363307424, 65.44214402256127
36.633164209015945, 65.44366898505967
36.67861478495765, 65.4451939475581
36.72406536089936, 65.4467189100565
36.76951593684107, 65.44824387255493
36.814966512782775, 65.44976883505333
36.86041708872448, 65.45129379755176
36.90586766466619, 65.45281876005016
36.9513182406079, 65.45434372254857
36.996768816549604, 65.455868685047
37.04221939249131, 65.4573936475454
37.08766996843302, 65.45891861004382
37.13312054437473, 65.46044357254223
37.178571120316434, 65.46196853504065
37.22402169625814, 65.46349349753906
37.26947227219985, 65.46501846003748
37.314922848141556, 65.46654342253589
37.36037342408326, 65.46806838503431
37.405824000024964, 65.46959334753272
37.45127457596667, 65.47111831003114
37.49672515190838, 65.47264327252955
37.542175727850086, 65.47416823502797
37.587626303791794, 65.47569319752638
37.6330768797335, 65.4772181600248
37.67852745567521, 65.47874312252321
37.723978031616916, 65.48026808502163
37.76942860755862, 65.48179304752004
37.81487918350033, 65.48331801001846
37.86032975944204, 65.48484297251687
37.905780335383746, 65.4863679350153
37.95123091132545, 65.4878928975137
37.99668148726716, 65.48941786001213
38.04213206320887, 65.49094282251053
38.087582639150575, 65.49246778500894
38.13303321509228, 65.49399274750736
38.17848379103399, 65.49551771000577
38.2239343669757, 65.4970426725042
38.269384942917405, 65.4985676350026
38.31483551885911, 65.50009259750102
38.36028609480082, 65.50161755999943
38.40573667074253, 65.50314252249785
38.45118724668423, 65.50466748499626
38.496637822625935, 65.50619244749468
38.54208839856764, 65.50771740999309
38.58753897450935, 65.48969899475757
38.63298955045106, 65.3753930596936
38.678440126392765, 65.2610871246296
38.72389070233447, 65.1467811895656
38.76934127827618, 65.0324752545016
38.81479185421789, 64.91816931943761
38.860242430159595, 64.80386338437363
38.9056930061013, 64.68955744930963
38.95114358204301, 64.57525151424564
38.99659415798472, 64.46094557918164
39.042044733926424, 64.34663964411764
39.08749530986813, 64.23233370905365
39.13294588580984, 64.11802777398967
39.17839646175155, 64.00372183892567
39.223847037693254, 63.889415903861675
39.26929761363496, 63.775109968797686
39.31474818957667, 63.66080403373369
39.360198765518376, 63.546498098669694
39.405649341460084, 63.432192163605706
39.45109991740179, 63.31788622854171
39.4965504933435, 63.203580293477714
39.5420010692852, 63.08927435841374
39.587451645226906, 62.97496842334975
39.632902221168614, 62.860662488285755
39.67835279711032, 62.746356553221766
39.72380337305203, 62.63205061815777
39.769253948993736, 62.517744683093774
39.81470452493544, 62.403438748029785
39.86015510087715, 62.28913281296579
39.90560567681886, 62.17482687790179
39.951056252760566, 62.060520942837805
39.99650682870227, 61.94621500777381
40.04195740464398, 61.83190907270982
40.08740798058569, 61.717603137645824
40.132858556527395, 61.60329720258183
40.1783091324691, 61.48899126751784
40.22375970841081, 61.37468533245384
40.26921028435252, 61.260379397389855
40.314660860294225, 61.14607346232586
40.36011143623593, 61.03176752726186
40.40556201217764, 60.917461592197874
40.45101258811935, 60.80315565713388
40.496463164061055, 60.68884972206989
40.54191374000276, 60.574543787005894
40.58736431594447, 60.4602378519419
40.63281489188617, 60.34593191687792
40.67826546782788, 60.231625981813934
40.723716043769585, 60.11732004674994
40.76916661971129, 60.00301411168594
40.814617195653, 59.888708176621954
40.86006777159471, 59.77440224155796
40.905518347536415, 59.66009630649397
40.95096892347812, 59.54579037142997
40.99641949941983, 59.43148443636598
41.04187007536154, 59.31717850130199
41.087320651303244, 59.20287256623799
41.13277122724495, 59.088566631174004
41.17822180318666, 58.97426069611001
41.22367237912837, 58.85995476104601
41.269122955070074, 58.74564882598202
41.31457353101178, 58.63134289091803
41.36002410695349, 58.51703695585403
41.405474682895196, 58.40273102079004
41.450925258836904, 58.28842508572605
41.49637583477861, 58.17411915066206
41.54182641072032, 58.05981321559806
41.587276986662026, 57.945507280534066
41.63272756260373, 57.83120134547008
41.678178138545434, 57.7168954104061
41.72362871448714, 57.60258947534211
41.76907929042885, 57.48828354027812
41.814529866370556, 57.37397760521412
41.85998044231226, 57.25967167015013
41.90543101825397, 57.14536573508613
41.95088159419568, 57.03105980002214
41.996332170137386, 56.916753864958146
42.04178274607909, 56.80244792989416
42.0872333220208, 56.68814199483016
42.13268389796251, 56.573836059766165
42.178134473904215, 56.45953012470218
42.22358504984592, 56.34522418963818
42.26903562578763, 56.23091825457419
42.31448620172934, 56.116612319510196
42.359936777671045, 56.0023063844462
42.40538735361275, 55.88800044938221
42.45083792955446, 55.773694514318215
42.49628850549617, 55.65938857925423
42.541739081437875, 55.54508264419023
42.58718965737958, 55.430776709126235
42.63264023332129, 55.316470774062246
42.678090809263, 55.20216483899825
42.723541385204705, 55.08785890393426
42.768991961146405, 54.97355296887028
42.81444253708811, 54.85924703380629
42.85989311302982, 54.744941098742295
42.90534368897153, 54.630635163678306
42.950794264913235, 54.51632922861431
42.99624484085494, 54.402023293550315
43.04169541679665, 54.287717358486326
43.08714599273836, 54.17341142342233
43.132596568680064, 54.05910548835834
43.17804714462177, 53.944799553294345
43.22349772056348, 53.83049361823035
43.26894829650519, 53.71618768316636
43.314398872446894, 53.601881748102365
43.3598494483886, 53.487575813038376
43.40530002433031, 53.37326987797438
43.450750600272016, 53.258963942910384
43.496201176213724, 53.144658007846395
43.54165175215543, 53.0303520727824
43.58710232809714, 52.91604613771841
43.632552904038846, 52.801740202654415
43.67800347998055, 52.68743426759042
43.72345405592226, 52.57312833252642
43.76890463186397, 52.458822397462434
43.814355207805676, 52.344516462398445
43.859805783747376, 52.230210527334464
43.90525635968908, 52.115904592270475
43.95070693563079, 52.00159865720648
43.9961575115725, 51.88729272214249
44.041608087514206, 51.772986787078494
44.08705866345591, 51.6586808520145
44.13250923939762, 51.5443749169505
44.17795981533933, 51.430068981886514
44.223410391281035, 51.315763046822525
44.26886096722274, 51.20145711175853
44.31431154316445, 51.08715117669453
44.35976211910616, 50.97284524163054
44.405212695047865, 50.85853930656655
44.45066327098957, 50.74423337150255
44.49611384693128, 50.629927436438564
44.54156442287299, 50.51562150137457
44.587014998814695, 50.40131556631057
44.6324655747564, 50.28700963124658
44.67791615069811, 50.17270369618259
44.72336672663982, 50.0583977611186
44.768817302581525, 49.9440918260546
44.81426787852323, 49.82978589099061
44.85971845446494, 49.71547995592662
44.90516903040665, 49.60117402086262
44.95061960634835, 49.48686808579865
44.996070182290055, 49.37256215073465
45.04152075823176, 49.25825621567066
45.08697133417347, 49.143950280606674
45.13242191011518, 49.02964434554268
45.177872486056884, 48.91533841047868
45.22332306199859, 48.80103247541469
45.2687736379403, 48.6867265403507
45.31422421388201, 48.5724206052867
45.359674789823714, 48.45811467022271
45.40512536576542, 48.34380873515872
