Parameters: [54.54750444902214, 16.51747774569925, 9.639832633062069, 40.40214478615365, 4.181617799906358, -0.03178286315856488, -3.349882997741817]
Points:
0.0, 16.51747774569925
0.05460210655557772, 16.745802886384435
0.10920421311115544, 16.974128027069625
0.16380631966673315, 17.20245316775481
0.21840842622231088, 17.43077830844
0.2730105327778886, 17.659103449125187
0.3276126393334663, 17.887428589810373
0.382214745889044, 18.115753730495562
0.43681685244462176, 18.34407887118075
0.4914189590001995, 18.572404011865935
0.5460210655557772, 18.800729152551124
0.600623172111355, 19.02905429323631
0.6552252786669326, 19.2573794339215
0.7098273852225103, 19.485704574606686
0.764429491778088, 19.714029715291872
0.8190315983336658, 19.94235485597706
0.8736337048892435, 20.170679996662248
0.9282358114448213, 20.399005137347437
0.982837918000399, 20.627330278032623
1.0374400245559767, 20.85565541871781
1.0920421311115545, 21.083980559403
1.1466442376671322, 21.312305700088185
1.20124634422271, 21.540630840773375
1.2558484507782877, 21.76895598145856
1.3104505573338652, 21.997281122143747
1.365052663889443, 22.225606262828936
1.4196547704450206, 22.453931403514122
1.4742568770005984, 22.682256544199312
1.528858983556176, 22.910581684884498
1.5834610901117538, 23.138906825569684
1.6380631966673316, 23.367231966254874
1.6926653032229093, 23.59555710694006
1.747267409778487, 23.82388224762525
1.8018695163340648, 24.052207388310435
1.8564716228896425, 24.28053252899562
1.9110737294452202, 24.50885766968081
1.965675836000798, 24.737182810365997
2.0202779425563757, 24.965507951051187
2.0748800491119535, 25.193833091736373
2.129482155667531, 25.42215823242156
2.184084262223109, 25.650483373106745
2.2386863687786867, 25.878808513791935
2.2932884753342644, 26.107133654477124
2.347890581889842, 26.33545879516231
2.40249268844542, 26.563783935847496
2.4570947950009976, 26.792109076532686
2.5116969015565753, 27.020434217217872
2.566299008112153, 27.24875935790306
2.6209011146677303, 27.477084498588248
2.675503221223308, 27.705409639273434
2.730105327778886, 27.93373477995862
2.7847074343344635, 28.162059920643806
2.8393095408900413, 28.390385061328995
2.893911647445619, 28.618710202014185
2.9485137540011968, 28.84703534269937
3.0031158605567745, 29.075360483384557
3.057717967112352, 29.303685624069743
3.11232007366793, 29.532010764754933
3.1669221802235077, 29.760335905440122
3.2215242867790854, 29.98866104612531
3.276126393334663, 30.216986186810495
3.330728499890241, 30.445311327495684
3.3853306064458186, 30.67363646818087
3.4399327130013964, 30.90196160886606
3.494534819556974, 31.130286749551246
3.549136926112552, 31.358611890236432
3.6037390326681296, 31.58693703092162
3.6583411392237073, 31.815262171606808
3.712943245779285, 32.043587312292
3.7675453523348628, 32.27191245297718
3.8221474588904405, 32.50023759366237
3.8767495654460182, 32.72856273434756
3.931351672001596, 32.95688787503275
3.9859537785571737, 33.185213015717935
4.040555885112751, 33.41353815640312
4.095157991668329, 33.64186329708831
4.149760098223907, 33.87018843777349
4.204362204779485, 34.09851357845868
4.258964311335062, 34.32683871914387
4.31356641789064, 34.55516385982906
4.368168524446218, 34.783489000514244
4.422770631001796, 35.01181414119944
4.477372737557373, 35.24013928188462
4.531974844112951, 35.46846442256981
4.586576950668529, 35.696789563254995
4.6411790572241065, 35.92511470394018
4.695781163779684, 36.15343984462537
4.750383270335262, 36.381764985310554
4.80498537689084, 36.61009012599575
4.8595874834464174, 36.83841526668093
4.914189590001995, 37.066740407366126
4.968791696557573, 37.29506554805131
5.023393803113151, 37.5233906887365
5.077995909668728, 37.751715829421684
5.132598016224306, 37.98004097010687
5.187200122779884, 38.208366110792056
5.241802229335461, 38.43669125147724
5.296404335891038, 38.66501639216243
5.351006442446616, 38.893341532847614
5.405608549002194, 39.1216666735328
5.460210655557772, 39.349991814217994
5.514812762113349, 39.57831695490318
5.569414868668927, 39.806642095588366
5.624016975224505, 40.03496723627356
5.678619081780083, 40.263292376958745
5.73322118833566, 40.49161751764393
5.787823294891238, 40.71994265832912
5.842425401446816, 40.9482677990143
5.8970275080023935, 41.17659293969949
5.951629614557971, 41.404918080384675
6.006231721113549, 41.63324322106987
6.060833827669127, 41.861568361755054
6.115435934224704, 42.08989350244024
6.170038040780282, 42.318218643125434
6.22464014733586, 42.54654378381062
6.279242253891438, 42.774868924495806
6.333844360447015, 43.00319406518099
6.388446467002593, 43.23151920586618
6.443048573558171, 43.459844346551364
6.497650680113749, 43.68816948723655
6.552252786669326, 43.91649462792174
6.606854893224904, 44.14481976860693
6.661456999780482, 44.37314490929212
6.7160591063360595, 44.60147004997731
6.770661212891637, 44.829795190662495
6.825263319447215, 45.05812033134768
6.879865426002793, 45.28644547203287
6.9344675325583705, 45.51477061271805
6.989069639113948, 45.74309575340324
7.043671745669526, 45.971420894088425
7.098273852225104, 46.19974603477362
7.152875958780681, 46.428071175458804
7.207478065336259, 46.656396316144
7.262080171891837, 46.88472145682918
7.316682278447415, 47.11304659751437
7.371284385002992, 47.341371738199555
7.42588649155857, 47.56969687888474
7.480488598114148, 47.79802201956993
7.5350907046697255, 48.02634716025511
7.589692811225303, 48.2546723009403
7.644294917780881, 48.48299744162549
7.698897024336459, 48.711322582310686
7.7534991308920365, 48.93964772299587
7.808101237447614, 49.16797286368106
7.862703344003192, 49.396298004366244
7.91730545055877, 49.62462314505143
7.971907557114347, 49.852948285736616
8.026509663669925, 50.0812734264218
8.081111770225503, 50.30959856710699
8.13571387678108, 50.537923707792174
8.190315983336658, 50.76624884847736
8.244918089892236, 50.99457398916256
8.299520196447814, 51.22289912984775
8.354122303003392, 51.45122427053293
8.40872440955897, 51.67954941121812
8.463326516114547, 51.907874551903305
8.517928622670125, 52.13619969258849
8.572530729225702, 52.36452483327368
8.62713283578128, 52.59284997395886
8.681734942336858, 52.82117511464405
8.736337048892436, 53.049500255329235
8.790939155448013, 53.277825396014435
8.845541262003591, 53.50615053669962
8.900143368559169, 53.73447567738481
8.954745475114747, 53.962800818069994
9.009347581670324, 54.19112595875518
9.063949688225902, 54.419451099440366
9.11855179478148, 54.64777624012555
9.173153901337058, 54.87610138081074
9.227756007892635, 55.104426521495924
9.282358114448213, 55.332751662181124
9.33696022100379, 55.56107680286631
9.391562327559368, 55.789401943551496
9.446164434114946, 56.01772708423668
9.500766540670524, 56.24605222492187
9.555368647226102, 56.474377365607054
9.60997075378168, 56.70270250629224
9.664572860337257, 56.826787156971776
9.719174966892835, 56.82505174569095
9.773777073448413, 56.82331633441012
9.82837918000399, 56.8215809231293
9.882981286559568, 56.81984551184847
9.937583393115146, 56.818110100567644
9.992185499670724, 56.816374689286825
10.046787606226301, 56.814639278006
10.101389712781879, 56.81290386672517
10.155991819337457, 56.811168455444346
10.210593925893034, 56.80943304416352
10.265196032448612, 56.80769763288269
10.31979813900419, 56.80596222160187
10.374400245559768, 56.80422681032105
10.429002352115345, 56.80249139904022
10.483604458670921, 56.800755987759395
10.5382065652265, 56.79902057647857
10.592808671782077, 56.79728516519774
10.647410778337655, 56.795549753916916
10.702012884893232, 56.79381434263609
10.75661499144881, 56.79207893135527
10.811217098004388, 56.790343520074444
10.865819204559966, 56.78860810879362
10.920421311115543, 56.78687269751279
10.975023417671121, 56.785137286231965
11.029625524226699, 56.78340187495114
11.084227630782276, 56.78166646367031
11.138829737337854, 56.77993105238949
11.193431843893432, 56.77819564110867
11.24803395044901, 56.77646022982784
11.302636057004587, 56.774724818547014
11.357238163560165, 56.77298940726619
11.411840270115743, 56.77125399598536
11.46644237667132, 56.769518584704535
11.521044483226898, 56.767783173423716
11.575646589782476, 56.76604776214289
11.630248696338054, 56.76431235086206
11.684850802893632, 56.76257693958124
11.73945290944921, 56.76084152830041
11.794055016004787, 56.759106117019584
11.848657122560365, 56.75737070573876
11.903259229115942, 56.75563529445794
11.95786133567152, 56.75389988317711
12.012463442227098, 56.752164471896286
12.067065548782676, 56.75042906061546
12.121667655338253, 56.74869364933463
12.176269761893831, 56.74695823805381
12.230871868449409, 56.74522282677298
12.285473975004987, 56.74348741549216
12.340076081560564, 56.741752004211335
12.394678188116142, 56.74001659293051
12.44928029467172, 56.73828118164968
12.503882401227298, 56.736545770368856
12.558484507782875, 56.73481035908803
12.613086614338453, 56.73307494780721
12.66768872089403, 56.731339536526384
12.722290827449608, 56.72960412524556
12.776892934005186, 56.72786871396473
12.831495040560764, 56.726133302683905
12.886097147116342, 56.72439789140308
12.94069925367192, 56.72266248012225
12.995301360227497, 56.72092706884143
13.049903466783075, 56.71919165756061
13.104505573338653, 56.71745624627978
13.15910767989423, 56.715720834998955
13.213709786449808, 56.71398542371813
13.268311893005386, 56.7122500124373
13.322913999560964, 56.710514601156476
13.377516106116541, 56.708779189875656
13.432118212672119, 56.70704377859483
13.486720319227697, 56.705308367314004
13.541322425783274, 56.70357295603318
13.595924532338852, 56.70183754475235
13.65052663889443, 56.700102133471525
13.705128745450008, 56.6983667221907
13.759730852005585, 56.69663131090988
13.814332958561163, 56.69489589962905
13.868935065116741, 56.69316048834823
13.923537171672319, 56.6914250770674
13.978139278227896, 56.689689665786574
14.032741384783474, 56.68795425450575
14.087343491339052, 56.68621884322492
14.14194559789463, 56.6844834319441
14.196547704450207, 56.682748020663276
14.251149811005785, 56.68101260938245
14.305751917561363, 56.67927719810162
14.36035402411694, 56.6775417868208
14.414956130672518, 56.67580637553997
14.469558237228096, 56.674070964259144
14.524160343783674, 56.672335552978325
14.578762450339251, 56.6706001416975
14.63336455689483, 56.66886473041667
14.687966663450407, 56.667129319135846
14.742568770005985, 56.66539390785502
14.797170876561562, 56.66365849657419
14.85177298311714, 56.66192308529337
14.906375089672718, 56.66018767401255
14.960977196228296, 56.65845226273172
15.015579302783873, 56.656716851450895
15.070181409339451, 56.65498144017007
15.124783515895029, 56.65324602888924
15.179385622450607, 56.651510617608416
15.233987729006184, 56.64977520632759
15.288589835561762, 56.64803979504677
15.34319194211734, 56.646304383765944
15.397794048672917, 56.64456897248512
15.452396155228495, 56.64283356120429
15.506998261784073, 56.641098149923465
15.56160036833965, 56.63936273864264
15.616202474895228, 56.63762732736181
15.670804581450806, 56.63589191608099
15.725406688006384, 56.63415650480017
15.780008794561962, 56.63242109351934
15.83461090111754, 56.630685682238514
15.889213007673117, 56.62895027095769
15.943815114228695, 56.62721485967686
15.998417220784273, 56.625479448396035
16.05301932733985, 56.623744037115216
16.107621433895428, 56.62200862583439
16.162223540451006, 56.62027321455356
16.216825647006583, 56.61853780327274
16.27142775356216, 56.61680239199191
16.32602986011774, 56.615066980711084
16.380631966673317, 56.61333156943026
16.435234073228894, 56.61159615814944
16.489836179784472, 56.60986074686861
16.54443828634005, 56.608125335587786
16.599040392895628, 56.60638992430696
16.653642499451205, 56.604654513026134
16.708244606006783, 56.60291910174531
16.76284671256236, 56.60118369046448
16.81744881911794, 56.59944827918366
16.872050925673516, 56.597712867902835
16.926653032229094, 56.59597745662201
16.98125513878467, 56.59424204534118
17.03585724534025, 56.592506634060356
17.090459351895827, 56.59077122277953
17.145061458451405, 56.589035811498704
17.199663565006983, 56.587300400217885
17.25426567156256, 56.58556498893706
17.308867778118138, 56.58382957765623
17.363469884673716, 56.582094166375406
17.418071991229294, 56.58035875509458
17.47267409778487, 56.57862334381375
17.52727620434045, 56.57688793253293
17.581878310896027, 56.57515252125211
17.636480417451605, 56.57341710997128
17.691082524007182, 56.571681698690455
17.74568463056276, 56.56994628740963
17.800286737118338, 56.5682108761288
17.854888843673915, 56.566475464847976
17.909490950229493, 56.56474005356715
17.96409305678507, 56.56300464228633
18.01869516334065, 56.561269231005504
18.073297269896226, 56.55953381972468
18.127899376451804, 56.55779840844385
18.182501483007382, 56.556062997163025
18.23710358956296, 56.5543275858822
18.291705696118537, 56.55259217460137
18.346307802674115, 56.55085676332055
18.400909909229693, 56.54912135203973
18.45551201578527, 56.5473859407589
18.51011412234085, 56.545650529478074
18.564716228896426, 56.54391511819725
18.619318335452004, 56.54217970691642
18.67392044200758, 56.540444295635595
18.72852254856316, 56.538708884354776
18.783124655118737, 56.53697347307395
18.837726761674315, 56.53523806179312
18.892328868229892, 56.5335026505123
18.94693097478547, 56.53176723923147
19.001533081341048, 56.530031827950644
19.056135187896626, 56.52829641666982
19.110737294452203, 56.526561005389
19.16533940100778, 56.52482559410817
19.21994150756336, 56.523090182827346
19.274543614118937, 56.52135477154652
19.329145720674514, 56.51961936026569
19.383747827230092, 56.51788394898487
19.43834993378567, 56.51614853770404
19.492952040341248, 56.51441312642322
19.547554146896825, 56.512677715142395
19.602156253452403, 56.51094230386157
19.65675836000798, 56.50920689258074
19.71136046656356, 56.507471481299916
19.765962573119136, 56.50573607001909
19.820564679674714, 56.50400065873826
19.87516678623029, 56.502265247457444
19.92976889278587, 56.50052983617662
19.984370999341447, 56.49879442489579
20.038973105897025, 56.497059013614965
20.093575212452603, 56.49532360233414
20.14817731900818, 56.49358819105331
20.202779425563758, 56.491852779772486
20.257381532119336, 56.49011736849167
20.311983638674914, 56.48838195721084
20.36658574523049, 56.486646545930014
20.42118785178607, 56.48491113464919
20.475789958341647, 56.48317572336836
20.530392064897224, 56.481440312087535
20.584994171452802, 56.47970490080671
20.63959627800838, 56.47796948952589
20.694198384563958, 56.476234078245064
20.748800491119535, 56.47449866696424
20.803402597675113, 56.47276325568341
20.85800470423069, 56.471027844402585
20.91260681078627, 56.46929243312176
20.967208917341843, 56.46755702184094
21.02181102389742, 56.46582161056011
21.076413130453, 56.464086199279286
21.131015237008576, 56.46235078799846
21.185617343564154, 56.460615376717634
21.24021945011973, 56.45887996543681
21.29482155667531, 56.45714455415598
21.349423663230887, 56.45540914287516
21.404025769786465, 56.453673731594336
21.458627876342042, 56.45193832031351
21.51322998289762, 56.45020290903268
21.567832089453198, 56.44846749775186
21.622434196008776, 56.44673208647103
21.677036302564353, 56.444996675190204
21.73163840911993, 56.443261263909385
21.78624051567551, 56.44152585262856
21.840842622231087, 56.43979044134773
21.895444728786664, 56.438055030066906
21.950046835342242, 56.43631961878608
22.00464894189782, 56.43458420750525
22.059251048453397, 56.43284879622443
22.113853155008975, 56.43111338494361
22.168455261564553, 56.42937797366278
22.22305736812013, 56.427642562381955
22.27765947467571, 56.42590715110113
22.332261581231286, 56.4241717398203
22.386863687786864, 56.422436328539476
22.44146579434244, 56.42070091725865
22.49606790089802, 56.41896550597783
22.550670007453597, 56.417230094697004
22.605272114009175, 56.41549468341618
22.659874220564753, 56.41375927213535
22.71447632712033, 56.412023860854525
22.769078433675908, 56.4102884495737
22.823680540231486, 56.40855303829287
22.878282646787063, 56.40681762701205
22.93288475334264, 56.40508221573123
22.98748685989822, 56.4033468044504
23.042088966453797, 56.401611393169574
23.096691073009374, 56.39987598188875
23.151293179564952, 56.39814057060792
23.20589528612053, 56.396405159327095
23.260497392676108, 56.394669748046276
23.315099499231685, 56.39293433676545
23.369701605787263, 56.39119892548462
23.42430371234284, 56.3894635142038
23.47890581889842, 56.38772810292297
23.533507925453996, 56.385992691642144
23.588110032009574, 56.38425728036132
23.64271213856515, 56.3825218690805
23.69731424512073, 56.38078645779967
23.751916351676307, 56.379051046518846
23.806518458231885, 56.37731563523802
23.861120564787463, 56.37558022395719
23.91572267134304, 56.37384481267637
23.970324777898618, 56.37210940139554
24.024926884454196, 56.37037399011472
24.079528991009774, 56.368638578833895
24.13413109756535, 56.36690316755307
24.18873320412093, 56.36516775627224
24.243335310676507, 56.363432344991416
24.297937417232085, 56.36169693371059
24.352539523787662, 56.359961522429764
24.40714163034324, 56.358226111148944
24.461743736898818, 56.35649069986812
24.516345843454395, 56.35475528858729
24.570947950009973, 56.353019877306465
24.62555005656555, 56.35128446602564
24.68015216312113, 56.34954905474481
24.734754269676706, 56.34781364346399
24.789356376232284, 56.34607823218317
24.843958482787862, 56.34434282090234
24.89856058934344, 56.342607409621515
24.953162695899017, 56.34087199834069
25.007764802454595, 56.33913658705986
25.062366909010173, 56.337401175779036
25.11696901556575, 56.33566576449821
25.17157112212133, 56.33393035321739
25.226173228676906, 56.332194941936564
25.280775335232484, 56.33045953065574
25.33537744178806, 56.32872411937491
25.38997954834364, 56.326988708094085
25.444581654899217, 56.32525329681326
25.499183761454795, 56.32351788553243
25.553785868010372, 56.32178247425161
25.60838797456595, 56.32004706297079
25.662990081121528, 56.31831165168996
25.717592187677106, 56.316576240409134
25.772194294232683, 56.31484082912831
25.82679640078826, 56.31310541784748
25.88139850734384, 56.311370006566655
25.936000613899417, 56.309634595285836
25.990602720454994, 56.30789918400501
26.045204827010572, 56.30616377272418
26.09980693356615, 56.30442836144336
26.154409040121728, 56.30269295016253
26.209011146677305, 56.300957538881704
26.263613253232883, 56.29922212760088
26.31821535978846, 56.29748671632006
26.37281746634404, 56.29575130503923
26.427419572899616, 56.294015893758406
26.482021679455194, 56.29228048247758
26.53662378601077, 56.29054507119675
26.59122589256635, 56.28880965991593
26.645827999121927, 56.2870742486351
26.700430105677505, 56.28533883735428
26.755032212233083, 56.283603426073455
26.80963431878866, 56.28186801479263
26.864236425344238, 56.2801326035118
26.918838531899816, 56.278397192230976
26.973440638455394, 56.27666178095015
27.02804274501097, 56.27492636966932
27.08264485156655, 56.273190958388504
27.137246958122127, 56.27145554710768
27.191849064677704, 56.26972013582685
27.246451171233282, 56.267984724546025
27.30105327778886, 56.2662493132652
27.355655384344438, 56.26451390198437
27.410257490900015, 56.262778490703546
27.464859597455593, 56.26104307942273
27.51946170401117, 56.2593076681419
27.57406381056675, 56.257572256861074
27.628665917122326, 56.25583684558025
27.683268023677904, 56.25410143429942
27.737870130233482, 56.252366023018595
27.79247223678906, 56.25063061173777
27.847074343344637, 56.24889520045695
27.901676449900215, 56.24715978917612
27.956278556455793, 56.2454243778953
28.01088066301137, 56.24368896661447
28.065482769566948, 56.241953555333644
28.120084876122526, 56.24021814405282
28.174686982678104, 56.23848273277199
28.22928908923368, 56.23674732149117
28.28389119578926, 56.235011910210346
28.338493302344837, 56.23327649892952
28.393095408900415, 56.231541087648694
28.447697515455992, 56.22980567636787
28.50229962201157, 56.22807026508704
28.556901728567148, 56.22633485380622
28.611503835122726, 56.224599442525395
28.666105941678303, 56.22286403124457
28.72070804823388, 56.22112861996374
28.77531015478946, 56.21939320868292
28.829912261345036, 56.21765779740209
28.884514367900614, 56.215922386121264
28.939116474456192, 56.214186974840445
28.99371858101177, 56.21245156355962
29.048320687567347, 56.21071615227879
29.102922794122925, 56.208980740997966
29.157524900678503, 56.20724532971714
29.21212700723408, 56.20550991843631
29.26672911378966, 56.20377450715549
29.321331220345236, 56.20203909587467
29.375933326900814, 56.20030368459384
29.43053543345639, 56.198568273313015
29.48513754001197, 56.19683286203219
29.539739646567547, 56.19509745075136
29.594341753123125, 56.193362039470536
29.648943859678702, 56.19162662818971
29.70354596623428, 56.18989121690889
29.758148072789858, 56.188155805628064
29.812750179345436, 56.18642039434724
29.867352285901013, 56.18468498306641
29.92195439245659, 56.182949571785585
29.97655649901217, 56.18121416050476
30.031158605567747, 56.17947874922393
30.085760712123324, 56.17774333794311
30.140362818678902, 56.17600792666229
30.19496492523448, 56.17427251538146
30.249567031790058, 56.172537104100634
30.304169138345635, 56.17080169281981
30.358771244901213, 56.16906628153898
30.41337335145679, 56.167330870258155
30.46797545801237, 56.165595458977336
30.522577564567946, 56.16386004769651
30.577179671123524, 56.16212463641568
30.6317817776791, 56.16038922513486
30.68638388423468, 56.15865381385403
30.740985990790257, 56.156918402573204
30.795588097345835, 56.15518299129238
30.850190203901413, 56.15344758001156
30.90479231045699, 56.15171216873073
30.959394417012568, 56.149976757449906
31.013996523568146, 56.14824134616908
31.068598630123724, 56.14650593488825
31.1232007366793, 56.14477052360743
31.17780284323488, 56.1430351123266
31.232404949790457, 56.14129970104578
31.287007056346035, 56.139564289764955
31.341609162901612, 56.13782887848413
31.39621126945719, 56.1360934672033
31.450813376012768, 56.134358055922476
31.505415482568345, 56.13262264464165
31.560017589123923, 56.13088723336082
31.6146196956795, 56.129151822080004
31.66922180223508, 56.12741641079918
31.723823908790656, 56.12568099951835
31.778426015346234, 56.123945588237525
31.833028121901812, 56.1222101769567
31.88763022845739, 56.12047476567587
31.942232335012967, 56.118739354395046
31.996834441568545, 56.11700394311423
32.05143654812412, 56.1152685318334
32.1060386546797, 56.113533120552574
32.16064076123528, 56.11179770927175
32.215242867790856, 56.11006229799092
32.269844974346434, 56.108326886710095
32.32444708090201, 56.10659147542927
32.37904918745759, 56.10485606414845
32.43365129401317, 56.103120652867624
32.488253400568745, 56.1013852415868
32.54285550712432, 56.09964983030597
32.5974576136799, 56.097914419025145
32.65205972023548, 56.09617900774432
32.706661826791056, 56.09444359646349
32.76126393334663, 56.09270818518267
32.81586603990221, 56.090972773901846
32.87046814645779, 56.08923736262102
32.92507025301337, 56.087501951340194
32.979672359568944, 56.08576654005937
33.03427446612452, 56.08403112877854
33.0888765726801, 56.082295717497715
33.14347867923568, 56.080560306216896
33.198080785791255, 56.07882489493607
33.25268289234683, 56.07708948365524
33.30728499890241, 56.07535407237442
33.36188710545799, 56.07361866109359
33.416489212013566, 56.071883249812764
33.471091318569144, 56.07014783853194
33.52569342512472, 56.06841242725112
33.5802955316803, 56.06667701597029
33.63489763823588, 56.064941604689466
33.689499744791455, 56.06320619340864
33.74410185134703, 56.06147078212781
33.79870395790261, 56.05973537084699
33.85330606445819, 56.05799995956616
33.907908171013766, 56.05626454828534
33.96251027756934, 56.054529137004515
34.01711238412492, 56.05279372572369
34.0717144906805, 56.05105831444286
34.12631659723608, 56.049322903162036
34.180918703791654, 56.04758749188121
34.23552081034723, 56.04585208060038
34.29012291690281, 56.044116669319564
34.34472502345839, 56.04238125803874
34.399327130013965, 56.04064584675791
34.45392923656954, 56.038910435477085
34.50853134312512, 56.03717502419626
34.5631334496807, 56.03543961291543
34.617735556236276, 56.033704201634606
34.672337662791854, 56.03196879035379
34.72693976934743, 56.03023337907296
34.78154187590301, 56.028497967792134
34.83614398245859, 56.02676255651131
34.890746089014165, 56.02502714523048
34.94534819556974, 56.023291733949655
34.99995030212532, 56.02155632266883
35.0545524086809, 56.01982091138801
35.109154515236476, 56.01808550010718
35.163756621792054, 56.01635008882636
35.21835872834763, 56.01461467754553
35.27296083490321, 56.012879266264704
35.32756294145879, 56.01114385498388
35.382165048014365, 56.00940844370305
35.43676715456994, 56.00767303242223
35.49136926112552, 56.005937621141406
35.5459713676811, 56.00420220986058
35.600573474236676, 56.00246679857975
35.65517558079225, 56.00073138729893
35.70977768734783, 55.9989959760181
35.76437979390341, 55.997260564737275
35.818981900458986, 55.995525153456455
35.873584007014564, 55.99378974217563
35.92818611357014, 55.9920543308948
35.98278822012572, 55.990318919613976
36.0373903266813, 55.98858350833315
36.091992433236875, 55.986848097052324
36.14659453979245, 55.9851126857715
36.20119664634803, 55.98337727449068
36.25579875290361, 55.98164186320985
36.310400859459186, 55.979906451929025
36.365002966014764, 55.9781710406482
36.41960507257034, 55.97643562936737
36.47420717912592, 55.97470021808655
36.5288092856815, 55.97296480680572
36.583411392237075, 55.9712293955249
36.63801349879265, 55.969493984244075
36.69261560534823, 55.96775857296325
36.74721771190381, 55.96602316168242
36.801819818459386, 55.964287750401596
36.85642192501496, 55.96255233912077
36.91102403157054, 55.96081692783994
36.96562613812612, 55.959081516559124
37.0202282446817, 55.9573461052783
37.074830351237274, 55.95561069399747
37.12943245779285, 55.953875282716645
37.18403456434843, 55.95213987143582
37.23863667090401, 55.95040446015499
37.293238777459585, 55.948669048874166
37.34784088401516, 55.94693363759335
37.40244299057074, 55.94519822631252
37.45704509712632, 55.943462815031694
37.511647203681896, 55.94172740375087
37.566249310237474, 55.93999199247004
37.62085141679305, 55.938256581189215
37.67545352334863, 55.93652116990839
37.73005562990421, 55.93478575862757
37.784657736459785, 55.93305034734674
37.83925984301536, 55.93131493606592
37.89386194957094, 55.92957952478509
37.94846405612652, 55.927844113504264
38.003066162682096, 55.92610870222344
38.05766826923767, 55.92437329094262
38.11227037579325, 55.92263787966179
38.16687248234883, 55.920902468380966
38.22147458890441, 55.91916705710014
38.276076695459984, 55.91743164581931
38.33067880201556, 55.91569623453849
38.38528090857114, 55.91396082325766
38.43988301512672, 55.91222541197684
38.494485121682295, 55.910490000696015
38.54908722823787, 55.90875458941519
38.60368933479345, 55.90701917813436
38.65829144134903, 55.905283766853536
38.712893547904606, 55.90354835557271
38.767495654460184, 55.90181294429188
38.82209776101576, 55.900077533011064
38.87669986757134, 55.89834212173024
38.93130197412692, 55.89660671044941
38.985904080682495, 55.894871299168585
39.04050618723807, 55.89313588788776
39.09510829379365, 55.89140047660693
39.14971040034923, 55.889665065326106
39.204312506904806, 55.88792965404529
39.258914613460384, 55.88619424276446
39.31351672001596, 55.884458831483634
39.36811882657154, 55.88272342020281
39.42272093312712, 55.88098800892198
39.477323039682695, 55.879252597641155
39.53192514623827, 55.87751718636033
39.58652725279385, 55.87578177507951
39.64112935934943, 55.87404636379868
39.695731465905006, 55.87231095251786
39.75033357246058, 55.87057554123703
39.80493567901616, 55.868840129956205
39.85953778557174, 55.86710471867538
39.91413989212732, 55.86536930739455
39.968741998682894, 55.86363389611373
40.02334410523847, 55.861898484832906
40.07794621179405, 55.86016307355208
40.13254831834963, 55.858427662271254
40.187150424905205, 55.85669225099043
40.24175253146078, 55.8549568397096
40.29635463801636, 55.853221428428775
40.35095674457194, 55.851486017147955
40.405558851127516, 55.83842239641786
40.460160957683094, 55.65551172802645
40.51476306423867, 55.47260105963503
40.56936517079425, 55.28969039124361
40.62396727734983, 55.106779722852195
40.678569383905405, 54.92386905446078
40.73317149046098, 54.740958386069366
40.78777359701656, 54.558047717677944
40.84237570357214, 54.37513704928653
40.896977810127716, 54.192226380895114
40.95157991668329, 54.00931571250369
41.00618202323887, 53.82640504411228
41.06078412979445, 53.64349437572086
41.11538623635003, 53.46058370732945
41.169988342905604, 53.277673038938026
41.22459044946118, 53.09476237054661
41.27919255601676, 52.9118517021552
41.33379466257234, 52.728941033763775
41.388396769127915, 52.54603036537236
41.44299887568349, 52.363119696980945
41.49760098223907, 52.18020902858953
41.55220308879465, 51.99729836019811
41.606805195350226, 51.814387691806694
41.661407301905804, 51.63147702341528
41.71600940846138, 51.44856635502386
41.77061151501696, 51.26565568663244
41.82521362157254, 51.08274501824103
41.879815728128115, 50.89983434984961
41.934417834683686, 50.71692368145821
41.98901994123926, 50.5340130130668
42.04362204779484, 50.35110234467538
42.09822415435042, 50.16819167628397
42.152826260906, 49.985281007892546
42.207428367461574, 49.80237033950113
42.26203047401715, 49.619459671109716
42.31663258057273, 49.436549002718294
42.37123468712831, 49.25363833432688
42.425836793683885, 49.070727665935465
42.48043890023946, 48.88781699754405
42.53504100679504, 48.70490632915263
42.58964311335062, 48.52199566076121
42.644245219906196, 48.3390849923698
42.698847326461774, 48.15617432397838
42.75344943301735, 47.97326365558696
42.80805153957293, 47.79035298719555
42.86265364612851, 47.60744231880413
42.917255752684085, 47.42453165041271
42.97185785923966, 47.241620982021296
43.02645996579524, 47.05871031362988
43.08106207235082, 46.87579964523846
43.135664178906396, 46.692888976847044
43.19026628546197, 46.50997830845563
43.24486839201755, 46.327067640064215
43.29947049857313, 46.14415697167279
43.35407260512871, 45.96124630328138
43.408674711684284, 45.77833563488996
43.46327681823986, 45.59542496649854
43.51787892479544, 45.412514298107126
43.57248103135102, 45.22960362971571
43.627083137906595, 45.0466929613243
43.68168524446217, 44.863782292932875
43.73628735101775, 44.68087162454146
43.79088945757333, 44.49796095615004
43.845491564128906, 44.31505028775862
43.900093670684484, 44.13213961936721
43.95469577724006, 43.949228950975794
44.00929788379564, 43.76631828258438
44.06389999035122, 43.58340761419296
44.118502096906795, 43.40049694580154
44.17310420346237, 43.21758627741012
44.22770631001795, 43.034675609018706
44.28230841657353, 42.85176494062729
44.336910523129106, 42.668854272235876
44.391512629684684, 42.485943603844454
44.44611473624026, 42.30303293545304
44.50071684279584, 42.120122267061625
44.55531894935142, 41.9372115986702
44.609921055906995, 41.75430093027879
44.66452316246257, 41.57139026188737
44.71912526901815, 41.38847959349596
44.77372737557373, 41.20556892510454
44.828329482129305, 41.02265825671312
44.88293158868488, 40.83974758832171
44.93753369524046, 40.656836919930285
44.99213580179604, 40.47392625153887
45.046737908351616, 40.291015583147455
45.101340014907194, 40.10810491475604
45.15594212146277, 39.92519424636462
45.21054422801835, 39.742283577973204
45.26514633457393, 39.55937290958178
45.319748441129505, 39.37646224119037
45.37435054768508, 39.19355157279895
45.42895265424066, 39.01064090440754
45.48355476079624, 38.82773023601612
45.538156867351816, 38.6448195676247
45.592758973907394, 38.461908899233286
45.64736108046297, 38.278998230841864
45.70196318701855, 38.09608756245045
45.75656529357413, 37.913176894059035
45.811167400129705, 37.73026622566762
45.86576950668528, 37.547355557276205
45.92037161324086, 37.36444488888478
45.97497371979644, 37.18153422049337
46.029575826352016, 36.99862355210195
46.08417793290759, 36.81571288371053
46.13878003946317, 36.63280221531912
46.19338214601875, 36.4498915469277
46.24798425257433, 36.26698087853629
46.302586359129904, 36.084070210144866
46.35718846568548, 35.90115954175345
46.41179057224106, 35.71824887336203
46.46639267879664, 35.535338204970614
46.520994785352215, 35.3524275365792
46.57559689190779, 35.169516868187785
46.63019899846337, 34.98660619979637
46.68480110501895, 34.80369553140495
46.739403211574526, 34.62078486301353
46.794005318130104, 34.43787419462211
46.84860742468568, 34.254963526230696
46.90320953124126, 34.07205285783928
46.95781163779684, 33.88914218944787
47.012413744352415, 33.70623152105645
47.06701585090799, 33.52332085266503
47.12161795746357, 33.34041018427361
47.17622006401915, 33.15749951588219
47.230822170574726, 32.97458884749078
47.2854242771303, 32.791678179099364
47.34002638368588, 32.60876751070795
47.39462849024146, 32.425856842316534
47.44923059679704, 32.24294617392511
47.503832703352614, 32.06003550553369
47.55843480990819, 31.87712483714228
47.61303691646377, 31.69421416875086
47.66763902301935, 31.511303500359446
47.722241129574925, 31.328392831968028
47.7768432361305, 31.14548216357661
47.83144534268608, 30.962571495185195
47.88604744924166, 30.779660826793776
47.940649555797236, 30.59675015840236
47.995251662352814, 30.413839490010943
48.04985376890839, 30.230928821619525
48.10445587546397, 30.04801815322811
48.15905798201955, 29.86510748483669
48.213660088575125, 29.682196816445277
48.2682621951307, 29.49928614805386
48.32286430168628, 29.316375479662444
48.37746640824186, 29.133464811271025
48.432068514797436, 28.950554142879607
48.486670621353014, 28.767643474488192
48.54127272790859, 28.584732806096774
48.59587483446417, 28.40182213770536
48.65047694101975, 28.21891146931394
48.705079047575325, 28.036000800922523
48.7596811541309, 27.853090132531108
48.81428326068648, 27.67017946413969
48.86888536724206, 27.487268795748275
48.923487473797636, 27.304358127356856
48.97808958035321, 27.12144745896544
49.03269168690879, 26.938536790574023
49.08729379346437, 26.755626122182605
49.14189590001995, 26.57271545379119
49.196498006575524, 26.38980478539977
49.2511001131311, 26.206894117008357
49.30570221968668, 26.02398344861694
49.36030432624226, 25.84107278022552
49.414906432797835, 25.658162111834105
49.46950853935341, 25.475251443442687
49.52411064590899, 25.292340775051272
49.57871275246457, 25.109430106659854
49.633314859020146, 24.92651943826844
49.687916965575724, 24.74360876987702
49.7425190721313, 24.560698101485603
49.79712117868688, 24.377787433094188
49.85172328524246, 24.19487676470277
49.906325391798035, 24.011966096311355
49.96092749835361, 23.829055427919933
50.01552960490919, 23.646144759528518
50.07013171146477, 23.463234091137103
50.124733818020346, 23.28032342274569
50.17933592457592, 23.097412754354266
50.2339380311315, 22.91450208596285
50.28854013768708, 22.731591417571437
50.34314224424266, 22.548680749180015
50.397744350798234, 22.3657700807886
50.45234645735381, 22.182859412397185
50.50694856390939, 21.99994874400577
50.56155067046497, 21.81703807561435
50.616152777020545, 21.634127407222934
50.67075488357612, 21.45121673883152
50.7253569901317, 21.268306070440097
50.77995909668728, 21.085395402048682
50.834561203242856, 20.902484733657268
50.889163309798434, 20.719574065265853
50.94376541635401, 20.53666339687443
50.99836752290959, 20.353752728483016
51.05296962946517, 20.1708420600916
51.107571736020745, 19.98793139170018
51.16217384257632, 19.805020723308765
51.2167759491319, 19.62211005491735
51.27137805568748, 19.439199386525928
51.325980162243056, 19.256288718134513
51.38058226879863, 19.0733780497431
51.43518437535421, 18.890467381351684
51.48978648190979, 18.707556712960262
51.54438858846537, 18.524646044568847
51.598990695020944, 18.341735376177432
51.65359280157652, 18.15882470778601
51.7081949081321, 17.975914039394596
51.76279701468768, 17.79300337100318
51.817399121243255, 17.610092702611766
51.87200122779883, 17.427182034220344
51.92660333435441, 17.24427136582893
51.98120544090999, 17.061360697437514
52.035807547465566, 16.878450029046093
52.090409654021144, 16.695539360654678
52.14501176057672, 16.512628692263263
52.1996138671323, 16.32971802387184
52.25421597368788, 16.146807355480426
52.308818080243455, 15.963896687089012
52.36342018679903, 15.780986018697597
52.41802229335461, 15.598075350306175
52.47262439991019, 15.41516468191476
52.527226506465766, 15.232254013523345
52.581828613021344, 15.049343345131923
52.63643071957692, 14.866432676740509
52.6910328261325, 14.683522008349094
52.74563493268808, 14.500611339957679
52.800237039243655, 14.317700671566257
52.85483914579923, 14.134790003174842
52.90944125235481, 13.951879334783428
52.96404335891039, 13.768968666392006
53.018645465465966, 13.58605799800059
53.07324757202154, 13.403147329609176
53.12784967857712, 13.220236661217761
53.1824517851327, 13.03732599282634
53.23705389168828, 12.854415324434925
53.291655998243854, 12.67150465604351
53.34625810479943, 12.488593987652088
53.40086021135501, 12.305683319260673
53.45546231791059, 12.122772650869258
53.510064424466165, 11.939861982477836
53.56466653102174, 11.756951314086422
53.61926863757732, 11.574040645695007
53.6738707441329, 11.391129977303592
53.728472850688476, 11.20821930891217
53.783074957244054, 11.025308640520755
53.83767706379963, 10.84239797212934
53.89227917035521, 10.659487303737919
53.94688127691079, 10.476576635346504
54.001483383466365, 10.29366596695509
54.05608549002194, 10.110755298563674
54.11068759657752, 9.927844630172252
54.1652897031331, 9.744933961780838
54.219891809688676, 9.562023293389423
54.27449391624425, 9.379112624998001
54.32909602279983, 9.196201956606586
54.38369812935541, 9.013291288215171
54.43830023591099, 8.83038061982375
54.492902342466564, 8.647469951432335
54.54750444902214, 8.46455928304092
