Parameters: [49.043276228187196, 20.51035330737527, 5.104945419619184, 37.36547328606008, 3.8120541588335217, 0.06490146207567049, -3.282333042827148]
Points:
0.0, 20.51035330737527
0.04909236859678398, 20.697496075251628
0.09818473719356796, 20.884638843127984
0.14727710579035194, 21.071781611004344
0.19636947438713592, 21.258924378880703
0.2454618429839199, 21.446067146757063
0.2945542115807039, 21.63320991463342
0.34364658017748784, 21.820352682509778
0.39273894877427185, 22.007495450386138
0.44183131737105585, 22.194638218262497
0.4909236859678398, 22.381780986138853
0.5400160545646238, 22.568923754015213
0.5891084231614078, 22.756066521891572
0.6382007917581918, 22.94320928976793
0.6872931603549757, 23.130352057644288
0.7363855289517597, 23.317494825520647
0.7854778975485437, 23.504637593397007
0.8345702661453277, 23.691780361273363
0.8836626347421117, 23.878923129149722
0.9327550033388956, 24.066065897026082
0.9818473719356796, 24.253208664902438
1.0309397405324636, 24.440351432778797
1.0800321091292475, 24.627494200655157
1.1291244777260316, 24.814636968531516
1.1782168463228155, 25.001779736407876
1.2273092149195994, 25.188922504284232
1.2764015835163836, 25.37606527216059
1.3254939521131675, 25.563208040036947
1.3745863207099513, 25.750350807913307
1.4236786893067355, 25.937493575789667
1.4727710579035194, 26.124636343666026
1.5218634265003035, 26.311779111542386
1.5709557950970874, 26.49892187941874
1.6200481636938713, 26.6860646472951
1.6691405322906554, 26.87320741517146
1.7182329008874393, 27.060350183047817
1.7673252694842234, 27.247492950924176
1.8164176380810073, 27.434635718800536
1.8655100066777912, 27.621778486676895
1.9146023752745753, 27.808921254553255
1.9636947438713592, 27.99606402242961
2.012787112468143, 28.18320679030597
2.0618794810649272, 28.370349558182326
2.1109718496617114, 28.557492326058686
2.160064218258495, 28.744635093935045
2.209156586855279, 28.931777861811405
2.2582489554520633, 29.118920629687764
2.307341324048847, 29.30606339756412
2.356433692645631, 29.49320616544048
2.405526061242415, 29.680348933316836
2.454618429839199, 29.867491701193195
2.503710798435983, 30.054634469069555
2.552803167032767, 30.241777236945914
2.601895535629551, 30.428920004822274
2.650987904226335, 30.61606277269863
2.700080272823119, 30.80320554057499
2.7491726414199027, 30.990348308451345
2.798265010016687, 31.177491076327705
2.847357378613471, 31.364633844204064
2.896449747210255, 31.551776612080424
2.9455421158070387, 31.738919379956783
2.994634484403823, 31.926062147833143
3.043726853000607, 32.1132049157095
3.0928192215973906, 32.300347683585855
3.1419115901941748, 32.487490451462214
3.191003958790959, 32.674633219338574
3.2400963273877426, 32.86177598721493
3.2891886959845267, 33.04891875509129
3.338281064581311, 33.23606152296765
3.3873734331780945, 33.42320429084401
3.4364658017748786, 33.610347058720365
3.4855581703716627, 33.797489826596724
3.534650538968447, 33.984632594473084
3.5837429075652305, 34.17177536234944
3.6328352761620146, 34.3589181302258
3.6819276447587987, 34.54606089810216
3.7310200133555824, 34.73320366597852
3.7801123819523665, 34.920346433854874
3.8292047505491507, 35.10748920173124
3.8782971191459343, 35.29463196960759
3.9273894877427185, 35.48177473748395
3.9764818563395026, 35.66891750536031
4.025574224936286, 35.85606027323667
4.07466659353307, 36.04320304111303
4.1237589621298545, 36.230345808989384
4.172851330726639, 36.41748857686575
4.221943699323423, 36.6046313447421
4.271036067920206, 36.79177411261846
4.32012843651699, 36.97891688049482
4.369220805113774, 37.16605964837118
4.418313173710558, 37.35320241624754
4.467405542307342, 37.54034518412389
4.516497910904127, 37.72748795200026
4.56559027950091, 37.91463071987661
4.614682648097694, 38.10177348775297
4.663775016694478, 38.28891625562933
4.712867385291262, 38.47605902350569
4.761959753888046, 38.66320179138205
4.81105212248483, 38.8503445592584
4.8601444910816145, 39.03748732713477
4.909236859678398, 39.22463009501112
4.958329228275182, 39.41177286288748
5.007421596871966, 39.59891563076384
5.05651396546875, 39.7860583986402
5.105606334065534, 39.97072461916659
5.154698702662318, 39.973910785665275
5.203791071259102, 39.97709695216396
5.252883439855886, 39.980283118662655
5.30197580845267, 39.98346928516134
5.351068177049454, 39.98665545166003
5.400160545646238, 39.98984161815872
5.449252914243022, 39.99302778465741
5.498345282839805, 39.9962139511561
5.5474376514365895, 39.99940011765479
5.596530020033374, 40.00258628415347
5.645622388630158, 40.00577245065217
5.694714757226942, 40.00895861715085
5.743807125823726, 40.01214478364954
5.79289949442051, 40.01533095014823
5.841991863017293, 40.01851711664692
5.8910842316140775, 40.02170328314561
5.940176600210862, 40.0248894496443
5.989268968807646, 40.028075616142985
6.03836133740443, 40.03126178264168
6.087453706001214, 40.034447949140365
6.136546074597997, 40.03763411563905
6.185638443194781, 40.040820282137744
6.234730811791565, 40.04400644863643
6.2838231803883495, 40.047192615135124
6.332915548985134, 40.05037878163381
6.382007917581918, 40.0535649481325
6.431100286178702, 40.05675111463119
6.480192654775485, 40.059937281129876
6.529285023372269, 40.06312344762857
6.578377391969053, 40.066309614127256
6.6274697605658375, 40.06949578062594
6.676562129162622, 40.072681947124636
6.725654497759406, 40.07586811362332
6.774746866356189, 40.07905428012201
6.823839234952973, 40.0822404466207
6.872931603549757, 40.08542661311939
6.922023972146541, 40.08861277961808
6.971116340743325, 40.09179894611677
7.0202087093401095, 40.094985112615454
7.069301077936894, 40.09817127911415
7.118393446533677, 40.101357445612834
7.167485815130461, 40.10454361211153
7.216578183727245, 40.107729778610214
7.265670552324029, 40.1109159451089
7.314762920920813, 40.11410211160759
7.3638552895175975, 40.11728827810628
7.412947658114381, 40.120474444604966
7.462040026711165, 40.12366061110366
7.511132395307949, 40.126846777602346
7.560224763904733, 40.13003294410104
7.609317132501517, 40.133219110599725
7.658409501098301, 40.13640527709841
7.7075018696950846, 40.139591443597105
7.756594238291869, 40.14277761009579
7.805686606888653, 40.14596377659448
7.854778975485437, 40.14914994309317
7.903871344082221, 40.15233610959186
7.952963712679005, 40.15552227609055
8.00205608127579, 40.15870844258924
8.051148449872572, 40.16189460908792
8.100240818469358, 40.16508077558662
8.14933318706614, 40.1682669420853
8.198425555662924, 40.171453108584
8.247517924259709, 40.17463927508268
8.296610292856492, 40.17782544158137
8.345702661453277, 40.18101160808006
8.39479503005006, 40.18419777457875
8.443887398646845, 40.187383941077435
8.492979767243629, 40.19057010757613
8.542072135840412, 40.193756274074815
8.591164504437197, 40.19694244057351
8.64025687303398, 40.200128607072195
8.689349241630765, 40.20331477357088
8.738441610227548, 40.206500940069574
8.787533978824333, 40.20968710656826
8.836626347421117, 40.21287327306695
8.8857187160179, 40.21605943956564
8.934811084614685, 40.21924560606433
8.983903453211468, 40.22243177256302
9.032995821808253, 40.225617939061706
9.082088190405036, 40.22880410556039
9.13118055900182, 40.231990272059086
9.180272927598605, 40.23517643855777
9.229365296195388, 40.238362605056466
9.278457664792173, 40.24154877155515
9.327550033388956, 40.24473493805384
9.376642401985741, 40.24792110455253
9.425734770582524, 40.25110727105122
9.474827139179308, 40.254293437549904
9.523919507776093, 40.2574796040486
9.573011876372876, 40.260665770547284
9.62210424496966, 40.26385193704598
9.671196613566444, 40.267038103544664
9.720288982163229, 40.27022427004335
9.769381350760012, 40.273410436542044
9.818473719356795, 40.27659660304073
9.86756608795358, 40.279782769539416
9.916658456550364, 40.28296893603811
9.965750825147149, 40.286155102536796
10.014843193743932, 40.28934126903549
10.063935562340715, 40.292527435534176
10.1130279309375, 40.29571360203286
10.162120299534283, 40.298899768531555
10.211212668131068, 40.30208593503024
10.260305036727852, 40.305272101528935
10.309397405324637, 40.30845826802762
10.35848977392142, 40.31164443452631
10.407582142518203, 40.314830601025
10.456674511114988, 40.31801676752369
10.505766879711771, 40.321202934022374
10.554859248308556, 40.32438910052107
10.60395161690534, 40.32757526701975
10.653043985502125, 40.33076143351845
10.702136354098908, 40.33394760001713
10.751228722695691, 40.33713376651582
10.800321091292476, 40.34031993301451
10.84941345988926, 40.3435060995132
10.898505828486044, 40.346692266011885
10.947598197082828, 40.34987843251058
10.99669056567961, 40.353064599009265
11.045782934276396, 40.35625076550796
11.094875302873179, 40.359436932006645
11.143967671469964, 40.36262309850533
11.193060040066747, 40.365809265004025
11.242152408663532, 40.36899543150271
11.291244777260316, 40.372181598001404
11.340337145857099, 40.37536776450009
11.389429514453884, 40.37855393099878
11.438521883050667, 40.38174009749747
11.487614251647452, 40.38492626399616
11.536706620244235, 40.38811243049484
11.58579898884102, 40.391298596993536
11.634891357437803, 40.39448476349222
11.683983726034587, 40.397670929990916
11.733076094631372, 40.4008570964896
11.782168463228155, 40.40404326298829
11.83126083182494, 40.40722942948698
11.880353200421723, 40.41041559598567
11.929445569018508, 40.413601762484355
11.978537937615291, 40.41678792898305
12.027630306212075, 40.419974095481734
12.07672267480886, 40.42316026198043
12.125815043405643, 40.426346428479114
12.174907412002428, 40.4295325949778
12.223999780599211, 40.432718761476494
12.273092149195994, 40.43590492797518
12.32218451779278, 40.43909109447387
12.371276886389563, 40.44227726097256
12.420369254986348, 40.445463427471246
12.46946162358313, 40.44864959396994
12.518553992179916, 40.451835760468626
12.567646360776699, 40.45502192696731
12.616738729373482, 40.458208093466006
12.665831097970267, 40.46139425996469
12.71492346656705, 40.464580426463385
12.764015835163836, 40.46776659296207
12.813108203760619, 40.47095275946076
12.862200572357404, 40.47413892595945
12.911292940954187, 40.47732509245814
12.96038530955097, 40.480511258956824
13.009477678147755, 40.48369742545552
13.058570046744538, 40.486883591954204
13.107662415341323, 40.4900697584529
13.156754783938107, 40.49325592495158
13.20584715253489, 40.49644209145027
13.254939521131675, 40.49962825794896
13.304031889728458, 40.50281442444765
13.353124258325243, 40.50600059094634
13.402216626922026, 40.50918675744503
13.451308995518811, 40.512372923943715
13.500401364115595, 40.51555909044241
13.549493732712378, 40.518745256941095
13.598586101309163, 40.52193142343978
13.647678469905946, 40.525117589938475
13.696770838502731, 40.52830375643716
13.745863207099514, 40.531489922935855
13.7949555756963, 40.53467608943454
13.844047944293083, 40.53786225593323
13.893140312889866, 40.54104842243192
13.94223268148665, 40.54423458893061
13.991325050083434, 40.54742075542929
14.040417418680219, 40.55060692192799
14.089509787277002, 40.55379308842667
14.138602155873787, 40.556979254925366
14.18769452447057, 40.56016542142405
14.236786893067354, 40.56335158792274
14.285879261664139, 40.56653775442143
14.334971630260922, 40.56972392092012
14.384063998857707, 40.57291008741881
14.43315636745449, 40.5760962539175
14.482248736051273, 40.579282420416185
14.531341104648059, 40.58246858691488
14.580433473244842, 40.585654753413564
14.629525841841627, 40.58884091991225
14.67861821043841, 40.592027086410944
14.727710579035195, 40.59521325290963
14.776802947631978, 40.598399419408324
14.825895316228761, 40.60158558590701
14.874987684825546, 40.604771752405696
14.92408005342233, 40.60795791890439
14.973172422019115, 40.611144085403076
15.022264790615898, 40.61433025190176
15.071357159212683, 40.617516418400456
15.120449527809466, 40.62070258489914
15.16954189640625, 40.623888751397836
15.218634265003034, 40.62707491789652
15.267726633599818, 40.63026108439521
15.316819002196603, 40.6334472508939
15.365911370793386, 40.63663341739259
15.415003739390169, 40.63981958389128
15.464096107986954, 40.64300575038997
15.513188476583737, 40.646191916888654
15.562280845180522, 40.64937808338735
15.611373213777306, 40.652564249886034
15.66046558237409, 40.65575041638472
15.709557950970874, 40.65893658288341
15.758650319567657, 40.6621227493821
15.807742688164442, 40.66530891588079
15.856835056761225, 40.66849508237948
15.90592742535801, 40.671681248878166
15.955019793954794, 40.67486741537686
16.00411216255158, 40.678053581875545
16.05320453114836, 40.68123974837423
16.102296899745145, 40.684425914872925
16.15138926834193, 40.68761208137161
16.200481636938715, 40.690798247870305
16.249574005535496, 40.69398441436899
16.29866637413228, 40.69717058086768
16.347758742729066, 40.70035674736637
16.396851111325848, 40.70354291386506
16.445943479922633, 40.70672908036375
16.495035848519418, 40.70991524686244
16.544128217116203, 40.71310141336112
16.593220585712984, 40.71628757985982
16.64231295430977, 40.7194737463585
16.691405322906554, 40.72265991285719
16.740497691503336, 40.72584607935588
16.78959006010012, 40.72903224585457
16.838682428696906, 40.73221841235326
16.88777479729369, 40.73540457885195
16.936867165890472, 40.738590745350635
16.985959534487257, 40.74177691184933
17.035051903084042, 40.744963078348015
17.084144271680824, 40.7481492448467
17.13323664027761, 40.751335411345394
17.182329008874394, 40.75452157784408
17.23142137747118, 40.757707744342774
17.28051374606796, 40.76089391084146
17.329606114664745, 40.76408007734015
17.37869848326153, 40.76726624383884
17.427790851858312, 40.770452410337526
17.476883220455097, 40.77363857683622
17.525975589051882, 40.776824743334906
17.575067957648667, 40.78001090983359
17.62416032624545, 40.783197076332286
17.673252694842233, 40.78638324283097
17.72234506343902, 40.78956940932966
17.7714374320358, 40.79275557582835
17.820529800632585, 40.79594174232704
17.86962216922937, 40.79912790882573
17.91871453782615, 40.80231407532442
17.967806906422936, 40.805500241823104
18.01689927501972, 40.8086864083218
18.065991643616506, 40.811872574820484
18.115084012213288, 40.81505874131917
18.164176380810073, 40.81824490781786
18.213268749406858, 40.82143107431655
18.26236111800364, 40.82461724081524
18.311453486600424, 40.82780340731393
18.36054585519721, 40.830989573812616
18.409638223793994, 40.83417574031131
18.458730592390776, 40.837361906809996
18.50782296098756, 40.84054807330869
18.556915329584346, 40.843734239807375
18.606007698181127, 40.84692040630606
18.655100066777912, 40.850106572804755
18.704192435374697, 40.85329273930344
18.753284803971482, 40.85647890580213
18.802377172568264, 40.85966507230082
18.85146954116505, 40.86285123879951
18.900561909761834, 40.8660374052982
18.949654278358615, 40.86922357179689
18.9987466469554, 40.87240973829557
19.047839015552185, 40.87559590479427
19.09693138414897, 40.87878207129295
19.14602375274575, 40.88196823779164
19.195116121342537, 40.88515440429033
19.24420848993932, 40.88834057078902
19.293300858536103, 40.89152673728771
19.342393227132888, 40.8947129037864
19.391485595729673, 40.897899070285085
19.440577964326458, 40.90108523678378
19.48967033292324, 40.904271403282465
19.538762701520024, 40.90745756978116
19.58785507011681, 40.910643736279845
19.63694743871359, 40.91382990277853
19.686039807310376, 40.917016069277224
19.73513217590716, 40.92020223577591
19.784224544503946, 40.9233884022746
19.833316913100727, 40.92657456877329
19.882409281697512, 40.92976073527198
19.931501650294297, 40.93294690177067
19.98059401889108, 40.936133068269356
20.029686387487864, 40.93931923476804
20.07877875608465, 40.942505401266736
20.12787112468143, 40.94569156776542
20.176963493278215, 40.94887773426411
20.226055861875, 40.9520639007628
20.275148230471785, 40.95525006726149
20.324240599068567, 40.95843623376018
20.373332967665352, 40.96162240025887
20.422425336262137, 40.964808566757554
20.47151770485892, 40.96799473325625
20.520610073455703, 40.971180899754934
20.56970244205249, 40.97436706625363
20.618794810649273, 40.977553232752314
20.667887179246055, 40.980739399251
20.71697954784284, 40.98392556574969
20.766071916439625, 40.98711173224838
20.815164285036406, 40.990297898747066
20.86425665363319, 40.99348406524576
20.913349022229976, 40.996670231744446
20.96244139082676, 40.99985639824314
21.011533759423543, 41.003042564741826
21.060626128020328, 41.00622873124051
21.109718496617113, 41.009414897739205
21.158810865213894, 41.01260106423789
21.20790323381068, 41.01578723073658
21.256995602407464, 41.01897339723527
21.30608797100425, 41.02215956373396
21.35518033960103, 41.02534573023265
21.404272708197816, 41.02853189673134
21.4533650767946, 41.031718063230024
21.502457445391382, 41.03490422972872
21.551549813988167, 41.0380903962274
21.600642182584952, 41.0412765627261
21.649734551181737, 41.04446272922478
21.69882691977852, 41.04764889572347
21.747919288375304, 41.05083506222216
21.79701165697209, 41.05402122872085
21.84610402556887, 41.057207395219535
21.895196394165655, 41.06039356171823
21.94428876276244, 41.063579728216915
21.99338113135922, 41.06676589471561
22.042473499956007, 41.069952061214295
22.09156586855279, 41.07313822771298
22.140658237149577, 41.076324394211674
22.189750605746358, 41.07951056071036
22.238842974343143, 41.082696727209054
22.287935342939928, 41.08588289370774
22.33702771153671, 41.08906906020643
22.386120080133495, 41.09225522670512
22.43521244873028, 41.09544139320381
22.484304817327065, 41.09862755970249
22.533397185923846, 41.101813726201186
22.58248955452063, 41.10499989269987
22.631581923117416, 41.108186059198566
22.680674291714197, 41.11137222569725
22.729766660310982, 41.11455839219594
22.778859028907767, 41.11774455869463
22.827951397504552, 41.12093072519332
22.877043766101334, 41.124116891692005
22.92613613469812, 41.1273030581907
22.975228503294904, 41.130489224689384
23.024320871891685, 41.13367539118808
23.07341324048847, 41.136861557686764
23.122505609085255, 41.14004772418545
23.17159797768204, 41.143233890684144
23.220690346278822, 41.14642005718283
23.269782714875607, 41.149606223681516
23.318875083472392, 41.15279239018021
23.367967452069173, 41.155978556678896
23.41705982066596, 41.15916472317759
23.466152189262743, 41.162350889676276
23.51524455785953, 41.16553705617496
23.56433692645631, 41.168723222673655
23.613429295053095, 41.17190938917234
23.66252166364988, 41.175095555671035
23.71161403224666, 41.17828172216972
23.760706400843446, 41.18146788866841
23.80979876944023, 41.1846540551671
23.858891138037016, 41.18784022166579
23.907983506633798, 41.191026388164474
23.957075875230583, 41.19421255466317
24.006168243827368, 41.19739872116185
24.05526061242415, 41.20058488766055
24.104352981020934, 41.20377105415923
24.15344534961772, 41.20695722065792
24.2025377182145, 41.21014338715661
24.251630086811286, 41.2133295536553
24.30072245540807, 41.21651572015399
24.349814824004856, 41.21970188665268
24.398907192601637, 41.222888053151365
24.447999561198422, 41.22607421965006
24.497091929795207, 41.229260386148745
24.54618429839199, 41.23244655264743
24.595276666988774, 41.235632719146125
24.64436903558556, 41.23881888564481
24.693461404182344, 41.242005052143504
24.742553772779125, 41.24519121864219
24.79164614137591, 41.24837738514088
24.840738509972695, 41.25156355163957
24.889830878569477, 41.25474971813826
24.93892324716626, 41.25793588463694
24.988015615763047, 41.26112205113564
25.03710798435983, 41.26430821763432
25.086200352956613, 41.267494384133016
25.135292721553398, 41.2706805506317
25.184385090150183, 41.27386671713039
25.233477458746965, 41.27705288362908
25.28256982734375, 41.28023905012777
25.331662195940535, 41.283425216626455
25.38075456453732, 41.28661138312515
25.4298469331341, 41.289797549623835
25.478939301730886, 41.29298371612253
25.52803167032767, 41.296169882621214
25.577124038924453, 41.2993560491199
25.626216407521238, 41.302542215618594
25.675308776118023, 41.30572838211728
25.724401144714808, 41.308914548615974
25.77349351331159, 41.31210071511466
25.822585881908374, 41.315286881613346
25.87167825050516, 41.31847304811204
25.92077061910194, 41.321659214610726
25.969862987698725, 41.32484538110941
26.01895535629551, 41.328031547608106
26.068047724892295, 41.33121771410679
26.117140093489077, 41.334403880605485
26.166232462085862, 41.33759004710417
26.215324830682647, 41.34077621360286
26.26441719927943, 41.34396238010155
26.313509567876213, 41.34714854660024
26.362601936473, 41.35033471309893
26.41169430506978, 41.35352087959762
26.460786673666565, 41.356707046096304
26.50987904226335, 41.359893212595
26.558971410860135, 41.36307937909368
26.608063779456916, 41.36626554559237
26.6571561480537, 41.36945171209106
26.706248516650486, 41.37263787858975
26.755340885247268, 41.37582404508844
26.804433253844053, 41.37901021158713
26.853525622440838, 41.382196378085816
26.902617991037623, 41.38538254458451
26.951710359634404, 41.388568711083195
27.00080272823119, 41.39175487758188
27.049895096827974, 41.394941044080575
27.098987465424756, 41.39812721057926
27.14807983402154, 41.401313377077955
27.197172202618326, 41.40449954357664
27.24626457121511, 41.40768571007533
27.295356939811892, 41.41087187657402
27.344449308408677, 41.41405804307271
27.393541677005462, 41.41724420957139
27.442634045602244, 41.42043037607009
27.49172641419903, 41.42361654256877
27.540818782795814, 41.426802709067466
27.5899111513926, 41.42998887556615
27.63900351998938, 41.43317504206484
27.688095888586165, 41.43636120856353
27.73718825718295, 41.43954737506222
27.78628062577973, 41.44273354156091
27.835372994376517, 41.4459197080596
27.8844653629733, 41.449105874558285
27.933557731570087, 41.45229204105698
27.982650100166868, 41.455478207555664
28.031742468763653, 41.45866437405435
28.080834837360438, 41.461850540553044
28.12992720595722, 41.46503670705173
28.179019574554005, 41.468222873550424
28.22811194315079, 41.47140904004911
28.277204311747575, 41.4745952065478
28.326296680344356, 41.47778137304649
28.37538904894114, 41.480967539545176
28.424481417537926, 41.48415370604387
28.473573786134708, 41.487339872542556
28.522666154731493, 41.49052603904124
28.571758523328278, 41.493712205539936
28.62085089192506, 41.49689837203862
28.669943260521844, 41.50008453853731
28.71903562911863, 41.503270705036
28.768127997715414, 41.50645687153469
28.817220366312196, 41.50964303803338
28.86631273490898, 41.51282920453207
28.915405103505766, 41.516015371030754
28.964497472102547, 41.51920153752945
29.013589840699332, 41.522387704028134
29.062682209296117, 41.52557387052682
29.111774577892902, 41.52876003702551
29.160866946489683, 41.5319462035242
29.20995931508647, 41.53513237002289
29.259051683683253, 41.53831853652158
29.308144052280035, 41.541504703020266
29.35723642087682, 41.54469086951896
29.406328789473605, 41.547877036017645
29.45542115807039, 41.55106320251634
29.50451352666717, 41.554249369015025
29.553605895263956, 41.55743553551371
29.60269826386074, 41.560621702012405
29.651790632457523, 41.56380786851109
29.700883001054308, 41.56699403500978
29.749975369651093, 41.57018020150847
29.799067738247878, 41.57336636800716
29.84816010684466, 41.57655253450585
29.897252475441444, 41.57973870100454
29.94634484403823, 41.58292486750322
29.99543721263501, 41.58611103400192
30.044529581231796, 41.5892972005006
30.09362194982858, 41.59248336699929
30.142714318425366, 41.59566953349798
30.191806687022147, 41.59885569999667
30.240899055618932, 41.60204186649536
30.289991424215717, 41.60522803299405
30.3390837928125, 41.608414199492735
30.388176161409284, 41.61160036599143
30.43726853000607, 41.614786532490115
30.48636089860285, 41.61797269898881
30.535453267199635, 41.621158865487494
30.58454563579642, 41.62434503198618
30.633638004393205, 41.627531198484874
30.682730372989987, 41.63071736498356
30.73182274158677, 41.63390353148225
30.780915110183557, 41.63708969798094
30.830007478780338, 41.64027586447963
30.879099847377123, 41.64346203097832
30.928192215973908, 41.646648197477006
30.977284584570693, 41.64983436397569
31.026376953167475, 41.653020530474386
31.07546932176426, 41.65620669697307
31.124561690361045, 41.65939286347176
31.173654058957826, 41.66257902997045
31.22274642755461, 41.66576519646914
31.271838796151396, 41.66895136296783
31.32093116474818, 41.67213752946652
31.370023533344963, 41.675323695965204
31.419115901941748, 41.6785098624639
31.468208270538533, 41.681696028962584
31.517300639135314, 41.68488219546127
31.5663930077321, 41.688068361959964
31.615485376328884, 41.69125452845865
31.66457774492567, 41.69444069495734
31.71367011352245, 41.69762686145603
31.762762482119236, 41.700813027954716
31.81185485071602, 41.70399919445341
31.860947219312802, 41.707185360952096
31.910039587909587, 41.71037152745079
31.959131956506372, 41.713557693949475
32.00822432510316, 41.71674386044816
32.05731669369994, 41.719930026946855
32.10640906229672, 41.72311619344554
32.15550143089351, 41.72630235994423
32.20459379949029, 41.72948852644292
32.25368616808708, 41.73267469294161
32.30277853668386, 41.7358608594403
32.35187090528064, 41.73904702593899
32.40096327387743, 41.74223319243767
32.45005564247421, 41.74541935893637
32.49914801107099, 41.74860552543505
32.54824037966778, 41.75179169193375
32.59733274826456, 41.75497785843243
32.646425116861344, 41.75816402493112
32.69551748545813, 41.76135019142981
32.744609854054914, 41.7645363579285
32.793702222651696, 41.767722524427185
32.842794591248484, 41.77090869092588
32.891886959845266, 41.774094857424565
32.940979328442054, 41.77728102392326
32.990071697038836, 41.780467190421945
33.03916406563562, 41.78365335692063
33.088256434232406, 41.786839523419324
33.13734880282919, 41.79002568991801
33.18644117142597, 41.7932118564167
33.23553354002276, 41.79639802291539
33.28462590861954, 41.79958418941408
33.33371827721632, 41.80277035591277
33.38281064581311, 41.805956522411456
33.43190301440989, 41.80914268891014
33.48099538300667, 41.812328855408836
33.53008775160346, 41.81551502190752
33.57918012020024, 41.81870118840621
33.62827248879702, 41.8218873549049
33.67736485739381, 41.82507352140359
33.72645722599059, 41.82825968790228
33.77554959458738, 41.83144585440097
33.82464196318416, 41.834632020899654
33.873734331780945, 41.83781818739835
33.92282670037773, 41.841004353897034
33.971919068974515, 41.84419052039573
34.021011437571296, 41.847376686894414
34.070103806168085, 41.8505628533931
34.119196174764866, 41.853749019891794
34.16828854336165, 41.85693518639048
34.217380911958436, 41.860121352889166
34.26647328055522, 41.86330751938786
34.315565649152, 41.866493685886546
34.36465801774879, 41.86967985238524
34.41375038634557, 41.872866018883926
34.46284275494236, 41.87605218538261
34.51193512353914, 41.879238351881305
34.56102749213592, 41.88242451837999
34.61011986073271, 41.885610684878685
34.65921222932949, 41.88879685137737
34.70830459792627, 41.89198301787606
34.75739696652306, 41.89516918437475
34.80648933511984, 41.89835535087344
34.855581703716624, 41.901541517372124
34.90467407231341, 41.90472768387082
34.953766440910194, 41.9079138503695
35.002858809506975, 41.9111000168682
35.051951178103764, 41.91428618336688
35.101043546700545, 41.91747234986557
35.150135915297334, 41.92065851636426
35.199228283894115, 41.92384468286295
35.2483206524909, 41.927030849361635
35.297413021087685, 41.93021701586033
35.34650538968447, 41.933403182359015
35.39559775828125, 41.93658934885771
35.44469012687804, 41.939775515356395
35.49378249547482, 41.94296168185508
35.5428748640716, 41.946147848353775
35.59196723266839, 41.94933401485246
35.64105960126517, 41.952520181351154
35.69015196986195, 41.95570634784984
35.73924433845874, 41.95889251434853
35.78833670705552, 41.96207868084722
35.8374290756523, 41.96526484734591
35.88652144424909, 41.96845101384459
35.93561381284587, 41.971637180343286
35.98470618144266, 41.97482334684197
36.03379855003944, 41.978009513340666
36.082890918636224, 41.98119567983935
36.13198328723301, 41.98438184633804
36.181075655829794, 41.98756801283673
36.230168024426575, 41.99075417933542
36.279260393023364, 41.993940345834105
36.328352761620145, 41.9971265123328
36.37744513021693, 42.000312678831484
36.426537498813715, 42.00349884533018
36.4756298674105, 42.006685011828864
36.52472223600728, 42.00987117832755
36.57381460460407, 42.013057344826244
36.62290697320085, 42.01624351132493
36.67199934179764, 42.019429677823624
36.72109171039442, 42.02261584432231
36.7701840789912, 42.025802010820996
36.81927644758799, 42.02898817731969
36.86836881618477, 42.032174343818376
36.91746118478155, 42.03536051031706
36.96655355337834, 42.038546676815756
37.01564592197512, 42.04173284331444
37.0647382905719, 42.044919009813135
37.11383065916869, 42.04810517631182
37.16292302776547, 42.05129134281051
37.212015396362254, 42.0544775093092
37.26110776495904, 42.05766367580789
37.310200133555824, 42.06084984230658
37.35929250215261, 42.06403600880527
37.408384870749394, 41.92358703837183
37.457477239346176, 41.76244953477596
37.506569607942964, 41.60131203118007
37.555661976539746, 41.440174527584205
37.60475434513653, 41.27903702398834
37.653846713733316, 41.11789952039245
37.7029390823301, 40.95676201679659
37.75203145092688, 40.79562451320072
37.80112381952367, 40.63448700960483
37.85021618812045, 40.473349506008965
37.89930855671723, 40.3122120024131
37.94840092531402, 40.15107449881721
37.9974932939108, 39.98993699522135
38.04658566250758, 39.82879949162548
38.09567803110437, 39.66766198802959
38.14477039970115, 39.506524484433726
38.19386276829794, 39.34538698083784
38.24295513689472, 39.18424947724197
38.2920475054915, 39.0231119736461
38.34113987408829, 38.861974470050214
38.39023224268507, 38.700836966454354
38.439324611281855, 38.539699462858486
38.48841697987864, 38.3785619592626
38.537509348475425, 38.21742445566673
38.586601717072206, 38.05628695207086
38.635694085668995, 37.895149448474974
38.684786454265776, 37.734011944879114
38.73387882286256, 37.57287444128325
38.782971191459346, 37.41173693768736
38.83206356005613, 37.25059943409149
38.881155928652916, 37.0894619304956
38.9302482972497, 36.928324426899735
38.97934066584648, 36.76718692330387
39.02843303444327, 36.60604941970798
39.07752540304005, 36.44491191611212
39.12661777163683, 36.28377441251625
39.17571014023362, 36.12263690892036
39.2248025088304, 35.961499405324496
39.27389487742718, 35.80036190172863
39.32298724602397, 35.63922439813274
39.37207961462075, 35.47808689453687
39.42117198321753, 35.31694939094101
39.47026435181432, 35.15581188734512
39.5193567204111, 34.994674383749256
39.56844908900789, 34.83353688015337
39.61754145760467, 34.6723993765575
39.666633826201455, 34.51126187296163
39.71572619479824, 34.350124369365744
39.764818563395025, 34.188986865769884
39.813910931991806, 34.02784936217402
39.863003300588595, 33.86671185857813
39.912095669185376, 33.70557435498226
39.96118803778216, 33.54443685138639
40.010280406378946, 33.383299347790505
40.05937277497573, 33.222161844194645
40.10846514357251, 33.06102434059878
40.1575575121693, 32.89988683700289
40.20664988076608, 32.73874933340702
40.25574224936286, 32.577611829811154
40.30483461795965, 32.416474326215265
40.35392698655643, 32.2553368226194
40.40301935515322, 32.09419931902351
40.45211172375, 31.933061815427646
40.50120409234678, 31.771924311831782
40.55029646094357, 31.610786808235893
40.59938882954035, 31.449649304640026
40.648481198137134, 31.28851180104416
40.69757356673392, 31.12737429744827
40.746665935330704, 30.966236793852406
40.795758303927485, 30.805099290256543
40.844850672524274, 30.643961786660654
40.893943041121055, 30.482824283064787
40.94303540971784, 30.32168677946892
40.992127778314625, 30.16054927587303
41.04122014691141, 29.999411772277163
41.090312515508195, 29.838274268681275
41.13940488410498, 29.67713676508541
41.18849725270176, 29.515999261489547
41.23758962129855, 29.35486175789366
41.28668198989533, 29.19372425429779
41.33577435849211, 29.032586750701924
41.3848667270889, 28.871449247106035
41.43395909568568, 28.71031174351017
41.48305146428246, 28.549174239914308
41.53214383287925, 28.38803673631842
41.58123620147603, 28.226899232722552
41.63032857007281, 28.065761729126685
41.6794209386696, 27.904624225530796
41.72851330726638, 27.74348672193493
41.77760567586317, 27.58234921833904
41.82669804445995, 27.421211714743176
41.875790413056734, 27.260074211147312
41.92488278165352, 27.098936707551424
41.973975150250304, 26.937799203955556
42.023067518847085, 26.77666170035969
42.072159887443874, 26.6155241967638
42.121252256040655, 26.454386693167937
42.17034462463744, 26.293249189572073
42.219436993234225, 26.13211168597618
42.26852936183101, 25.970974182380317
42.31762173042779, 25.80983667878445
42.36671409902458, 25.64869917518856
42.41580646762136, 25.487561671592697
42.46489883621814, 25.32642416799683
42.51399120481493, 25.16528666440094
42.56308357341171, 25.004149160805074
42.6121759420085, 24.843011657209185
42.66126831060528, 24.68187415361332
42.71036067920206, 24.520736650017454
42.75945304779885, 24.359599146421566
42.80854541639563, 24.198461642825702
42.85763778499241, 24.037324139229835
42.9067301535892, 23.876186635633946
42.95582252218598, 23.715049132038082
43.004914890782764, 23.553911628442215
43.05400725937955, 23.392774124846326
43.103099627976334, 23.231636621250463
43.152191996573116, 23.070499117654595
43.201284365169904, 22.909361614058707
43.250376733766686, 22.74822411046284
43.299469102363474, 22.58708660686695
43.348561470960256, 22.425949103271087
43.39765383955704, 22.26481159967522
43.446746208153826, 22.10367409607933
43.49583857675061, 21.942536592483467
43.54493094534739, 21.7813990888876
43.59402331394418, 21.62026158529171
43.64311568254096, 21.459124081695848
43.69220805113774, 21.29798657809998
43.74130041973453, 21.13684907450409
43.79039278833131, 20.975711570908224
43.83948515692809, 20.81457406731236
43.88857752552488, 20.653436563716472
43.93766989412166, 20.492299060120605
43.98676226271844, 20.33116155652474
44.03585463131523, 20.170024052928852
44.08494699991201, 20.008886549332985
44.1340393685088, 19.847749045737096
44.18313173710558, 19.686611542141232
44.232224105702365, 19.525474038545365
44.28131647429915, 19.364336534949476
44.330408842895935, 19.20319903135361
44.379501211492716, 19.042061527757745
44.428593580089505, 18.880924024161857
44.477685948686286, 18.71978652056599
44.52677831728307, 18.558649016970126
44.575870685879856, 18.397511513374237
44.62496305447664, 18.23637400977837
44.67405542307342, 18.075236506182506
44.72314779167021, 17.914099002586617
44.77224016026699, 17.75296149899075
44.82133252886378, 17.59182399539486
44.87042489746056, 17.430686491798998
44.91951726605734, 17.26954898820313
44.96860963465413, 17.10841148460724
45.01770200325091, 16.947273981011374
45.06679437184769, 16.78613647741551
45.11588674044448, 16.624998973819622
45.16497910904126, 16.463861470223755
45.21407147763804, 16.30272396662789
45.26316384623483, 16.141586463032002
45.31225621483161, 15.980448959436135
45.361348583428395, 15.819311455840271
45.41044095202518, 15.658173952244383
45.459533320621965, 15.497036448648515
45.50862568921875, 15.335898945052627
45.557718057815535, 15.17476144145676
45.606810426412316, 15.013623937860896
45.655902795009105, 14.852486434265007
45.704995163605886, 14.69134893066914
45.75408753220267, 14.530211427073276
45.80317990079946, 14.369073923477387
45.85227226939624, 14.20793641988152
45.90136463799302, 14.046798916285656
45.95045700658981, 13.885661412689768
45.99954937518659, 13.7245239090939
46.04864174378337, 13.563386405498036
46.09773411238016, 13.402248901902148
46.14682648097694, 13.24111139830628
46.19591884957372, 13.079973894710417
46.24501121817051, 12.918836391114525
46.29410358676729, 12.75769888751866
46.34319595536408, 12.596561383922772
46.39228832396086, 12.435423880326905
46.441380692557644, 12.274286376731041
46.49047306115443, 12.113148873135152
46.539565429751214, 11.952011369539285
46.588657798347995, 11.790873865943421
46.637750166944784, 11.629736362347533
46.686842535541565, 11.468598858751665
46.73593490413835, 11.307461355155802
46.785027272735135, 11.14632385155991
46.83411964133192, 10.985186347964046
46.8832120099287, 10.824048844368178
46.93230437852549, 10.66291134077229
46.98139674712227, 10.501773837176426
47.03048911571906, 10.340636333580537
47.07958148431584, 10.17949882998467
47.12867385291262, 10.018361326388806
47.17776622150941, 9.857223822792918
47.22685859010619, 9.69608631919705
47.27595095870297, 9.534948815601183
47.32504332729976, 9.373811312005294
47.37413569589654, 9.212673808409434
47.42322806449332, 9.051536304813567
47.47232043309011, 8.890398801217678
47.52141280168689, 8.729261297621811
47.570505170283674, 8.568123794025944
47.61959753888046, 8.406986290430055
47.668689907477244, 8.245848786834188
47.71778227607403, 8.084711283238299
47.766874644670814, 7.923573779642439
47.815967013267596, 7.7624362760465715
47.865059381864384, 7.601298772450683
47.914151750461166, 7.4401612688548155
47.96324411905795, 7.279023765258948
48.012336487654736, 7.11788626166306
48.06142885625152, 6.956748758067192
48.1105212248483, 6.795611254471332
48.15961359344509, 6.634473750875443
48.20870596204187, 6.473336247279576
48.25779833063865, 6.312198743683709
48.30689069923544, 6.15106124008782
48.35598306783222, 5.989923736491953
48.405075436429, 5.828786232896093
48.45416780502579, 5.667648729300204
48.50326017362257, 5.506511225704337
48.55235254221936, 5.345373722108448
48.60144491081614, 5.184236218512581
48.65053727941292, 5.0230987149167134
48.69962964800971, 4.861961211320825
48.74872201660649, 4.7008237077249575
48.797814385203274, 4.539686204129097
48.84690675380006, 4.378548700533209
48.895999122396844, 4.217411196937341
48.945091490993626, 4.056273693341474
48.994183859590414, 3.8951361897455854
49.043276228187196, 3.733998686149718
