Parameters: [49.11343857703052, 23.404924795244753, 8.85108006184743, 38.597247166917604, 3.6546641648072473, 0.05124393273332406, -3.4593459532441915]
Points:
0.0, 23.404924795244753
0.04916260117820873, 23.584597592019463
0.09832520235641747, 23.764270388794174
0.1474878035346262, 23.943943185568884
0.19665040471283493, 24.123615982343594
0.24581300589104366, 24.303288779118304
0.2949756070692524, 24.482961575893015
0.3441382082474611, 24.662634372667725
0.39330080942566986, 24.84230716944243
0.4424634106038786, 25.021979966217142
0.4916260117820873, 25.201652762991852
0.540788612960296, 25.381325559766562
0.5899512141385048, 25.560998356541273
0.6391138153167135, 25.740671153315983
0.6882764164949222, 25.920343950090693
0.737439017673131, 26.100016746865403
0.7866016188513397, 26.279689543640114
0.8357642200295484, 26.459362340414824
0.8849268212077572, 26.639035137189534
0.9340894223859659, 26.818707933964244
0.9832520235641746, 26.99838073073895
1.0324146247423833, 27.17805352751366
1.081577225920592, 27.35772632428837
1.130739827098801, 27.537399121063082
1.1799024282770096, 27.717071917837792
1.2290650294552183, 27.896744714612502
1.278227630633427, 28.076417511387213
1.3273902318116357, 28.256090308161923
1.3765528329898444, 28.435763104936633
1.4257154341680534, 28.615435901711344
1.474878035346262, 28.795108698486054
1.5240406365244707, 28.974781495260764
1.5732032377026794, 29.154454292035474
1.6223658388808881, 29.334127088810185
1.6715284400590968, 29.513799885584895
1.7206910412373055, 29.693472682359605
1.7698536424155145, 29.873145479134315
1.8190162435937232, 30.052818275909026
1.8681788447719319, 30.232491072683732
1.9173414459501406, 30.412163869458443
1.9665040471283493, 30.591836666233153
2.015666648306558, 30.771509463007863
2.0648292494847666, 30.951182259782573
2.1139918506629756, 31.130855056557284
2.163154451841184, 31.310527853331994
2.212317053019393, 31.490200650106704
2.261479654197602, 31.669873446881414
2.3106422553758104, 31.84954624365612
2.3598048565540193, 32.02921904043083
2.4089674577322278, 32.20889183720554
2.4581300589104367, 32.38856463398025
2.507292660088645, 32.56823743075496
2.556455261266854, 32.74791022752967
2.605617862445063, 32.92758302430438
2.6547804636232715, 33.10725582107909
2.7039430648014804, 33.2869286178538
2.753105665979689, 33.466601414628514
2.802268267157898, 33.646274211403224
2.8514308683361067, 33.825947008177934
2.900593469514315, 34.005619804952644
2.949756070692524, 34.185292601727355
2.9989186718707326, 34.364965398502065
3.0480812730489415, 34.544638195276775
3.09724387422715, 34.724310992051485
3.146406475405359, 34.903983788826196
3.195569076583568, 35.083656585600906
3.2447316777617763, 35.263329382375616
3.293894278939985, 35.44300217915033
3.3430568801181937, 35.62267497592504
3.3922194812964026, 35.80234777269975
3.441382082474611, 35.98202056947446
3.49054468365282, 36.16169336624917
3.539707284831029, 36.34136616302388
3.5888698860092374, 36.52103895979858
3.6380324871874463, 36.7007117565733
3.687195088365655, 36.880384553348
3.7363576895438637, 37.06005735012271
3.7855202907220726, 37.23973014689742
3.834682891900281, 37.41940294367213
3.88384549307849, 37.59907574044684
3.9330080942566985, 37.77874853722155
3.9821706954349074, 37.95842133399626
4.031333296613116, 38.13809413077097
4.080495897791325, 38.317766927545684
4.129658498969533, 38.497439724320394
4.178821100147743, 38.677112521095104
4.227983701325951, 38.856785317869814
4.27714630250416, 39.036458114644525
4.326308903682368, 39.216130911419235
4.3754715048605775, 39.395803708193945
4.424634106038786, 39.575476504968655
4.473796707216994, 39.75514930174336
4.522959308395204, 39.934822098518076
4.572121909573412, 40.11449489529278
4.621284510751621, 40.29416769206749
4.670447111929829, 40.4738404888422
4.719609713108039, 40.65351328561691
4.768772314286247, 40.83318608239162
4.8179349154644555, 41.01285887916633
4.867097516642665, 41.19253167594104
4.916260117820873, 41.37220447271575
4.965422718999082, 41.55187726949046
5.01458532017729, 41.73155006626517
5.0637479213555, 41.91122286303988
5.112910522533708, 42.09089565981459
5.162073123711917, 42.2705684565893
5.211235724890126, 42.45024125336401
5.2603983260683345, 42.62991405013872
5.309560927246543, 42.80958684691343
5.358723528424752, 42.98925964368814
5.407886129602961, 43.168932440462854
5.457048730781169, 43.348605237237564
5.506211331959378, 43.528278034012274
5.555373933137587, 43.707950830786984
5.604536534315796, 43.887623627561695
5.653699135494004, 44.067296424336405
5.702861736672213, 44.246969221111115
5.752024337850422, 44.426642017885825
5.80118693902863, 44.606314814660536
5.850349540206839, 44.785987611435246
5.899512141385048, 44.965660408209956
5.948674742563257, 45.14533320498467
5.997837343741465, 45.32500600175938
6.0469999449196745, 45.50467879853409
6.096162546097883, 45.6843515953088
6.1453251472760915, 45.86402439208351
6.1944877484543, 46.04369718885822
6.243650349632509, 46.22336998563293
6.292812950810718, 46.40304278240764
6.341975551988926, 46.58271557918235
6.391138153167136, 46.76238837595706
6.440300754345344, 46.94206117273177
6.489463355523553, 47.12173396950647
6.538625956701761, 47.30140676628118
6.58778855787997, 47.4810795630559
6.636951159058179, 47.6607523598306
6.686113760236387, 47.84042515660531
6.735276361414597, 48.02009795338003
6.784438962592805, 48.199770750154734
6.833601563771014, 48.379443546929444
6.882764164949222, 48.559116343704154
6.9319267661274315, 48.738789140478865
6.98108936730564, 48.918461937253575
7.0302519684838485, 49.098134734028285
7.079414569662058, 49.277807530802995
7.128577170840266, 49.457480327577706
7.177739772018475, 49.63715312435241
7.226902373196683, 49.81682592112712
7.276064974374893, 49.99649871790184
7.325227575553101, 50.17617151467654
7.37439017673131, 50.35584431145125
7.423552777909519, 50.53551710822597
7.472715379087727, 50.71518990500067
7.521877980265936, 50.89486270177538
7.571040581444145, 51.07453549855009
7.620203182622354, 51.2542082953248
7.669365783800562, 51.43388109209951
7.718528384978771, 51.61355388887422
7.76769098615698, 51.79322668564893
7.8168535873351885, 51.97289948242364
7.866016188513397, 52.15257227919835
7.915178789691606, 52.33224507597306
7.964341390869815, 52.51191787274777
8.013503992048024, 52.69159066952248
8.062666593226233, 52.871263466297194
8.111829194404441, 53.050936263071904
8.16099179558265, 53.230609059846614
8.210154396760858, 53.410281856621324
8.259316997939067, 53.589954653396035
8.308479599117275, 53.769627450170745
8.357642200295485, 53.949300246945455
8.406804801473694, 54.128973043720165
8.455967402651902, 54.308645840494876
8.50513000383011, 54.488318637269586
8.55429260500832, 54.667991434044296
8.603455206186528, 54.84766423081901
8.652617807364736, 55.02733702759372
8.701780408542946, 55.20700982436843
8.750943009721155, 55.38668262114314
8.800105610899363, 55.56635541791785
8.849268212077572, 55.74602821469256
8.89843081325578, 55.75507635583851
8.947593414433989, 55.757595640866285
8.996756015612197, 55.76011492589405
9.045918616790408, 55.762634210921824
9.095081217968616, 55.7651534959496
9.144243819146824, 55.767672780977364
9.193406420325033, 55.77019206600514
9.242569021503241, 55.77271135103291
9.29173162268145, 55.775230636060684
9.340894223859658, 55.77774992108845
9.390056825037869, 55.78026920611622
9.439219426216077, 55.782788491144
9.488382027394286, 55.78530777617177
9.537544628572494, 55.787827061199536
9.586707229750703, 55.79034634622731
9.635869830928911, 55.79286563125508
9.68503243210712, 55.79538491628285
9.73419503328533, 55.79790420131062
9.783357634463538, 55.800423486338396
9.832520235641747, 55.80294277136617
9.881682836819955, 55.805462056393935
9.930845437998164, 55.80798134142171
9.980008039176372, 55.81050062644948
10.02917064035458, 55.81301991147725
10.07833324153279, 55.81553919650502
10.127495842711, 55.818058481532795
10.176658443889208, 55.82057776656057
10.225821045067416, 55.823097051588334
10.274983646245625, 55.82561633661611
10.324146247423833, 55.82813562164388
10.373308848602042, 55.830654906671654
10.422471449780252, 55.83317419169942
10.47163405095846, 55.835693476727194
10.520796652136669, 55.83821276175497
10.569959253314877, 55.84073204678273
10.619121854493086, 55.84325133181051
10.668284455671294, 55.84577061683828
10.717447056849505, 55.84828990186605
10.766609658027713, 55.85080918689382
10.815772259205922, 55.85332847192159
10.86493486038413, 55.855847756949366
10.914097461562339, 55.85836704197714
10.963260062740547, 55.860886327004906
11.012422663918755, 55.86340561203268
11.061585265096966, 55.86592489706045
11.110747866275174, 55.86844418208822
11.159910467453383, 55.87096346711599
11.209073068631591, 55.873482752143765
11.2582356698098, 55.87600203717154
11.307398270988008, 55.878521322199305
11.356560872166217, 55.88104060722708
11.405723473344427, 55.88355989225485
11.454886074522635, 55.886079177282625
11.504048675700844, 55.88859846231039
11.553211276879052, 55.891117747338164
11.60237387805726, 55.89363703236594
11.65153647923547, 55.896156317393704
11.700699080413678, 55.89867560242148
11.749861681591888, 55.90119488744925
11.799024282770096, 55.903714172477024
11.848186883948305, 55.90623345750479
11.897349485126513, 55.90875274253256
11.946512086304722, 55.91127202756034
11.99567468748293, 55.9137913125881
12.044837288661139, 55.916310597615876
12.093999889839349, 55.91882988264365
12.143162491017558, 55.92134916767142
12.192325092195766, 55.92386845269919
12.241487693373974, 55.92638773772696
12.290650294552183, 55.928907022754736
12.339812895730391, 55.93142630778251
12.3889754969086, 55.933945592810275
12.43813809808681, 55.93646487783805
12.487300699265019, 55.93898416286582
12.536463300443227, 55.94150344789359
12.585625901621436, 55.94402273292136
12.634788502799644, 55.946542017949135
12.683951103977853, 55.94906130297691
12.733113705156061, 55.951580588004674
12.782276306334271, 55.95409987303245
12.83143890751248, 55.95661915806022
12.880601508690688, 55.959138443087994
12.929764109868897, 55.96165772811576
12.978926711047105, 55.964177013143534
13.028089312225314, 55.96669629817131
13.077251913403522, 55.96921558319907
13.126414514581732, 55.97173486822685
13.17557711575994, 55.97425415325462
13.22473971693815, 55.97677343828239
13.273902318116358, 55.97929272331016
13.323064919294566, 55.98181200833793
13.372227520472775, 55.984331293365706
13.421390121650983, 55.98685057839347
13.470552722829193, 55.989369863421246
13.519715324007402, 55.99188914844902
13.56887792518561, 55.99440843347679
13.618040526363819, 55.99692771850456
13.667203127542027, 55.99944700353233
13.716365728720236, 56.001966288560105
13.765528329898444, 56.00448557358788
13.814690931076655, 56.007004858615645
13.863853532254863, 56.00952414364342
13.913016133433072, 56.01204342867119
13.96217873461128, 56.01456271369896
14.011341335789488, 56.01708199872673
14.060503936967697, 56.019601283754504
14.109666538145905, 56.02212056878228
14.158829139324116, 56.024639853810044
14.207991740502324, 56.02715913883782
14.257154341680533, 56.02967842386559
14.306316942858741, 56.032197708893364
14.35547954403695, 56.03471699392113
14.404642145215158, 56.0372362789489
14.453804746393367, 56.03975556397668
14.502967347571577, 56.04227484900444
14.552129948749785, 56.044794134032216
14.601292549927994, 56.04731341905999
14.650455151106202, 56.04983270408776
14.69961775228441, 56.05235198911553
14.74878035346262, 56.0548712741433
14.79794295464083, 56.057390559171075
14.847105555819038, 56.05990984419885
14.896268156997246, 56.062429129226615
14.945430758175455, 56.06494841425439
14.994593359353663, 56.06746769928216
15.043755960531872, 56.06998698430993
15.09291856171008, 56.0725062693377
15.14208116288829, 56.075025554365475
15.191243764066499, 56.07754483939325
15.240406365244707, 56.080064124421014
15.289568966422916, 56.08258340944879
15.338731567601124, 56.08510269447656
15.387894168779333, 56.08762197950433
15.437056769957541, 56.0901412645321
15.486219371135752, 56.092660549559874
15.53538197231396, 56.09517983458765
15.584544573492169, 56.09769911961541
15.633707174670377, 56.100218404643186
15.682869775848586, 56.10273768967096
15.732032377026794, 56.10525697469873
15.781194978205002, 56.1077762597265
15.830357579383213, 56.11029554475427
15.879520180561421, 56.112814829782046
15.92868278173963, 56.11533411480981
15.977845382917838, 56.117853399837585
16.02700798409605, 56.12037268486536
16.076170585274255, 56.12289196989313
16.125333186452465, 56.1254112549209
16.174495787630672, 56.12793053994867
16.223658388808882, 56.130449824976445
16.27282098998709, 56.13296911000422
16.3219835911653, 56.135488395031985
16.37114619234351, 56.13800768005976
16.420308793521716, 56.14052696508753
16.469471394699926, 56.1430462501153
16.518633995878133, 56.14556553514307
16.567796597056343, 56.148084820170844
16.61695919823455, 56.15060410519862
16.66612179941276, 56.15312339022638
16.71528440059097, 56.15564267525416
16.764447001769177, 56.15816196028193
16.813609602947388, 56.1606812453097
16.862772204125594, 56.16320053033747
16.911934805303805, 56.16571981536524
16.96109740648201, 56.168239100393016
17.01026000766022, 56.17075838542078
17.05942260883843, 56.173277670448556
17.10858521001664, 56.17579695547633
17.15774781119485, 56.1783162405041
17.206910412373055, 56.18083552553187
17.256073013551266, 56.18335481055964
17.305235614729472, 56.185874095587415
17.354398215907683, 56.18839338061518
17.403560817085893, 56.190912665642955
17.4527234182641, 56.19343195067073
17.50188601944231, 56.1959512356985
17.551048620620517, 56.19847052072627
17.600211221798727, 56.20098980575404
17.649373822976933, 56.203509090781814
17.698536424155144, 56.20602837580959
17.747699025333354, 56.208547660837354
17.79686162651156, 56.21106694586513
17.84602422768977, 56.2135862308929
17.895186828867978, 56.21610551592067
17.944349430046188, 56.21862480094844
17.993512031224395, 56.22114408597621
18.042674632402605, 56.22366337100399
18.091837233580815, 56.22618265603175
18.140999834759022, 56.228701941059526
18.190162435937232, 56.2312212260873
18.23932503711544, 56.23374051111507
18.28848763829365, 56.23625979614284
18.337650239471856, 56.23877908117061
18.386812840650066, 56.241298366198386
18.435975441828276, 56.24381765122615
18.485138043006483, 56.246336936253925
18.534300644184693, 56.2488562212817
18.5834632453629, 56.25137550630947
18.63262584654111, 56.25389479133724
18.681788447719317, 56.25641407636501
18.730951048897527, 56.258933361392785
18.780113650075737, 56.26145264642056
18.829276251253944, 56.263971931448324
18.878438852432154, 56.2664912164761
18.92760145361036, 56.26901050150387
18.97676405478857, 56.27152978653164
19.025926655966778, 56.27404907155941
19.075089257144988, 56.276568356587184
19.1242518583232, 56.27908764161496
19.173414459501405, 56.28160692664272
19.222577060679615, 56.2841262116705
19.271739661857822, 56.28664549669827
19.320902263036032, 56.289164781726036
19.37006486421424, 56.29168406675381
19.41922746539245, 56.29420335178158
19.46839006657066, 56.296722636809356
19.517552667748866, 56.29924192183712
19.566715268927076, 56.301761206864896
19.615877870105283, 56.30428049189267
19.665040471283493, 56.30679977692044
19.7142030724617, 56.30931906194821
19.76336567363991, 56.31183834697598
19.81252827481812, 56.314357632003755
19.861690875996327, 56.31687691703152
19.910853477174538, 56.319396202059295
19.960016078352744, 56.32191548708707
20.009178679530955, 56.32443477211484
20.05834128070916, 56.32695405714261
20.10750388188737, 56.32947334217038
20.15666648306558, 56.331992627198154
20.20582908424379, 56.33451191222593
20.254991685422, 56.337031197253694
20.304154286600205, 56.33955048228147
20.353316887778416, 56.34206976730924
20.402479488956622, 56.34458905233701
20.451642090134833, 56.34710833736478
20.500804691313043, 56.34962762239255
20.54996729249125, 56.35214690742033
20.59912989366946, 56.35466619244809
20.648292494847666, 56.357185477475866
20.697455096025877, 56.35970476250364
20.746617697204083, 56.362224047531406
20.795780298382294, 56.36474333255918
20.844942899560504, 56.36726261758695
20.89410550073871, 56.369781902614726
20.94326810191692, 56.37230118764249
20.992430703095128, 56.374820472670265
21.041593304273338, 56.37733975769804
21.090755905451548, 56.37985904272581
21.139918506629755, 56.38237832775358
21.189081107807965, 56.38489761278135
21.23824370898617, 56.387416897809125
21.287406310164382, 56.38993618283689
21.33656891134259, 56.392455467864664
21.3857315125208, 56.39497475289244
21.43489411369901, 56.39749403792021
21.484056714877216, 56.40001332294798
21.533219316055426, 56.40253260797575
21.582381917233633, 56.405051893003524
21.631544518411843, 56.4075711780313
21.68070711959005, 56.41009046305906
21.72986972076826, 56.41260974808684
21.77903232194647, 56.41512903311461
21.828194923124677, 56.417648318142376
21.877357524302887, 56.42016760317015
21.926520125481094, 56.42268688819792
21.975682726659304, 56.425206173225696
22.02484532783751, 56.42772545825346
22.07400792901572, 56.430244743281236
22.12317053019393, 56.43276402830901
22.172333131372138, 56.43528331333678
22.22149573255035, 56.43780259836455
22.270658333728555, 56.44032188339232
22.319820934906765, 56.442841168420095
22.368983536084972, 56.44536045344786
22.418146137263182, 56.447879738475635
22.467308738441393, 56.45039902350341
22.5164713396196, 56.45291830853118
22.56563394079781, 56.45543759355895
22.614796541976016, 56.45795687858672
22.663959143154226, 56.460476163614494
22.713121744332433, 56.46299544864226
22.762284345510643, 56.465514733670034
22.811446946688854, 56.46803401869781
22.86060954786706, 56.47055330372558
22.90977214904527, 56.47307258875335
22.958934750223477, 56.47559187378112
23.008097351401688, 56.47811115880889
23.057259952579894, 56.48063044383667
23.106422553758104, 56.48314972886443
23.155585154936315, 56.485669013892206
23.20474775611452, 56.48818829891998
23.25391035729273, 56.490707583947746
23.30307295847094, 56.49322686897552
23.35223555964915, 56.49574615400329
23.401398160827355, 56.498265439031066
23.450560762005566, 56.50078472405883
23.499723363183776, 56.503304009086605
23.548885964361983, 56.50582329411438
23.598048565540193, 56.50834257914215
23.6472111667184, 56.51086186416992
23.69637376789661, 56.51338114919769
23.745536369074816, 56.515900434225465
23.794698970253027, 56.51841971925323
23.843861571431237, 56.520939004281004
23.893024172609444, 56.52345828930878
23.942186773787654, 56.52597757433655
23.99134937496586, 56.52849685936432
24.04051197614407, 56.53101614439209
24.089674577322278, 56.533535429419864
24.138837178500488, 56.53605471444764
24.187999779678698, 56.5385739994754
24.237162380856905, 56.54109328450318
24.286324982035115, 56.54361256953095
24.33548758321332, 56.546131854558716
24.384650184391532, 56.54865113958649
24.43381278556974, 56.55117042461426
24.48297538674795, 56.553689709642036
24.53213798792616, 56.5562089946698
24.581300589104366, 56.558728279697576
24.630463190282576, 56.56124756472535
24.679625791460783, 56.563766849753115
24.728788392638993, 56.56628613478089
24.7779509938172, 56.56880541980866
24.82711359499541, 56.571324704836435
24.87627619617362, 56.5738439898642
24.925438797351827, 56.576363274891975
24.974601398530037, 56.57888255991975
25.023763999708244, 56.58140184494752
25.072926600886454, 56.58392112997529
25.12208920206466, 56.58644041500306
25.17125180324287, 56.588959700030834
25.22041440442108, 56.5914789850586
25.269577005599288, 56.593998270086374
25.3187396067775, 56.59651755511415
25.367902207955705, 56.59903684014192
25.417064809133915, 56.60155612516969
25.466227410312122, 56.60407541019746
25.515390011490332, 56.60659469522523
25.564552612668543, 56.60911398025301
25.61371521384675, 56.61163326528077
25.66287781502496, 56.614152550308546
25.712040416203166, 56.61667183533632
25.761203017381376, 56.619191120364086
25.810365618559583, 56.62171040539186
25.859528219737793, 56.62422969041963
25.908690820916004, 56.626748975447406
25.95785342209421, 56.62926826047517
26.00701602327242, 56.631787545502945
26.056178624450627, 56.63430683053072
26.105341225628838, 56.63682611555849
26.154503826807044, 56.63934540058626
26.203666427985254, 56.64186468561403
26.252829029163465, 56.644383970641805
26.30199163034167, 56.64690325566957
26.35115423151988, 56.649422540697344
26.40031683269809, 56.65194182572512
26.4494794338763, 56.65446111075289
26.498642035054505, 56.65698039578066
26.547804636232716, 56.65949968080843
26.596967237410926, 56.662018965836204
26.646129838589133, 56.66453825086397
26.695292439767343, 56.66705753589174
26.74445504094555, 56.66957682091952
26.79361764212376, 56.67209610594729
26.842780243301966, 56.674615390975056
26.891942844480177, 56.67713467600283
26.941105445658387, 56.6796539610306
26.990268046836594, 56.682173246058376
27.039430648014804, 56.68469253108614
27.08859324919301, 56.687211816113916
27.13775585037122, 56.68973110114169
27.186918451549428, 56.692250386169455
27.236081052727638, 56.69476967119723
27.285243653905848, 56.697288956225
27.334406255084055, 56.699808241252775
27.383568856262265, 56.70232752628054
27.43273145744047, 56.704846811308315
27.481894058618682, 56.70736609633609
27.53105665979689, 56.70988538136386
27.5802192609751, 56.71240466639163
27.62938186215331, 56.7149239514194
27.678544463331516, 56.717443236447174
27.727707064509726, 56.71996252147494
27.776869665687933, 56.722481806502714
27.826032266866143, 56.72500109153049
27.87519486804435, 56.72752037655826
27.92435746922256, 56.73003966158603
27.97352007040077, 56.7325589466138
28.022682671578977, 56.73507823164157
28.071845272757187, 56.73759751666935
28.121007873935394, 56.74011680169711
28.170170475113604, 56.742636086724886
28.21933307629181, 56.74515537175266
28.26849567747002, 56.747674656780426
28.31765827864823, 56.7501939418082
28.366820879826438, 56.75271322683597
28.41598348100465, 56.755232511863746
28.465146082182855, 56.75775179689151
28.514308683361065, 56.760271081919285
28.563471284539272, 56.76279036694706
28.612633885717482, 56.765309651974825
28.661796486895692, 56.7678289370026
28.7109590880739, 56.77034822203037
28.76012168925211, 56.772867507058145
28.809284290430316, 56.77538679208591
28.858446891608526, 56.777906077113684
28.907609492786733, 56.78042536214146
28.956772093964943, 56.78294464716923
29.005934695143154, 56.785463932197
29.05509729632136, 56.78798321722477
29.10425989749957, 56.790502502252544
29.153422498677777, 56.79302178728031
29.202585099855987, 56.79554107230808
29.251747701034194, 56.79806035733586
29.300910302212404, 56.80057964236363
29.350072903390615, 56.803098927391396
29.39923550456882, 56.80561821241917
29.44839810574703, 56.80813749744694
29.49756070692524, 56.810656782474716
29.54672330810345, 56.81317606750248
29.59588590928166, 56.815695352530255
29.645048510459866, 56.81821463755803
29.694211111638076, 56.820733922585795
29.743373712816283, 56.82325320761357
29.792536313994493, 56.82577249264134
29.8416989151727, 56.828291777669115
29.89086151635091, 56.83081106269688
29.94002411752912, 56.833330347724655
29.989186718707327, 56.83584963275243
30.038349319885537, 56.8383689177802
30.087511921063744, 56.84088820280797
30.136674522241954, 56.84340748783574
30.18583712342016, 56.845926772863514
30.23499972459837, 56.84844605789128
30.28416232577658, 56.850965342919054
30.333324926954788, 56.85348462794683
30.382487528132998, 56.8560039129746
30.431650129311205, 56.858523198002366
30.480812730489415, 56.86104248303014
30.52997533166762, 56.86356176805791
30.579137932845832, 56.86608105308568
30.628300534024042, 56.86860033811345
30.67746313520225, 56.871119623141226
30.72662573638046, 56.873638908169
30.775788337558666, 56.876158193196765
30.824950938736876, 56.87867747822454
30.874113539915083, 56.88119676325231
30.923276141093293, 56.883716048280085
30.972438742271503, 56.88623533330785
31.02160134344971, 56.888754618335625
31.07076394462792, 56.8912739033634
31.119926545806127, 56.893793188391165
31.169089146984337, 56.89631247341894
31.218251748162544, 56.89883175844671
31.267414349340754, 56.901351043474484
31.316576950518964, 56.90387032850225
31.36573955169717, 56.906389613530024
31.41490215287538, 56.9089088985578
31.464064754053588, 56.91142818358557
31.5132273552318, 56.91394746861334
31.562389956410005, 56.91646675364111
31.611552557588215, 56.91898603866888
31.660715158766426, 56.92150532369665
31.709877759944632, 56.92402460872442
31.759040361122842, 56.926543893752196
31.80820296230105, 56.92906317877997
31.85736556347926, 56.931582463807736
31.906528164657466, 56.93410174883551
31.955690765835676, 56.93662103386328
32.00485336701389, 56.93914031889105
32.0540159681921, 56.94165960391882
32.1031785693703, 56.944178888946595
32.15234117054851, 56.94669817397437
32.20150377172672, 56.949217459002135
32.25066637290493, 56.95173674402991
32.299828974083134, 56.95425602905768
32.348991575261344, 56.956775314085455
32.398154176439554, 56.95929459911322
32.447316777617765, 56.961813884140994
32.496479378795975, 56.96433316916877
32.54564197997418, 56.966852454196534
32.59480458115239, 56.96937173922431
32.6439671823306, 56.97189102425208
32.69312978350881, 56.974410309279854
32.74229238468702, 56.97692959430762
32.79145498586522, 56.97944887933539
32.84061758704343, 56.98196816436317
32.88978018822164, 56.98448744939094
32.93894278939985, 56.987006734418706
32.988105390578056, 56.98952601944648
33.037267991756266, 56.99204530447425
33.08643059293448, 56.99456458950202
33.13559319411269, 56.99708387452979
33.1847557952909, 56.999603159557566
33.2339183964691, 57.00212244458534
33.28308099764731, 57.004641729613105
33.33224359882552, 57.00716101464088
33.38140620000373, 57.00968029966865
33.43056880118194, 57.012199584696425
33.479731402360144, 57.01471886972419
33.528894003538355, 57.017238154751965
33.578056604716565, 57.01975743977974
33.627219205894775, 57.022276724807504
33.676381807072985, 57.02479600983528
33.72554440825119, 57.02731529486305
33.7747070094294, 57.029834579890824
33.82386961060761, 57.03235386491859
33.87303221178582, 57.034873149946364
33.92219481296402, 57.03739243497414
33.97135741414223, 57.0399117200019
34.02052001532044, 57.04243100502968
34.06968261649865, 57.04495029005745
34.11884521767686, 57.04746957508522
34.16800781885507, 57.04998886011299
34.21717042003328, 57.05250814514076
34.26633302121149, 57.055027430168536
34.3154956223897, 57.05754671519631
34.36465822356791, 57.060066000224076
34.41382082474611, 57.06258528525185
34.46298342592432, 57.06510457027962
34.51214602710253, 57.06762385530739
34.56130862828074, 57.07014314033516
34.610471229458945, 57.072662425362935
34.659633830637155, 57.07518171039071
34.708796431815365, 57.077700995418475
34.757959032993575, 57.08022028044625
34.807121634171786, 57.08273956547402
34.85628423534999, 57.085258850501795
34.9054468365282, 57.08777813552956
34.95460943770641, 57.090297420557334
35.00377203888462, 57.09281670558511
35.05293464006283, 57.095335990612874
35.10209724124103, 57.09785527564065
35.15125984241924, 57.10037456066842
35.20042244359745, 57.102893845696194
35.249585044775664, 57.10541313072396
35.29874764595387, 57.10793241575173
35.34791024713208, 57.11045170077951
35.39707284831029, 57.11297098580728
35.4462354494885, 57.115490270835046
35.49539805066671, 57.11800955586282
35.54456065184491, 57.12052884089059
35.59372325302312, 57.12304812591836
35.64288585420133, 57.12556741094613
35.69204845537954, 57.128086695973906
35.74121105655775, 57.13060598100168
35.790373657735955, 57.133125266029445
35.839536258914166, 57.13564455105722
35.888698860092376, 57.13816383608499
35.937861461270586, 57.14068312111276
35.98702406244879, 57.14320240614053
36.036186663627, 57.145721691168305
36.08534926480521, 57.14824097619608
36.13451186598342, 57.150760261223844
36.18367446716163, 57.15327954625162
36.23283706833983, 57.15579883127939
36.281999669518044, 57.158318116307164
36.331162270696254, 57.16083740133493
36.380324871874464, 57.163356686362704
36.429487473052674, 57.16587597139048
36.47865007423088, 57.16839525641824
36.52781267540909, 57.17091454144602
36.5769752765873, 57.17343382647379
36.62613787776551, 57.17595311150156
36.67530047894371, 57.17847239652933
36.72446308012192, 57.1809916815571
36.77362568130013, 57.183510966584876
36.82278828247834, 57.18603025161265
36.87195088365655, 57.188549536640416
36.921113484834756, 57.19106882166819
36.970276086012966, 57.19358810669596
37.019438687191176, 57.19610739172373
37.068601288369386, 57.1986266767515
37.1177638895476, 57.201145961779275
37.1669264907258, 57.20366524680705
37.21608909190401, 57.206184531834815
37.26525169308222, 57.20870381686259
37.31441429426043, 57.21122310189036
37.363576895438634, 57.21374238691813
37.412739496616844, 57.2162616719459
37.461902097795054, 57.218780956973674
37.511064698973264, 57.22130024200145
37.560227300151475, 57.223819527029214
37.60938990132968, 57.22633881205699
37.65855250250789, 57.22885809708476
37.7077151036861, 57.231377382112534
37.75687770486431, 57.2338966671403
37.80604030604252, 57.23641595216807
37.85520290722072, 57.23893523719585
37.90436550839893, 57.24145452222361
37.95352810957714, 57.243973807251386
38.00269071075535, 57.24649309227916
38.051853311933556, 57.24901237730693
38.101015913111766, 57.2515316623347
38.150178514289976, 57.25405094736247
38.19934111546819, 57.256570232390246
38.2485037166464, 57.25908951741802
38.2976663178246, 57.261608802445785
38.34682891900281, 57.26412808747356
38.39599152018102, 57.26664737250133
38.44515412135923, 57.2691666575291
38.49431672253744, 57.27168594255687
38.543479323715644, 57.274205227584645
38.592641924893854, 57.27672451261242
38.641804526072065, 57.12282118324667
38.690967127250275, 56.95275073780987
38.74012972842848, 56.782680292373094
38.78929232960669, 56.612609846936294
38.8384549307849, 56.442539401499495
38.88761753196311, 56.272468956062696
38.93678013314132, 56.102398510625896
38.98594273431952, 55.932328065189125
39.03510533549773, 55.76225761975232
39.08426793667594, 55.59218717431552
39.13343053785415, 55.42211672887872
39.18259313903236, 55.25204628344192
39.231755740210566, 55.08197583800515
39.28091834138878, 54.91190539256835
39.33008094256699, 54.74183494713155
39.3792435437452, 54.57176450169475
39.4284061449234, 54.40169405625797
39.47756874610161, 54.231623610821174
39.52673134727982, 54.061553165384375
39.57589394845803, 53.891482719947575
39.62505654963624, 53.721412274510776
39.674219150814444, 53.551341829074
39.723381751992655, 53.3812713836372
39.772544353170865, 53.2112009382004
39.821706954349075, 53.0411304927636
39.870869555527285, 52.8710600473268
39.92003215670549, 52.70098960189002
39.9691947578837, 52.53091915645322
40.01835735906191, 52.36084871101642
40.06751996024012, 52.190778265579624
40.11668256141832, 52.02070782014285
40.16584516259653, 51.850637374706054
40.21500776377474, 51.68056692926925
40.26417036495295, 51.510496483832455
40.31333296613116, 51.34042603839565
40.36249556730937, 51.17035559295888
40.41165816848758, 51.00028514752208
40.46082076966579, 50.83021470208528
40.509983370844, 50.66014425664848
40.55914597202221, 50.49007381121168
40.60830857320041, 50.3200033657749
40.65747117437862, 50.1499329203381
40.70663377555683, 49.9798624749013
40.75579637673504, 49.809792029464504
40.804958977913245, 49.639721584027725
40.854121579091455, 49.469651138590926
40.903284180269665, 49.29958069315413
40.952446781447875, 49.12951024771733
41.001609382626086, 48.95943980228053
41.05077198380429, 48.78936935684375
41.0999345849825, 48.61929891140696
41.14909718616071, 48.44922846597015
41.19825978733892, 48.27915802053335
41.24742238851713, 48.10908757509655
41.29658498969533, 47.93901712965978
41.34574759087354, 47.76894668422298
41.39491019205175, 47.598876238786175
41.444072793229964, 47.42880579334938
41.49323539440817, 47.258735347912605
41.54239799558638, 47.088664902475806
41.59156059676459, 46.918594457039006
41.6407231979428, 46.74852401160221
41.68988579912101, 46.57845356616541
41.73904840029921, 46.40838312072863
41.78821100147742, 46.23831267529183
41.83737360265563, 46.06824222985503
41.88653620383384, 45.89817178441823
41.93569880501205, 45.72810133898143
41.984861406190255, 45.558030893544654
42.034024007368465, 45.387960448107854
42.083186608546676, 45.217890002671055
42.132349209724886, 45.047819557234256
42.181511810903096, 44.877749111797456
42.2306744120813, 44.70767866636068
42.27983701325951, 44.537608220923886
42.32899961443772, 44.36753777548708
42.37816221561593, 44.19746733005029
42.42732481679413, 44.02739688461351
42.47648741797234, 43.85732643917671
42.525650019150554, 43.68725599373991
42.574812620328764, 43.51718554830311
42.623975221506974, 43.34711510286631
42.67313782268518, 43.17704465742953
42.72230042386339, 43.006974211992734
42.7714630250416, 42.836903766555935
42.82062562621981, 42.666833321119135
42.86978822739802, 42.496762875682336
42.91895082857622, 42.32669243024556
42.96811342975443, 42.15662198480876
43.01727603093264, 41.98655153937196
43.06643863211085, 41.81648109393516
43.115601233289055, 41.64641064849839
43.164763834467266, 41.47634020306158
43.213926435645476, 41.30626975762478
43.263089036823686, 41.13619931218798
43.3122516380019, 40.96612886675119
43.3614142391801, 40.79605842131441
43.41057684035831, 40.62598797587761
43.45973944153652, 40.455917530440814
43.50890204271473, 40.28584708500401
43.55806464389294, 40.115776639567216
43.607227245071144, 39.94570619413044
43.656389846249354, 39.77563574869364
43.705552447427564, 39.60556530325684
43.754715048605775, 39.43549485782003
43.80387764978398, 39.26542441238326
43.85304025096219, 39.09535396694646
43.9022028521404, 38.92528352150966
43.95136545331861, 38.75521307607286
44.00052805449682, 38.585142630636064
44.04969065567502, 38.41507218519929
44.09885325685323, 38.245001739762486
44.14801585803144, 38.07493129432569
44.19717845920965, 37.90486084888889
44.24634106038786, 37.73479040345209
44.295503661566066, 37.56471995801532
44.344666262744276, 37.39464951257851
44.39382886392249, 37.22457906714172
44.4429914651007, 37.05450862170491
44.4921540662789, 36.88443817626814
44.54131666745711, 36.71436773083134
44.59047926863532, 36.544297285394535
44.63964186981353, 36.37422683995774
44.68880447099174, 36.204156394520936
44.737967072169944, 36.034085949084165
44.787129673348154, 35.864015503647366
44.836292274526365, 35.693945058210566
44.885454875704575, 35.52387461277377
44.934617476882785, 35.35380416733697
44.98378007806099, 35.18373372190019
45.0329426792392, 35.01366327646339
45.08210528041741, 34.84359283102659
45.13126788159562, 34.67352238558979
45.18043048277382, 34.50345194015301
45.22959308395203, 34.33338149471622
45.27875568513024, 34.163311049279415
45.32791828630845, 33.99324060384262
45.37708088748666, 33.823170158405816
45.426243488664866, 33.65309971296904
45.47540608984308, 33.483029267532245
45.52456869102129, 33.31295882209544
45.5737312921995, 33.14288837665865
45.62289389337771, 32.97281793122184
45.67205649455591, 32.80274748578507
45.72121909573412, 32.63267704034827
45.77038169691233, 32.46260659491146
45.81954429809054, 32.29253614947467
45.868706899268744, 32.12246570403789
45.917869500446955, 31.952395258601094
45.967032101625165, 31.782324813164294
46.016194702803375, 31.612254367727495
46.065357303981585, 31.442183922290695
46.11451990515979, 31.27211347685392
46.163682506338, 31.102043031417118
46.21284510751621, 30.93197258598032
46.26200770869442, 30.76190214054352
46.31117030987263, 30.59183169510672
46.36033291105083, 30.421761249669945
46.40949551222904, 30.251690804233146
46.45865811340725, 30.081620358796346
46.50782071458546, 29.911549913359547
46.55698331576367, 29.74147946792277
46.60614591694188, 29.57140902248597
46.65530851812009, 29.40133857704917
46.7044711192983, 29.23126813161237
46.75363372047651, 29.06119768617557
46.80279632165471, 28.891127240738797
46.85195892283292, 28.721056795301998
46.90112152401113, 28.550986349865198
46.95028412518934, 28.3809159044284
46.99944672636755, 28.210845458991596
47.048609327545755, 28.04077501355482
47.097771928723965, 27.870704568118022
47.146934529902175, 27.700634122681222
47.196097131080386, 27.530563677244423
47.24525973225859, 27.36049323180765
47.2944223334368, 27.19042278637085
47.34358493461501, 27.02035234093405
47.39274753579322, 26.850281895497247
47.44191013697143, 26.680211450060447
47.49107273814963, 26.510141004623673
47.54023533932784, 26.340070559186874
47.58939794050605, 26.170000113750074
47.638560541684264, 25.999929668313275
47.687723142862474, 25.829859222876475
47.73688574404068, 25.6597887774397
47.78604834521889, 25.489718332002898
47.8352109463971, 25.3196478865661
47.88437354757531, 25.149577441129303
47.93353614875351, 24.979506995692525
47.98269874993172, 24.809436550255725
48.03186135110993, 24.639366104818926
48.08102395228814, 24.469295659382126
48.13018655346635, 24.299225213945327
48.179349154644555, 24.12915476850855
48.228511755822765, 23.95908432307175
48.277674357000976, 23.78901387763495
48.326836958179186, 23.61894343219815
48.375999559357396, 23.44887298676135
48.4251621605356, 23.278802541324573
48.47432476171381, 23.108732095887774
48.52348736289202, 22.938661650450975
48.57264996407023, 22.768591205014175
48.62181256524843, 22.598520759577404
48.67097516642664, 22.428450314140605
48.720137767604854, 22.258379868703805
48.769300368783064, 22.088309423267006
48.818462969961274, 21.9182389778302
48.86762557113948, 21.74816853239343
48.91678817231769, 21.57809808695663
48.9659507734959, 21.40802764151983
49.01511337467411, 21.23795719608303
49.06427597585232, 21.06788675064623
49.11343857703052, 20.897816305209453
