Parameters: [45.012611581041874, 23.05782345874333, 11.929996718215115, 37.044748434385674, 4.438643535065445, -0.0776146514636019, -3.4537804849141307]
Points:
0.0, 23.05782345874333
0.045057669250292164, 23.257818391066255
0.09011533850058433, 23.457813323389182
0.13517300775087648, 23.65780825571211
0.18023067700116865, 23.857803188035035
0.22528834625146082, 24.057798120357962
0.27034601550175297, 24.25779305268089
0.31540368475204517, 24.457787985003815
0.3604613540023373, 24.65778291732674
0.40551902325262945, 24.857777849649665
0.45057669250292165, 25.05777278197259
0.4956343617532138, 25.257767714295518
0.5406920310035059, 25.457762646618445
0.5857497002537981, 25.65775757894137
0.6308073695040903, 25.857752511264298
0.6758650387543824, 26.057747443587225
0.7209227080046746, 26.25774237591015
0.7659803772549668, 26.457737308233078
0.8110380465052589, 26.657732240556005
0.8560957157555511, 26.85772717287893
0.9011533850058433, 27.057722105201858
0.9462110542561354, 27.257717037524785
0.9912687235064276, 27.457711969847708
1.0363263927567197, 27.657706902170638
1.0813840620070119, 27.85770183449356
1.126441731257304, 28.057696766816488
1.1714994005075963, 28.257691699139414
1.2165570697578885, 28.45768663146234
1.2616147390081807, 28.657681563785268
1.3066724082584726, 28.857676496108194
1.3517300775087648, 29.05767142843112
1.396787746759057, 29.257666360754047
1.4418454160093492, 29.457661293076974
1.4869030852596414, 29.6576562253999
1.5319607545099336, 29.857651157722827
1.5770184237602258, 30.057646090045754
1.6220760930105178, 30.25764102236868
1.66713376226081, 30.457635954691604
1.7121914315111022, 30.657630887014534
1.7572491007613944, 30.857625819337457
1.8023067700116866, 31.057620751660387
1.8473644392619788, 31.25761568398331
1.8924221085122708, 31.457610616306237
1.937479777762563, 31.657605548629164
1.9825374470128552, 31.85760048095209
2.0275951162631474, 32.05759541327502
2.0726527855134393, 32.25759034559795
2.1177104547637318, 32.45758527792087
2.1627681240140237, 32.65758021024379
2.207825793264316, 32.85757514256672
2.252883462514608, 33.05757007488965
2.2979411317649006, 33.25756500721258
2.3429988010151925, 33.4575599395355
2.3880564702654845, 33.65755487185843
2.433114139515777, 33.85754980418135
2.478171808766069, 34.05754473650428
2.5232294780163613, 34.25753966882721
2.5682871472666533, 34.45753460115014
2.6133448165169453, 34.65752953347306
2.6584024857672377, 34.85752446579599
2.7034601550175297, 35.05751939811891
2.748517824267822, 35.257514330441836
2.793575493518114, 35.457509262764766
2.8386331627684065, 35.6575041950877
2.8836908320186985, 35.85749912741062
2.9287485012689904, 36.05749405973354
2.973806170519283, 36.25748899205647
3.018863839769575, 36.457483924379396
3.0639215090198673, 36.657478856702326
3.1089791782701592, 36.85747378902525
3.1540368475204517, 37.05746872134818
3.1990945167707436, 37.2574636536711
3.2441521860210356, 37.45745858599403
3.289209855271328, 37.657453518316956
3.33426752452162, 37.85744845063988
3.3793251937719124, 38.05744338296281
3.4243828630222044, 38.25743831528574
3.4694405322724964, 38.45743324760866
3.514498201522789, 38.657428179931586
3.5595558707730808, 38.857423112254516
3.604613540023373, 39.057418044577446
3.649671209273665, 39.25741297690037
3.6947288785239576, 39.45740790922329
3.7397865477742496, 39.65740284154622
3.7848442170245415, 39.857397773869145
3.829901886274834, 40.057392706192076
3.874959555525126, 40.257387638515
3.9200172247754184, 40.45738257083793
3.9650748940257103, 40.65737750316085
4.010132563276002, 40.85737243548378
4.055190232526295, 41.057367367806705
4.100247901776587, 41.25736230012963
4.145305571026879, 41.45735723245256
4.190363240277171, 41.65735216477549
4.2354209095274635, 41.85734709709841
4.280478578777756, 42.057342029421335
4.3255362480280475, 42.257336961744265
4.37059391727834, 42.457331894067195
4.415651586528632, 42.65732682639012
4.460709255778924, 42.85732175871304
4.505766925029216, 43.057316691035965
4.550824594279509, 43.2573116233589
4.595882263529801, 43.457306555681825
4.640939932780093, 43.65730148800475
4.685997602030385, 43.85729642032767
4.7310552712806775, 44.05729135265061
4.776112940530969, 44.25728628497353
4.821170609781261, 44.457281217296455
4.866228279031554, 44.65727614961938
4.911285948281845, 44.8572710819423
4.956343617532138, 45.05726601426524
5.00140128678243, 45.25726094658816
5.046458956032723, 45.457255878911084
5.091516625283014, 45.65725081123401
5.136574294533307, 45.857245743556945
5.181631963783599, 46.05724067587987
5.226689633033891, 46.25723560820279
5.271747302284183, 46.457230540525714
5.316804971534475, 46.65722547284865
5.361862640784768, 46.857220405171574
5.406920310035059, 47.0572153374945
5.451977979285352, 47.25721026981742
5.497035648535644, 47.45720520214035
5.542093317785936, 47.65720013446328
5.587150987036228, 47.857195066786204
5.632208656286521, 48.05718999910913
5.677266325536813, 48.25718493143206
5.7223239947871045, 48.45717986375499
5.767381664037397, 48.65717479607791
5.812439333287689, 48.857169728400834
5.857497002537981, 49.05716466072376
5.902554671788273, 49.25715959304669
5.947612341038566, 49.45715452536962
5.992670010288858, 49.65714945769254
6.03772767953915, 49.85714439001546
6.082785348789442, 50.057139322338394
6.1278430180397345, 50.257134254661324
6.172900687290026, 50.45712918698425
6.2179583565403185, 50.65712411930717
6.263016025790611, 50.8571190516301
6.308073695040903, 51.05711398395303
6.353131364291195, 51.25710891627595
6.398189033541487, 51.45710384859888
6.44324670279178, 51.65709878092181
6.488304372042071, 51.85709371324473
6.533362041292364, 52.05708864556766
6.578419710542656, 52.25708357789058
6.6234773797929485, 52.45707851021351
6.66853504904324, 52.657073442536436
6.713592718293532, 52.85706837485937
6.758650387543825, 53.05706330718229
6.803708056794116, 53.25705823950521
6.848765726044409, 53.45705317182814
6.893823395294701, 53.65704810415107
6.938881064544993, 53.857043036473996
6.983938733795285, 54.05703796879692
7.028996403045578, 54.25703290111985
7.07405407229587, 54.45702783344278
7.1191117415461616, 54.6570227657657
7.164169410796454, 54.857017698088626
7.209227080046746, 55.057012630411556
7.254284749297038, 55.25700756273448
7.29934241854733, 55.45700249505741
7.344400087797623, 55.65699742738033
7.389457757047915, 55.85699235970326
7.434515426298207, 56.056987292026186
7.479573095548499, 56.256982224349116
7.524630764798792, 56.45697715667204
7.569688434049083, 56.65697208899496
7.6147461032993755, 56.85696702131789
7.659803772549668, 57.05696195364082
7.70486144179996, 57.256956885963746
7.749919111050252, 57.45695181828667
7.794976780300544, 57.6569467506096
7.840034449550837, 57.85694168293253
7.885092118801128, 58.05693661525545
7.930149788051421, 58.256931547578375
7.975207457301713, 58.456926479901306
8.020265126552005, 58.65692141222423
8.065322795802297, 58.85691634454716
8.11038046505259, 59.05691127687008
8.155438134302882, 59.25690620919301
8.200495803553174, 59.456901141515935
8.245553472803467, 59.656896073838865
8.290611142053757, 59.85689100616179
8.33566881130405, 60.05688593848471
8.380726480554342, 60.25688087080764
8.425784149804635, 60.45687580313057
8.470841819054927, 60.656870735453495
8.51589948830522, 60.856865667776425
8.560957157555512, 61.05686060009935
8.606014826805803, 61.25685553242227
8.651072496056095, 61.4568504647452
8.696130165306387, 61.656845397068125
8.74118783455668, 61.856840329391055
8.786245503806972, 62.05683526171398
8.831303173057265, 62.25683019403691
8.876360842307557, 62.45682512635984
8.921418511557848, 62.656820058682754
8.96647618080814, 62.856814991005685
9.011533850058433, 63.05680992332861
9.056591519308725, 63.25680485565154
9.101649188559017, 63.45679978797447
9.14670685780931, 63.65679472029739
9.191764527059602, 63.85678965262032
9.236822196309893, 64.05678458494324
9.281879865560185, 64.25677951726617
9.326937534810478, 64.45677444958909
9.37199520406077, 64.65676938191203
9.417052873311063, 64.85676431423495
9.462110542561355, 65.05675924655787
9.507168211811647, 65.25675417888081
9.552225881061938, 65.45674911120372
9.59728355031223, 65.65674404352666
9.642341219562523, 65.85673897584958
9.687398888812815, 66.0567339081725
9.732456558063108, 66.25672884049544
9.7775142273134, 66.45672377281836
9.82257189656369, 66.65671870514129
9.867629565813983, 66.85671363746421
9.912687235064276, 67.05670856978713
9.957744904314568, 67.25670350211007
10.00280257356486, 67.456698434433
10.047860242815153, 67.65669336675592
10.092917912065445, 67.85668829907885
10.137975581315736, 68.05668323140176
10.183033250566028, 68.2566781637247
10.22809091981632, 68.45667309604762
10.273148589066613, 68.65666802837055
10.318206258316906, 68.85666296069348
10.363263927567198, 69.0566578930164
10.40832159681749, 69.25665282533933
10.453379266067781, 69.45664775766225
10.498436935318074, 69.65664268998518
10.543494604568366, 69.85663762230811
10.588552273818658, 70.05663255463104
10.63360994306895, 70.25662748695396
10.678667612319243, 70.4566224192769
10.723725281569536, 70.65661735159982
10.768782950819826, 70.85661228392274
10.813840620070119, 71.05660721624567
10.858898289320411, 71.25660214856859
10.903955958570704, 71.45659708089153
10.949013627820996, 71.65659201321445
10.994071297071288, 71.85658694553737
11.03912896632158, 72.05658187786031
11.084186635571871, 72.25657681018322
11.129244304822164, 72.45657174250616
11.174301974072456, 72.65656667482908
11.219359643322749, 72.856561607152
11.264417312573041, 73.05655653947494
11.309474981823334, 73.25655147179786
11.354532651073626, 73.45654640412079
11.399590320323917, 73.65654133644371
11.444647989574209, 73.85653626876663
11.489705658824501, 74.05653120108957
11.534763328074794, 74.25652613341249
11.579820997325086, 74.45652106573542
11.624878666575379, 74.65651599805835
11.669936335825671, 74.85651093038128
11.714994005075962, 75.0565058627042
11.760051674326254, 75.25650079502712
11.805109343576547, 75.45649572735005
11.850167012826839, 75.65649065967298
11.895224682077131, 75.8564855919959
11.940282351327424, 76.01002794957172
11.985340020577716, 76.0065308142771
12.030397689828007, 76.00303367898248
12.0754553590783, 75.99953654368785
12.120513028328592, 75.99603940839323
12.165570697578884, 75.9925422730986
12.210628366829177, 75.98904513780398
12.255686036079469, 75.98554800250936
12.300743705329761, 75.98205086721474
12.345801374580052, 75.97855373192012
12.390859043830345, 75.97505659662549
12.435916713080637, 75.97155946133087
12.48097438233093, 75.96806232603625
12.526032051581222, 75.96456519074162
12.571089720831514, 75.961068055447
12.616147390081807, 75.95757092015238
12.661205059332097, 75.95407378485775
12.70626272858239, 75.95057664956313
12.751320397832682, 75.94707951426851
12.796378067082975, 75.94358237897387
12.841435736333267, 75.94008524367925
12.88649340558356, 75.93658810838463
12.931551074833852, 75.93309097309
12.976608744084142, 75.92959383779538
13.021666413334435, 75.92609670250076
13.066724082584727, 75.92259956720613
13.11178175183502, 75.91910243191151
13.156839421085312, 75.91560529661689
13.201897090335605, 75.91210816132227
13.246954759585897, 75.90861102602764
13.292012428836188, 75.90511389073302
13.33707009808648, 75.9016167554384
13.382127767336772, 75.89811962014377
13.427185436587065, 75.89462248484915
13.472243105837357, 75.89112534955453
13.51730077508765, 75.8876282142599
13.56235844433794, 75.88413107896528
13.607416113588233, 75.88063394367066
13.652473782838525, 75.87713680837602
13.697531452088818, 75.8736396730814
13.74258912133911, 75.87014253778678
13.787646790589402, 75.86664540249215
13.832704459839695, 75.86314826719753
13.877762129089986, 75.85965113190291
13.922819798340278, 75.85615399660828
13.96787746759057, 75.85265686131366
14.012935136840863, 75.84915972601904
14.057992806091155, 75.84566259072442
14.103050475341448, 75.8421654554298
14.14810814459174, 75.83866832013517
14.19316581384203, 75.83517118484055
14.238223483092323, 75.83167404954592
14.283281152342616, 75.8281769142513
14.328338821592908, 75.82467977895668
14.3733964908432, 75.82118264366206
14.418454160093493, 75.81768550836743
14.463511829343785, 75.8141883730728
14.508569498594076, 75.81069123777817
14.553627167844368, 75.80719410248355
14.59868483709466, 75.80369696718893
14.643742506344953, 75.8001998318943
14.688800175595246, 75.79670269659968
14.733857844845538, 75.79320556130506
14.77891551409583, 75.78970842601044
14.823973183346121, 75.78621129071581
14.869030852596413, 75.78271415542119
14.914088521846706, 75.77921702012657
14.959146191096998, 75.77571988483194
15.00420386034729, 75.77222274953732
15.049261529597583, 75.7687256142427
15.094319198847876, 75.76522847894807
15.139376868098166, 75.76173134365345
15.184434537348459, 75.75823420835883
15.229492206598751, 75.7547370730642
15.274549875849043, 75.75123993776958
15.319607545099336, 75.74774280247495
15.364665214349628, 75.74424566718032
15.40972288359992, 75.7407485318857
15.454780552850211, 75.73725139659108
15.499838222100504, 75.73375426129645
15.544895891350796, 75.73025712600183
15.589953560601089, 75.72675999070721
15.635011229851381, 75.72326285541259
15.680068899101673, 75.71976572011796
15.725126568351966, 75.71626858482334
15.770184237602257, 75.71277144952872
15.815241906852549, 75.7092743142341
15.860299576102841, 75.70577717893947
15.905357245353134, 75.70228004364485
15.950414914603426, 75.69878290835022
15.995472583853719, 75.6952857730556
16.04053025310401, 75.69178863776098
16.085587922354303, 75.68829150246636
16.130645591604594, 75.68479436717173
16.17570326085489, 75.6812972318771
16.22076093010518, 75.67780009658247
16.26581859935547, 75.67430296128785
16.310876268605764, 75.67080582599323
16.355933937856054, 75.6673086906986
16.40099160710635, 75.66381155540398
16.44604927635664, 75.66031442010936
16.491106945606933, 75.65681728481474
16.536164614857224, 75.65332014952011
16.581222284107515, 75.64982301422549
16.62627995335781, 75.64632587893087
16.6713376226081, 75.64282874363624
16.716395291858394, 75.63933160834162
16.761452961108684, 75.635834473047
16.80651063035898, 75.63233733775238
16.85156829960927, 75.62884020245775
16.89662596885956, 75.62534306716313
16.941683638109854, 75.6218459318685
16.986741307360145, 75.61834879657388
17.03179897661044, 75.61485166127925
17.07685664586073, 75.61135452598462
17.121914315111024, 75.60785739069
17.166971984361314, 75.60436025539538
17.212029653611605, 75.60086312010075
17.2570873228619, 75.59736598480613
17.30214499211219, 75.59386884951151
17.347202661362484, 75.59037171421689
17.392260330612775, 75.58687457892226
17.43731799986307, 75.58337744362764
17.48237566911336, 75.57988030833302
17.52743333836365, 75.5763831730384
17.572491007613944, 75.57288603774377
17.617548676864235, 75.56938890244915
17.66260634611453, 75.56589176715453
17.70766401536482, 75.5623946318599
17.752721684615114, 75.55889749656528
17.797779353865405, 75.55540036127066
17.842837023115695, 75.55190322597603
17.88789469236599, 75.5484060906814
17.93295236161628, 75.54490895538677
17.978010030866574, 75.54141182009215
18.023067700116865, 75.53791468479753
18.06812536936716, 75.5344175495029
18.11318303861745, 75.53092041420828
18.15824070786774, 75.52742327891366
18.203298377118035, 75.52392614361904
18.248356046368325, 75.52042900832441
18.29341371561862, 75.51693187302979
18.33847138486891, 75.51343473773517
18.383529054119204, 75.50993760244054
18.428586723369495, 75.50644046714592
18.473644392619786, 75.5029433318513
18.51870206187008, 75.49944619655668
18.56375973112037, 75.49594906126205
18.608817400370665, 75.49245192596743
18.653875069620955, 75.4889547906728
18.69893273887125, 75.48545765537817
18.74399040812154, 75.48196052008355
18.78904807737183, 75.47846338478892
18.834105746622125, 75.4749662494943
18.879163415872416, 75.47146911419968
18.92422108512271, 75.46797197890506
18.969278754373, 75.46447484361043
19.014336423623295, 75.46097770831581
19.059394092873585, 75.45748057302119
19.104451762123876, 75.45398343772656
19.14950943137417, 75.45048630243194
19.19456710062446, 75.44698916713732
19.239624769874755, 75.4434920318427
19.284682439125046, 75.43999489654807
19.329740108375336, 75.43649776125345
19.37479777762563, 75.43300062595883
19.41985544687592, 75.4295034906642
19.464913116126215, 75.42600635536958
19.509970785376506, 75.42250922007496
19.5550284546268, 75.41901208478032
19.60008612387709, 75.4155149494857
19.64514379312738, 75.41201781419107
19.690201462377676, 75.40852067889645
19.735259131627966, 75.40502354360183
19.78031680087826, 75.4015264083072
19.82537447012855, 75.39802927301258
19.870432139378845, 75.39453213771796
19.915489808629136, 75.39103500242334
19.960547477879427, 75.38753786712871
20.00560514712972, 75.38404073183409
20.05066281638001, 75.38054359653947
20.095720485630306, 75.37704646124484
20.140778154880596, 75.37354932595022
20.18583582413089, 75.3700521906556
20.23089349338118, 75.36655505536098
20.275951162631472, 75.36305792006635
20.321008831881766, 75.35956078477173
20.366066501132057, 75.35606364947711
20.41112417038235, 75.35256651418247
20.45618183963264, 75.34906937888785
20.501239508882936, 75.34557224359322
20.546297178133226, 75.3420751082986
20.591354847383517, 75.33857797300398
20.63641251663381, 75.33508083770936
20.681470185884102, 75.33158370241473
20.726527855134396, 75.32808656712011
20.771585524384687, 75.32458943182549
20.81664319363498, 75.32109229653086
20.86170086288527, 75.31759516123624
20.906758532135562, 75.31409802594162
20.951816201385856, 75.310600890647
20.996873870636147, 75.30710375535237
21.04193153988644, 75.30360662005775
21.086989209136732, 75.30010948476313
21.132046878387026, 75.2966123494685
21.177104547637317, 75.29311521417388
21.222162216887607, 75.28961807887926
21.2672198861379, 75.28612094358462
21.312277555388192, 75.28262380829
21.357335224638486, 75.27912667299537
21.402392893888777, 75.27562953770075
21.44745056313907, 75.27213240240613
21.492508232389362, 75.2686352671115
21.537565901639653, 75.26513813181688
21.582623570889947, 75.26164099652226
21.627681240140237, 75.25814386122764
21.67273890939053, 75.25464672593301
21.717796578640822, 75.25114959063839
21.762854247891116, 75.24765245534377
21.807911917141407, 75.24415532004915
21.852969586391698, 75.24065818475452
21.898027255641992, 75.2371610494599
21.943084924892283, 75.23366391416528
21.988142594142577, 75.23016677887065
22.033200263392867, 75.22666964357603
22.07825793264316, 75.2231725082814
22.123315601893452, 75.21967537298677
22.168373271143743, 75.21617823769215
22.213430940394037, 75.21268110239753
22.258488609644328, 75.2091839671029
22.303546278894622, 75.20568683180828
22.348603948144913, 75.20218969651366
22.393661617395207, 75.19869256121903
22.438719286645497, 75.19519542592441
22.483776955895788, 75.19169829062979
22.528834625146082, 75.18820115533516
22.573892294396373, 75.18470402004054
22.618949963646667, 75.18120688474592
22.664007632896958, 75.1777097494513
22.709065302147252, 75.17421261415667
22.754122971397543, 75.17071547886205
22.799180640647833, 75.16721834356743
22.844238309898127, 75.1637212082728
22.889295979148418, 75.16022407297818
22.934353648398712, 75.15672693768354
22.979411317649003, 75.15322980238892
23.024468986899297, 75.1497326670943
23.069526656149588, 75.14623553179968
23.11458432539988, 75.14273839650505
23.159641994650173, 75.13924126121043
23.204699663900463, 75.1357441259158
23.249757333150757, 75.13224699062118
23.294815002401048, 75.12874985532656
23.339872671651342, 75.12525272003194
23.384930340901633, 75.12175558473731
23.429988010151924, 75.11825844944269
23.475045679402218, 75.11476131414807
23.52010334865251, 75.11126417885345
23.565161017902803, 75.10776704355882
23.610218687153093, 75.1042699082642
23.655276356403387, 75.10077277296958
23.700334025653678, 75.09727563767495
23.74539169490397, 75.09377850238033
23.790449364154263, 75.0902813670857
23.835507033404554, 75.08678423179107
23.880564702654848, 75.08328709649645
23.92562237190514, 75.07978996120183
23.970680041155433, 75.0762928259072
24.015737710405723, 75.07279569061258
24.060795379656014, 75.06929855531796
24.105853048906308, 75.06580142002333
24.1509107181566, 75.06230428472871
24.195968387406893, 75.05880714943409
24.241026056657184, 75.05531001413947
24.286083725907478, 75.05181287884484
24.33114139515777, 75.04831574355022
24.37619906440806, 75.0448186082556
24.421256733658353, 75.04132147296097
24.466314402908644, 75.03782433766635
24.511372072158938, 75.03432720237173
24.55642974140923, 75.0308300670771
24.601487410659523, 75.02733293178247
24.646545079909814, 75.02383579648784
24.691602749160104, 75.02033866119322
24.7366604184104, 75.0168415258986
24.78171808766069, 75.01334439060398
24.826775756910983, 75.00984725530935
24.871833426161274, 75.00635012001473
24.916891095411568, 75.0028529847201
24.96194876466186, 74.99935584942548
25.00700643391215, 74.99585871413086
25.052064103162444, 74.99236157883624
25.097121772412734, 74.98886444354162
25.14217944166303, 74.98536730824699
25.18723711091332, 74.98187017295237
25.232294780163613, 74.97837303765775
25.277352449413904, 74.97487590236312
25.322410118664195, 74.9713787670685
25.36746778791449, 74.96788163177388
25.41252545716478, 74.96438449647925
25.457583126415074, 74.96088736118462
25.502640795665364, 74.95739022589
25.54769846491566, 74.95389309059537
25.59275613416595, 74.95039595530075
25.63781380341624, 74.94689882000613
25.682871472666534, 74.9434016847115
25.727929141916825, 74.93990454941688
25.77298681116712, 74.93640741412226
25.81804448041741, 74.93291027882763
25.863102149667704, 74.92941314353301
25.908159818917994, 74.92591600823839
25.953217488168285, 74.92241887294377
25.99827515741858, 74.91892173764914
26.04333282666887, 74.91542460235452
26.088390495919164, 74.9119274670599
26.133448165169455, 74.90843033176527
26.17850583441975, 74.90493319647065
26.22356350367004, 74.90143606117603
26.26862117292033, 74.8979389258814
26.313678842170624, 74.89444179058677
26.358736511420915, 74.89094465529215
26.40379418067121, 74.88744751999752
26.4488518499215, 74.8839503847029
26.493909519171794, 74.88045324940828
26.538967188422085, 74.87695611411365
26.584024857672375, 74.87345897881903
26.62908252692267, 74.86996184352441
26.67414019617296, 74.86646470822978
26.719197865423254, 74.86296757293516
26.764255534673545, 74.85947043764054
26.80931320392384, 74.85597330234592
26.85437087317413, 74.8524761670513
26.89942854242442, 74.84897903175667
26.944486211674715, 74.84548189646205
26.989543880925005, 74.84198476116742
27.0346015501753, 74.8384876258728
27.07965921942559, 74.83499049057818
27.12471688867588, 74.83149335528356
27.169774557926175, 74.82799621998892
27.214832227176466, 74.8244990846943
27.25988989642676, 74.82100194939967
27.30494756567705, 74.81750481410505
27.350005234927345, 74.81400767881043
27.395062904177635, 74.8105105435158
27.440120573427926, 74.80701340822118
27.48517824267822, 74.80351627292656
27.53023591192851, 74.80001913763193
27.575293581178805, 74.79652200233731
27.620351250429096, 74.79302486704269
27.66540891967939, 74.78952773174807
27.71046658892968, 74.78603059645344
27.75552425817997, 74.78253346115882
27.800581927430265, 74.7790363258642
27.845639596680556, 74.77553919056957
27.89069726593085, 74.77204205527495
27.93575493518114, 74.76854491998033
27.980812604431435, 74.76504778468569
28.025870273681726, 74.76155064939107
28.070927942932016, 74.75805351409645
28.11598561218231, 74.75455637880182
28.1610432814326, 74.7510592435072
28.206100950682895, 74.74756210821258
28.251158619933186, 74.74406497291795
28.29621628918348, 74.74056783762333
28.34127395843377, 74.73707070232871
28.38633162768406, 74.73357356703409
28.431389296934356, 74.73007643173946
28.476446966184646, 74.72657929644484
28.52150463543494, 74.72308216115022
28.56656230468523, 74.7195850258556
28.611619973935525, 74.71608789056097
28.656677643185816, 74.71259075526635
28.701735312436107, 74.70909361997172
28.7467929816864, 74.7055964846771
28.79185065093669, 74.70209934938248
28.836908320186986, 74.69860221408786
28.881965989437276, 74.69510507879322
28.92702365868757, 74.6916079434986
28.97208132793786, 74.68811080820397
29.01713899718815, 74.68461367290935
29.062196666438446, 74.68111653761473
29.107254335688737, 74.6776194023201
29.15231200493903, 74.67412226702548
29.19736967418932, 74.67062513173086
29.242427343439616, 74.66712799643624
29.287485012689906, 74.66363086114161
29.332542681940197, 74.66013372584699
29.37760035119049, 74.65663659055237
29.42265802044078, 74.65313945525774
29.467715689691076, 74.64964231996312
29.512773358941367, 74.6461451846685
29.55783102819166, 74.64264804937388
29.60288869744195, 74.63915091407925
29.647946366692242, 74.63565377878463
29.693004035942536, 74.63215664348999
29.738061705192827, 74.62865950819537
29.78311937444312, 74.62516237290075
29.82817704369341, 74.62166523760612
29.873234712943706, 74.6181681023115
29.918292382193997, 74.61467096701688
29.963350051444287, 74.61117383172225
30.00840772069458, 74.60767669642763
30.053465389944872, 74.60417956113301
30.098523059195166, 74.60068242583839
30.143580728445457, 74.59718529054376
30.18863839769575, 74.59368815524914
30.23369606694604, 74.59019101995452
30.278753736196332, 74.5866938846599
30.323811405446627, 74.58319674936527
30.368869074696917, 74.57969961407065
30.41392674394721, 74.57620247877603
30.458984413197502, 74.5727053434814
30.504042082447796, 74.56920820818678
30.549099751698087, 74.56571107289214
30.594157420948378, 74.56221393759752
30.63921509019867, 74.5587168023029
30.684272759448962, 74.55521966700827
30.729330428699257, 74.55172253171365
30.774388097949547, 74.54822539641903
30.81944576719984, 74.5447282611244
30.864503436450132, 74.54123112582978
30.909561105700423, 74.53773399053516
30.954618774950717, 74.53423685524054
30.999676444201008, 74.53073971994591
31.0447341134513, 74.52724258465129
31.089791782701592, 74.52374544935667
31.134849451951887, 74.52024831406204
31.179907121202177, 74.51675117876742
31.224964790452468, 74.5132540434728
31.270022459702762, 74.50975690817818
31.315080128953053, 74.50625977288355
31.360137798203347, 74.50276263758893
31.405195467453638, 74.49926550229429
31.45025313670393, 74.49576836699967
31.495310805954222, 74.49227123170505
31.540368475204513, 74.48877409641042
31.585426144454807, 74.4852769611158
31.630483813705098, 74.48177982582118
31.675541482955392, 74.47828269052656
31.720599152205683, 74.47478555523193
31.765656821455977, 74.47128841993731
31.810714490706268, 74.46779128464269
31.855772159956558, 74.46429414934806
31.900829829206852, 74.46079701405344
31.945887498457143, 74.45729987875882
31.990945167707437, 74.4538027434642
32.03600283695773, 74.45030560816957
32.08106050620802, 74.44680847287495
32.12611817545831, 74.44331133758033
32.17117584470861, 74.4398142022857
32.2162335139589, 74.43631706699108
32.26129118320919, 74.43281993169644
32.30634885245948, 74.42932279640182
32.35140652170978, 74.4258256611072
32.39646419096007, 74.42232852581257
32.44152186021036, 74.41883139051795
32.48657952946065, 74.41533425522333
32.53163719871094, 74.4118371199287
32.57669486796124, 74.40833998463408
32.62175253721153, 74.40484284933946
32.66681020646182, 74.40134571404484
32.71186787571211, 74.39784857875021
32.7569255449624, 74.39435144345559
32.8019832142127, 74.39085430816097
32.84704088346299, 74.38735717286634
32.89209855271328, 74.38386003757172
32.93715622196357, 74.3803629022771
32.98221389121387, 74.37686576698248
33.02727156046416, 74.37336863168785
33.07232922971445, 74.36987149639322
33.11738689896474, 74.3663743610986
33.16244456821503, 74.36287722580397
33.20750223746533, 74.35938009050935
33.25255990671562, 74.35588295521472
33.29761757596591, 74.3523858199201
33.3426752452162, 74.34888868462548
33.38773291446649, 74.34539154933086
33.43279058371679, 74.34189441403623
33.47784825296708, 74.33839727874161
33.52290592221737, 74.33490014344699
33.56796359146766, 74.33140300815236
33.61302126071796, 74.32790587285774
33.65807892996825, 74.32440873756312
33.70313659921854, 74.3209116022685
33.74819426846883, 74.31741446697387
33.79325193771912, 74.31391733167925
33.83830960696942, 74.31042019638463
33.88336727621971, 74.30692306109
33.92842494547, 74.30342592579537
33.97348261472029, 74.29992879050074
34.01854028397058, 74.29643165520612
34.06359795322088, 74.2929345199115
34.10865562247117, 74.28943738461687
34.15371329172146, 74.28594024932225
34.19877096097175, 74.28244311402763
34.24382863022205, 74.278945978733
34.28888629947234, 74.27544884343838
34.33394396872263, 74.27195170814376
34.37900163797292, 74.26845457284914
34.42405930722321, 74.26495743755451
34.46911697647351, 74.26146030225989
34.5141746457238, 74.25796316696527
34.55923231497409, 74.25446603167065
34.60428998422438, 74.25096889637602
34.64934765347467, 74.2474717610814
34.69440532272497, 74.24397462578678
34.73946299197526, 74.24047749049215
34.78452066122555, 74.23698035519752
34.82957833047584, 74.2334832199029
34.87463599972614, 74.22998608460827
34.91969366897643, 74.22648894931365
34.96475133822672, 74.22299181401903
35.00980900747701, 74.2194946787244
35.0548666767273, 74.21599754342978
35.0999243459776, 74.21250040813516
35.14498201522789, 74.20900327284053
35.19003968447818, 74.20550613754591
35.23509735372847, 74.20200900225129
35.28015502297876, 74.19851186695666
35.32521269222906, 74.19501473166204
35.37027036147935, 74.19151759636742
35.41532803072964, 74.1880204610728
35.46038569997993, 74.18452332577817
35.50544336923023, 74.18102619048355
35.55050103848052, 74.17752905518893
35.59555870773081, 74.1740319198943
35.6406163769811, 74.17053478459967
35.68567404623139, 74.16703764930504
35.73073171548169, 74.16354051401042
35.77578938473198, 74.1600433787158
35.82084705398227, 74.15654624342118
35.86590472323256, 74.15304910812655
35.91096239248285, 74.14955197283193
35.95602006173315, 74.1460548375373
36.00107773098344, 74.14255770224268
36.04613540023373, 74.13906056694806
36.09119306948402, 74.13556343165344
36.13625073873432, 74.13206629635881
36.18130840798461, 74.12856916106419
36.2263660772349, 74.12507202576957
36.27142374648519, 74.12157489047495
36.31648141573548, 74.11807775518032
36.36153908498578, 74.1145806198857
36.40659675423607, 74.11108348459108
36.45165442348636, 74.10758634929644
36.49671209273665, 74.10408921400182
36.54176976198694, 74.1005920787072
36.58682743123724, 74.09709494341257
36.63188510048753, 74.09359780811795
36.67694276973782, 74.09010067282333
36.72200043898811, 74.0866035375287
36.76705810823841, 74.08310640223408
36.8121157774887, 74.07960926693946
36.85717344673899, 74.07611213164483
36.90223111598928, 74.07261499635021
36.94728878523957, 74.06911786105559
36.99234645448987, 74.06562072576097
37.03740412374016, 74.06212359046634
37.08246179299045, 73.9312999023856
37.12751946224074, 73.77568060363323
37.17257713149103, 73.62006130488086
37.21763480074133, 73.46444200612848
37.26269246999162, 73.30882270737611
37.30775013924191, 73.15320340862374
37.3528078084922, 72.99758410987137
37.3978654777425, 72.84196481111897
37.44292314699279, 72.6863455123666
37.48798081624308, 72.53072621361423
37.53303848549337, 72.37510691486186
37.57809615474366, 72.21948761610949
37.62315382399396, 72.0638683173571
37.66821149324425, 71.90824901860474
37.71326916249454, 71.75262971985237
37.75832683174483, 71.5970104211
37.80338450099512, 71.44139112234762
37.84844217024542, 71.28577182359523
37.89349983949571, 71.13015252484286
37.938557508746, 70.97453322609049
37.98361517799629, 70.81891392733812
38.02867284724659, 70.66329462858573
38.07373051649688, 70.50767532983336
38.11878818574717, 70.35205603108099
38.16384585499746, 70.19643673232862
38.20890352424775, 70.04081743357625
38.25396119349805, 69.88519813482385
38.29901886274834, 69.72957883607148
38.34407653199863, 69.57395953731911
38.38913420124892, 69.41834023856674
38.43419187049921, 69.26272093981437
38.47924953974951, 69.10710164106199
38.5243072089998, 68.95148234230962
38.56936487825009, 68.79586304355725
38.61442254750038, 68.64024374480488
38.65948021675067, 68.4846244460525
38.70453788600097, 68.32900514730011
38.74959555525126, 68.17338584854774
38.79465322450155, 68.01776654979537
38.83971089375184, 67.86214725104301
38.88476856300214, 67.70652795229061
38.92982623225243, 67.55090865353824
38.97488390150272, 67.39528935478587
39.01994157075301, 67.2396700560335
39.0649992400033, 67.08405075728113
39.1100569092536, 66.92843145852873
39.15511457850389, 66.77281215977636
39.20017224775418, 66.617192861024
39.24522991700447, 66.46157356227164
39.29028758625476, 66.30595426351927
39.33534525550506, 66.15033496476687
39.38040292475535, 65.9947156660145
39.42546059400564, 65.83909636726213
39.47051826325593, 65.68347706850976
39.51557593250623, 65.52785776975736
39.56063360175652, 65.372238471005
39.60569127100681, 65.21661917225262
39.6507489402571, 65.06099987350026
39.69580660950739, 64.9053805747479
39.74086427875769, 64.7497612759955
39.78592194800798, 64.59414197724313
39.83097961725827, 64.43852267849076
39.87603728650856, 64.28290337973839
39.92109495575885, 64.12728408098602
39.96615262500915, 63.971664782233624
40.01121029425944, 63.816045483481254
40.05626796350973, 63.660426184728884
40.10132563276002, 63.504806885976514
40.14638330201032, 63.34918758722412
40.19144097126061, 63.19356828847175
40.2364986405109, 63.03794898971938
40.28155630976119, 62.88232969096701
40.32661397901148, 62.72671039221464
40.37167164826178, 62.57109109346225
40.41672931751207, 62.41547179470988
40.46178698676236, 62.25985249595751
40.50684465601265, 62.10423319720515
40.551902325262944, 61.94861389845278
40.59695999451324, 61.79299459970038
40.64201766376353, 61.63737530094801
40.68707533301382, 61.48175600219564
40.73213300226411, 61.32613670344327
40.77719067151441, 61.17051740469088
40.8222483407647, 61.01489810593851
40.86730601001499, 60.85927880718614
40.91236367926528, 60.70365950843377
40.957421348515574, 60.5480402096814
41.00247901776587, 60.392420910929005
41.04753668701616, 60.236801612176635
41.09259435626645, 60.081182313424264
41.13765202551674, 59.9255630146719
41.182709694767034, 59.76994371591953
41.22776736401733, 59.61432441716714
41.27282503326762, 59.45870511841477
41.31788270251791, 59.3030858196624
41.362940371768204, 59.14746652091003
41.4079980410185, 58.99184722215763
41.45305571026879, 58.83622792340526
41.49811337951908, 58.6806086246529
41.54317104876937, 58.52498932590053
41.588228718019664, 58.36937002714816
41.63328638726996, 58.213750728395766
41.67834405652025, 58.058131429643396
41.72340172577054, 57.902512130891026
41.768459395020834, 57.746892832138656
41.813517064271124, 57.591273533386286
41.85857473352142, 57.43565423463389
41.90363240277171, 57.28003493588152
41.948690072022, 57.124415637129154
41.993747741272294, 56.968796338376784
42.03880541052259, 56.81317703962439
42.08386307977288, 56.65755774087202
42.12892074902317, 56.50193844211965
42.173978418273464, 56.34631914336728
42.219036087523754, 56.19069984461491
42.26409375677405, 56.03508054586251
42.30915142602434, 55.87946124711015
42.35420909527463, 55.72384194835778
42.399266764524924, 55.56822264960541
42.444324433775215, 55.41260335085304
42.48938210302551, 55.25698405210065
42.5344397722758, 55.10136475334828
42.579497441526094, 54.94574545459591
42.624555110776384, 54.79012615584354
42.66961278002668, 54.63450685709115
42.71467044927697, 54.478887558338776
42.75972811852726, 54.323268259586406
42.804785787777554, 54.167648960834036
42.849843457027845, 54.01202966208167
42.89490112627814, 53.856410363329275
42.93995879552843, 53.700791064576904
42.985016464778724, 53.545171765824534
43.030074134029014, 53.389552467072164
43.075131803279305, 53.233933168319794
43.1201894725296, 53.0783138695674
43.16524714177989, 52.92269457081503
43.210304811030184, 52.76707527206266
43.255362480280475, 52.6114559733103
43.30042014953077, 52.4558366745579
43.34547781878106, 52.30021737580553
43.390535488031354, 52.14459807705316
43.435593157281644, 51.98897877830079
43.480650826531935, 51.83335947954842
43.52570849578223, 51.67774018079603
43.57076616503252, 51.52212088204366
43.615823834282814, 51.366501583291296
43.660881503533105, 51.210882284538926
43.705939172783395, 51.055262985786555
43.75099684203369, 50.89964368703416
43.796054511283984, 50.74402438828179
43.841112180534275, 50.58840508952942
43.886169849784565, 50.43278579077705
43.93122751903486, 50.277166492024655
43.97628518828515, 50.12154719327229
44.021342857535444, 49.96592789451992
44.066400526785735, 49.81030859576755
44.111458196036025, 49.65468929701518
44.15651586528632, 49.49906999826278
44.201573534536614, 49.34345069951041
44.246631203786905, 49.18783140075804
44.291688873037195, 49.03221210200567
44.336746542287486, 48.87659280325331
44.38180421153778, 48.72097350450092
44.426861880788074, 48.56535420574855
44.471919550038365, 48.40973490699618
44.516977219288655, 48.25411560824381
44.56203488853895, 48.09849630949141
44.607092557789244, 47.94287701073904
44.652150227039535, 47.78725771198667
44.697207896289825, 47.6316384132343
44.742265565540116, 47.476019114481936
44.78732323479041, 47.320399815729544
44.832380904040704, 47.164780516977174
44.877438573290995, 47.009161218224804
44.922496242541285, 46.853541919472434
44.967553911791576, 46.697922620720064
45.012611581041874, 46.542303321967665
