Parameters: [49.31407230260526, 15.398842074341314, 14.802352757926746, 37.522557557729975, 3.6730144322802674, 0.048326238162833046, -2.997743192399216]
Points:
0.0, 15.398842074341314
0.049363435738343606, 15.58015468623519
0.09872687147668721, 15.761467298129064
0.1480903072150308, 15.94277991002294
0.19745374295337442, 16.124092521916815
0.24681717869171804, 16.30540513381069
0.2961806144300616, 16.486717745704567
0.3455440501684052, 16.668030357598443
0.39490748590674885, 16.84934296949232
0.44427092164509246, 17.030655581386196
0.4936343573834361, 17.21196819328007
0.5429977931217796, 17.393280805173944
0.5923612288601232, 17.57459341706782
0.6417246645984669, 17.755906028961697
0.6910881003368105, 17.937218640855573
0.7404515360751541, 18.11853125274945
0.7898149718134977, 18.29984386464332
0.8391784075518413, 18.481156476537198
0.8885418432901849, 18.662469088431074
0.9379052790285285, 18.84378170032495
0.9872687147668722, 19.025094312218826
1.0366321505052156, 19.206406924112702
1.0859955862435593, 19.38771953600658
1.135359021981903, 19.56903214790045
1.1847224577202464, 19.750344759794327
1.23408589345859, 19.931657371688203
1.2834493291969338, 20.11296998358208
1.3328127649352774, 20.294282595475956
1.382176200673621, 20.475595207369828
1.4315396364119646, 20.656907819263708
1.4809030721503083, 20.83822043115758
1.5302665078886517, 21.019533043051457
1.5796299436269954, 21.200845654945333
1.628993379365339, 21.38215826683921
1.6783568151036825, 21.563470878733085
1.7277202508420262, 21.744783490626958
1.7770836865803699, 21.926096102520837
1.8264471223187133, 22.10740871441471
1.875810558057057, 22.288721326308586
1.9251739937954007, 22.470033938202462
1.9745374295337443, 22.65134655009634
2.023900865272088, 22.832659161990215
2.0732643010104312, 23.013971773884087
2.122627736748775, 23.195284385777963
2.1719911724871186, 23.37659699767184
2.2213546082254623, 23.557909609565716
2.270718043963806, 23.739222221459592
2.3200814797021496, 23.920534833353468
2.369444915440493, 24.101847445247344
2.4188083511788365, 24.283160057141217
2.46817178691718, 24.464472669035093
2.517535222655524, 24.64578528092897
2.5668986583938675, 24.827097892822845
2.6162620941322112, 25.00841050471672
2.665625529870555, 25.189723116610597
2.714988965608898, 25.371035728504474
2.764352401347242, 25.552348340398346
2.8137158370855855, 25.733660952292222
2.863079272823929, 25.9149735641861
2.912442708562273, 26.096286176079975
2.9618061443006165, 26.27759878797385
3.0111695800389597, 26.458911399867723
3.0605330157773034, 26.6402240117616
3.109896451515647, 26.821536623655476
3.1592598872539908, 27.002849235549352
3.2086233229923344, 27.184161847443228
3.257986758730678, 27.365474459337104
3.307350194469022, 27.54678707123098
3.356713630207365, 27.728099683124853
3.4060770659457087, 27.90941229501873
3.4554405016840524, 28.090724906912605
3.504803937422396, 28.27203751880648
3.5541673731607397, 28.453350130700358
3.6035308088990834, 28.634662742594234
3.6528942446374266, 28.81597535448811
3.7022576803757703, 28.997287966381982
3.751621116114114, 29.17860057827586
3.8009845518524576, 29.359913190169735
3.8503479875908013, 29.54122580206361
3.899711423329145, 29.722538413957487
3.9490748590674887, 29.903851025851363
3.998438294805832, 30.085163637745236
4.047801730544176, 30.266476249639112
4.09716516628252, 30.44778886153299
4.1465286020208625, 30.629101473426864
4.195892037759206, 30.810414085320737
4.24525547349755, 30.991726697214617
4.2946189092358935, 31.17303930910849
4.343982344974237, 31.354351921002365
4.393345780712581, 31.53566453289624
4.4427092164509245, 31.716977144790118
4.492072652189268, 31.898289756683994
4.541436087927612, 32.079602368577866
4.590799523665956, 32.260914980471746
4.640162959404299, 32.442227592365626
4.689526395142643, 32.6235402042595
4.738889830880986, 32.80485281615337
4.788253266619329, 32.986165428047244
4.837616702357673, 33.167478039941116
4.886980138096017, 33.348790651834996
4.93634357383436, 33.530103263728876
4.985707009572704, 33.71141587562275
5.035070445311048, 33.89272848751662
5.084433881049391, 34.0740410994105
5.133797316787735, 34.25535371130438
5.183160752526079, 34.43666632319825
5.2325241882644224, 34.617978935092125
5.281887624002766, 34.799291546986005
5.33125105974111, 34.980604158879885
5.380614495479453, 35.16191677077376
5.429977931217796, 35.34322938266763
5.47934136695614, 35.5245419945615
5.528704802694484, 35.705854606455375
5.578068238432827, 35.887167218349255
5.627431674171171, 36.068479830243135
5.676795109909515, 36.24979244213701
5.726158545647858, 36.43110505403088
5.775521981386202, 36.61241766592476
5.824885417124546, 36.79373027781864
5.874248852862889, 36.97504288971251
5.923612288601233, 37.156355501606384
5.972975724339577, 37.337668113500264
6.0223391600779195, 37.51898072539414
6.071702595816263, 37.70029333728801
6.121066031554607, 37.88160594918189
6.1704294672929505, 38.06291856107576
6.219792903031294, 38.244231172969634
6.269156338769638, 38.425543784863514
6.3185197745079815, 38.606856396757394
6.367883210246325, 38.788169008651266
6.417246645984669, 38.96948162054514
6.4666100817230125, 39.15079423243902
6.515973517461356, 39.3321068443329
6.5653369531997, 39.51341945622677
6.614700388938044, 39.69473206812064
6.664063824676386, 39.876044680014516
6.71342726041473, 40.05735729190839
6.762790696153074, 40.23866990380227
6.812154131891417, 40.41998251569615
6.861517567629761, 40.60129512759002
6.910881003368105, 40.78260773948389
6.960244439106448, 40.96392035137777
7.009607874844792, 41.14523296327165
7.058971310583136, 41.326545575165525
7.108334746321479, 41.5078581870594
7.157698182059823, 41.68917079895328
7.207061617798167, 41.87048341084716
7.2564250535365105, 42.05179602274103
7.305788489274853, 42.2331086346349
7.355151925013197, 42.414421246528775
7.404515360751541, 42.59573385842265
7.453878796489884, 42.77704647031653
7.503242232228228, 42.95835908221041
7.552605667966572, 43.13967169410428
7.601969103704915, 43.32098430599815
7.651332539443259, 43.50229691789203
7.700695975181603, 43.68360952978591
7.750059410919946, 43.864922141679784
7.79942284665829, 44.04623475357366
7.848786282396634, 44.22754736546754
7.898149718134977, 44.408859977361416
7.94751315387332, 44.59017258925529
7.996876589611664, 44.77148520114916
8.046240025350007, 44.952797813043034
8.095603461088352, 45.134110424936914
8.144966896826695, 45.315423036830786
8.19433033256504, 45.496735648724666
8.243693768303382, 45.67804826061854
8.293057204041725, 45.85936087251241
8.34242063978007, 46.04067348440629
8.391784075518412, 46.221986096300164
8.441147511256757, 46.40329870819404
8.4905109469951, 46.584611320087916
8.539874382733444, 46.765923931981796
8.589237818471787, 46.94723654387567
8.638601254210132, 47.12854915576955
8.687964689948474, 47.30986176766342
8.737328125686819, 47.49117437955729
8.786691561425162, 47.672486991451166
8.836054997163506, 47.85379960334505
8.885418432901849, 48.035112215238925
8.934781868640192, 48.2164248271328
8.984145304378536, 48.39773743902667
9.03350874011688, 48.57905005092054
9.082872175855224, 48.76036266281443
9.132235611593567, 48.9416752747083
9.181599047331911, 49.122987886602175
9.230962483070254, 49.30430049849605
9.280325918808598, 49.485613110389934
9.329689354546941, 49.66692572228381
9.379052790285286, 49.84823833417768
9.428416226023629, 50.02955094607155
9.477779661761971, 50.210863557965425
9.527143097500316, 50.39217616985931
9.576506533238659, 50.573488781753184
9.625869968977003, 50.75480139364706
9.675233404715346, 50.93611400554093
9.72459684045369, 51.1174266174348
9.773960276192033, 51.298739229328675
9.823323711930378, 51.48005184122256
9.87268714766872, 51.661364453116434
9.922050583407065, 51.84267706501031
9.971414019145408, 52.02398967690418
10.020777454883753, 52.205302288798066
10.070140890622095, 52.38661490069194
10.119504326360438, 52.56792751258581
10.168867762098783, 52.749240124479684
10.218231197837126, 52.930552736373556
10.26759463357547, 53.11186534826744
10.316958069313813, 53.293177960161316
10.366321505052158, 53.47449057205519
10.4156849407905, 53.65580318394906
10.465048376528845, 53.83711579584295
10.514411812267188, 54.01842840773682
10.563775248005532, 54.19974101963069
10.613138683743875, 54.381053631524566
10.66250211948222, 54.56236624341845
10.711865555220562, 54.743678855312325
10.761228990958905, 54.9249914672062
10.81059242669725, 55.10630407910007
10.859955862435593, 55.28761669099394
10.909319298173937, 55.468929302887815
10.95868273391228, 55.65024191478169
11.008046169650624, 55.831554526675575
11.057409605388967, 56.01286713856945
11.106773041127312, 56.19417975046332
11.156136476865655, 56.37549236235719
11.205499912604, 56.55680497425108
11.254863348342342, 56.73811758614495
11.304226784080686, 56.919430198038825
11.35359021981903, 57.1007428099327
11.402953655557372, 57.28205542182657
11.452317091295717, 57.46336803372046
11.50168052703406, 57.64468064561433
11.551043962772404, 57.8259932575082
11.600407398510747, 58.007305869402074
11.649770834249091, 58.18861848129596
11.699134269987434, 58.369931093189834
11.748497705725779, 58.55124370508371
11.797861141464121, 58.73255631697758
11.847224577202466, 58.913868928871466
11.896588012940809, 59.09518154076534
11.945951448679153, 59.27649415265921
11.995314884417496, 59.457806764553084
12.044678320155839, 59.639119376446956
12.094041755894184, 59.82043198834083
12.143405191632526, 60.0017446002347
12.19276862737087, 60.18305721212859
12.242132063109214, 60.36436982402246
12.291495498847558, 60.54568243591633
12.340858934585901, 60.726995047810206
12.390222370324246, 60.90830765970409
12.439585806062588, 61.089620271597965
12.488949241800933, 61.27093288349184
12.538312677539276, 61.45224549538571
12.58767611327762, 61.6335581072796
12.637039549015963, 61.81487071917347
12.686402984754306, 61.99618333106734
12.73576642049265, 62.177495942961215
12.785129856230993, 62.35880855485509
12.834493291969338, 62.540121166748975
12.88385672770768, 62.72143377864285
12.933220163446025, 62.90274639053672
12.982583599184368, 63.08405900243059
13.031947034922712, 63.26537161432448
13.081310470661055, 63.44668422621835
13.1306739063994, 63.627996838112225
13.180037342137743, 63.8093094500061
13.229400777876087, 63.990622061899984
13.27876421361443, 64.17193467379386
13.328127649352773, 64.35324728568773
13.377491085091117, 64.5345598975816
13.42685452082946, 64.71587250947547
13.476217956567805, 64.89718512136935
13.525581392306147, 65.07849773326322
13.574944828044492, 65.2598103451571
13.624308263782835, 65.44112295705098
13.67367169952118, 65.62243556894485
13.723035135259522, 65.80374818083872
13.772398570997867, 65.98506079273261
13.82176200673621, 66.16637340462648
13.871125442474554, 66.34768601652036
13.920488878212897, 66.52899862841423
13.96985231395124, 66.7103112403081
14.019215749689584, 66.89162385220199
14.068579185427927, 67.07293646409586
14.117942621166272, 67.25424907598973
14.167306056904614, 67.4355616878836
14.216669492642959, 67.61687429977749
14.266032928381302, 67.79818691167137
14.315396364119646, 67.97949952356524
14.364759799857989, 68.16081213545911
14.414123235596334, 68.342124747353
14.463486671334676, 68.52343735924687
14.512850107073021, 68.70474997114074
14.562213542811364, 68.88606258303462
14.611576978549706, 69.06737519492849
14.660940414288051, 69.24868780682236
14.710303850026394, 69.43000041871623
14.759667285764738, 69.61131303061012
14.809030721503081, 69.7684201067681
14.858394157241426, 69.77080565592013
14.907757592979769, 69.77319120507215
14.957121028718113, 69.77557675422418
15.006484464456456, 69.77796230337621
15.0558479001948, 69.78034785252824
15.105211335933143, 69.78273340168026
15.154574771671488, 69.78511895083228
15.20393820740983, 69.78750449998432
15.253301643148173, 69.78989004913635
15.302665078886518, 69.79227559828837
15.35202851462486, 69.7946611474404
15.401391950363205, 69.79704669659242
15.450755386101548, 69.79943224574446
15.500118821839893, 69.80181779489648
15.549482257578235, 69.8042033440485
15.59884569331658, 69.80658889320053
15.648209129054923, 69.80897444235256
15.697572564793267, 69.81135999150459
15.74693600053161, 69.81374554065661
15.796299436269955, 69.81613108980864
15.845662872008297, 69.81851663896066
15.89502630774664, 69.8209021881127
15.944389743484985, 69.82328773726472
15.993753179223328, 69.82567328641674
16.043116614961672, 69.82805883556877
16.092480050700015, 69.8304443847208
16.141843486438358, 69.83282993387283
16.191206922176704, 69.83521548302485
16.240570357915047, 69.83760103217688
16.28993379365339, 69.8399865813289
16.339297229391732, 69.84237213048094
16.38866066513008, 69.84475767963296
16.43802410086842, 69.84714322878499
16.487387536606764, 69.84952877793701
16.536750972345107, 69.85191432708905
16.58611440808345, 69.85429987624107
16.635477843821796, 69.8566854253931
16.68484127956014, 69.85907097454512
16.734204715298482, 69.86145652369716
16.783568151036825, 69.86384207284918
16.83293158677517, 69.8662276220012
16.882295022513514, 69.86861317115323
16.931658458251857, 69.87099872030525
16.9810218939902, 69.87338426945729
17.030385329728546, 69.87576981860931
17.07974876546689, 69.87815536776134
17.12911220120523, 69.88054091691336
17.178475636943574, 69.8829264660654
17.227839072681917, 69.88531201521742
17.277202508420263, 69.88769756436945
17.326565944158606, 69.89008311352147
17.37592937989695, 69.8924686626735
17.42529281563529, 69.89485421182553
17.474656251373638, 69.89723976097756
17.52401968711198, 69.89962531012958
17.573383122850323, 69.9020108592816
17.622746558588666, 69.90439640843364
17.672109994327013, 69.90678195758566
17.721473430065355, 69.90916750673769
17.770836865803698, 69.91155305588971
17.82020030154204, 69.91393860504174
17.869563737280384, 69.91632415419377
17.91892717301873, 69.9187097033458
17.968290608757073, 69.92109525249782
18.017654044495416, 69.92348080164984
18.06701748023376, 69.92586635080188
18.116380915972105, 69.9282518999539
18.165744351710448, 69.93063744910593
18.21510778744879, 69.93302299825795
18.264471223187133, 69.93540854740998
18.31383465892548, 69.93779409656202
18.363198094663822, 69.94017964571404
18.412561530402165, 69.94256519486606
18.461924966140508, 69.94495074401809
18.51128840187885, 69.94733629317012
18.560651837617197, 69.94972184232215
18.61001527335554, 69.95210739147417
18.659378709093883, 69.9544929406262
18.708742144832225, 69.95687848977822
18.75810558057057, 69.95926403893026
18.807469016308914, 69.96164958808228
18.856832452047257, 69.9640351372343
18.9061958877856, 69.96642068638633
18.955559323523943, 69.96880623553837
19.00492275926229, 69.97119178469039
19.054286195000632, 69.97357733384241
19.103649630738975, 69.97596288299444
19.153013066477317, 69.97834843214646
19.202376502215664, 69.9807339812985
19.251739937954007, 69.98311953045052
19.30110337369235, 69.98550507960255
19.350466809430692, 69.98789062875457
19.39983024516904, 69.99027617790661
19.44919368090738, 69.99266172705863
19.498557116645724, 69.99504727621066
19.547920552384067, 69.99743282536268
19.59728398812241, 69.9998183745147
19.646647423860756, 70.00220392366674
19.6960108595991, 70.00458947281876
19.74537429533744, 70.00697502197079
19.794737731075784, 70.00936057112281
19.84410116681413, 70.01174612027485
19.893464602552474, 70.01413166942687
19.942828038290816, 70.0165172185789
19.99219147402916, 70.01890276773092
20.041554909767505, 70.02128831688296
20.090918345505848, 70.02367386603498
20.14028178124419, 70.026059415187
20.189645216982534, 70.02844496433903
20.239008652720877, 70.03083051349105
20.288372088459223, 70.03321606264309
20.337735524197566, 70.03560161179512
20.38709895993591, 70.03798716094714
20.43646239567425, 70.04037271009916
20.485825831412598, 70.0427582592512
20.53518926715094, 70.04514380840322
20.584552702889283, 70.04752935755525
20.633916138627626, 70.04991490670727
20.683279574365972, 70.0523004558593
20.732643010104315, 70.05468600501133
20.782006445842658, 70.05707155416336
20.831369881581, 70.05945710331538
20.880733317319343, 70.0618426524674
20.93009675305769, 70.06422820161944
20.979460188796033, 70.06661375077147
21.028823624534375, 70.06899929992349
21.078187060272718, 70.07138484907551
21.127550496011064, 70.07377039822754
21.176913931749407, 70.07615594737958
21.22627736748775, 70.0785414965316
21.275640803226093, 70.08092704568362
21.32500423896444, 70.08331259483565
21.374367674702782, 70.08569814398768
21.423731110441125, 70.08808369313971
21.473094546179468, 70.09046924229173
21.52245798191781, 70.09285479144376
21.571821417656157, 70.09524034059578
21.6211848533945, 70.09762588974782
21.670548289132842, 70.10001143889984
21.719911724871185, 70.10239698805186
21.76927516060953, 70.10478253720389
21.818638596347874, 70.10716808635593
21.868002032086217, 70.10955363550795
21.91736546782456, 70.11193918465997
21.966728903562906, 70.114324733812
22.01609233930125, 70.11671028296402
22.06545577503959, 70.11909583211606
22.114819210777934, 70.12148138126808
22.164182646516277, 70.1238669304201
22.213546082254624, 70.12625247957213
22.262909517992966, 70.12863802872417
22.31227295373131, 70.13102357787619
22.361636389469652, 70.13340912702822
22.410999825208, 70.13579467618024
22.46036326094634, 70.13818022533226
22.509726696684684, 70.1405657744843
22.559090132423027, 70.14295132363632
22.608453568161373, 70.14533687278835
22.657817003899716, 70.14772242194037
22.70718043963806, 70.15010797109241
22.7565438753764, 70.15249352024443
22.805907311114744, 70.15487906939646
22.85527074685309, 70.15726461854848
22.904634182591433, 70.15965016770052
22.953997618329776, 70.16203571685254
23.00336105406812, 70.16442126600457
23.052724489806465, 70.16680681515659
23.102087925544808, 70.16919236430861
23.15145136128315, 70.17157791346065
23.200814797021494, 70.17396346261268
23.25017823275984, 70.1763490117647
23.299541668498183, 70.17873456091672
23.348905104236525, 70.18112011006876
23.398268539974868, 70.18350565922078
23.44763197571321, 70.18589120837281
23.496995411451557, 70.18827675752483
23.5463588471899, 70.19066230667686
23.595722282928243, 70.1930478558289
23.645085718666586, 70.19543340498092
23.694449154404932, 70.19781895413294
23.743812590143275, 70.20020450328497
23.793176025881618, 70.202590052437
23.84253946161996, 70.20497560158903
23.891902897358307, 70.20736115074105
23.94126633309665, 70.20974669989307
23.990629768834992, 70.2121322490451
24.039993204573335, 70.21451779819714
24.089356640311678, 70.21690334734916
24.138720076050024, 70.21928889650118
24.188083511788367, 70.2216744456532
24.23744694752671, 70.22405999480524
24.286810383265053, 70.22644554395727
24.3361738190034, 70.22883109310929
24.38553725474174, 70.23121664226132
24.434900690480085, 70.23360219141334
24.484264126218427, 70.23598774056538
24.533627561956774, 70.2383732897174
24.582990997695116, 70.24075883886943
24.63235443343346, 70.24314438802145
24.681717869171802, 70.24552993717349
24.731081304910145, 70.24791548632551
24.78044474064849, 70.25030103547753
24.829808176386834, 70.25268658462956
24.879171612125177, 70.25507213378158
24.92853504786352, 70.25745768293362
24.977898483601866, 70.25984323208564
25.02726191934021, 70.26222878123767
25.07662535507855, 70.26461433038969
25.125988790816894, 70.26699987954173
25.17535222655524, 70.26938542869375
25.224715662293583, 70.27177097784578
25.274079098031926, 70.2741565269978
25.32344253377027, 70.27654207614982
25.37280596950861, 70.27892762530186
25.422169405246958, 70.28131317445389
25.4715328409853, 70.28369872360591
25.520896276723644, 70.28608427275793
25.570259712461986, 70.28846982190997
25.619623148200333, 70.290855371062
25.668986583938675, 70.29324092021402
25.71835001967702, 70.29562646936604
25.76771345541536, 70.29801201851808
25.817076891153707, 70.3003975676701
25.86644032689205, 70.30278311682213
25.915803762630393, 70.30516866597415
25.965167198368736, 70.30755421512617
26.01453063410708, 70.30993976427821
26.063894069845425, 70.31232531343024
26.113257505583768, 70.31471086258226
26.16262094132211, 70.31709641173428
26.211984377060453, 70.31948196088632
26.2613478127988, 70.32186751003835
26.310711248537142, 70.32425305919037
26.360074684275485, 70.32663860834239
26.409438120013828, 70.32902415749442
26.458801555752174, 70.33140970664645
26.508164991490517, 70.33379525579848
26.55752842722886, 70.3361808049505
26.606891862967203, 70.33856635410253
26.656255298705545, 70.34095190325456
26.705618734443892, 70.34333745240659
26.754982170182235, 70.34572300155861
26.804345605920577, 70.34810855071063
26.85370904165892, 70.35049409986266
26.903072477397266, 70.3528796490147
26.95243591313561, 70.35526519816672
27.001799348873952, 70.35765074731874
27.051162784612295, 70.36003629647077
27.10052622035064, 70.3624218456228
27.149889656088984, 70.36480739477483
27.199253091827327, 70.36719294392685
27.24861652756567, 70.36957849307888
27.297979963304012, 70.3719640422309
27.34734339904236, 70.37434959138294
27.3967068347807, 70.37673514053496
27.446070270519044, 70.37912068968699
27.495433706257387, 70.38150623883901
27.544797141995733, 70.38389178799105
27.594160577734076, 70.38627733714307
27.64352401347242, 70.3886628862951
27.69288744921076, 70.39104843544712
27.742250884949108, 70.39343398459914
27.79161432068745, 70.39581953375118
27.840977756425794, 70.3982050829032
27.890341192164136, 70.40059063205523
27.93970462790248, 70.40297618120725
27.989068063640826, 70.40536173035929
28.03843149937917, 70.40774727951131
28.08779493511751, 70.41013282866334
28.137158370855854, 70.41251837781536
28.1865218065942, 70.41490392696738
28.235885242332543, 70.41728947611942
28.285248678070886, 70.41967502527145
28.33461211380923, 70.42206057442347
28.383975549547575, 70.42444612357549
28.433338985285918, 70.42683167272753
28.48270242102426, 70.42921722187955
28.532065856762603, 70.43160277103158
28.581429292500946, 70.4339883201836
28.630792728239292, 70.43637386933564
28.680156163977635, 70.43875941848766
28.729519599715978, 70.44114496763969
28.77888303545432, 70.44353051679171
28.828246471192667, 70.44591606594373
28.87760990693101, 70.44830161509577
28.926973342669353, 70.4506871642478
28.976336778407696, 70.45307271339982
29.025700214146042, 70.45545826255184
29.075063649884385, 70.45784381170388
29.124427085622727, 70.4602293608559
29.17379052136107, 70.46261491000793
29.223153957099413, 70.46500045915995
29.27251739283776, 70.46738600831198
29.321880828576102, 70.46977155746401
29.371244264314445, 70.47215710661604
29.420607700052788, 70.47454265576806
29.469971135791134, 70.47692820492009
29.519334571529477, 70.47931375407212
29.56869800726782, 70.48169930322415
29.618061443006162, 70.48408485237617
29.66742487874451, 70.4864704015282
29.71678831448285, 70.48885595068022
29.766151750221194, 70.49124149983226
29.815515185959537, 70.49362704898428
29.86487862169788, 70.4960125981363
29.914242057436226, 70.49839814728833
29.96360549317457, 70.50078369644037
30.012968928912912, 70.50316924559239
30.062332364651255, 70.50555479474441
30.1116958003896, 70.50794034389644
30.161059236127944, 70.51032589304846
30.210422671866286, 70.5127114422005
30.25978610760463, 70.51509699135252
30.309149543342976, 70.51748254050455
30.35851297908132, 70.51986808965657
30.40787641481966, 70.5222536388086
30.457239850558004, 70.52463918796063
30.506603286296347, 70.52702473711265
30.555966722034693, 70.52941028626468
30.605330157773036, 70.5317958354167
30.65469359351138, 70.53418138456874
30.70405702924972, 70.53656693372076
30.753420464988068, 70.53895248287279
30.80278390072641, 70.54133803202481
30.852147336464753, 70.54372358117685
30.901510772203096, 70.54610913032887
30.950874207941443, 70.5484946794809
31.000237643679785, 70.55088022863292
31.049601079418128, 70.55326577778494
31.09896451515647, 70.55565132693698
31.148327950894814, 70.558036876089
31.19769138663316, 70.56042242524103
31.247054822371503, 70.56280797439305
31.296418258109846, 70.56519352354509
31.34578169384819, 70.56757907269711
31.395145129586535, 70.56996462184914
31.444508565324877, 70.57235017100116
31.49387200106322, 70.5747357201532
31.543235436801563, 70.57712126930522
31.59259887253991, 70.57950681845725
31.641962308278252, 70.58189236760927
31.691325744016595, 70.5842779167613
31.740689179754938, 70.58666346591333
31.79005261549328, 70.58904901506536
31.839416051231627, 70.59143456421738
31.88877948696997, 70.5938201133694
31.938142922708312, 70.59620566252144
31.987506358446655, 70.59859121167347
32.036869794185, 70.60097676082549
32.086233229923344, 70.60336230997751
32.13559666566169, 70.60574785912954
32.18496010140003, 70.60813340828157
32.23432353713837, 70.6105189574336
32.283686972876716, 70.61290450658562
32.33305040861506, 70.61529005573765
32.38241384435341, 70.61767560488968
32.43177728009175, 70.62006115404171
32.481140715830094, 70.62244670319373
32.53050415156844, 70.62483225234575
32.57986758730678, 70.62721780149778
32.62923102304512, 70.62960335064982
32.678594458783465, 70.63198889980184
32.72795789452181, 70.63437444895386
32.77732133026016, 70.63675999810589
32.8266847659985, 70.63914554725793
32.87604820173684, 70.64153109640995
32.925411637475186, 70.64391664556197
32.97477507321353, 70.646302194714
33.02413850895187, 70.64868774386602
33.073501944690214, 70.65107329301806
33.12286538042856, 70.65345884217008
33.1722288161669, 70.6558443913221
33.22159225190525, 70.65822994047413
33.27095568764359, 70.66061548962617
33.320319123381935, 70.66300103877819
33.36968255912028, 70.66538658793021
33.41904599485862, 70.66777213708224
33.468409430596964, 70.67015768623426
33.51777286633531, 70.6725432353863
33.56713630207365, 70.67492878453832
33.61649973781199, 70.67731433369035
33.66586317355034, 70.67969988284237
33.715226609288685, 70.68208543199441
33.76459004502703, 70.68447098114643
33.81395348076537, 70.68685653029846
33.86331691650371, 70.68924207945048
33.912680352242056, 70.6916276286025
33.9620437879804, 70.69401317775454
34.01140722371874, 70.69639872690657
34.06077065945709, 70.69878427605859
34.110134095195434, 70.70116982521061
34.15949753093378, 70.70355537436265
34.20886096667212, 70.70594092351467
34.25822440241046, 70.7083264726667
34.307587838148805, 70.71071202181872
34.35695127388715, 70.71309757097075
34.40631470962549, 70.71548312012278
34.455678145363834, 70.71786866927481
34.505041581102184, 70.72025421842683
34.554405016840526, 70.72263976757885
34.60376845257887, 70.72502531673089
34.65313188831721, 70.72741086588292
34.702495324055555, 70.72979641503494
34.7518587597939, 70.73218196418696
34.80122219553224, 70.73456751333899
34.85058563127058, 70.73695306249103
34.899949067008926, 70.73933861164305
34.949312502747276, 70.74172416079507
34.99867593848562, 70.7441097099471
35.04803937422396, 70.74649525909913
35.097402809962304, 70.74888080825116
35.14676624570065, 70.75126635740318
35.19612968143899, 70.7536519065552
35.24549311717733, 70.75603745570724
35.294856552915675, 70.75842300485927
35.344219988654025, 70.76080855401129
35.39358342439237, 70.76319410316331
35.44294686013071, 70.76557965231534
35.49231029586905, 70.76796520146738
35.541673731607396, 70.7703507506194
35.59103716734574, 70.77273629977142
35.64040060308408, 70.77512184892345
35.689764038822425, 70.77750739807549
35.73912747456077, 70.77989294722751
35.78849091029912, 70.78227849637953
35.83785434603746, 70.78466404553156
35.8872177817758, 70.78704959468358
35.936581217514146, 70.78943514383562
35.98594465325249, 70.79182069298764
36.03530808899083, 70.79420624213967
36.084671524729174, 70.79659179129169
36.13403496046752, 70.79897734044373
36.18339839620586, 70.80136288959575
36.23276183194421, 70.80374843874777
36.28212526768255, 70.8061339878998
36.331488703420895, 70.80851953705182
36.38085213915924, 70.81090508620386
36.43021557489758, 70.81329063535588
36.47957901063592, 70.81567618450791
36.528942446374266, 70.81806173365993
36.57830588211261, 70.82044728281197
36.62766931785096, 70.82283283196399
36.6770327535893, 70.82521838111602
36.726396189327644, 70.82760393026804
36.77575962506599, 70.82998947942006
36.82512306080433, 70.8323750285721
36.87448649654267, 70.83476057772413
36.923849932281016, 70.83714612687615
36.97321336801936, 70.83953167602817
37.0225768037577, 70.84191722518021
37.07194023949605, 70.84430277433223
37.121303675234394, 70.84668832348426
37.17066711097274, 70.84907387263628
37.22003054671108, 70.8514594217883
37.26939398244942, 70.85384497094034
37.318757418187765, 70.85623052009237
37.36812085392611, 70.85861606924439
37.41748428966445, 70.86100161839641
37.46684772540279, 70.86338716754845
37.51621116114114, 70.86577271670048
37.565574596879486, 70.73712537790588
37.61493803261783, 70.58914647446782
37.66430146835617, 70.44116757102978
37.713664904094514, 70.29318866759172
37.76302833983286, 70.14520976415366
37.8123917755712, 69.99723086071562
37.86175521130954, 69.84925195727756
37.911118647047886, 69.70127305383951
37.960482082786235, 69.55329415040143
38.00984551852458, 69.40531524696338
38.05920895426292, 69.25733634352532
38.108572390001264, 69.10935744008728
38.15793582573961, 68.96137853664922
38.20729926147795, 68.81339963321116
38.25666269721629, 68.66542072977312
38.306026132954635, 68.51744182633506
38.355389568692985, 68.36946292289699
38.40475300443133, 68.22148401945893
38.45411644016967, 68.07350511602088
38.50347987590801, 67.92552621258282
38.552843311646356, 67.77754730914478
38.6022067473847, 67.62956840570672
38.65157018312304, 67.48158950226866
38.700933618861384, 67.33361059883062
38.75029705459973, 67.18563169539256
38.79966049033808, 67.03765279195449
38.84902392607642, 66.88967388851643
38.89838736181476, 66.74169498507838
38.947750797553105, 66.59371608164032
38.99711423329145, 66.44573717820228
39.04647766902979, 66.29775827476422
39.095841104768134, 66.14977937132616
39.14520454050648, 66.00180046788812
39.19456797624482, 65.85382156445006
39.24393141198317, 65.70584266101199
39.29329484772151, 65.55786375757393
39.342658283459855, 65.40988485413588
39.3920217191982, 65.26190595069782
39.44138515493654, 65.11392704725978
39.49074859067488, 64.96594814382172
39.540112026413226, 64.81796924038366
39.58947546215157, 64.66999033694562
39.63883889788992, 64.52201143350754
39.68820233362826, 64.37403253006948
39.737565769366604, 64.22605362663143
39.78692920510495, 64.07807472319338
39.83629264084329, 63.93009581975532
39.88565607658163, 63.78211691631727
39.935019512319975, 63.63413801287922
39.98438294805832, 63.48615910944117
40.03374638379666, 63.33818020600311
40.08310981953501, 63.190201302565036
40.132473255273354, 63.042222399126985
40.181836691011696, 62.89424349568893
40.23120012675004, 62.74626459225088
40.28056356248838, 62.59828568881282
40.329926998226725, 62.45030678537477
40.37929043396507, 62.30232788193672
40.42865386970341, 62.15434897849866
40.47801730544175, 62.00637007506061
40.5273807411801, 61.858391171622536
40.576744176918446, 61.710412268184484
40.62610761265679, 61.56243336474643
40.67547104839513, 61.41445446130838
40.724834484133474, 61.26647555787032
40.77419791987182, 61.11849665443227
40.82356135561016, 60.97051775099422
40.8729247913485, 60.82253884755616
40.92228822708685, 60.67455994411809
40.971651662825195, 60.526581040680036
41.02101509856354, 60.378602137241984
41.07037853430188, 60.230623233803925
41.119741970040224, 60.08264433036588
41.169105405778566, 59.93466542692782
41.21846884151691, 59.78668652348977
41.26783227725525, 59.63870762005172
41.317195712993595, 59.49072871661366
41.366559148731945, 59.34274981317559
41.41592258447029, 59.194770909737535
41.46528602020863, 59.04679200629948
41.51464945594697, 58.898813102861425
41.564012891685316, 58.75083419942337
41.61337632742366, 58.60285529598532
41.662739763162, 58.45487639254727
41.712103198900344, 58.30689748910922
41.76146663463869, 58.15891858567116
41.81083007037704, 58.01093968223309
41.86019350611538, 57.862960778795035
41.90955694185372, 57.71498187535698
41.958920377592065, 57.567002971918924
42.00828381333041, 57.41902406848087
42.05764724906875, 57.27104516504282
42.10701068480709, 57.12306626160477
42.156374120545436, 56.97508735816672
42.205737556283786, 56.827108454728645
42.25510099202213, 56.679129551290586
42.30446442776047, 56.531150647852535
42.353827863498815, 56.38317174441448
42.40319129923716, 56.235192840976424
42.4525547349755, 56.08721393753837
42.50191817071384, 55.93923503410032
42.551281606452186, 55.79125613066227
42.60064504219053, 55.64327722722422
42.65000847792888, 55.495298323786145
42.69937191366722, 55.347319420348086
42.748735349405564, 55.199340516910034
42.79809878514391, 55.05136161347198
42.84746222088225, 54.903382710033924
42.89682565662059, 54.75540380659588
42.946189092358935, 54.60742490315782
42.99555252809728, 54.45944599971977
43.04491596383562, 54.31146709628172
43.09427939957397, 54.163488192843644
43.14364283531231, 54.015509289405585
43.193006271050656, 53.867530385967534
43.242369706789, 53.71955148252948
43.29173314252734, 53.57157257909142
43.341096578265685, 53.42359367565337
43.39046001400403, 53.27561477221532
43.43982344974237, 53.12763586877727
43.48918688548072, 52.97965696533919
43.53855032121906, 52.831678061901144
43.587913756957406, 52.683699158463085
43.63727719269575, 52.53572025502503
43.68664062843409, 52.38774135158698
43.736004064172434, 52.23976244814892
43.78536749991078, 52.09178354471087
43.83473093564912, 51.94380464127282
43.88409437138746, 51.79582573783476
43.93345780712581, 51.64784683439669
43.982821242864155, 51.499867930958644
44.0321846786025, 51.351889027520585
44.08154811434084, 51.20391012408253
44.13091155007918, 51.05593122064448
44.180274985817526, 50.90795231720642
44.22963842155587, 50.75997341376837
44.27900185729421, 50.61199451033032
44.328365293032554, 50.46401560689226
44.377728728770904, 50.31603670345419
44.42709216450925, 50.16805780001614
44.47645560024759, 50.020078896578084
44.52581903598593, 49.87209999314003
44.575182471724276, 49.72412108970198
44.62454590746262, 49.57614218626392
44.67390934320096, 49.42816328282587
44.723272778939304, 49.28018437938782
44.772636214677654, 49.132205475949746
44.821999650416, 48.98422657251169
44.87136308615434, 48.836247669073636
44.92072652189268, 48.688268765635584
44.970089957631025, 48.54028986219753
45.01945339336937, 48.39231095875948
45.06881682910771, 48.24433205532142
45.11818026484605, 48.09635315188337
45.167543700584396, 47.94837424844532
45.216907136322746, 47.800395345007246
45.26627057206109, 47.65241644156919
45.31563400779943, 47.504437538131135
45.364997443537774, 47.356458634693084
45.41436087927612, 47.208479731255025
45.46372431501446, 47.06050082781698
45.5130877507528, 46.91252192437892
45.562451186491145, 46.76454302094087
45.61181462222949, 46.61656411750282
45.66117805796784, 46.468585214064746
45.71054149370618, 46.32060631062669
45.759904929444524, 46.172627407188635
45.80926836518287, 46.02464850375058
45.85863180092121, 45.876669600312525
45.90799523665955, 45.72869069687448
45.957358672397895, 45.58071179343642
46.00672210813624, 45.43273288999837
46.05608554387459, 45.2847539865603
46.10544897961293, 45.136775083122245
46.15481241535127, 44.988796179684186
46.204175851089616, 44.840817276246135
46.25353928682796, 44.69283837280808
46.3029027225663, 44.544859469370024
46.352266158304644, 44.39688056593198
46.40162959404299, 44.24890166249392
46.45099302978133, 44.10092275905587
46.50035646551968, 43.9529438556178
46.54971990125802, 43.804964952179745
46.599083336996365, 43.656986048741686
46.64844677273471, 43.509007145303634
46.69781020847305, 43.36102824186558
46.747173644211394, 43.213049338427524
46.796537079949736, 43.06507043498948
46.84590051568808, 42.91709153155142
46.89526395142642, 42.76911262811337
46.94462738716477, 42.62113372467529
46.993990822903115, 42.473154821237245
47.04335425864146, 42.325175917799186
47.0927176943798, 42.177197014361134
47.14208113011814, 42.02921811092308
47.191444565856486, 41.881239207485024
47.24080800159483, 41.73326030404698
47.29017143733317, 41.58528140060892
47.33953487307152, 41.43730249717085
47.388898308809864, 41.28932359373279
47.43826174454821, 41.141344690294744
47.48762518028655, 40.993365786856685
47.53698861602489, 40.845386883418634
47.586352051763235, 40.69740797998058
47.63571548750158, 40.54942907654252
47.68507892323992, 40.40145017310448
47.734442358978264, 40.25347126966642
47.78380579471661, 40.10549236622835
47.833169230454956, 39.95751346279029
47.8825326661933, 39.809534559352244
47.93189610193164, 39.661555655914185
47.981259537669985, 39.51357675247613
48.03062297340833, 39.36559784903808
48.07998640914667, 39.21761894560002
48.12934984488501, 39.06964004216198
48.178713280623356, 38.92166113872392
48.228076716361706, 38.77368223528585
48.27744015210005, 38.625703331847795
48.32680358783839, 38.477724428409736
48.376167023576734, 38.329745524971685
48.42553045931508, 38.18176662153363
48.47489389505342, 38.03378771809558
48.52425733079176, 37.88580881465752
48.573620766530105, 37.73782991121947
48.622984202268455, 37.5898510077814
48.6723476380068, 37.44187210434335
48.72171107374514, 37.293893200905295
48.77107450948348, 37.145914297467236
48.820437945221826, 36.997935394029184
48.86980138096017, 36.84995649059113
48.91916481669851, 36.70197758715308
48.968528252436855, 36.55399868371502
49.0178916881752, 36.40601978027697
49.06725512391355, 36.2580408768389
49.11661855965189, 36.110061973400846
49.16598199539023, 35.962083069962794
49.215345431128576, 35.814104166524736
49.26470886686692, 35.666125263086684
49.31407230260526, 35.51814635964863
