Parameters: [52.06486721394994, 22.033360973999493, 8.156263726641491, 39.301875600970924, 4.448778371217525, 0.009634729944157122, -3.0697794897263257]
Points:
0.0, 22.033360973999493
0.052116984198148086, 22.265217886073298
0.10423396839629617, 22.497074798147107
0.15635095259444426, 22.728931710220913
0.20846793679259235, 22.960788622294718
0.26058492099074043, 23.192645534368527
0.3127019051888885, 23.424502446442332
0.3648188893870366, 23.65635935851614
0.4169358735851847, 23.888216270589947
0.4690528577833328, 24.120073182663752
0.5211698419814809, 24.35193009473756
0.5732868261796289, 24.583787006811367
0.625403810377777, 24.815643918885172
0.6775207945759252, 25.04750083095898
0.7296377787740732, 25.279357743032786
0.7817547629722212, 25.511214655106592
0.8338717471703694, 25.7430715671804
0.8859887313685175, 25.974928479254206
0.9381057155666656, 26.20678539132801
0.9902226997648136, 26.43864230340182
1.0423396839629617, 26.670499215475626
1.0944566681611099, 26.902356127549435
1.1465736523592578, 27.13421303962324
1.198690636557406, 27.366069951697046
1.250807620755554, 27.597926863770855
1.3029246049537022, 27.82978377584466
1.3550415891518504, 28.06164068791847
1.4071585733499983, 28.293497599992275
1.4592755575481464, 28.52535451206608
1.5113925417462946, 28.75721142413989
1.5635095259444425, 28.989068336213695
1.6156265101425906, 29.2209252482875
1.6677434943407388, 29.45278216036131
1.719860478538887, 29.684639072435115
1.771977462737035, 29.91649598450892
1.824094446935183, 30.14835289658273
1.876211431133331, 30.380209808656534
1.9283284153314793, 30.61206672073034
1.9804453995296272, 30.84392363280415
2.0325623837277753, 31.075780544877954
2.0846793679259235, 31.30763745695176
2.1367963521240716, 31.53949436902557
2.1889133363222197, 31.771351281099378
2.241030320520368, 32.00320819317318
2.2931473047185156, 32.23506510524699
2.3452642889166637, 32.4669220173208
2.397381273114812, 32.6987789293946
2.44949825731296, 32.93063584146841
2.501615241511108, 33.16249275354222
2.5537322257092563, 33.39434966561602
2.6058492099074044, 33.62620657768983
2.6579661941055526, 33.85806348976364
2.7100831783037007, 34.089920401837446
2.7622001625018484, 34.32177731391125
2.8143171466999966, 34.55363422598506
2.8664341308981447, 34.78549113805886
2.918551115096293, 35.01734805013267
2.970668099294441, 35.24920496220648
3.022785083492589, 35.481061874280286
3.0749020676907373, 35.712918786354095
3.127019051888885, 35.9447756984279
3.179136036087033, 36.1766326105017
3.2312530202851812, 36.40848952257551
3.2833700044833294, 36.64034643464932
3.3354869886814775, 36.872203346723126
3.3876039728796257, 37.104060258796935
3.439720957077774, 37.33591717087074
3.491837941275922, 37.567774082944545
3.54395492547407, 37.79963099501835
3.596071909672218, 38.031487907092156
3.648188893870366, 38.263344819165965
3.700305878068514, 38.495201731239774
3.752422862266662, 38.727058643313576
3.8045398464648104, 38.958915555387385
3.8566568306629585, 39.19077246746119
3.9087738148611066, 39.422629379534996
3.9608907990592543, 39.654486291608805
4.013007783257403, 39.886343203682614
4.065124767455551, 40.118200115756416
4.117241751653699, 40.350057027830225
4.169358735851847, 40.58191393990403
4.221475720049995, 40.813770851977836
4.273592704248143, 41.045627764051645
4.325709688446291, 41.277484676125454
4.3778266726444395, 41.50934158819926
4.429943656842587, 41.741198500273065
4.482060641040736, 41.97305541234687
4.5341776252388835, 42.204912324420675
4.586294609437031, 42.436769236494484
4.63841159363518, 42.66862614856829
4.690528577833327, 42.9004830606421
4.742645562031476, 43.13233997271591
4.794762546229624, 43.364196884789706
4.846879530427772, 43.596053796863515
4.89899651462592, 43.827910708937324
4.951113498824069, 44.05976762101113
5.003230483022216, 44.29162453308494
5.055347467220364, 44.523481445158744
5.107464451418513, 44.75533835723255
5.15958143561666, 44.987195269306355
5.211698419814809, 45.219052181380164
5.2638154040129566, 45.45090909345397
5.315932388211105, 45.68276600552778
5.368049372409253, 45.91462291760159
5.420166356607401, 46.1464798296754
5.472283340805549, 46.3783367417492
5.524400325003697, 46.610193653823
5.576517309201845, 46.84205056589681
5.628634293399993, 47.07390747797062
5.680751277598142, 47.30576439004443
5.732868261796289, 47.53762130211823
5.784985245994438, 47.76947821419204
5.837102230192586, 48.00133512626584
5.889219214390733, 48.23319203833965
5.941336198588882, 48.46504895041346
5.99345318278703, 48.69690586248727
6.045570166985178, 48.92876277456108
6.097687151183326, 49.16061968663488
6.1498041353814745, 49.39247659870869
6.201921119579622, 49.62433351078249
6.25403810377777, 49.8561904228563
6.3061550879759185, 50.08804733493011
6.358272072174066, 50.31990424700391
6.410389056372215, 50.55176115907772
6.4625060405703625, 50.78361807115152
6.514623024768511, 51.01547498322533
6.566740008966659, 51.24733189529914
6.618856993164807, 51.47918880737295
6.670973977362955, 51.71104571944676
6.723090961561103, 51.94290263152056
6.775207945759251, 52.17475954359437
6.827324929957399, 52.40661645566817
6.879441914155548, 52.63847336774198
6.931558898353695, 52.87033027981579
6.983675882551844, 53.1021871918896
7.035792866749992, 53.3340441039634
7.08790985094814, 53.56590101603721
7.140026835146288, 53.79775792811101
7.192143819344436, 54.02961484018482
7.244260803542584, 54.26147175225863
7.296377787740732, 54.49332866433244
7.3484947719388805, 54.72518557640625
7.400611756137028, 54.95704248848005
7.452728740335177, 55.18889940055386
7.504845724533324, 55.42075631262766
7.556962708731472, 55.65261322470147
7.609079692929621, 55.88447013677528
7.661196677127768, 56.11632704884908
7.713313661325917, 56.34818396092289
7.765430645524065, 56.5800408729967
7.817547629722213, 56.81189778507051
7.869664613920361, 57.04375469714431
7.921781598118509, 57.27561160921812
7.973898582316657, 57.507468521291926
8.026015566514806, 57.739325433365735
8.078132550712953, 57.97118234543953
8.130249534911101, 58.20303925751334
8.18236651910925, 58.319022124384425
8.234483503307398, 58.31952425745268
8.286600487505545, 58.32002639052093
8.338717471703694, 58.32052852358918
8.390834455901842, 58.321030656657435
8.44295144009999, 58.32153278972569
8.495068424298138, 58.32203492279394
8.547185408496286, 58.32253705586219
8.599302392694435, 58.32303918893045
8.651419376892582, 58.323541321998704
8.70353636109073, 58.324043455066956
8.755653345288879, 58.32454558813521
8.807770329487026, 58.32504772120346
8.859887313685174, 58.32554985427171
8.912004297883323, 58.326051987339966
8.964121282081472, 58.32655412040822
9.016238266279618, 58.32705625347647
9.068355250477767, 58.32755838654472
9.120472234675916, 58.328060519612976
9.172589218874062, 58.32856265268123
9.224706203072211, 58.32906478574949
9.27682318727036, 58.32956691881774
9.328940171468508, 58.33006905188599
9.381057155666655, 58.330571184954245
9.433174139864803, 58.3310733180225
9.485291124062952, 58.33157545109075
9.5374081082611, 58.332077584159
9.589525092459247, 58.332579717227254
9.641642076657396, 58.33308185029551
9.693759060855545, 58.33358398336376
9.745876045053691, 58.33408611643201
9.79799302925184, 58.33458824950027
9.850110013449989, 58.335090382568524
9.902226997648137, 58.335592515636776
9.954343981846284, 58.33609464870503
10.006460966044433, 58.33659678177328
10.058577950242581, 58.33709891484153
10.110694934440728, 58.337601047909786
10.162811918638877, 58.33810318097804
10.214928902837025, 58.33860531404629
10.267045887035174, 58.33910744711454
10.31916287123332, 58.339609580182795
10.37127985543147, 58.340111713251055
10.423396839629618, 58.34061384631931
10.475513823827765, 58.34111597938756
10.527630808025913, 58.34161811245581
10.579747792224062, 58.342120245524065
10.63186477642221, 58.34262237859232
10.683981760620357, 58.34312451166057
10.736098744818506, 58.34362664472882
10.788215729016654, 58.344128777797074
10.840332713214803, 58.34463091086533
10.89244969741295, 58.34513304393358
10.944566681611098, 58.34563517700184
10.996683665809247, 58.34613731007009
11.048800650007394, 58.34663944313834
11.100917634205542, 58.347141576206596
11.15303461840369, 58.34764370927485
11.20515160260184, 58.3481458423431
11.257268586799986, 58.34864797541135
11.309385570998135, 58.349150108479606
11.361502555196283, 58.34965224154786
11.41361953939443, 58.35015437461611
11.465736523592579, 58.35065650768436
11.517853507790727, 58.35115864075262
11.569970491988876, 58.351660773820875
11.622087476187023, 58.35216290688913
11.674204460385171, 58.35266503995738
11.72632144458332, 58.35316717302563
11.778438428781467, 58.353669306093884
11.830555412979615, 58.35417143916214
11.882672397177764, 58.35467357223039
11.934789381375912, 58.35517570529864
11.98690636557406, 58.355677838366894
12.039023349772208, 58.35617997143515
12.091140333970356, 58.356682104503406
12.143257318168503, 58.35718423757166
12.195374302366652, 58.35768637063991
12.2474912865648, 58.35818850370816
12.299608270762949, 58.358690636776416
12.351725254961096, 58.35919276984467
12.403842239159244, 58.35969490291292
12.455959223357393, 58.36019703598117
12.50807620755554, 58.360699169049425
12.560193191753688, 58.36120130211768
12.612310175951837, 58.36170343518593
12.664427160149986, 58.36220556825419
12.716544144348132, 58.36270770132244
12.768661128546281, 58.363209834390695
12.82077811274443, 58.36371196745895
12.872895096942578, 58.3642141005272
12.925012081140725, 58.36471623359545
12.977129065338874, 58.365218366663704
13.029246049537022, 58.36572049973196
13.081363033735169, 58.36622263280021
13.133480017933318, 58.36672476586846
13.185597002131466, 58.367226898936714
13.237713986329615, 58.36772903200497
13.289830970527762, 58.368231165073226
13.34194795472591, 58.36873329814148
13.394064938924059, 58.36923543120973
13.446181923122206, 58.36973756427798
13.498298907320354, 58.370239697346236
13.550415891518503, 58.37074183041449
13.602532875716651, 58.37124396348274
13.654649859914798, 58.37174609655099
13.706766844112947, 58.372248229619245
13.758883828311095, 58.3727503626875
13.811000812509242, 58.37325249575576
13.86311779670739, 58.37375462882401
13.91523478090554, 58.37425676189226
13.967351765103688, 58.374758894960515
14.019468749301835, 58.37526102802877
14.071585733499983, 58.37576316109702
14.123702717698132, 58.37626529416527
14.17581970189628, 58.376767427233524
14.227936686094427, 58.37726956030178
14.280053670292576, 58.37777169337003
14.332170654490724, 58.37827382643828
14.384287638688871, 58.37877595950654
14.43640462288702, 58.37927809257479
14.488521607085168, 58.379780225643046
14.540638591283317, 58.3802823587113
14.592755575481464, 58.38078449177955
14.644872559679612, 58.3812866248478
14.696989543877761, 58.381788757916055
14.749106528075908, 58.38229089098431
14.801223512274056, 58.38279302405256
14.853340496472205, 58.38329515712081
14.905457480670353, 58.383797290189065
14.9575744648685, 58.384299423257325
15.009691449066649, 58.38480155632558
15.061808433264797, 58.38530368939383
15.113925417462944, 58.38580582246208
15.166042401661093, 58.386307955530334
15.218159385859241, 58.38681008859859
15.27027637005739, 58.38731222166684
15.322393354255537, 58.38781435473509
15.374510338453685, 58.388316487803344
15.426627322651834, 58.3888186208716
15.47874430684998, 58.38932075393985
15.53086129104813, 58.38982288700811
15.582978275246278, 58.39032502007636
15.635095259444427, 58.39082715314461
15.687212243642573, 58.391329286212866
15.739329227840722, 58.39183141928112
15.79144621203887, 58.39233355234937
15.843563196237017, 58.39283568541762
15.895680180435166, 58.393337818485875
15.947797164633315, 58.39383995155413
15.999914148831463, 58.39434208462238
16.05203113302961, 58.39484421769063
16.10414811722776, 58.39534635075889
16.156265101425905, 58.395848483827145
16.208382085624056, 58.3963506168954
16.260499069822203, 58.39685274996365
16.31261605402035, 58.3973548830319
16.3647330382185, 58.397857016100154
16.416850022416646, 58.39835914916841
16.468967006614797, 58.39886128223666
16.521083990812944, 58.39936341530491
16.57320097501109, 58.399865548373164
16.62531795920924, 58.400367681441416
16.677434943407388, 58.400869814509676
16.729551927605534, 58.40137194757793
16.781668911803685, 58.40187408064618
16.83378589600183, 58.40237621371443
16.88590288019998, 58.402878346782686
16.93801986439813, 58.40338047985094
16.990136848596276, 58.40388261291919
17.042253832794426, 58.40438474598744
17.094370816992573, 58.404886879055695
17.14648780119072, 58.40538901212395
17.19860478538887, 58.4058911451922
17.250721769587017, 58.40639327826045
17.302838753785164, 58.40689541132871
17.354955737983314, 58.407397544396964
17.40707272218146, 58.40789967746522
17.459189706379608, 58.40840181053347
17.511306690577758, 58.40890394360172
17.563423674775905, 58.409406076669974
17.61554065897405, 58.40990820973823
17.667657643172202, 58.41041034280648
17.71977462737035, 58.41091247587473
17.7718916115685, 58.411414608942984
17.824008595766646, 58.411916742011236
17.876125579964793, 58.412418875079496
17.928242564162943, 58.41292100814775
17.98035954836109, 58.413423141216
18.032476532559237, 58.41392527428425
18.084593516757387, 58.414427407352505
18.136710500955534, 58.41492954042076
18.18882748515368, 58.41543167348901
18.24094446935183, 58.41593380655726
18.293061453549978, 58.416435939625515
18.345178437748125, 58.41693807269377
18.397295421946275, 58.41744020576202
18.449412406144422, 58.41794233883028
18.501529390342572, 58.41844447189853
18.55364637454072, 58.418946604966784
18.605763358738866, 58.41944873803504
18.657880342937016, 58.41995087110329
18.709997327135163, 58.42045300417154
18.76211431133331, 58.420955137239794
18.81423129553146, 58.421457270308046
18.866348279729607, 58.4219594033763
18.918465263927754, 58.42246153644455
18.970582248125904, 58.422963669512804
19.02269923232405, 58.42346580258106
19.0748162165222, 58.423967935649316
19.126933200720348, 58.42447006871757
19.179050184918495, 58.42497220178582
19.231167169116645, 58.42547433485407
19.283284153314792, 58.425976467922325
19.33540113751294, 58.42647860099058
19.38751812171109, 58.42698073405883
19.439635105909236, 58.42748286712708
19.491752090107383, 58.427985000195335
19.543869074305533, 58.42848713326359
19.59598605850368, 58.42898926633185
19.648103042701827, 58.4294913994001
19.700220026899977, 58.42999353246835
19.752337011098124, 58.430495665536604
19.804453995296274, 58.43099779860486
19.85657097949442, 58.43149993167311
19.908687963692568, 58.43200206474136
19.96080494789072, 58.432504197809614
20.012921932088865, 58.433006330877866
20.065038916287012, 58.43350846394612
20.117155900485162, 58.43401059701437
20.16927288468331, 58.43451273008263
20.221389868881456, 58.43501486315088
20.273506853079606, 58.435516996219135
20.325623837277753, 58.43601912928739
20.377740821475903, 58.43652126235564
20.42985780567405, 58.43702339542389
20.481974789872197, 58.437525528492145
20.534091774070347, 58.4380276615604
20.586208758268494, 58.43852979462865
20.63832574246664, 58.4390319276969
20.69044272666479, 58.439534060765155
20.74255971086294, 58.440036193833414
20.794676695061085, 58.44053832690167
20.846793679259235, 58.44104045996992
20.898910663457382, 58.44154259303817
20.95102764765553, 58.442044726106424
21.00314463185368, 58.442546859174676
21.055261616051826, 58.44304899224293
21.107378600249977, 58.44355112531118
21.159495584448123, 58.444053258379434
21.21161256864627, 58.444555391447686
21.26372955284442, 58.44505752451594
21.315846537042567, 58.4455596575842
21.367963521240714, 58.44606179065245
21.420080505438865, 58.4465639237207
21.47219748963701, 58.447066056788955
21.524314473835158, 58.44756818985721
21.57643145803331, 58.44807032292546
21.628548442231455, 58.44857245599371
21.680665426429606, 58.449074589061965
21.732782410627753, 58.44957672213022
21.7848993948259, 58.45007885519847
21.83701637902405, 58.45058098826672
21.889133363222196, 58.45108312133498
21.941250347420343, 58.451585254403234
21.993367331618494, 58.45208738747149
22.04548431581664, 58.45258952053974
22.097601300014787, 58.45309165360799
22.149718284212938, 58.453593786676244
22.201835268411084, 58.454095919744496
22.25395225260923, 58.45459805281275
22.30606923680738, 58.455100185881
22.35818622100553, 58.45560231894925
22.41030320520368, 58.456104452017506
22.462420189401826, 58.456606585085765
22.514537173599972, 58.45710871815402
22.566654157798123, 58.45761085122227
22.61877114199627, 58.45811298429052
22.670888126194416, 58.458615117358775
22.723005110392567, 58.45911725042703
22.775122094590714, 58.45961938349528
22.82723907878886, 58.46012151656353
22.87935606298701, 58.460623649631785
22.931473047185158, 58.46112578270004
22.983590031383304, 58.46162791576829
23.035707015581455, 58.46213004883655
23.0878239997796, 58.4626321819048
23.139940983977752, 58.463134314973054
23.1920579681759, 58.463636448041306
23.244174952374046, 58.46413858110956
23.296291936572196, 58.46464071417781
23.348408920770343, 58.465142847246064
23.40052590496849, 58.465644980314316
23.45264288916664, 58.46614711338257
23.504759873364787, 58.46664924645082
23.556876857562933, 58.46715137951907
23.608993841761084, 58.46765351258733
23.66111082595923, 58.468155645655585
23.71322781015738, 58.46865777872384
23.765344794355528, 58.46915991179209
23.817461778553675, 58.46966204486034
23.869578762751825, 58.470164177928595
23.921695746949972, 58.47066631099685
23.97381273114812, 58.4711684440651
24.02592971534627, 58.47167057713335
24.078046699544416, 58.472172710201605
24.130163683742563, 58.47267484326986
24.182280667940713, 58.47317697633811
24.23439765213886, 58.47367910940637
24.286514636337007, 58.47418124247462
24.338631620535157, 58.474683375542874
24.390748604733304, 58.475185508611126
24.442865588931454, 58.47568764167938
24.4949825731296, 58.47618977474763
24.547099557327748, 58.476691907815884
24.599216541525898, 58.477194040884136
24.651333525724045, 58.47769617395239
24.70345050992219, 58.47819830702064
24.755567494120342, 58.47870044008889
24.80768447831849, 58.47920257315715
24.859801462516636, 58.479704706225405
24.911918446714786, 58.48020683929366
24.964035430912933, 58.48070897236191
25.01615241511108, 58.48121110543016
25.06826939930923, 58.481713238498415
25.120386383507377, 58.48221537156667
25.172503367705527, 58.48271750463492
25.224620351903674, 58.48321963770317
25.27673733610182, 58.483721770771425
25.32885432029997, 58.48422390383968
25.380971304498118, 58.48472603690794
25.433088288696265, 58.48522816997619
25.485205272894415, 58.48573030304444
25.537322257092562, 58.486232436112694
25.58943924129071, 58.486734569180946
25.64155622548886, 58.4872367022492
25.693673209687006, 58.48773883531745
25.745790193885156, 58.4882409683857
25.797907178083303, 58.488743101453956
25.85002416228145, 58.48924523452221
25.9021411464796, 58.48974736759046
25.954258130677747, 58.49024950065872
26.006375114875894, 58.49075163372697
26.058492099074044, 58.491253766795225
26.11060908327219, 58.49175589986348
26.162726067470338, 58.49225803293173
26.21484305166849, 58.49276016599998
26.266960035866635, 58.493262299068235
26.319077020064782, 58.49376443213649
26.371194004262932, 58.49426656520474
26.42331098846108, 58.49476869827299
26.47542797265923, 58.495270831341244
26.527544956857376, 58.495772964409504
26.579661941055523, 58.496275097477756
26.631778925253673, 58.49677723054601
26.68389590945182, 58.49727936361426
26.736012893649967, 58.497781496682514
26.788129877848117, 58.498283629750766
26.840246862046264, 58.49878576281902
26.89236384624441, 58.49928789588727
26.94448083044256, 58.49979002895552
26.996597814640708, 58.500292162023776
27.04871479883886, 58.50079429509203
27.100831783037005, 58.50129642816029
27.152948767235152, 58.50179856122854
27.205065751433303, 58.50230069429679
27.25718273563145, 58.502802827365045
27.309299719829596, 58.5033049604333
27.361416704027747, 58.50380709350155
27.413533688225893, 58.5043092265698
27.46565067242404, 58.504811359638055
27.51776765662219, 58.50531349270631
27.569884640820337, 58.50581562577456
27.622001625018484, 58.50631775884281
27.674118609216634, 58.50681989191107
27.72623559341478, 58.507322024979324
27.77835257761293, 58.507824158047576
27.83046956181108, 58.50832629111583
27.882586546009225, 58.50882842418408
27.934703530207376, 58.50933055725233
27.986820514405522, 58.509832690320586
28.03893749860367, 58.51033482338884
28.09105448280182, 58.51083695645709
28.143171466999966, 58.51133908952534
28.195288451198113, 58.511841222593596
28.247405435396264, 58.512343355661855
28.29952241959441, 58.51284548873011
28.35163940379256, 58.51334762179836
28.403756387990708, 58.51384975486661
28.455873372188854, 58.514351887934865
28.507990356387005, 58.51485402100312
28.56010734058515, 58.51535615407137
28.6122243247833, 58.51585828713962
28.66434130898145, 58.516360420207874
28.716458293179596, 58.51686255327613
28.768575277377742, 58.51736468634438
28.820692261575893, 58.51786681941264
28.87280924577404, 58.51836895248089
28.924926229972186, 58.518871085549144
28.977043214170337, 58.519373218617396
29.029160198368483, 58.51987535168565
29.081277182566634, 58.5203774847539
29.13339416676478, 58.52087961782215
29.185511150962927, 58.521381750890406
29.237628135161078, 58.52188388395866
29.289745119359225, 58.52238601702691
29.34186210355737, 58.52288815009516
29.393979087755522, 58.52339028316342
29.44609607195367, 58.523892416231675
29.498213056151815, 58.52439454929993
29.550330040349966, 58.52489668236818
29.602447024548113, 58.52539881543643
29.65456400874626, 58.525900948504685
29.70668099294441, 58.52640308157294
29.758797977142557, 58.52690521464119
29.810914961340707, 58.52740734770944
29.863031945538854, 58.527909480777694
29.915148929737, 58.52841161384595
29.96726591393515, 58.528913746914206
30.019382898133298, 58.52941587998246
30.071499882331445, 58.52991801305071
30.123616866529595, 58.53042014611896
30.17573385072774, 58.530922279187216
30.22785083492589, 58.53142441225547
30.27996781912404, 58.53192654532372
30.332084803322186, 58.53242867839197
30.384201787520336, 58.532930811460226
30.436318771718483, 58.53343294452848
30.48843575591663, 58.53393507759673
30.54055274011478, 58.53443721066499
30.592669724312927, 58.53493934373324
30.644786708511074, 58.535441476801495
30.696903692709224, 58.53594360986975
30.74902067690737, 58.536445742938
30.801137661105518, 58.53694787600625
30.853254645303668, 58.537450009074504
30.905371629501815, 58.53795214214276
30.95748861369996, 58.53845427521101
31.009605597898112, 58.53895640827926
31.06172258209626, 58.539458541347514
31.11383956629441, 58.539960674415774
31.165956550492556, 58.540462807484026
31.218073534690703, 58.54096494055228
31.270190518888853, 58.54146707362053
31.322307503087, 58.54196920668878
31.374424487285147, 58.542471339757036
31.426541471483297, 58.54297347282529
31.478658455681444, 58.54347560589354
31.53077543987959, 58.54397773896179
31.58289242407774, 58.544479872030045
31.635009408275888, 58.5449820050983
31.687126392474035, 58.54548413816656
31.739243376672185, 58.54598627123481
31.791360360870332, 58.54648840430306
31.843477345068482, 58.546990537371315
31.89559432926663, 58.54749267043957
31.947711313464776, 58.54799480350782
31.999828297662926, 58.54849693657607
32.05194528186107, 58.548999069644324
32.10406226605922, 58.54950120271258
32.15617925025737, 58.55000333578083
32.20829623445552, 58.55050546884908
32.26041321865367, 58.551007601917334
32.31253020285181, 58.55150973498559
32.36464718704996, 58.552011868053846
32.41676417124811, 58.5525140011221
32.468881155446255, 58.55301613419035
32.520998139644405, 58.5535182672586
32.573115123842555, 58.554020400326856
32.6252321080407, 58.55452253339511
32.67734909223885, 58.55502466646336
32.729466076437, 58.55552679953161
32.78158306063515, 58.556028932599865
32.83370004483329, 58.55653106566812
32.88581702903144, 58.55703319873638
32.937934013229594, 58.55753533180463
32.99005099742774, 58.55803746487288
33.04216798162589, 58.558539597941135
33.09428496582404, 58.55904173100939
33.14640195002218, 58.55954386407764
33.19851893422033, 58.56004599714589
33.25063591841848, 58.560548130214144
33.302752902616625, 58.5610502632824
33.354869886814775, 58.56155239635065
33.406986871012926, 58.5620545294189
33.45910385521107, 58.56255666248716
33.51122083940922, 58.56305879555541
33.56333782360737, 58.563560928623666
33.61545480780551, 58.56406306169192
33.66757179200366, 58.56456519476017
33.719688776201814, 58.56506732782842
33.77180576039996, 58.565569460896675
33.82392274459811, 58.56607159396493
33.87603972879626, 58.56657372703318
33.9281567129944, 58.56707586010143
33.98027369719255, 58.567577993169685
34.0323906813907, 58.568080126237945
34.08450766558885, 58.5685822593062
34.136624649786995, 58.56908439237445
34.188741633985146, 58.5695865254427
34.240858618183296, 58.570088658510954
34.29297560238144, 58.57059079157921
34.34509258657959, 58.57109292464746
34.39720957077774, 58.57159505771571
34.44932655497588, 58.572097190783964
34.50144353917403, 58.57259932385222
34.553560523372184, 58.57310145692047
34.60567750757033, 58.57360358998873
34.65779449176848, 58.57410572305698
34.70991147596663, 58.57460785612523
34.76202846016477, 58.575109989193486
34.81414544436292, 58.57561212226174
34.86626242856107, 58.57611425532999
34.918379412759215, 58.57661638839824
34.970496396957365, 58.577118521466495
35.022613381155516, 58.57762065453475
35.07473036535366, 58.578122787603
35.12684734955181, 58.57862492067125
35.17896433374996, 58.57912705373951
35.2310813179481, 58.579629186807765
35.28319830214625, 58.58013131987602
35.335315286344404, 58.58063345294427
35.387432270542554, 58.58113558601252
35.4395492547407, 58.581637719080774
35.49166623893885, 58.58213985214903
35.543783223137, 58.58264198521728
35.59590020733514, 58.58314411828553
35.64801719153329, 58.583646251353784
35.70013417573144, 58.584148384422036
35.752251159929585, 58.584650517490296
35.804368144127736, 58.58515265055855
35.856485128325886, 58.5856547836268
35.90860211252403, 58.58615691669505
35.96071909672218, 58.586659049763306
36.01283608092033, 58.58716118283156
36.06495306511847, 58.58766331589981
36.117070049316624, 58.58816544896806
36.169187033514774, 58.588667582036315
36.22130401771292, 58.58916971510457
36.27342100191107, 58.58967184817282
36.32553798610922, 58.59017398124108
36.37765497030736, 58.59067611430933
36.42977195450551, 58.591178247377584
36.48188893870366, 58.59168038044584
36.534005922901805, 58.59218251351409
36.586122907099956, 58.59268464658234
36.638239891298106, 58.593186779650594
36.69035687549625, 58.59368891271885
36.7424738596944, 58.5941910457871
36.79459084389255, 58.59469317885535
36.8467078280907, 58.595195311923604
36.898824812288844, 58.59569744499186
36.950941796486994, 58.596199578060116
37.003058780685144, 58.59670171112837
37.05517576488329, 58.59720384419662
37.10729274908144, 58.59770597726487
37.15940973327959, 58.598208110333125
37.21152671747773, 58.59871024340138
37.26364370167588, 58.59921237646963
37.31576068587403, 58.59971450953788
37.367877670072176, 58.600216642606135
37.419994654270326, 58.60071877567439
37.472111638468476, 58.60122090874265
37.52422862266662, 58.6017230418109
37.57634560686477, 58.60222517487915
37.62846259106292, 58.602727307947404
37.68057957526106, 58.60322944101566
37.732696559459214, 58.60373157408391
37.784813543657364, 58.60423370715216
37.83693052785551, 58.604735840220414
37.88904751205366, 58.605237973288666
37.94116449625181, 58.60574010635692
37.99328148044995, 58.60624223942517
38.0453984646481, 58.60674437249343
38.09751544884625, 58.60724650556168
38.1496324330444, 58.607748638629936
38.201749417242546, 58.60825077169819
38.253866401440696, 58.60875290476644
38.30598338563885, 58.60925503783469
38.35810036983699, 58.609757170902945
38.41021735403514, 58.6102593039712
38.46233433823329, 58.61076143703945
38.514451322431434, 58.6112635701077
38.566568306629584, 58.611765703175955
38.618685290827734, 58.612267836244214
38.67080227502588, 58.61276996931247
38.72291925922403, 58.61327210238072
38.77503624342218, 58.61377423544897
38.82715322762032, 58.614276368517224
38.87927021181847, 58.61477850158548
38.93138719601662, 58.61528063465373
38.983504180214766, 58.61578276772198
39.035621164412916, 58.616284900790234
39.087738148611066, 58.616787033858486
39.13985513280921, 58.61728916692674
39.19197211700736, 58.61779129999499
39.24408910120551, 58.61829343306325
39.296206085403654, 58.6187955661315
39.348323069601804, 58.47626670383013
39.400440053799954, 58.31627905467225
39.452557037998105, 58.15629140551438
39.50467402219625, 57.996303756356525
39.5567910063944, 57.836316107198655
39.60890799059255, 57.67632845804078
39.66102497479069, 57.51634080888293
39.71314195898884, 57.35635315972506
39.76525894318699, 57.19636551056718
39.817375927385136, 57.036377861409335
39.869492911583286, 56.87639021225146
39.92160989578144, 56.71640256309359
39.97372687997958, 56.55641491393573
40.02584386417773, 56.39642726477786
40.07796084837588, 56.236439615619986
40.130077832574024, 56.07645196646214
40.182194816772174, 55.91646431730427
40.234311800970325, 55.75647666814639
40.28642878516847, 55.59648901898854
40.33854576936662, 55.436501369830665
40.39066275356477, 55.276513720672796
40.44277973776291, 55.11652607151494
40.49489672196106, 54.95653842235707
40.54701370615921, 54.7965507731992
40.599130690357356, 54.636563124041345
40.651247674555506, 54.476575474883475
40.70336465875366, 54.3165878257256
40.75548164295181, 54.15660017656773
40.80759862714995, 53.99661252740988
40.8597156113481, 53.836624878252
40.91183259554625, 53.67663722909413
40.963949579744394, 53.51664957993628
41.016066563942545, 53.35666193077841
41.068183548140695, 53.19667428162053
41.12030053233884, 53.03668663246268
41.17241751653699, 52.876698983304806
41.22453450073514, 52.716711334146936
41.27665148493328, 52.55672368498909
41.32876846913143, 52.39673603583121
41.38088545332958, 52.23674838667334
41.433002437527726, 52.076760737515485
41.48511942172588, 51.916773088357616
41.53723640592403, 51.75678543919974
41.58935339012217, 51.59679779004189
41.64147037432032, 51.43681014088402
41.69358735851847, 51.27682249172614
41.745704342716614, 51.116834842568295
41.797821326914764, 50.95684719341042
41.849938311112915, 50.79685954425255
41.90205529531106, 50.6368718950947
41.95417227950921, 50.47688424593682
42.00628926370736, 50.316896596778946
42.05840624790551, 50.156908947621076
42.11052323210365, 49.99692129846323
42.1626402163018, 49.83693364930535
42.21475720049995, 49.67694600014748
42.266874184698096, 49.516958350989626
42.31899116889625, 49.356970701831756
42.3711081530944, 49.196983052673886
42.42322513729254, 49.03699540351603
42.47534212149069, 48.87700775435816
42.52745910568884, 48.717020105200284
42.579576089886984, 48.557032456042435
42.631693074085135, 48.397044806884566
42.683810058283285, 48.23705715772669
42.73592704248143, 48.07706950856884
42.78804402667958, 47.91708185941096
42.84016101087773, 47.75709421025309
42.89227799507587, 47.59710656109524
42.94439497927402, 47.43711891193737
42.99651196347217, 47.27713126277949
43.048628947670316, 47.11714361362164
43.10074593186847, 46.957155964463766
43.15286291606662, 46.797168315305896
43.20497990026476, 46.63718066614805
43.25709688446291, 46.47719301699017
43.30921386866106, 46.3172053678323
43.36133085285921, 46.157217718674424
43.413447837057355, 45.997230069516576
43.465564821255505, 45.837242420358706
43.517681805453655, 45.67725477120083
43.5697987896518, 45.51726712204298
43.62191577384995, 45.357279472885104
43.6740327580481, 45.197291823727234
43.72614974224624, 45.03730417456938
43.77826672644439, 44.87731652541151
43.83038371064254, 44.71732887625363
43.88250069484069, 44.55734122709578
43.93461767903884, 44.397353577937906
43.98673466323699, 44.23736592878004
44.03885164743513, 44.07737827962219
44.09096863163328, 43.91739063046431
44.14308561583143, 43.75740298130644
44.195202600029575, 43.597415332148586
44.247319584227725, 43.437427682990716
44.299436568425875, 43.277440033832846
44.35155355262402, 43.11745238467499
44.40367053682217, 42.95746473551712
44.45578752102032, 42.797477086359244
44.50790450521846, 42.637489437201396
44.56002148941661, 42.477501788043526
44.61213847361476, 42.31751413888565
44.66425545781291, 42.1575264897278
44.71637244201106, 41.99753884056992
44.76848942620921, 41.83755119141205
44.82060641040736, 41.67756354225418
44.8727233946055, 41.51757589309633
44.92484037880365, 41.35758824393845
44.9769573630018, 41.19760059478058
45.029074347199945, 41.037612945622726
45.081191331398095, 40.877625296464856
45.133308315596246, 40.71763764730699
45.18542529979439, 40.55764999814913
45.23754228399254, 40.39766234899126
45.28965926819069, 40.23767469983339
45.34177625238883, 40.077687050675536
45.39389323658698, 39.917699401517666
45.44601022078513, 39.75771175235979
45.49812720498328, 39.59772410320194
45.55024418918143, 39.43773645404407
45.60236117337958, 39.277748804886194
45.65447815757772, 39.117761155728346
45.70659514177587, 38.95777350657047
45.75871212597402, 38.79778585741259
45.810829110172165, 38.63779820825474
45.862946094370315, 38.477810559096866
45.915063078568465, 38.317822909939
45.96718006276661, 38.15783526078115
46.01929704696476, 37.99784761162327
46.07141403116291, 37.8378599624654
46.12353101536106, 37.67787231330753
46.1756479995592, 37.517884664149676
46.22776498375735, 37.357897014991806
46.279881967955504, 37.19790936583393
46.33199895215365, 37.03792171667608
46.3841159363518, 36.87793406751821
46.43623292054995, 36.717946418360334
46.48834990474809, 36.557958769202486
46.54046688894624, 36.39797112004461
46.59258387314439, 36.23798347088673
46.644700857342535, 36.077995821728884
46.696817841540685, 35.918008172571014
46.748934825738836, 35.75802052341314
46.80105180993698, 35.59803287425529
46.85316879413513, 35.43804522509741
46.90528577833328, 35.27805757593954
46.95740276253142, 35.118069926781686
47.00951974672957, 34.95808227762382
47.061636730927724, 34.79809462846595
47.11375371512587, 34.63810697930809
47.16587069932402, 34.47811933015022
47.21798768352217, 34.31813168099235
47.27010466772031, 34.158144031834496
47.32222165191846, 33.998156382676626
47.37433863611661, 33.83816873351875
47.42645562031476, 33.67818108436087
47.478572604512905, 33.51819343520303
47.530689588711056, 33.358205786045154
47.582806572909206, 33.19821813688728
47.63492355710735, 33.03823048772943
47.6870405413055, 32.87824283857155
47.73915752550365, 32.71825518941368
47.79127450970179, 32.558267540255834
47.843391493899944, 32.39827989109796
47.895508478098094, 32.23829224194009
47.94762546229624, 32.07830459278223
47.99974244649439, 31.91831694362436
48.05185943069254, 31.75832929446649
48.10397641489068, 31.598341645308636
48.15609339908883, 31.438353996150763
48.20821038328698, 31.278366346992893
48.260327367485125, 31.11837869783504
48.312444351683276, 30.958391048677168
48.364561335881426, 30.798403399519295
48.41667832007957, 30.638415750361442
48.46879530427772, 30.47842810120357
48.52091228847587, 30.318440452045696
48.57302927267401, 30.158452802887847
48.62514625687216, 29.998465153729974
48.677263241070314, 29.8384775045721
48.729380225268464, 29.678489855414227
48.78149720946661, 29.518502206256375
48.83361419366476, 29.358514557098502
48.88573117786291, 29.19852690794063
48.93784816206105, 29.03853925878278
48.9899651462592, 28.878551609624907
49.04208213045735, 28.718563960467034
49.094199114655495, 28.55857631130918
49.146316098853646, 28.398588662151308
49.198433083051796, 28.238601012993435
49.25055006724994, 28.078613363835583
49.30266705144809, 27.918625714677713
49.35478403564624, 27.75863806551984
49.40690101984438, 27.598650416361988
49.459018004042534, 27.438662767204114
49.511134988240684, 27.27867511804624
49.56325197243883, 27.11868746888839
49.61536895663698, 26.958699819730516
49.66748594083513, 26.798712170572642
49.71960292503327, 26.638724521414794
49.77171990923142, 26.478736872256917
49.82383689342957, 26.318749223099047
49.875953877627715, 26.1587615739412
49.928070861825866, 25.998773924783322
49.980187846024016, 25.838786275625452
50.03230483022216, 25.678798626467596
50.08442181442031, 25.518810977309727
50.13653879861846, 25.35882332815185
50.18865578281661, 25.19883567899398
50.240772767014754, 25.03884802983613
50.292889751212904, 24.878860380678255
50.345006735411054, 24.718872731520385
50.3971237196092, 24.55888508236253
50.44924070380735, 24.39889743320466
50.5013576880055, 24.238909784046783
50.55347467220364, 24.078922134888934
50.60559165640179, 23.918934485731057
50.65770864059994, 23.758946836573188
50.709825624798086, 23.59895918741534
50.761942608996236, 23.438971538257462
50.814059593194386, 23.278983889099592
50.86617657739253, 23.118996239941737
50.91829356159068, 22.959008590783867
50.97041054578883, 22.79902094162599
51.022527529986974, 22.63903329246814
51.074644514185124, 22.479045643310272
51.126761498383274, 22.319057994152395
51.17887848258142, 22.159070344994547
51.23099546677957, 21.99908269583667
51.28311245097772, 21.8390950466788
51.33522943517586, 21.679107397520944
51.38734641937401, 21.519119748363075
51.43946340357216, 21.359132099205205
51.49158038777031, 21.199144450047328
51.543697371968456, 21.03915680088948
51.595814356166606, 20.879169151731602
51.64793134036476, 20.719181502573733
51.7000483245629, 20.559193853415877
51.75216530876105, 20.399206204258007
51.8042822929592, 20.239218555100138
51.856399277157344, 20.079230905942282
51.908516261355494, 19.919243256784412
51.960633245553645, 19.759255607626535
52.01275022975179, 19.599267958468687
52.06486721394994, 19.43928030931081
