Parameters: [46.40454234400501, 17.574231790564355, 6.258410159848195, 42.121225450459434, 3.6272837215924483, -0.07131316420968381, -3.015704411726255]
Points:
0.0, 17.574231790564355
0.04645099333734235, 17.742722722548695
0.0929019866746847, 17.911213654533036
0.13935298001202706, 18.079704586517376
0.1858039733493694, 18.24819551850172
0.23225496668671175, 18.41668645048606
0.2787059600240541, 18.585177382470402
0.32515695336139644, 18.753668314454742
0.3716079466987388, 18.922159246439083
0.4180589400360812, 19.090650178423424
0.4645099333734235, 19.259141110407768
0.5109609267107659, 19.42763204239211
0.5574119200481082, 19.59612297437645
0.6038629133854506, 19.76461390636079
0.6503139067227929, 19.93310483834513
0.6967649000601353, 20.10159577032947
0.7432158933974776, 20.27008670231381
0.78966688673482, 20.438577634298156
0.8361178800721624, 20.607068566282496
0.8825688734095046, 20.775559498266837
0.929019866746847, 20.944050430251178
0.9754708600841894, 21.11254136223552
1.0219218534215317, 21.281032294219862
1.068372846758874, 21.449523226204203
1.1148238400962165, 21.618014158188544
1.1612748334335588, 21.786505090172884
1.2077258267709012, 21.954996022157225
1.2541768201082435, 22.123486954141566
1.3006278134455858, 22.291977886125906
1.3470788067829282, 22.46046881811025
1.3935298001202705, 22.62895975009459
1.439980793457613, 22.79745068207893
1.4864317867949552, 22.965941614063272
1.5328827801322975, 23.134432546047613
1.57933377346964, 23.302923478031957
1.6257847668069823, 23.471414410016294
1.6722357601443247, 23.639905342000638
1.718686753481667, 23.80839627398498
1.7651377468190093, 23.97688720596932
1.8115887401563517, 24.14537813795366
1.858039733493694, 24.313869069938
1.9044907268310365, 24.482360001922345
1.9509417201683787, 24.650850933906685
1.997392713505721, 24.819341865891026
2.0438437068430635, 24.987832797875367
2.0902947001804058, 25.156323729859707
2.136745693517748, 25.324814661844048
2.1831966868550907, 25.493305593828392
2.229647680192433, 25.661796525812733
2.2760986735297752, 25.830287457797073
2.3225496668671175, 25.998778389781414
2.3690006602044598, 26.167269321765755
2.4154516535418025, 26.335760253750095
2.4619026468791447, 26.50425118573444
2.508353640216487, 26.672742117718776
2.5548046335538293, 26.84123304970312
2.6012556268911715, 27.009723981687458
2.647706620228514, 27.178214913671802
2.6941576135658565, 27.346705845656146
2.7406086069031987, 27.515196777640483
2.787059600240541, 27.683687709624827
2.8335105935778833, 27.852178641609164
2.879961586915226, 28.02066957359351
2.9264125802525682, 28.18916050557785
2.9728635735899105, 28.35765143756219
3.0193145669272528, 28.52614236954653
3.065765560264595, 28.69463330153087
3.1122165536019377, 28.863124233515215
3.15866754693928, 29.031615165499556
3.2051185402766222, 29.200106097483896
3.2515695336139645, 29.368597029468237
3.2980205269513068, 29.537087961452578
3.3444715202886495, 29.705578893436922
3.3909225136259917, 29.87406982542126
3.437373506963334, 30.042560757405603
3.4838245003006763, 30.211051689389944
3.5302754936380185, 30.379542621374284
3.576726486975361, 30.54803355335863
3.6231774803127035, 30.716524485342966
3.6696284736500457, 30.88501541732731
3.716079466987388, 31.053506349311647
3.7625304603247303, 31.22199728129599
3.808981453662073, 31.39048821328033
3.8554324469994152, 31.558979145264672
3.9018834403367575, 31.727470077249016
3.9483344336740998, 31.895961009233353
3.994785427011442, 32.0644519412177
4.041236420348785, 32.232942873202035
4.087687413686127, 32.40143380518638
4.134138407023469, 32.56992473717072
4.1805894003608115, 32.73841566915506
4.227040393698154, 32.9069066011394
4.273491387035496, 33.07539753312374
4.319942380372838, 33.243888465108085
4.366393373710181, 33.41237939709243
4.412844367047524, 33.58087032907677
4.459295360384866, 33.74936126106111
4.505746353722208, 33.91785219304545
4.5521973470595505, 34.08634312502979
4.598648340396893, 34.254834057014136
4.645099333734235, 34.42332498899847
4.691550327071577, 34.59181592098281
4.7380013204089195, 34.760306852967155
4.784452313746262, 34.9287977849515
4.830903307083605, 35.097288716935836
4.877354300420947, 35.26577964892018
4.9238052937582895, 35.434270580904524
4.970256287095632, 35.60276151288886
5.016707280432974, 35.7712524448732
5.063158273770316, 35.93974337685754
5.1096092671076585, 36.10823430884189
5.156060260445001, 36.276725240826224
5.202511253782343, 36.44521617281056
5.248962247119685, 36.61370710479491
5.295413240457028, 36.78219803677925
5.341864233794371, 36.95068896876359
5.388315227131713, 37.11917990074794
5.434766220469055, 37.287670832732275
5.4812172138063975, 37.45616176471661
5.52766820714374, 37.624652696700956
5.574119200481082, 37.7931436286853
5.620570193818424, 37.96163456066964
5.6670211871557665, 38.130125492653974
5.713472180493109, 38.29861642463832
5.759923173830452, 38.46710735662266
5.806374167167794, 38.635598288607
5.8528251605051365, 38.804089220591344
5.899276153842479, 38.97258015257569
5.945727147179821, 39.141071084560025
5.992178140517163, 39.30956201654436
6.0386291338545055, 39.478052948528706
6.085080127191848, 39.64654388051305
6.13153112052919, 39.81503481249739
6.177982113866533, 39.98352574448174
6.224433107203875, 40.152016676466076
6.270884100541218, 40.27437153024952
6.31733509387856, 40.27105896293395
6.363786087215902, 40.26774639561838
6.4102370805532445, 40.26443382830281
6.456688073890587, 40.261121260987245
6.503139067227929, 40.25780869367168
6.549590060565271, 40.25449612635611
6.5960410539026135, 40.25118355904054
6.642492047239957, 40.24787099172497
6.688943040577299, 40.2445584244094
6.735394033914641, 40.24124585709383
6.7818450272519835, 40.23793328977826
6.828296020589326, 40.234620722462694
6.874747013926668, 40.231308155147126
6.92119800726401, 40.22799558783156
6.9676490006013525, 40.22468302051599
7.014099993938695, 40.22137045320042
7.060550987276037, 40.21805788588485
7.10700198061338, 40.214745318569285
7.153452973950722, 40.21143275125371
7.199903967288065, 40.20812018393814
7.246354960625407, 40.204807616622574
7.292805953962749, 40.201495049307006
7.3392569473000915, 40.19818248199144
7.385707940637434, 40.19486991467587
7.432158933974776, 40.1915573473603
7.478609927312118, 40.188244780044734
7.5250609206494605, 40.184932212729166
7.571511913986804, 40.18161964541359
7.617962907324146, 40.17830707809802
7.664413900661488, 40.174994510782454
7.7108648939988305, 40.171681943466886
7.757315887336173, 40.16836937615132
7.803766880673515, 40.16505680883575
7.850217874010857, 40.16174424152018
7.8966688673481995, 40.158431674204614
7.943119860685542, 40.155119106889046
7.989570854022884, 40.15180653957347
8.036021847360226, 40.1484939722579
8.08247284069757, 40.145181404942335
8.12892383403491, 40.14186883762677
8.175374827372254, 40.1385562703112
8.221825820709595, 40.13524370299563
8.268276814046938, 40.13193113568006
8.314727807384282, 40.128618568364494
8.361178800721623, 40.125306001048926
8.407629794058966, 40.12199343373335
8.454080787396308, 40.11868086641778
8.50053178073365, 40.115368299102215
8.546982774070992, 40.11205573178665
8.593433767408335, 40.10874316447108
8.639884760745677, 40.10543059715551
8.68633575408302, 40.10211802983994
8.732786747420363, 40.098805462524375
8.779237740757704, 40.09549289520881
8.825688734095047, 40.09218032789324
8.872139727432389, 40.08886776057766
8.918590720769732, 40.085555193262095
8.965041714107073, 40.08224262594653
9.011492707444416, 40.07893005863096
9.057943700781758, 40.07561749131539
9.104394694119101, 40.07230492399982
9.150845687456444, 40.068992356684255
9.197296680793785, 40.06567978936869
9.243747674131129, 40.06236722205312
9.29019866746847, 40.059054654737544
9.336649660805813, 40.055742087421976
9.383100654143155, 40.05242952010641
9.429551647480498, 40.04911695279084
9.476002640817839, 40.04580438547527
9.522453634155182, 40.042491818159704
9.568904627492524, 40.039179250844136
9.615355620829867, 40.03586668352857
9.66180661416721, 40.032554116213
9.708257607504551, 40.029241548897424
9.754708600841894, 40.025928981581856
9.801159594179236, 40.02261641426629
9.847610587516579, 40.01930384695072
9.89406158085392, 40.01599127963515
9.940512574191263, 40.012678712319584
9.986963567528605, 40.009366145004016
10.033414560865948, 40.00605357768845
10.079865554203291, 40.00274101037288
10.126316547540632, 39.99942844305731
10.172767540877976, 39.99611587574174
10.219218534215317, 39.99280330842617
10.26566952755266, 39.9894907411106
10.312120520890002, 39.98617817379503
10.358571514227345, 39.982865606479464
10.405022507564686, 39.979553039163896
10.45147350090203, 39.97624047184833
10.49792449423937, 39.97292790453276
10.544375487576714, 39.96961533721719
10.590826480914057, 39.96630276990162
10.637277474251398, 39.96299020258605
10.683728467588741, 39.95967763527048
10.730179460926083, 39.95636506795491
10.776630454263426, 39.953052500639345
10.823081447600767, 39.94973993332378
10.86953244093811, 39.94642736600821
10.915983434275452, 39.94311479869264
10.962434427612795, 39.93980223137707
11.008885420950138, 39.9364896640615
11.05533641428748, 39.93317709674593
11.101787407624823, 39.92986452943036
11.148238400962164, 39.92655196211479
11.194689394299507, 39.923239394799225
11.241140387636849, 39.91992682748366
11.287591380974192, 39.91661426016809
11.334042374311533, 39.91330169285252
11.380493367648876, 39.90998912553695
11.426944360986218, 39.906676558221385
11.47339535432356, 39.90336399090581
11.519846347660904, 39.90005142359024
11.566297340998245, 39.89673885627467
11.612748334335588, 39.893426288959105
11.65919932767293, 39.89011372164354
11.705650321010273, 39.88680115432797
11.752101314347614, 39.8834885870124
11.798552307684957, 39.88017601969683
11.845003301022299, 39.876863452381265
11.891454294359642, 39.87355088506569
11.937905287696985, 39.87023831775012
11.984356281034326, 39.866925750434554
12.03080727437167, 39.863613183118986
12.077258267709011, 39.86030061580342
12.123709261046354, 39.85698804848785
12.170160254383696, 39.85367548117228
12.216611247721039, 39.85036291385671
12.26306224105838, 39.847050346541145
12.309513234395723, 39.84373777922557
12.355964227733066, 39.84042521191
12.402415221070408, 39.837112644594434
12.44886621440775, 39.833800077278866
12.495317207745092, 39.8304875099633
12.541768201082435, 39.82717494264773
12.588219194419777, 39.82386237533216
12.63467018775712, 39.820549808016594
12.681121181094461, 39.817237240701026
12.727572174431804, 39.81392467338546
12.774023167769146, 39.81061210606988
12.820474161106489, 39.807299538754314
12.866925154443832, 39.803986971438746
12.913376147781173, 39.80067440412318
12.959827141118517, 39.79736183680761
13.006278134455858, 39.79404926949204
13.052729127793201, 39.790736702176474
13.099180121130543, 39.787424134860906
13.145631114467886, 39.78411156754534
13.192082107805227, 39.78079900022976
13.23853310114257, 39.777486432914195
13.284984094479913, 39.77417386559863
13.331435087817255, 39.77086129828306
13.377886081154598, 39.76754873096749
13.42433707449194, 39.76423616365192
13.470788067829282, 39.760923596336355
13.517239061166624, 39.75761102902079
13.563690054503967, 39.75429846170522
13.610141047841308, 39.75098589438964
13.656592041178651, 39.747673327074075
13.703043034515993, 39.74436075975851
13.749494027853336, 39.74104819244294
13.79594502119068, 39.73773562512737
13.84239601452802, 39.7344230578118
13.888847007865364, 39.731110490496235
13.935298001202705, 39.72779792318067
13.981748994540048, 39.7244853558651
14.02819998787739, 39.721172788549524
14.074650981214733, 39.717860221233956
14.121101974552074, 39.71454765391839
14.167552967889417, 39.71123508660282
14.21400396122676, 39.70792251928725
14.260454954564102, 39.70460995197168
14.306905947901445, 39.701297384656115
14.353356941238786, 39.69798481734055
14.39980793457613, 39.69467225002498
14.44625892791347, 39.69135968270941
14.492709921250814, 39.688047115393836
14.539160914588155, 39.68473454807827
14.585611907925498, 39.6814219807627
14.63206290126284, 39.67810941344713
14.678513894600183, 39.674796846131564
14.724964887937526, 39.671484278815996
14.771415881274867, 39.66817171150043
14.81786687461221, 39.66485914418486
14.864317867949552, 39.66154657686929
14.910768861286895, 39.658234009553716
14.957219854624237, 39.65492144223815
15.00367084796158, 39.65160887492258
15.050121841298921, 39.64829630760701
15.096572834636264, 39.644983740291444
15.143023827973607, 39.641671172975876
15.189474821310949, 39.63835860566031
15.235925814648292, 39.63504603834474
15.282376807985633, 39.63173347102917
15.328827801322976, 39.6284209037136
15.375278794660318, 39.62510833639803
15.421729787997661, 39.62179576908246
15.468180781335002, 39.61848320176689
15.514631774672345, 39.615170634451324
15.561082768009689, 39.611858067135756
15.60753376134703, 39.60854549982019
15.653984754684373, 39.60523293250462
15.700435748021714, 39.60192036518905
15.746886741359058, 39.598607797873484
15.793337734696399, 39.59529523055791
15.839788728033742, 39.59198266324234
15.886239721371084, 39.58867009592677
15.932690714708427, 39.585357528611205
15.979141708045768, 39.58204496129564
16.02559270138311, 39.57873239398007
16.072043694720453, 39.5754198266645
16.118494688057798, 39.57210725934893
16.16494568139514, 39.568794692033364
16.21139667473248, 39.56548212471779
16.25784766806982, 39.56216955740222
16.304298661407167, 39.55885699008665
16.350749654744508, 39.555544422771085
16.39720064808185, 39.55223185545552
16.44365164141919, 39.54891928813995
16.490102634756536, 39.54560672082438
16.536553628093877, 39.54229415350881
16.58300462143122, 39.538981586193245
16.629455614768563, 39.53566901887767
16.675906608105905, 39.5323564515621
16.722357601443246, 39.52904388424653
16.768808594780587, 39.525731316930965
16.815259588117932, 39.5224187496154
16.861710581455274, 39.51910618229983
16.908161574792615, 39.51579361498426
16.95461256812996, 39.51248104766869
17.0010635614673, 39.509168480353125
17.047514554804643, 39.50585591303756
17.093965548141984, 39.50254334572198
17.14041654147933, 39.499230778406414
17.18686753481667, 39.495918211090846
17.23331852815401, 39.49260564377528
17.279769521491353, 39.48929307645971
17.326220514828698, 39.48598050914414
17.37267150816604, 39.48266794182857
17.41912250150338, 39.479355374513005
17.465573494840726, 39.47604280719744
17.512024488178067, 39.47273023988186
17.55847548151541, 39.469417672566294
17.60492647485275, 39.466105105250726
17.651377468190095, 39.46279253793516
17.697828461527436, 39.45947997061959
17.744279454864778, 39.45616740330402
17.79073044820212, 39.452854835988454
17.837181441539464, 39.449542268672886
17.883632434876805, 39.44622970135732
17.930083428214147, 39.44291713404174
17.97653442155149, 39.439604566726175
18.022985414888833, 39.43629199941061
18.069436408226174, 39.43297943209504
18.115887401563516, 39.42966686477947
18.16233839490086, 39.4263542974639
18.208789388238202, 39.423041730148334
18.255240381575543, 39.419729162832766
18.301691374912888, 39.4164165955172
18.34814236825023, 39.41310402820163
18.39459336158757, 39.409791460886055
18.441044354924912, 39.40647889357049
18.487495348262257, 39.40316632625492
18.5339463415996, 39.39985375893935
18.58039733493694, 39.39654119162378
18.62684832827428, 39.393228624308215
18.673299321611626, 39.38991605699265
18.719750314948968, 39.38660348967708
18.76620130828631, 39.38329092236151
18.812652301623654, 39.379978355045935
18.859103294960995, 39.37666578773037
18.905554288298337, 39.3733532204148
18.952005281635678, 39.37004065309923
18.998456274973023, 39.36672808578366
19.044907268310364, 39.363415518468095
19.091358261647706, 39.36010295115253
19.137809254985047, 39.35679038383696
19.184260248322392, 39.35347781652139
19.230711241659733, 39.350165249205816
19.277162234997075, 39.34685268189025
19.32361322833442, 39.34354011457468
19.37006422167176, 39.34022754725911
19.416515215009102, 39.33691497994354
19.462966208346444, 39.333602412627975
19.50941720168379, 39.33028984531241
19.55586819502113, 39.32697727799684
19.60231918835847, 39.32366471068127
19.648770181695813, 39.3203521433657
19.695221175033158, 39.31703957605013
19.7416721683705, 39.31372700873456
19.78812316170784, 39.31041444141899
19.834574155045186, 39.307101874103424
19.881025148382527, 39.303789306787856
19.92747614171987, 39.30047673947229
19.97392713505721, 39.29716417215672
20.020378128394555, 39.29385160484115
20.066829121731896, 39.29053903752558
20.113280115069237, 39.28722647021001
20.159731108406582, 39.28391390289444
20.206182101743924, 39.28060133557887
20.252633095081265, 39.277288768263304
20.299084088418606, 39.273976200947736
20.34553508175595, 39.27066363363217
20.391986075093293, 39.2673510663166
20.438437068430634, 39.26403849900103
20.484888061767975, 39.260725931685464
20.53133905510532, 39.25741336436989
20.57779004844266, 39.25410079705432
20.624241041780003, 39.25078822973875
20.670692035117348, 39.247475662423184
20.71714302845469, 39.244163095107616
20.76359402179203, 39.24085052779205
20.810045015129372, 39.23753796047648
20.856496008466717, 39.23422539316091
20.90294700180406, 39.230912825845344
20.9493979951414, 39.227600258529776
20.99584898847874, 39.2242876912142
21.042299981816086, 39.22097512389863
21.088750975153427, 39.217662556583065
21.13520196849077, 39.2143499892675
21.181652961828114, 39.21103742195193
21.228103955165455, 39.20772485463636
21.274554948502796, 39.20441228732079
21.321005941840138, 39.201099720005224
21.367456935177483, 39.197787152689656
21.413907928514824, 39.19447458537408
21.460358921852166, 39.19116201805851
21.50680991518951, 39.187849450742945
21.553260908526852, 39.18453688342738
21.599711901864193, 39.18122431611181
21.646162895201535, 39.17791174879624
21.69261388853888, 39.17459918148067
21.73906488187622, 39.171286614165105
21.785515875213562, 39.16797404684954
21.831966868550904, 39.16466147953396
21.87841786188825, 39.16134891221839
21.92486885522559, 39.158036344902825
21.97131984856293, 39.15472377758726
22.017770841900276, 39.15141121027169
22.064221835237618, 39.14809864295612
22.11067282857496, 39.14478607564055
22.1571238219123, 39.141473508324985
22.203574815249645, 39.13816094100942
22.250025808586987, 39.13484837369384
22.296476801924328, 39.131535806378274
22.34292779526167, 39.128223239062706
22.389378788599014, 39.12491067174714
22.435829781936356, 39.12159810443157
22.482280775273697, 39.118285537116
22.528731768611042, 39.114972969800434
22.575182761948383, 39.111660402484866
22.621633755285725, 39.1083478351693
22.668084748623066, 39.10503526785373
22.71453574196041, 39.101722700538154
22.760986735297752, 39.098410133222586
22.807437728635094, 39.09509756590702
22.853888721972435, 39.09178499859145
22.90033971530978, 39.08847243127588
22.94679070864712, 39.085159863960314
22.993241701984463, 39.081847296644746
23.039692695321808, 39.07853472932918
23.08614368865915, 39.07522216201361
23.13259468199649, 39.071909594698035
23.179045675333832, 39.06859702738247
23.225496668671177, 39.0652844600669
23.271947662008518, 39.06197189275133
23.31839865534586, 39.05865932543576
23.364849648683204, 39.055346758120194
23.411300642020546, 39.052034190804626
23.457751635357887, 39.04872162348906
23.50420262869523, 39.04540905617349
23.550653622032574, 39.042096488857915
23.597104615369915, 39.03878392154235
23.643555608707256, 39.03547135422678
23.690006602044598, 39.03215878691121
23.736457595381943, 39.02884621959564
23.782908588719284, 39.025533652280075
23.829359582056625, 39.02222108496451
23.87581057539397, 39.01890851764894
23.92226156873131, 39.01559595033337
23.968712562068653, 39.0122833830178
24.015163555405994, 39.00897081570223
24.06161454874334, 39.00565824838666
24.10806554208068, 39.00234568107109
24.154516535418022, 38.99903311375552
24.200967528755363, 38.995720546439955
24.24741852209271, 38.99240797912439
24.29386951543005, 38.98909541180882
24.34032050876739, 38.98578284449325
24.386771502104736, 38.98247027717768
24.433222495442077, 38.97915770986211
24.47967348877942, 38.97584514254654
24.52612448211676, 38.97253257523097
24.572575475454105, 38.9692200079154
24.619026468791446, 38.965907440599835
24.665477462128788, 38.96259487328427
24.711928455466133, 38.9592823059687
24.758379448803474, 38.95596973865313
24.804830442140815, 38.95265717133756
24.851281435478157, 38.94934460402199
24.8977324288155, 38.94603203670642
24.944183422152843, 38.94271946939085
24.990634415490184, 38.939406902075284
25.037085408827526, 38.936094334759716
25.08353640216487, 38.93278176744415
25.129987395502212, 38.92946920012858
25.176438388839554, 38.92615663281301
25.2228893821769, 38.92284406549744
25.26934037551424, 38.91953149818187
25.31579136885158, 38.9162189308663
25.362242362188923, 38.91290636355073
25.408693355526268, 38.909593796235164
25.45514434886361, 38.906281228919596
25.50159534220095, 38.90296866160403
25.54804633553829, 38.89965609428846
25.594497328875637, 38.89634352697289
25.640948322212978, 38.893030959657324
25.68739931555032, 38.88971839234175
25.733850308887664, 38.88640582502618
25.780301302225006, 38.88309325771061
25.826752295562347, 38.879780690395044
25.87320328889969, 38.876468123079476
25.919654282237033, 38.87315555576391
25.966105275574375, 38.86984298844834
26.012556268911716, 38.86653042113277
26.059007262249057, 38.863217853817204
26.105458255586402, 38.859905286501636
26.151909248923744, 38.85659271918606
26.198360242261085, 38.85328015187049
26.24481123559843, 38.849967584554925
26.29126222893577, 38.84665501723936
26.337713222273113, 38.84334244992379
26.384164215610454, 38.84002988260822
26.4306152089478, 38.83671731529265
26.47706620228514, 38.833404747977085
26.523517195622482, 38.83009218066152
26.569968188959827, 38.82677961334594
26.616419182297168, 38.82346704603037
26.66287017563451, 38.820154478714805
26.70932116897185, 38.81684191139924
26.755772162309196, 38.81352934408367
26.802223155646537, 38.8102167767681
26.84867414898388, 38.80690420945253
26.89512514232122, 38.803591642136965
26.941576135658565, 38.8002790748214
26.988027128995906, 38.79696650750583
27.034478122333248, 38.793653940190254
27.080929115670592, 38.790341372874686
27.127380109007934, 38.78702880555912
27.173831102345275, 38.78371623824355
27.220282095682617, 38.78040367092798
27.26673308901996, 38.77709110361241
27.313184082357303, 38.773778536296845
27.359635075694644, 38.77046596898128
27.406086069031986, 38.76715340166571
27.45253706236933, 38.763840834350134
27.498988055706672, 38.760528267034566
27.545439049044013, 38.757215699719
27.59189004238136, 38.75390313240343
27.6383410357187, 38.75059056508786
27.68479202905604, 38.747277997772294
27.731243022393382, 38.743965430456726
27.777694015730727, 38.74065286314116
27.82414500906807, 38.73734029582559
27.87059600240541, 38.734027728510014
27.917046995742755, 38.730715161194446
27.963497989080096, 38.72740259387888
28.009948982417438, 38.72409002656331
28.05639997575478, 38.72077745924774
28.102850969092124, 38.717464891932174
28.149301962429465, 38.714152324616606
28.195752955766807, 38.71083975730104
28.242203949104148, 38.70752718998547
28.288654942441493, 38.704214622669895
28.335105935778834, 38.70090205535433
28.381556929116176, 38.69758948803876
28.42800792245352, 38.69427692072319
28.474458915790862, 38.69096435340762
28.520909909128203, 38.687651786092054
28.567360902465545, 38.684339218776486
28.61381189580289, 38.68102665146092
28.66026288914023, 38.67771408414535
28.706713882477572, 38.67440151682978
28.753164875814914, 38.67108894951421
28.79961586915226, 38.66777638219864
28.8460668624896, 38.66446381488307
28.89251785582694, 38.6611512475675
28.938968849164286, 38.657838680251935
28.985419842501628, 38.65452611293637
29.03187083583897, 38.6512135456208
29.07832182917631, 38.64790097830523
29.124772822513656, 38.64458841098966
29.171223815850997, 38.64127584367409
29.21767480918834, 38.63796327635852
29.26412580252568, 38.63465070904295
29.310576795863025, 38.63133814172738
29.357027789200366, 38.628025574411815
29.403478782537707, 38.62471300709625
29.449929775875052, 38.62140043978068
29.496380769212394, 38.61808787246511
29.542831762549735, 38.61477530514954
29.589282755887076, 38.611462737833975
29.63573374922442, 38.6081501705184
29.682184742561763, 38.60483760320283
29.728635735899104, 38.60152503588726
29.77508672923645, 38.598212468571695
29.82153772257379, 38.59489990125613
29.86798871591113, 38.59158733394056
29.914439709248473, 38.58827476662499
29.960890702585818, 38.58496219930942
30.00734169592316, 38.581649631993855
30.0537926892605, 38.57833706467828
30.100243682597842, 38.57502449736271
30.146694675935187, 38.571711930047144
30.19314566927253, 38.568399362731576
30.23959666260987, 38.56508679541601
30.286047655947215, 38.56177422810044
30.332498649284556, 38.55846166078487
30.378949642621897, 38.5551490934693
30.42540063595924, 38.551836526153735
30.471851629296584, 38.54852395883816
30.518302622633925, 38.54521139152259
30.564753615971266, 38.541898824207024
30.611204609308608, 38.538586256891456
30.657655602645953, 38.53527368957589
30.704106595983294, 38.53196112226032
30.750557589320636, 38.52864855494475
30.79700858265798, 38.525335987629184
30.843459575995322, 38.522023420313616
30.889910569332663, 38.51871085299804
30.936361562670005, 38.51539828568247
30.98281255600735, 38.512085718366905
31.02926354934469, 38.50877315105134
31.075714542682032, 38.50546058373577
31.122165536019377, 38.5021480164202
31.16861652935672, 38.49883544910463
31.21506752269406, 38.495522881789064
31.2615185160314, 38.492210314473496
31.307969509368746, 38.48889774715793
31.354420502706088, 38.48558517984235
31.40087149604343, 38.482272612526785
31.44732248938077, 38.47896004521122
31.493773482718115, 38.47564747789565
31.540224476055457, 38.47233491058008
31.586675469392798, 38.46902234326451
31.633126462730143, 38.465709775948945
31.679577456067484, 38.46239720863338
31.726028449404826, 38.45908464131781
31.772479442742167, 38.45577207400223
31.818930436079512, 38.452459506686665
31.865381429416853, 38.4491469393711
31.911832422754195, 38.44583437205553
31.958283416091536, 38.44252180473996
32.00473440942888, 38.43920923742439
32.05118540276622, 38.435896670108825
32.09763639610357, 38.43258410279326
32.144087389440905, 38.42927153547769
32.19053838277825, 38.42595896816212
32.236989376115595, 38.422646400846546
32.28344036945293, 38.41933383353098
32.32989136279028, 38.41602126621541
32.376342356127616, 38.41270869889984
32.42279334946496, 38.40939613158427
32.469244342802305, 38.406083564268705
32.51569533613964, 38.40277099695314
32.56214632947699, 38.39945842963757
32.60859732281433, 38.396145862322
32.65504831615167, 38.392833295006426
32.701499309489016, 38.38952072769086
32.74795030282636, 38.38620816037529
32.7944012961637, 38.38289559305972
32.84085228950104, 38.379583025744154
32.88730328283838, 38.376270458428586
32.933754276175726, 38.37295789111302
32.98020526951307, 38.36964532379745
33.02665626285041, 38.36633275648188
33.073107256187754, 38.363020189166306
33.1195582495251, 38.35970762185074
33.16600924286244, 38.35639505453517
33.21246023619978, 38.3530824872196
33.25891122953713, 38.349769919904034
33.305362222874464, 38.346457352588466
33.35181321621181, 38.3431447852729
33.398264209549154, 38.33983221795733
33.44471520288649, 38.33651965064176
33.49116619622384, 38.33320708332619
33.537617189561175, 38.32989451601062
33.58406818289852, 38.32658194869505
33.630519176235865, 38.32326938137948
33.6769701695732, 38.319956814063914
33.72342116291055, 38.316644246748346
33.76987215624789, 38.31333167943278
33.81632314958523, 38.31001911211721
33.862774142922575, 38.30670654480164
33.90922513625992, 38.30339397748607
33.95567612959726, 38.3000814101705
34.0021271229346, 38.29676884285493
34.04857811627194, 38.29345627553936
34.095029109609285, 38.290143708223795
34.14148010294663, 38.28683114090823
34.18793109628397, 38.28351857359266
34.23438208962131, 38.28020600627709
34.28083308295866, 38.27689343896152
34.327284076295996, 38.273580871645954
34.37373506963334, 38.27026830433038
34.420186062970686, 38.26695573701481
34.46663705630802, 38.26364316969924
34.51308804964537, 38.260330602383675
34.559539042982706, 38.25701803506811
34.60599003632005, 38.25370546775254
34.652441029657396, 38.25039290043697
34.698892022994734, 38.2470803331214
34.74534301633208, 38.243767765805835
34.791794009669424, 38.24045519849026
34.83824500300676, 38.23714263117469
34.88469599634411, 38.23383006385912
34.93114698968145, 38.230517496543555
34.97759798301879, 38.22720492922799
35.024048976356134, 38.22389236191242
35.07049996969347, 38.22057979459685
35.11695096303082, 38.21726722728128
35.16340195636816, 38.213954659965715
35.2098529497055, 38.21064209265015
35.256303943042845, 38.20732952533457
35.30275493638019, 38.204016958019004
35.34920592971753, 38.200704390703436
35.39565692305487, 38.19739182338787
35.44210791639222, 38.1940792560723
35.488558909729555, 38.19076668875673
35.5350099030669, 38.187454121441164
35.58146089640424, 38.184141554125596
35.62791188974158, 38.18082898681003
35.67436288307893, 38.17751641949445
35.720813876416265, 38.174203852178884
35.76726486975361, 38.170891284863316
35.813715863090955, 38.16757871754775
35.86016685642829, 38.16426615023218
35.90661784976564, 38.16095358291661
35.95306884310298, 38.157641015601044
35.99951983644032, 38.154328448285476
36.045970829777666, 38.15101588096991
36.092421823115004, 38.14770331365433
36.13887281645235, 38.144390746338765
36.18532380978969, 38.1410781790232
36.23177480312703, 38.13776561170763
36.278225796464376, 38.13445304439206
36.32467678980172, 38.13114047707649
36.37112778313906, 38.127827909760924
36.417578776476404, 38.124515342445356
36.46402976981375, 38.12120277512979
36.51048076315109, 38.11789020781421
36.55693175648843, 38.114577640498645
36.603382749825776, 38.11126507318308
36.649833743163114, 38.10795250586751
36.69628473650046, 38.10463993855194
36.7427357298378, 38.10132737123637
36.78918672317514, 38.098014803920805
36.83563771651249, 38.09470223660524
36.882088709849825, 38.09138966928967
36.92853970318717, 38.0880771019741
36.974990696524515, 38.084764534658525
37.02144168986185, 38.08145196734296
37.0678926831992, 38.07813940002739
37.11434367653654, 38.07482683271182
37.16079466987388, 38.07151426539625
37.207245663211225, 38.068201698080685
37.25369665654856, 38.06488913076512
37.30014764988591, 38.06157656344955
37.34659864322325, 38.05826399613398
37.39304963656059, 38.05495142881841
37.439500629897935, 38.05163886150284
37.48595162323528, 38.04832629418727
37.53240261657262, 38.0450137268717
37.57885360990996, 38.04170115955613
37.62530460324731, 38.038388592240565
37.671755596584646, 38.035076024925
37.71820658992199, 38.03176345760943
37.76465758325933, 38.02845089029386
37.81110857659667, 38.02513832297829
37.85755956993402, 38.02182575566272
37.904010563271356, 38.01851318834715
37.9504615566087, 38.01520062103158
37.996912549946046, 38.011888053716014
38.043363543283384, 38.008575486400446
38.08981453662073, 38.00526291908488
38.136265529958074, 38.00195035176931
38.18271652329541, 37.99863778445374
38.22916751663276, 37.99532521713817
38.275618509970094, 37.9920126498226
38.32206950330744, 37.98870008250703
38.368520496644784, 37.98538751519146
38.41497148998212, 37.982074947875894
38.46142248331947, 37.978762380560326
38.50787347665681, 37.97544981324476
38.55432446999415, 37.97213724592919
38.600775463331495, 37.96882467861362
38.64722645666884, 37.965512111298054
38.69367745000618, 37.96219954398248
38.74012844334352, 37.95888697666691
38.78657943668086, 37.95557440935134
38.833030430018205, 37.952261842035774
38.87948142335555, 37.948949274720206
38.92593241669289, 37.94563670740464
38.97238341003023, 37.94232414008907
39.01883440336758, 37.9390115727735
39.065285396704915, 37.935699005457934
39.11173639004226, 37.93238643814236
39.158187383379605, 37.92907387082679
39.20463837671694, 37.92576130351122
39.25108937005429, 37.922448736195655
39.297540363391626, 37.91913616888009
39.34399135672897, 37.91582360156452
39.390442350066316, 37.91251103424895
39.43689334340365, 37.90919846693338
39.483344336741, 37.905885899617815
39.52979533007834, 37.90257333230224
39.57624632341568, 37.89926076498667
39.622697316753026, 37.8959481976711
39.66914831009037, 37.892635630355535
39.71559930342771, 37.88932306303997
39.762050296765054, 37.8860104957244
39.8085012901024, 37.88269792840883
39.85495228343974, 37.87938536109326
39.90140327677708, 37.876072793777695
39.94785427011442, 37.87276022646213
39.994305263451764, 37.86944765914655
40.04075625678911, 37.866135091830984
40.08720725012645, 37.862822524515416
40.13365824346379, 37.85950995719985
40.18010923680114, 37.85619738988428
40.226560230138475, 37.85288482256871
40.27301122347582, 37.84957225525314
40.319462216813164, 37.846259687937575
40.3659132101505, 37.84294712062201
40.41236420348785, 37.83963455330643
40.458815196825185, 37.836321985990864
40.50526619016253, 37.833009418675296
40.551717183499875, 37.82969685135973
40.59816817683721, 37.82638428404416
40.64461917017456, 37.82307171672859
40.6910701635119, 37.819759149413024
40.73752115684924, 37.816446582097456
40.783972150186585, 37.81313401478189
40.83042314352393, 37.80982144746632
40.87687413686127, 37.806508880150744
40.92332513019861, 37.803196312835176
40.96977612353595, 37.79988374551961
41.016227116873296, 37.79657117820404
41.06267811021064, 37.79325861088847
41.10912910354798, 37.789946043572904
41.15558009688532, 37.786633476257336
41.20203109022267, 37.78332090894177
41.248482083560006, 37.7800083416262
41.29493307689735, 37.776695774310625
41.341384070234696, 37.77338320699506
41.387835063572034, 37.77007063967949
41.43428605690938, 37.76675807236392
41.48073705024672, 37.76344550504835
41.52718804358406, 37.760132937732784
41.573639036921406, 37.756820370417216
41.620090030258744, 37.75350780310165
41.66654102359609, 37.75019523578608
41.712992016933434, 37.746882668470505
41.75944301027077, 37.74357010115494
41.80589400360812, 37.74025753383937
41.85234499694546, 37.7369449665238
41.8987959902828, 37.73363239920823
41.945246983620144, 37.730319831892665
41.99169797695748, 37.7270072645771
42.03814897029483, 37.72369469726153
42.08459996363217, 37.72038212994596
42.13105095696951, 37.688139427259706
42.177501950306855, 37.54805696172321
42.2239529436442, 37.40797449618671
42.27040393698154, 37.26789203065024
42.31685493031888, 37.127809565113736
42.36330592365623, 36.98772709957724
42.409756916993565, 36.84764463404076
42.45620791033091, 36.70756216850427
42.50265890366825, 36.56747970296779
42.54910989700559, 36.42739723743129
42.59556089034294, 36.28731477189479
42.642011883680276, 36.14723230635832
42.68846287701762, 36.00714984082182
42.734913870354966, 35.867067375285316
42.7813648636923, 35.72698490974884
42.82781585702965, 35.58690244421234
42.87426685036699, 35.44681997867585
42.92071784370433, 35.30673751313937
42.967168837041676, 35.16665504760287
43.01361983037902, 35.02657258206637
43.06007082371636, 34.8864901165299
43.106521817053704, 34.7464076509934
43.15297281039104, 34.606325185456924
43.199423803728386, 34.46624271992042
43.24587479706573, 34.32616025438393
43.29232579040307, 34.18607778884745
43.338776783740414, 34.045995323310954
43.38522777707776, 33.90591285777445
43.4316787704151, 33.76583039223798
43.47812976375244, 33.62574792670148
43.52458075708979, 33.485665461164984
43.571031750427125, 33.345582995628504
43.61748274376447, 33.20550053009201
43.66393373710181, 33.06541806455553
43.71038473043915, 32.925335599019036
43.7568357237765, 32.785253133482534
43.803286717113835, 32.64517066794606
43.84973771045118, 32.50508820240956
43.896188703788525, 32.365005736873066
43.94263969712586, 32.224923271336586
43.98909069046321, 32.08484080580009
44.03554168380055, 31.94475834026359
44.08199267713789, 31.804675874727113
44.128443670475235, 31.664593409190616
44.17489466381257, 31.52451094365414
44.22134565714992, 31.38442847811764
44.26779665048726, 31.244346012581143
44.3142476438246, 31.104263547044667
44.360698637161946, 30.96418108150817
44.40714963049929, 30.82409861597167
44.45360062383663, 30.684016150435195
44.50005161717397, 30.543933684898697
44.54650261051132, 30.4038512193622
44.592953603848656, 30.263768753825723
44.639404597186, 30.123686288289225
44.68585559052334, 29.983603822752748
44.732306583860684, 29.84352135721625
44.77875757719803, 29.703438891679752
44.82520857053537, 29.563356426143276
44.87165956387271, 29.423273960606778
44.918110557210056, 29.28319149507028
44.964561550547394, 29.143109029533804
45.01101254388474, 29.003026563997302
45.057463537222084, 28.862944098460808
45.10391453055942, 28.722861632924328
45.15036552389677, 28.582779167387834
45.196816517234105, 28.442696701851354
45.24326751057145, 28.30261423631486
45.289718503908794, 28.162531770778358
45.33616949724613, 28.022449305241885
45.38262049058348, 27.882366839705384
45.42907148392082, 27.74228437416889
45.47552247725816, 27.60220190863241
45.521973470595505, 27.462119443095915
45.56842446393285, 27.322036977559414
45.61487545727019, 27.18195451202294
45.66132645060753, 27.04187204648644
45.70777744394487, 26.901789580949966
45.754228437282215, 26.761707115413465
45.80067943061956, 26.62162464987697
45.8471304239569, 26.48154218434049
45.89358141729424, 26.341459718803996
45.94003241063159, 26.201377253267495
45.986483403968926, 26.061294787731022
46.03293439730627, 25.92121232219452
46.079385390643615, 25.781129856658023
46.12583638398095, 25.641047391121546
46.1722873773183, 25.50096492558505
46.21873837065564, 25.36088246004855
46.26518936399298, 25.220799994512074
46.311640357330326, 25.080717528975576
46.358091350667664, 24.9406350634391
46.40454234400501, 24.800552597902602
