Parameters: [45.65485059706189, 22.302893742221, 11.144804062734813, 41.60156565493354, 4.437204305163236, -0.16383168862141867, -3.2015292948862646]
Points:
0.0, 22.302893742221
0.045700551148210096, 22.505676424524168
0.09140110229642019, 22.70845910682734
0.1371016534446303, 22.91124178913051
0.18280220459284038, 23.11402447143368
0.22850275574105047, 23.31680715373685
0.2742033068892606, 23.519589836040023
0.3199038580374707, 23.722372518343192
0.36560440918568077, 23.925155200646362
0.41130496033389086, 24.12793788294953
0.45700551148210095, 24.330720565252705
0.502706062630311, 24.533503247555874
0.5484066137785212, 24.736285929859044
0.5941071649267312, 24.939068612162217
0.6398077160749414, 25.141851294465386
0.6855082672231514, 25.344633976768556
0.7312088183713615, 25.54741665907173
0.7769093695195717, 25.7501993413749
0.8226099206677817, 25.952982023678068
0.8683104718159919, 26.155764705981237
0.9140110229642019, 26.358547388284407
0.959711574112412, 26.56133007058758
1.005412125260622, 26.76411275289075
1.051112676408832, 26.96689543519392
1.0968132275570424, 27.169678117497092
1.1425137787052524, 27.372460799800262
1.1882143298534624, 27.57524348210343
1.2339148810016727, 27.778026164406604
1.2796154321498827, 27.980808846709774
1.3253159832980927, 28.183591529012944
1.3710165344463028, 28.386374211316113
1.416717085594513, 28.589156893619286
1.462417636742723, 28.791939575922456
1.508118187890933, 28.994722258225625
1.5538187390391434, 29.197504940528795
1.5995192901873534, 29.400287622831968
1.6452198413355634, 29.603070305135137
1.6909203924837735, 29.805852987438307
1.7366209436319837, 30.00863566974148
1.7823214947801937, 30.21141835204465
1.8280220459284038, 30.41420103434782
1.873722597076614, 30.616983716650992
1.919423148224824, 30.819766398954158
1.965123699373034, 31.02254908125733
2.010824250521244, 31.2253317635605
2.0565248016694544, 31.42811444586367
2.102225352817664, 31.630897128166843
2.1479259039658745, 31.833679810470013
2.1936264551140847, 32.03646249277318
2.2393270062622945, 32.239245175076356
2.285027557410505, 32.44202785737953
2.330728108558715, 32.644810539682695
2.376428659706925, 32.84759322198587
2.422129210855135, 33.050375904289034
2.4678297620033454, 33.25315858659221
2.513530313151555, 33.45594126889537
2.5592308642997654, 33.658723951198546
2.6049314154479757, 33.86150663350172
2.6506319665961855, 34.064289315804885
2.6963325177443958, 34.26707199810806
2.7420330688926056, 34.46985468041123
2.787733620040816, 34.6726373627144
2.833434171189026, 34.87542004501757
2.879134722337236, 35.07820272732074
2.924835273485446, 35.28098540962391
2.9705358246336564, 35.48376809192708
3.016236375781866, 35.686550774230255
3.0619369269300765, 35.88933345653342
3.1076374780782867, 36.092116138836595
3.1533380292264965, 36.29489882113977
3.199038580374707, 36.497681503442934
3.2447391315229166, 36.70046418574611
3.290439682671127, 36.90324686804928
3.336140233819337, 37.106029550352446
3.381840784967547, 37.30881223265562
3.427541336115757, 37.51159491495879
3.4732418872639674, 37.71437759726196
3.5189424384121772, 37.917160279565124
3.5646429895603875, 38.1199429618683
3.6103435407085978, 38.32272564417147
3.6560440918568076, 38.525508326474636
3.701744643005018, 38.728291008777816
3.747445194153228, 38.93107369108098
3.793145745301438, 39.13385637338415
3.838846296449648, 39.33663905568732
3.884546847597858, 39.539421737990494
3.930247398746068, 39.74220442029366
3.9759479498942785, 39.94498710259683
4.021648501042488, 40.14776978490001
4.067349052190699, 40.35055246720317
4.113049603338909, 40.553335149506346
4.158750154487119, 40.75611783180952
4.204450705635328, 40.958900514112685
4.250151256783539, 41.16168319641586
4.295851807931749, 41.36446587871903
4.341552359079959, 41.5672485610222
4.387252910228169, 41.77003124332537
4.432953461376379, 41.97281392562854
4.478654012524589, 42.17559660793171
4.5243545636728, 42.37837929023488
4.57005511482101, 42.581161972538055
4.615755665969219, 42.78394465484122
4.66145621711743, 42.986727337144394
4.70715676826564, 43.18951001944757
4.75285731941385, 43.39229270175073
4.79855787056206, 43.59507538405391
4.84425842171027, 43.79785806635707
4.88995897285848, 44.000640748660246
4.935659524006691, 44.20342343096341
4.9813600751549005, 44.406206113266585
5.02706062630311, 44.60898879556976
5.072761177451321, 44.811771477872924
5.118461728599531, 45.0145541601761
5.164162279747741, 45.21733684247927
5.209862830895951, 45.420119524782436
5.255563382044161, 45.62290220708561
5.301263933192371, 45.82568488938878
5.346964484340581, 46.02846757169195
5.3926650354887915, 46.23125025399512
5.438365586637001, 46.434032936298294
5.484066137785211, 46.63681561860146
5.529766688933422, 46.83959830090463
5.575467240081632, 47.042380983207806
5.6211677912298414, 47.24516366551097
5.666868342378052, 47.447946347814145
5.712568893526262, 47.65072903011732
5.758269444674472, 47.853511712420485
5.8039699958226825, 48.05629439472366
5.849670546970892, 48.25907707702683
5.895371098119102, 48.46185975933
5.941071649267313, 48.66464244163317
5.986772200415523, 48.867425123936336
6.032472751563732, 49.07020780623951
6.078173302711943, 49.272990488542675
6.123873853860153, 49.47577317084585
6.169574405008363, 49.67855585314902
6.215274956156573, 49.88133853545219
6.260975507304783, 50.08412121775536
6.306676058452993, 50.28690390005853
6.352376609601204, 50.4896865823617
6.398077160749414, 50.69246926466487
6.443777711897623, 50.895251946968045
6.489478263045833, 51.09803462927121
6.535178814194044, 51.300817311574384
6.580879365342254, 51.50359999387756
6.6265799164904635, 51.70638267618072
6.672280467638674, 51.9091653584839
6.717981018786884, 52.11194804078707
6.763681569935094, 52.314730723090236
6.8093821210833045, 52.51751340539341
6.855082672231514, 52.72029608769658
6.900783223379724, 52.92307876999975
6.946483774527935, 53.12586145230292
6.992184325676145, 53.32864413460609
7.0378848768243545, 53.53142681690926
7.083585427972565, 53.734209499212426
7.129285979120775, 53.9369921815156
7.174986530268985, 54.13977486381877
7.2206870814171955, 54.34255754612194
7.266387632565405, 54.54534022842512
7.312088183713615, 54.748122910728284
7.357788734861826, 54.95090559303145
7.403489286010036, 55.15368827533463
7.4491898371582455, 55.3564709576378
7.494890388306456, 55.55925363994096
7.540590939454666, 55.76203632224413
7.586291490602876, 55.96481900454731
7.631992041751086, 56.167601686850475
7.677692592899296, 56.37038436915364
7.723393144047506, 56.57316705145682
7.769093695195716, 56.77594973375999
7.814794246343927, 56.97873241606315
7.860494797492136, 57.18151509836633
7.906195348640346, 57.3842977806695
7.951895899788557, 57.587080462972665
7.997596450936767, 57.789863145275845
8.043297002084977, 57.99264582757901
8.088997553233186, 58.19542850988218
8.134698104381398, 58.39821119218536
8.180398655529608, 58.60099387448852
8.226099206677818, 58.80377655679169
8.271799757826027, 59.00655923909487
8.317500308974237, 59.209341921398035
8.363200860122447, 59.4121246037012
8.408901411270657, 59.61490728600437
8.454601962418868, 59.81768996830755
8.500302513567078, 60.020472650610714
8.546003064715288, 60.223255332913894
8.591703615863498, 60.42603801521706
8.637404167011708, 60.628820697520226
8.683104718159917, 60.83160337982339
8.728805269308129, 61.03438606212657
8.774505820456339, 61.23716874442974
8.820206371604549, 61.439951426732904
8.865906922752758, 61.642734109036084
8.911607473900968, 61.84551679133925
8.957308025049178, 62.048299473642416
9.00300857619739, 62.251082155945596
9.0487091273456, 62.45386483824876
9.09440967849381, 62.65664752055193
9.14011022964202, 62.85943020285511
9.185810780790229, 63.062212885158274
9.231511331938439, 63.26499556746144
9.27721188308665, 63.46777824976462
9.32291243423486, 63.67056093206779
9.36861298538307, 63.87334361437095
9.41431353653128, 64.07612629667413
9.46001408767949, 64.2789089789773
9.5057146388277, 64.48169166128046
9.55141518997591, 64.68447434358363
9.59711574112412, 64.88725702588681
9.64281629227233, 65.09003970818998
9.68851684342054, 65.29282239049314
9.73421739456875, 65.49560507279632
9.77991794571696, 65.69838775509949
9.82561849686517, 65.90117043740266
9.871319048013381, 66.10395311970584
9.917019599161591, 66.306735802009
9.962720150309801, 66.50951848431217
10.00842070145801, 66.71230116661535
10.05412125260622, 66.91508384891851
10.09982180375443, 67.11786653122168
10.145522354902642, 67.32064921352486
10.191222906050852, 67.52343189582803
10.236923457199062, 67.72621457813119
10.282624008347272, 67.92899726043437
10.328324559495481, 68.13177994273754
10.374025110643691, 68.3345626250407
10.419725661791903, 68.53734530734388
10.465426212940113, 68.74012798964705
10.511126764088322, 68.94291067195022
10.556827315236532, 69.1456933542534
10.602527866384742, 69.34847603655656
10.648228417532952, 69.55125871885973
10.693928968681162, 69.7540414011629
10.739629519829373, 69.95682408346607
10.785330070977583, 70.15960676576924
10.831030622125793, 70.3623894480724
10.876731173274003, 70.56517213037559
10.922431724422212, 70.76795481267875
10.968132275570422, 70.97073749498192
11.013832826718634, 71.1735201772851
11.059533377866844, 71.37630285958826
11.105233929015053, 71.57908554189143
11.150934480163263, 71.75366195294939
11.196635031311473, 71.74617475448385
11.242335582459683, 71.7386875560183
11.288036133607894, 71.73120035755277
11.333736684756104, 71.72371315908723
11.379437235904314, 71.71622596062168
11.425137787052524, 71.70873876215614
11.470838338200734, 71.7012515636906
11.516538889348944, 71.69376436522506
11.562239440497155, 71.68627716675952
11.607939991645365, 71.67878996829398
11.653640542793575, 71.67130276982844
11.699341093941785, 71.6638155713629
11.745041645089994, 71.65632837289735
11.790742196238204, 71.64884117443181
11.836442747386414, 71.64135397596627
11.882143298534626, 71.63386677750073
11.927843849682835, 71.62637957903519
11.973544400831045, 71.61889238056965
12.019244951979255, 71.61140518210411
12.064945503127465, 71.60391798363857
12.110646054275675, 71.59643078517303
12.156346605423886, 71.58894358670749
12.202047156572096, 71.58145638824195
12.247747707720306, 71.5739691897764
12.293448258868516, 71.56648199131087
12.339148810016725, 71.55899479284533
12.384849361164935, 71.55150759437979
12.430549912313147, 71.54402039591425
12.476250463461357, 71.5365331974487
12.521951014609566, 71.52904599898316
12.567651565757776, 71.52155880051762
12.613352116905986, 71.51407160205208
12.659052668054196, 71.50658440358654
12.704753219202408, 71.499097205121
12.750453770350617, 71.49161000665546
12.796154321498827, 71.48412280818992
12.841854872647037, 71.47663560972438
12.887555423795247, 71.46914841125884
12.933255974943457, 71.4616612127933
12.978956526091666, 71.45417401432775
13.024657077239878, 71.44668681586221
13.070357628388088, 71.43919961739667
13.116058179536298, 71.43171241893113
13.161758730684507, 71.42422522046559
13.207459281832717, 71.41673802200005
13.253159832980927, 71.4092508235345
13.298860384129139, 71.40176362506897
13.344560935277348, 71.39427642660343
13.390261486425558, 71.38678922813789
13.435962037573768, 71.37930202967235
13.481662588721978, 71.3718148312068
13.527363139870188, 71.36432763274127
13.5730636910184, 71.35684043427572
13.618764242166609, 71.34935323581018
13.664464793314819, 71.34186603734464
13.710165344463029, 71.3343788388791
13.755865895611239, 71.32689164041356
13.801566446759448, 71.31940444194802
13.84726699790766, 71.31191724348248
13.89296754905587, 71.30443004501694
13.93866810020408, 71.2969428465514
13.98436865135229, 71.28945564808586
14.0300692025005, 71.28196844962032
14.075769753648709, 71.27448125115478
14.121470304796919, 71.26699405268924
14.16717085594513, 71.2595068542237
14.21287140709334, 71.25201965575815
14.25857195824155, 71.2445324572926
14.30427250938976, 71.23704525882707
14.34997306053797, 71.22955806036153
14.39567361168618, 71.22207086189599
14.441374162834391, 71.21458366343045
14.4870747139826, 71.2070964649649
14.53277526513081, 71.19960926649937
14.57847581627902, 71.19212206803383
14.62417636742723, 71.18463486956828
14.66987691857544, 71.17714767110274
14.715577469723652, 71.1696604726372
14.761278020871861, 71.16217327417166
14.806978572020071, 71.15468607570612
14.852679123168281, 71.14719887724058
14.898379674316491, 71.13971167877504
14.9440802254647, 71.1322244803095
14.989780776612912, 71.12473728184396
15.035481327761122, 71.11725008337842
15.081181878909332, 71.10976288491288
15.126882430057542, 71.10227568644734
15.172582981205752, 71.0947884879818
15.218283532353961, 71.08730128951626
15.263984083502171, 71.07981409105072
15.309684634650383, 71.07232689258518
15.355385185798593, 71.06483969411964
15.401085736946802, 71.0573524956541
15.446786288095012, 71.04986529718855
15.492486839243222, 71.042378098723
15.538187390391432, 71.03489090025747
15.583887941539643, 71.02740370179193
15.629588492687853, 71.01991650332639
15.675289043836063, 71.01242930486085
15.720989594984273, 71.0049421063953
15.766690146132483, 70.99745490792976
15.812390697280692, 70.98996770946422
15.858091248428904, 70.98248051099868
15.903791799577114, 70.97499331253314
15.949492350725324, 70.9675061140676
15.995192901873533, 70.96001891560206
16.040893453021745, 70.95253171713652
16.086594004169953, 70.94504451867098
16.132294555318165, 70.93755732020544
16.177995106466373, 70.9300701217399
16.223695657614584, 70.92258292327436
16.269396208762796, 70.91509572480882
16.315096759911004, 70.90760852634328
16.360797311059216, 70.90012132787774
16.406497862207424, 70.8926341294122
16.452198413355635, 70.88514693094666
16.497898964503843, 70.87765973248112
16.543599515652055, 70.87017253401558
16.589300066800266, 70.86268533555004
16.635000617948474, 70.8551981370845
16.680701169096686, 70.84771093861895
16.726401720244894, 70.8402237401534
16.772102271393106, 70.83273654168786
16.817802822541314, 70.82524934322232
16.863503373689525, 70.81776214475678
16.909203924837737, 70.81027494629124
16.954904475985945, 70.8027877478257
17.000605027134156, 70.79530054936016
17.046305578282364, 70.78781335089462
17.092006129430576, 70.78032615242908
17.137706680578788, 70.77283895396354
17.183407231726996, 70.765351755498
17.229107782875207, 70.75786455703246
17.274808334023415, 70.75037735856692
17.320508885171627, 70.74289016010138
17.366209436319835, 70.73540296163584
17.411909987468047, 70.7279157631703
17.457610538616258, 70.72042856470476
17.503311089764466, 70.71294136623922
17.549011640912678, 70.70545416777368
17.594712192060886, 70.69796696930814
17.640412743209097, 70.6904797708426
17.686113294357305, 70.68299257237706
17.731813845505517, 70.67550537391152
17.77751439665373, 70.66801817544598
17.823214947801937, 70.66053097698044
17.868915498950148, 70.6530437785149
17.914616050098356, 70.64555658004934
17.960316601246568, 70.6380693815838
18.00601715239478, 70.63058218311826
18.051717703542987, 70.62309498465272
18.0974182546912, 70.61560778618718
18.143118805839407, 70.60812058772164
18.18881935698762, 70.6006333892561
18.234519908135827, 70.59314619079056
18.28022045928404, 70.58565899232502
18.32592101043225, 70.57817179385948
18.371621561580458, 70.57068459539394
18.41732211272867, 70.5631973969284
18.463022663876878, 70.55571019846286
18.50872321502509, 70.54822299999732
18.5544237661733, 70.54073580153178
18.60012431732151, 70.53324860306624
18.64582486846972, 70.5257614046007
18.69152541961793, 70.51827420613516
18.73722597076614, 70.51078700766962
18.782926521914348, 70.50329980920408
18.82862707306256, 70.49581261073854
18.87432762421077, 70.488325412273
18.92002817535898, 70.48083821380746
18.96572872650719, 70.47335101534192
19.0114292776554, 70.46586381687638
19.05712982880361, 70.45837661841084
19.10283037995182, 70.4508894199453
19.14853093110003, 70.44340222147974
19.19423148224824, 70.4359150230142
19.23993203339645, 70.42842782454866
19.28563258454466, 70.42094062608312
19.33133313569287, 70.41345342761758
19.37703368684108, 70.40596622915204
19.422734237989292, 70.3984790306865
19.4684347891375, 70.39099183222096
19.514135340285712, 70.38350463375542
19.55983589143392, 70.37601743528988
19.60553644258213, 70.36853023682434
19.65123699373034, 70.3610430383588
19.69693754487855, 70.35355583989326
19.742638096026763, 70.34606864142772
19.78833864717497, 70.33858144296218
19.834039198323183, 70.33109424449664
19.87973974947139, 70.3236070460311
19.925440300619602, 70.31611984756556
19.97114085176781, 70.30863264910002
20.01684140291602, 70.30114545063448
20.062541954064233, 70.29365825216894
20.10824250521244, 70.2861710537034
20.153943056360653, 70.27868385523786
20.19964360750886, 70.27119665677232
20.245344158657073, 70.26370945830678
20.291044709805284, 70.25622225984124
20.336745260953492, 70.2487350613757
20.382445812101704, 70.24124786291014
20.428146363249912, 70.2337606644446
20.473846914398123, 70.22627346597906
20.51954746554633, 70.21878626751352
20.565248016694543, 70.21129906904798
20.610948567842755, 70.20381187058244
20.656649118990963, 70.1963246721169
20.702349670139174, 70.18883747365136
20.748050221287382, 70.18135027518582
20.793750772435594, 70.17386307672028
20.839451323583805, 70.16637587825474
20.885151874732014, 70.1588886797892
20.930852425880225, 70.15140148132366
20.976552977028433, 70.14391428285812
21.022253528176645, 70.13642708439258
21.067954079324853, 70.12893988592704
21.113654630473064, 70.1214526874615
21.159355181621276, 70.11396548899596
21.205055732769484, 70.10647829053042
21.250756283917696, 70.09899109206488
21.296456835065904, 70.09150389359934
21.342157386214115, 70.0840166951338
21.387857937362323, 70.07652949666826
21.433558488510535, 70.06904229820272
21.479259039658746, 70.06155509973718
21.524959590806954, 70.05406790127164
21.570660141955166, 70.0465807028061
21.616360693103374, 70.03909350434054
21.662061244251586, 70.031606305875
21.707761795399797, 70.02411910740946
21.753462346548005, 70.01663190894392
21.799162897696217, 70.00914471047838
21.844863448844425, 70.00165751201284
21.890563999992636, 69.9941703135473
21.936264551140845, 69.98668311508176
21.981965102289056, 69.97919591661622
22.027665653437268, 69.97170871815068
22.073366204585476, 69.96422151968514
22.119066755733687, 69.9567343212196
22.164767306881895, 69.94924712275406
22.210467858030107, 69.94175992428852
22.256168409178315, 69.93427272582298
22.301868960326527, 69.92678552735744
22.347569511474738, 69.9192983288919
22.393270062622946, 69.91181113042636
22.438970613771158, 69.90432393196082
22.484671164919366, 69.89683673349528
22.530371716067577, 69.88934953502974
22.57607226721579, 69.8818623365642
22.621772818363997, 69.87437513809866
22.66747336951221, 69.86688793963312
22.713173920660417, 69.85940074116758
22.758874471808628, 69.85191354270204
22.804575022956836, 69.8444263442365
22.850275574105048, 69.83693914577094
22.89597612525326, 69.8294519473054
22.941676676401467, 69.82196474883986
22.98737722754968, 69.81447755037432
23.033077778697887, 69.80699035190878
23.0787783298461, 69.79950315344324
23.12447888099431, 69.7920159549777
23.17017943214252, 69.78452875651216
23.21587998329073, 69.77704155804662
23.261580534438938, 69.76955435958108
23.30728108558715, 69.76206716111554
23.352981636735358, 69.75457996265
23.39868218788357, 69.74709276418446
23.44438273903178, 69.73960556571892
23.49008329017999, 69.73211836725338
23.5357838413282, 69.72463116878784
23.58148439247641, 69.7171439703223
23.62718494362462, 69.70965677185676
23.672885494772828, 69.70216957339122
23.71858604592104, 69.69468237492568
23.76428659706925, 69.68719517646014
23.80998714821746, 69.6797079779946
23.85568769936567, 69.67222077952906
23.90138825051388, 69.66473358106352
23.94708880166209, 69.65724638259798
23.992789352810302, 69.64975918413242
24.03848990395851, 69.6422719856669
24.08419045510672, 69.63478478720134
24.12989100625493, 69.6272975887358
24.17559155740314, 69.61981039027026
24.22129210855135, 69.61232319180472
24.26699265969956, 69.60483599333918
24.312693210847772, 69.59734879487364
24.35839376199598, 69.5898615964081
24.404094313144192, 69.58237439794256
24.4497948642924, 69.57488719947702
24.49549541544061, 69.56740000101148
24.541195966588823, 69.55991280254594
24.58689651773703, 69.5524256040804
24.632597068885243, 69.54493840561486
24.67829762003345, 69.53745120714932
24.723998171181663, 69.52996400868378
24.76969872232987, 69.52247681021824
24.815399273478082, 69.5149896117527
24.861099824626294, 69.50750241328716
24.906800375774502, 69.50001521482162
24.952500926922713, 69.49252801635608
24.99820147807092, 69.48504081789054
25.043902029219133, 69.477553619425
25.08960258036734, 69.47006642095945
25.135303131515553, 69.46257922249391
25.181003682663764, 69.45509202402837
25.226704233811972, 69.44760482556283
25.272404784960184, 69.44011762709728
25.318105336108392, 69.43263042863174
25.363805887256603, 69.4251432301662
25.409506438404815, 69.41765603170066
25.455206989553023, 69.41016883323512
25.500907540701235, 69.40268163476958
25.546608091849443, 69.39519443630404
25.592308642997654, 69.3877072378385
25.638009194145862, 69.38022003937296
25.683709745294074, 69.37273284090742
25.729410296442285, 69.36524564244188
25.775110847590494, 69.35775844397634
25.820811398738705, 69.3502712455108
25.866511949886913, 69.34278404704526
25.912212501035125, 69.33529684857972
25.957913052183333, 69.32780965011418
26.003613603331544, 69.32032245164864
26.049314154479756, 69.3128352531831
26.095014705627964, 69.30534805471756
26.140715256776176, 69.29786085625202
26.186415807924384, 69.29037365778647
26.232116359072595, 69.28288645932093
26.277816910220807, 69.2753992608554
26.323517461369015, 69.26791206238985
26.369218012517226, 69.26042486392431
26.414918563665434, 69.25293766545877
26.460619114813646, 69.24545046699323
26.506319665961854, 69.2379632685277
26.552020217110066, 69.23047607006214
26.597720768258277, 69.2229888715966
26.643421319406485, 69.21550167313106
26.689121870554697, 69.20801447466552
26.734822421702905, 69.20052727619998
26.780522972851116, 69.19304007773444
26.826223523999328, 69.1855528792689
26.871924075147536, 69.17806568080336
26.917624626295748, 69.17057848233782
26.963325177443956, 69.16309128387228
27.009025728592167, 69.15560408540674
27.054726279740375, 69.1481168869412
27.100426830888587, 69.14062968847566
27.1461273820368, 69.13314249001012
27.191827933185007, 69.12565529154458
27.237528484333218, 69.11816809307903
27.283229035481426, 69.1106808946135
27.328929586629638, 69.10319369614795
27.374630137777846, 69.09570649768241
27.420330688926057, 69.08821929921687
27.46603124007427, 69.08073210075133
27.511731791222477, 69.0732449022858
27.55743234237069, 69.06575770382025
27.603132893518897, 69.05827050535471
27.64883344466711, 69.05078330688917
27.69453399581532, 69.04329610842362
27.740234546963528, 69.03580890995809
27.78593509811174, 69.02832171149254
27.831635649259947, 69.020834513027
27.87733620040816, 69.01334731456146
27.923036751556367, 69.00586011609592
27.96873730270458, 68.99837291763038
28.01443785385279, 68.99088571916484
28.060138405001, 68.9833985206993
28.10583895614921, 68.97591132223376
28.151539507297418, 68.96842412376822
28.19724005844563, 68.96093692530268
28.242940609593838, 68.95344972683714
28.28864116074205, 68.9459625283716
28.33434171189026, 68.93847532990605
28.38004226303847, 68.93098813144051
28.42574281418668, 68.92350093297497
28.47144336533489, 68.91601373450943
28.5171439164831, 68.9085265360439
28.56284446763131, 68.90103933757835
28.60854501877952, 68.89355213911281
28.65424556992773, 68.88606494064727
28.69994612107594, 68.87857774218173
28.74564667222415, 68.87109054371619
28.79134722337236, 68.86360334525065
28.83704777452057, 68.85611614678511
28.882748325668782, 68.84862894831957
28.92844887681699, 68.84114174985403
28.9741494279652, 68.83365455138848
29.01984997911341, 68.82616735292294
29.06555053026162, 68.8186801544574
29.111251081409833, 68.81119295599186
29.15695163255804, 68.80370575752632
29.202652183706252, 68.79621855906078
29.24835273485446, 68.78873136059524
29.294053286002672, 68.7812441621297
29.33975383715088, 68.77375696366416
29.38545438829909, 68.76626976519862
29.431154939447303, 68.75878256673307
29.47685549059551, 68.75129536826753
29.522556041743723, 68.743808169802
29.56825659289193, 68.73632097133645
29.613957144040143, 68.72883377287091
29.65965769518835, 68.72134657440537
29.705358246336562, 68.71385937593983
29.751058797484774, 68.7063721774743
29.796759348632982, 68.69888497900875
29.842459899781193, 68.69139778054321
29.8881604509294, 68.68391058207767
29.933861002077613, 68.67642338361213
29.979561553225825, 68.66893618514659
30.025262104374033, 68.66144898668105
30.070962655522244, 68.65396178821551
30.116663206670452, 68.64647458974997
30.162363757818664, 68.63898739128442
30.208064308966872, 68.63150019281889
30.253764860115083, 68.62401299435334
30.299465411263295, 68.6165257958878
30.345165962411503, 68.60903859742226
30.390866513559715, 68.60155139895672
30.436567064707923, 68.59406420049118
30.482267615856134, 68.58657700202563
30.527968167004342, 68.5790898035601
30.573668718152554, 68.57160260509455
30.619369269300766, 68.56411540662901
30.665069820448974, 68.55662820816347
30.710770371597185, 68.54914100969793
30.756470922745393, 68.5416538112324
30.802171473893605, 68.53416661276685
30.847872025041816, 68.52667941430131
30.893572576190024, 68.51919221583577
30.939273127338236, 68.51170501737023
30.984973678486444, 68.50421781890469
31.030674229634656, 68.49673062043915
31.076374780782864, 68.48924342197361
31.122075331931075, 68.48175622350807
31.167775883079287, 68.47426902504253
31.213476434227495, 68.46678182657699
31.259176985375706, 68.45929462811145
31.304877536523914, 68.45180742964591
31.350578087672126, 68.44432023118037
31.396278638820338, 68.43683303271482
31.441979189968546, 68.42934583424928
31.487679741116757, 68.42185863578374
31.533380292264965, 68.4143714373182
31.579080843413177, 68.40688423885265
31.624781394561385, 68.39939704038711
31.670481945709597, 68.39190984192157
31.716182496857808, 68.38442264345603
31.761883048006016, 68.3769354449905
31.807583599154228, 68.36944824652495
31.853284150302436, 68.36196104805941
31.898984701450647, 68.35447384959387
31.944685252598855, 68.34698665112833
31.990385803747067, 68.33949945266279
32.036086354895275, 68.33201225419725
32.08178690604349, 68.32452505573171
32.1274874571917, 68.31703785726617
32.173188008339906, 68.30955065880063
32.218888559488114, 68.30206346033509
32.26458911063633, 68.29457626186955
32.31028966178454, 68.28708906340401
32.355990212932745, 68.27960186493847
32.40169076408096, 68.27211466647293
32.44739131522917, 68.26462746800739
32.49309186637738, 68.25714026954185
32.53879241752559, 68.24965307107631
32.5844929686738, 68.24216587261077
32.63019351982201, 68.23467867414521
32.675894070970216, 68.22719147567969
32.72159462211843, 68.21970427721413
32.76729517326664, 68.2122170787486
32.81299572441485, 68.20472988028305
32.85869627556306, 68.19724268181751
32.90439682671127, 68.18975548335197
32.95009737785948, 68.18226828488643
32.995797929007686, 68.1747810864209
33.0414984801559, 68.16729388795535
33.08719903130411, 68.15980668948981
33.13289958245232, 68.15231949102427
33.17860013360053, 68.14483229255873
33.22430068474874, 68.13734509409319
33.27000123589695, 68.12985789562765
33.31570178704516, 68.12237069716211
33.36140233819337, 68.11488349869657
33.40710288934158, 68.10739630023103
33.45280344048979, 68.09990910176549
33.498503991638, 68.09242190329995
33.54420454278621, 68.08493470483441
33.58990509393442, 68.07744750636887
33.63560564508263, 68.06996030790333
33.68130619623084, 68.06247310943779
33.72700674737905, 68.05498591097225
33.77270729852726, 68.04749871250671
33.818407849675474, 68.04001151404117
33.86410840082368, 68.03252431557561
33.90980895197189, 68.02503711711009
33.9555095031201, 68.01754991864453
34.00121005426831, 68.010062720179
34.04691060541652, 68.00257552171345
34.09261115656473, 67.99508832324791
34.138311707712944, 67.98760112478237
34.18401225886115, 67.98011392631683
34.22971281000936, 67.97262672785129
34.275413361157575, 67.96513952938575
34.32111391230578, 67.95765233092021
34.36681446345399, 67.95016513245467
34.4125150146022, 67.94267793398913
34.458215565750415, 67.93519073552359
34.50391611689862, 67.92770353705805
34.54961666804683, 67.92021633859251
34.595317219195046, 67.91272914012697
34.641017770343254, 67.90524194166143
34.68671832149146, 67.89775474319589
34.73241887263967, 67.89026754473035
34.778119423787885, 67.88278034626481
34.82381997493609, 67.87529314779927
34.8695205260843, 67.86780594933373
34.915221077232516, 67.86031875086819
34.960921628380724, 67.85283155240265
35.00662217952893, 67.84534435393711
35.05232273067714, 67.83785715547157
35.098023281825355, 67.83036995700601
35.14372383297356, 67.82288275854047
35.18942438412177, 67.81539556007493
35.23512493526999, 67.80790836160939
35.280825486418195, 67.80042116314385
35.3265260375664, 67.79293396467831
35.37222658871461, 67.78544676621277
35.417927139862826, 67.77795956774723
35.463627691011034, 67.77047236928169
35.50932824215924, 67.76298517081615
35.55502879330746, 67.75549797235061
35.600729344455665, 67.74801077388507
35.64642989560387, 67.74052357541953
35.69213044675209, 67.73303637695399
35.737830997900296, 67.72554917848845
35.783531549048504, 67.71806198002291
35.82923210019671, 67.71057478155737
35.87493265134493, 67.70308758309183
35.920633202493136, 67.69560038462629
35.966333753641344, 67.68811318616075
36.01203430478956, 67.68062598769521
36.05773485593777, 67.67313878922967
36.103435407085975, 67.66565159076413
36.14913595823418, 67.65816439229859
36.1948365093824, 67.65067719383305
36.240537060530606, 67.6431899953675
36.286237611678814, 67.63570279690197
36.33193816282703, 67.62821559843641
36.37763871397524, 67.62072839997087
36.423339265123445, 67.61324120150533
36.46903981627165, 67.60575400303979
36.51474036741987, 67.59826680457425
36.56044091856808, 67.59077960610871
36.606141469716285, 67.58329240764317
36.6518420208645, 67.57580520917763
36.69754257201271, 67.56831801071209
36.743243123160916, 67.56083081224655
36.788943674309124, 67.55334361378101
36.83464422545734, 67.54585641531547
36.88034477660555, 67.53836921684993
36.926045327753755, 67.53088201838439
36.97174587890197, 67.52339481991885
37.01744643005018, 67.51590762145331
37.063146981198386, 67.50842042298777
37.1088475323466, 67.50093322452223
37.15454808349481, 67.49344602605669
37.20024863464302, 67.48595882759115
37.245949185791225, 67.47847162912561
37.29164973693944, 67.47098443066007
37.33735028808765, 67.46349723219453
37.38305083923586, 67.45601003372899
37.42875139038407, 67.44852283526345
37.47445194153228, 67.4410356367979
37.52015249268049, 67.43354843833237
37.565853043828696, 67.42606123986681
37.61155359497691, 67.41857404140127
37.65725414612512, 67.41108684293573
37.70295469727333, 67.40359964447019
37.74865524842154, 67.39611244600465
37.79435579956975, 67.38862524753911
37.84005635071796, 67.38113804907357
37.885756901866166, 67.37365085060803
37.93145745301438, 67.36616365214249
37.97715800416259, 67.35867645367695
38.0228585553108, 67.35118925521141
38.06855910645901, 67.34370205674587
38.11425965760722, 67.33621485828033
38.15996020875543, 67.32872765981479
38.20566075990364, 67.32124046134925
38.25136131105185, 67.31375326288371
38.29706186220006, 67.30626606441817
38.34276241334827, 67.29877886595263
38.38846296449648, 67.29129166748709
38.43416351564469, 67.28380446902155
38.4798640667929, 67.276317270556
38.525564617941114, 67.26883007209047
38.57126516908932, 67.26134287362493
38.61696572023753, 67.25385567515939
38.66266627138574, 67.24636847669385
38.708366822533954, 67.2388812782283
38.75406737368216, 67.23139407976277
38.79976792483037, 67.22390688129721
38.845468475978585, 67.21641968283167
38.89116902712679, 67.20893248436613
38.936869578275, 67.20144528590059
38.98257012942321, 67.19395808743505
39.028270680571424, 67.18647088896951
39.07397123171963, 67.17898369050397
39.11967178286784, 67.17149649203843
39.165372334016055, 67.16400929357289
39.21107288516426, 67.15652209510735
39.25677343631247, 67.14903489664181
39.30247398746068, 67.14154769817627
39.348174538608895, 67.13406049971073
39.3938750897571, 67.12657330124519
39.43957564090531, 67.11908610277965
39.485276192053526, 67.1115989043141
39.530976743201734, 67.10411170584857
39.57667729434994, 67.09662450738303
39.62237784549815, 67.08913730891749
39.668078396646365, 67.08165011045195
39.71377894779457, 67.0741629119864
39.75947949894278, 67.06667571352087
39.805180050090996, 67.05918851505533
39.850880601239204, 67.05170131658979
39.89658115238741, 67.04421411812424
39.94228170353562, 67.0367269196587
39.987982254683835, 67.02923972119316
40.03368280583204, 67.02175252272761
40.07938335698025, 67.01426532426208
40.12508390812847, 67.00677812579653
40.170784459276675, 66.99929092733099
40.21648501042488, 66.99180372886545
40.2621855615731, 66.98431653039991
40.307886112721306, 66.97682933193437
40.353586663869514, 66.96934213346883
40.39928721501772, 66.96185493500329
40.44498776616594, 66.95436773653775
40.490688317314145, 66.94688053807221
40.53638886846235, 66.93939333960667
40.58208941961057, 66.93190614114113
40.627789970758776, 66.92441894267559
40.673490521906984, 66.91693174421005
40.71919107305519, 66.9094445457445
40.76489162420341, 66.90195734727897
40.810592175351616, 66.89447014881343
40.856292726499824, 66.88698295034789
40.90199327764804, 66.87949575188235
40.94769382879625, 66.8720085534168
40.993394379944455, 66.86452135495126
41.03909493109266, 66.85703415648572
41.08479548224088, 66.84954695802018
41.130496033389086, 66.84205975955464
41.176196584537294, 66.8345725610891
41.22189713568551, 66.82708536262356
41.26759768683372, 66.81959816415801
41.313298237981925, 66.81211096569247
41.35899878913013, 66.80462376722693
41.40469934027835, 66.79713656876139
41.45039989142656, 66.78964937029585
41.496100442574765, 66.78216217183031
41.54180099372298, 66.77467497336477
41.58750154487119, 66.76718777489923
41.633202096019396, 66.66359863507644
41.67890264716761, 66.51728698178297
41.72460319831582, 66.37097532848954
41.77030374946403, 66.22466367519611
41.816004300612235, 66.07835202190267
41.86170485176045, 65.93204036860921
41.90740540290866, 65.78572871531577
41.953105954056866, 65.63941706202235
41.99880650520508, 65.49310540872888
42.04450705635329, 65.34679375543544
42.0902076075015, 65.200482102142
42.135908158649706, 65.05417044884857
42.18160870979792, 64.90785879555511
42.22730926094613, 64.76154714226168
42.27300981209434, 64.61523548896824
42.31871036324255, 64.46892383567479
42.36441091439076, 64.32261218238135
42.41011146553897, 64.17630052908791
42.455812016687176, 64.02998887579447
42.50151256783539, 63.883677222501014
42.5472131189836, 63.737365569207576
42.59291367013181, 63.591053915914145
42.63861422128002, 63.444742262620686
42.68431477242823, 63.29843060932725
42.73001532357644, 63.15211895603381
42.775715874724646, 63.00580730274037
42.82141642587286, 62.85949564944691
42.86711697702107, 62.71318399615348
42.91281752816928, 62.566872342860044
42.95851807931749, 62.420560689566585
43.0042186304657, 62.27424903627315
43.04991918161391, 62.12793738297971
43.095619732762124, 61.98162572968626
43.14132028391033, 61.83531407639282
43.18702083505854, 61.68900242309938
43.23272138620675, 61.542690769805944
43.27842193735496, 61.396379116512485
43.32412248850317, 61.250067463219054
43.36982303965138, 61.103755809925616
43.415523590799594, 60.95744415663216
43.4612241419478, 60.81113250333872
43.50692469309601, 60.66482085004528
43.55262524424422, 60.51850919675185
43.598325795392434, 60.372197543458384
43.64402634654064, 60.22588589016495
43.68972689768885, 60.079574236871515
43.735427448837065, 59.933262583578056
43.78112799998527, 59.78695093028462
43.82682855113348, 59.64063927699119
43.87252910228169, 59.49432762369775
43.918229653429904, 59.34801597040429
43.96393020457811, 59.20170431711085
44.00963075572632, 59.055392663817415
44.055331306874535, 58.909081010523956
44.10103185802274, 58.762769357230525
44.14673240917095, 58.61645770393709
44.19243296031916, 58.47014605064365
44.238133511467375, 58.32383439735019
44.28383406261558, 58.17752274405676
44.32953461376379, 58.03121109076332
44.375235164912006, 57.88489943746986
44.420935716060214, 57.738587784176424
44.46663626720842, 57.592276130882986
44.51233681835663, 57.445964477589555
44.558037369504845, 57.29965282429609
44.60373792065305, 57.15334117100266
44.64943847180126, 57.00702951770922
44.695139022949476, 56.86071786441576
44.740839574097684, 56.71440621112232
44.78654012524589, 56.568094557828886
44.83224067639411, 56.42178290453543
44.877941227542316, 56.275471251241996
44.92364177869052, 56.12915959794856
44.96934232983873, 55.98284794465512
45.01504288098695, 55.83653629136166
45.060743432135155, 55.69022463806823
45.10644398328336, 55.54391298477479
45.15214453443158, 55.39760133148133
45.197845085579786, 55.251289678187895
45.243545636727994, 55.10497802489446
45.2892461878762, 54.958666371601026
45.33494673902442, 54.81235471830756
45.380647290172625, 54.66604306501413
45.42634784132083, 54.51973141172069
45.47204839246905, 54.37341975842723
45.517748943617256, 54.227108105133794
45.563449494765464, 54.08079645184036
45.60915004591367, 53.934484798546926
45.65485059706189, 53.78817314525347
