Parameters: [45.75591757999756, 18.49933530818544, 9.214818942576175, 39.70040099355225, 4.259198427141496, -0.027989277114313316, -3.4730110670558654]
Points:
0.0, 18.49933530818544
0.045801719299296856, 18.694413918985383
0.09160343859859371, 18.889492529785322
0.13740515789789057, 19.084571140585265
0.18320687719718742, 19.279649751385207
0.22900859649648428, 19.474728362185147
0.27481031579578113, 19.66980697298509
0.32061203509507796, 19.864885583785032
0.36641375439437485, 20.05996419458497
0.41221547369367173, 20.255042805384914
0.45801719299296856, 20.450121416184857
0.5038189122922654, 20.645200026984796
0.5496206315915623, 20.84027863778474
0.5954223508908592, 21.03535724858468
0.6412240701901559, 21.23043585938462
0.6870257894894528, 21.425514470184563
0.7328275087887497, 21.620593080984502
0.7786292280880466, 21.815671691784445
0.8244309473873435, 22.010750302584388
0.8702326666866402, 22.205828913384327
0.9160343859859371, 22.40090752418427
0.961836105285234, 22.595986134984212
1.0076378245845308, 22.79106474578415
1.0534395438838278, 22.986143356584094
1.0992412631831245, 23.181221967384037
1.1450429824824213, 23.376300578183976
1.1908447017817183, 23.57137918898392
1.236646421081015, 23.766457799783858
1.2824481403803119, 23.9615364105838
1.3282498596796088, 24.156615021383743
1.3740515789789056, 24.351693632183682
1.4198532982782026, 24.546772242983625
1.4656550175774994, 24.741850853783568
1.5114567368767962, 24.936929464583507
1.5572584561760932, 25.13200807538345
1.60306017547539, 25.327086686183392
1.648861894774687, 25.52216529698333
1.6946636140739837, 25.717243907783274
1.7404653333732805, 25.912322518583217
1.7862670526725775, 26.107401129383156
1.8320687719718742, 26.3024797401831
1.877870491271171, 26.49755835098304
1.923672210570468, 26.69263696178298
1.9694739298697648, 26.887715572582923
2.0152756491690615, 27.082794183382866
2.0610773684683585, 27.277872794182805
2.1068790877676555, 27.472951404982748
2.152680807066952, 27.66803001578269
2.198482526366249, 27.86310862658263
2.244284245665546, 28.058187237382572
2.2900859649648426, 28.253265848182515
2.3358876842641396, 28.448344458982454
2.3816894035634366, 28.643423069782397
2.427491122862733, 28.83850168058234
2.47329284216203, 29.03358029138228
2.519094561461327, 29.22865890218222
2.5648962807606237, 29.42373751298216
2.6106980000599207, 29.618816123782103
2.6564997193592177, 29.813894734582046
2.7023014386585147, 30.00897334538199
2.7481031579578112, 30.204051956181928
2.7939048772571082, 30.39913056698187
2.8397065965564052, 30.594209177781813
2.8855083158557018, 30.789287788581753
2.9313100351549988, 30.984366399381692
2.9771117544542958, 31.179445010181638
3.0229134737535923, 31.374523620981577
3.0687151930528893, 31.569602231781516
3.1145169123521863, 31.764680842581463
3.160318631651483, 31.959759453381402
3.20612035095078, 32.15483806418134
3.251922070250077, 32.34991667498129
3.297723789549374, 32.544995285781226
3.3435255088486704, 32.740073896581166
3.3893272281479674, 32.93515250738111
3.4351289474472644, 33.13023111818105
3.480930666746561, 33.32530972898099
3.526732386045858, 33.520388339780936
3.572534105345155, 33.715466950580876
3.6183358246444515, 33.910545561380815
3.6641375439437485, 34.105624172180754
3.7099392632430455, 34.3007027829807
3.755740982542342, 34.49578139378064
3.801542701841639, 34.690860004580585
3.847344421140936, 34.885938615380525
3.8931461404402325, 35.081017226180464
3.9389478597395295, 35.2760958369804
3.9847495790388265, 35.47117444778035
4.030551298338123, 35.66625305858029
4.0763530176374205, 35.861331669380235
4.122154736936717, 36.056410280180174
4.167956456236014, 36.25148889098011
4.213758175535311, 36.44656750178005
4.259559894834608, 36.64164611258
4.305361614133904, 36.83672472337994
4.351163333433202, 37.031803334179884
4.396965052732498, 37.22688194497982
4.442766772031795, 37.42196055577976
4.488568491331092, 37.6170391665797
4.534370210630389, 37.81211777737964
4.580171929929685, 38.00719638817959
4.625973649228983, 38.20227499897953
4.671775368528279, 38.39735360977947
4.717577087827576, 38.59243222057941
4.763378807126873, 38.78751083137935
4.80918052642617, 38.98258944217929
4.854982245725466, 39.177668052979236
4.900783965024764, 39.37274666377918
4.94658568432406, 39.56782527457912
4.992387403623357, 39.76290388537906
5.038189122922654, 39.957982496179
5.083990842221951, 40.15306110697894
5.129792561521247, 40.34813971777888
5.175594280820545, 40.54321832857883
5.221396000119841, 40.73829693937877
5.267197719419139, 40.93337555017871
5.312999438718435, 41.12845416097865
5.358801158017732, 41.32353277177859
5.404602877317029, 41.518611382578534
5.450404596616326, 41.71368999337848
5.4962063159156225, 41.90876860417842
5.54200803521492, 42.10384721497836
5.5878097545142165, 42.2989258257783
5.633611473813513, 42.49400443657824
5.6794131931128105, 42.68908304737818
5.725214912412107, 42.88416165817812
5.7710166317114036, 43.07924026897807
5.816818351010701, 43.27431887977801
5.8626200703099975, 43.46939749057795
5.908421789609294, 43.664476101377886
5.9542235089085915, 43.85955471217783
6.000025228207888, 44.05463332297777
6.045826947507185, 44.24971193377772
6.091628666806482, 44.44479054457766
6.137430386105779, 44.639869155377596
6.183232105405075, 44.834947766177535
6.229033824704373, 45.03002637697748
6.274835544003669, 45.22510498777742
6.320637263302966, 45.42018359857736
6.366438982602263, 45.615262209377306
6.41224070190156, 45.810340820177245
6.458042421200856, 46.005419430977184
6.503844140500154, 46.20049804177713
6.54964585979945, 46.39557665257707
6.595447579098748, 46.590655263377016
6.641249298398044, 46.785733874176955
6.687051017697341, 46.980812484976894
6.732852736996638, 47.175891095776834
6.778654456295935, 47.37096970657678
6.824456175595231, 47.56604831737672
6.870257894894529, 47.761126928176665
6.916059614193825, 47.956205538976604
6.961861333493122, 48.151284149776544
7.007663052792419, 48.34636276057648
7.053464772091716, 48.54144137137642
7.099266491391012, 48.73651998217637
7.14506821069031, 48.931598592976314
7.190869929989606, 49.126677203776254
7.236671649288903, 49.32175581457619
7.2824733685882, 49.51683442537613
7.328275087887497, 49.71191303617607
7.3740768071867935, 49.90699164697602
7.419878526486091, 50.102070257775964
7.4656802457853875, 50.2971488685759
7.511481965084684, 50.49222747937584
7.5572836843839815, 50.68730609017578
7.603085403683278, 50.88238470097572
7.648887122982575, 51.07746331177566
7.694688842281872, 51.27254192257561
7.7404905615811685, 51.46762053337555
7.786292280880465, 51.66269914417549
7.8320940001797625, 51.85777775497543
7.877895719479059, 52.05285636577537
7.923697438778356, 52.24793497657531
7.969499158077653, 52.44301358737526
8.01530087737695, 52.6380921981752
8.061102596676246, 52.83317080897514
8.106904315975543, 53.02824941977508
8.152706035274841, 53.22332803057502
8.198507754574138, 53.41840664137497
8.244309473873434, 53.61348525217491
8.29011119317273, 53.80856386297485
8.335912912472027, 54.00364247377479
8.381714631771324, 54.19872108457473
8.427516351070622, 54.39379969537467
8.473318070369919, 54.58887830617461
8.519119789669215, 54.78395691697456
8.564921508968512, 54.9790355277745
8.610723228267808, 55.17411413857444
8.656524947567105, 55.36919274937438
8.702326666866403, 55.56427136017432
8.7481283861657, 55.759349970974256
8.793930105464996, 55.95442858177421
8.839731824764293, 56.14950719257415
8.88553354406359, 56.34458580337409
8.931335263362888, 56.53966441417403
8.977136982662184, 56.734743024973966
9.02293870196148, 56.929821635773905
9.068740421260777, 57.124900246573844
9.114542140560074, 57.3199788573738
9.16034385985937, 57.51505746817374
9.206145579158669, 57.710136078973676
9.251947298457965, 57.74603845895797
9.297749017757262, 57.74475650194419
9.343550737056558, 57.74347454493041
9.389352456355855, 57.74219258791663
9.435154175655152, 57.740910630902846
9.48095589495445, 57.739628673889065
9.526757614253746, 57.738346716875284
9.572559333553043, 57.737064759861504
9.61836105285234, 57.73578280284772
9.664162772151636, 57.73450084583394
9.709964491450933, 57.73321888882017
9.755766210750231, 57.73193693180639
9.801567930049528, 57.73065497479261
9.847369649348824, 57.729373017778826
9.89317136864812, 57.728091060765045
9.938973087947417, 57.726809103751265
9.984774807246714, 57.725527146737484
10.030576526546012, 57.7242451897237
10.076378245845309, 57.72296323270992
10.122179965144605, 57.72168127569615
10.167981684443902, 57.72039931868237
10.213783403743198, 57.71911736166859
10.259585123042495, 57.71783540465481
10.305386842341793, 57.716553447641026
10.35118856164109, 57.715271490627245
10.396990280940386, 57.713989533613464
10.442792000239683, 57.71270757659968
10.48859371953898, 57.7114256195859
10.534395438838278, 57.71014366257212
10.580197158137574, 57.70886170555835
10.62599887743687, 57.70757974854457
10.671800596736167, 57.70629779153079
10.717602316035464, 57.705015834517006
10.76340403533476, 57.703733877503225
10.809205754634059, 57.702451920489445
10.855007473933355, 57.701169963475664
10.900809193232652, 57.69988800646188
10.946610912531948, 57.6986060494481
10.992412631831245, 57.69732409243433
11.038214351130542, 57.69604213542055
11.08401607042984, 57.69476017840677
11.129817789729136, 57.693478221392986
11.175619509028433, 57.692196264379206
11.22142122832773, 57.690914307365425
11.267222947627026, 57.689632350351644
11.313024666926323, 57.68835039333786
11.358826386225621, 57.68706843632408
11.404628105524917, 57.6857864793103
11.450429824824214, 57.68450452229653
11.49623154412351, 57.68322256528275
11.542033263422807, 57.68194060826897
11.587834982722104, 57.680658651255186
11.633636702021402, 57.679376694241405
11.679438421320699, 57.678094737227624
11.725240140619995, 57.676812780213844
11.771041859919292, 57.67553082320006
11.816843579218588, 57.67424886618628
11.862645298517887, 57.6729669091725
11.908447017817183, 57.67168495215873
11.95424873711648, 57.67040299514495
12.000050456415776, 57.669121038131166
12.045852175715073, 57.667839081117386
12.09165389501437, 57.666557124103605
12.137455614313668, 57.665275167089824
12.183257333612964, 57.66399321007604
12.22905905291226, 57.66271125306226
12.274860772211557, 57.66142929604848
12.320662491510854, 57.66014733903471
12.36646421081015, 57.65886538202093
12.412265930109449, 57.65758342500715
12.458067649408745, 57.656301467993366
12.503869368708042, 57.655019510979585
12.549671088007338, 57.653737553965804
12.595472807306635, 57.652455596952024
12.641274526605931, 57.65117363993824
12.68707624590523, 57.64989168292446
12.732877965204526, 57.64860972591068
12.778679684503823, 57.64732776889691
12.82448140380312, 57.64604581188313
12.870283123102416, 57.644763854869346
12.916084842401713, 57.643481897855565
12.96188656170101, 57.642199940841785
13.007688281000307, 57.640917983828004
13.053490000299604, 57.63963602681422
13.0992917195989, 57.63835406980044
13.145093438898197, 57.63707211278666
13.190895158197495, 57.63579015577289
13.236696877496792, 57.63450819875911
13.282498596796088, 57.63322624174533
13.328300316095385, 57.631944284731546
13.374102035394682, 57.630662327717765
13.419903754693978, 57.629380370703984
13.465705473993276, 57.6280984136902
13.511507193292573, 57.62681645667642
13.55730891259187, 57.62553449966264
13.603110631891166, 57.62425254264886
13.648912351190463, 57.62297058563509
13.69471407048976, 57.62168862862131
13.740515789789058, 57.620406671607526
13.786317509088354, 57.619124714593745
13.83211922838765, 57.617842757579965
13.877920947686947, 57.616560800566184
13.923722666986244, 57.6152788435524
13.96952438628554, 57.61399688653862
14.015326105584839, 57.61271492952484
14.061127824884135, 57.61143297251107
14.106929544183432, 57.61015101549729
14.152731263482728, 57.608869058483506
14.198532982782025, 57.607587101469726
14.244334702081321, 57.606305144455945
14.29013642138062, 57.605023187442164
14.335938140679916, 57.60374123042838
14.381739859979213, 57.6024592734146
14.42754157927851, 57.60117731640082
14.473343298577806, 57.59989535938704
14.519145017877102, 57.59861340237327
14.5649467371764, 57.59733144535949
14.610748456475697, 57.596049488345706
14.656550175774994, 57.594767531331925
14.70235189507429, 57.593485574318144
14.748153614373587, 57.592203617304364
14.793955333672885, 57.59092166029058
14.839757052972182, 57.5896397032768
14.885558772271478, 57.58835774626302
14.931360491570775, 57.58707578924924
14.977162210870071, 57.58579383223547
15.022963930169368, 57.584511875221686
15.068765649468666, 57.583229918207905
15.114567368767963, 57.581947961194125
15.16036908806726, 57.580666004180344
15.206170807366556, 57.57938404716656
15.251972526665853, 57.57810209015278
15.29777424596515, 57.576820133139
15.343575965264447, 57.57553817612522
15.389377684563744, 57.57425621911145
15.43517940386304, 57.57297426209767
15.480981123162337, 57.571692305083886
15.526782842461634, 57.570410348070105
15.57258456176093, 57.569128391056324
15.618386281060229, 57.56784643404254
15.664188000359525, 57.56656447702876
15.709989719658822, 57.56528252001498
15.755791438958118, 57.5640005630012
15.801593158257415, 57.56271860598742
15.847394877556711, 57.56143664897365
15.89319659685601, 57.560154691959866
15.938998316155306, 57.558872734946085
15.984800035454603, 57.557590777932305
16.0306017547539, 57.556308820918524
16.076403474053198, 57.55502686390474
16.122205193352492, 57.55374490689096
16.16800691265179, 57.55246294987718
16.213808631951085, 57.5511809928634
16.259610351250384, 57.54989903584963
16.305412070549682, 57.548617078835846
16.351213789848977, 57.547335121822066
16.397015509148275, 57.546053164808285
16.44281722844757, 57.544771207794504
16.48861894774687, 57.54348925078072
16.534420667046167, 57.54220729376694
16.58022238634546, 57.54092533675316
16.62602410564476, 57.53964337973938
16.671825824944055, 57.5383614227256
16.717627544243353, 57.53707946571183
16.763429263542648, 57.535797508698046
16.809230982841946, 57.534515551684265
16.855032702141244, 57.533233594670484
16.90083442144054, 57.531951637656704
16.946636140739837, 57.53066968064292
16.992437860039132, 57.52938772362914
17.03823957933843, 57.52810576661536
17.08404129863773, 57.52682380960158
17.129843017937024, 57.52554185258781
17.175644737236322, 57.524259895574026
17.221446456535617, 57.522977938560246
17.267248175834915, 57.521695981546465
17.31304989513421, 57.520414024532684
17.358851614433508, 57.5191320675189
17.404653333732806, 57.51785011050512
17.4504550530321, 57.51656815349134
17.4962567723314, 57.51528619647756
17.542058491630694, 57.51400423946378
17.587860210929993, 57.51272228245001
17.63366193022929, 57.511440325436226
17.679463649528586, 57.510158368422445
17.725265368827884, 57.508876411408664
17.77106708812718, 57.507594454394884
17.816868807426477, 57.5063124973811
17.862670526725775, 57.50503054036732
17.90847224602507, 57.50374858335354
17.95427396532437, 57.50246662633976
18.000075684623663, 57.50118466932598
18.04587740392296, 57.499902712312206
18.091679123222256, 57.498620755298425
18.137480842521555, 57.497338798284645
18.183282561820853, 57.496056841270864
18.229084281120148, 57.49477488425708
18.274886000419446, 57.4934929272433
18.32068771971874, 57.49221097022952
18.36648943901804, 57.49092901321574
18.412291158317338, 57.48964705620196
18.458092877616632, 57.48836509918819
18.50389459691593, 57.487083142174406
18.549696316215226, 57.485801185160625
18.595498035514524, 57.484519228146844
18.64129975481382, 57.48323727113306
18.687101474113117, 57.48195531411928
18.732903193412415, 57.4806733571055
18.77870491271171, 57.47939140009172
18.82450663201101, 57.47810944307794
18.870308351310303, 57.47682748606416
18.9161100706096, 57.475545529050386
18.9619117899089, 57.474263572036605
19.007713509208195, 57.472981615022825
19.053515228507493, 57.471699658009044
19.099316947806788, 57.47041770099526
19.145118667106086, 57.46913574398148
19.190920386405384, 57.4678537869677
19.23672210570468, 57.46657182995392
19.282523825003977, 57.46528987294014
19.328325544303272, 57.464007915926366
19.37412726360257, 57.462725958912586
19.419928982901865, 57.461444001898805
19.465730702201164, 57.460162044885024
19.511532421500462, 57.45888008787124
19.557334140799757, 57.45759813085746
19.603135860099055, 57.45631617384368
19.64893757939835, 57.4550342168299
19.694739298697648, 57.45375225981612
19.740541017996946, 57.45247030280234
19.78634273729624, 57.451188345788566
19.83214445659554, 57.449906388774785
19.877946175894834, 57.448624431761004
19.923747895194133, 57.447342474747224
19.969549614493427, 57.44606051773344
20.015351333792726, 57.44477856071966
20.061153053092024, 57.44349660370588
20.10695477239132, 57.4422146466921
20.152756491690617, 57.44093268967832
20.198558210989912, 57.439650732664546
20.24435993028921, 57.438368775650765
20.29016164958851, 57.437086818636985
20.335963368887803, 57.435804861623204
20.3817650881871, 57.43452290460942
20.427566807486397, 57.43324094759564
20.473368526785695, 57.43195899058186
20.51917024608499, 57.43067703356808
20.564971965384288, 57.4293950765543
20.610773684683586, 57.42811311954052
20.65657540398288, 57.426831162526746
20.70237712328218, 57.425549205512965
20.748178842581474, 57.424267248499184
20.793980561880772, 57.4229852914854
20.83978228118007, 57.42170333447162
20.885584000479366, 57.42042137745784
20.931385719778664, 57.41913942044406
20.97718743907796, 57.41785746343028
21.022989158377257, 57.4165755064165
21.068790877676555, 57.41529354940272
21.11459259697585, 57.414011592388945
21.16039431627515, 57.412729635375165
21.206196035574443, 57.411447678361384
21.25199775487374, 57.4101657213476
21.297799474173036, 57.40888376433382
21.343601193472335, 57.40760180732004
21.389402912771633, 57.40631985030626
21.435204632070928, 57.40503789329248
21.481006351370226, 57.4037559362787
21.52680807066952, 57.402473979264926
21.57260978996882, 57.401192022251145
21.618411509268117, 57.399910065237364
21.664213228567412, 57.39862810822358
21.71001494786671, 57.3973461512098
21.755816667166005, 57.39606419419602
21.801618386465304, 57.39478223718224
21.8474201057646, 57.39350028016846
21.893221825063897, 57.39221832315468
21.939023544363195, 57.3909363661409
21.98482526366249, 57.389654409127125
22.03062698296179, 57.388372452113344
22.076428702261083, 57.387090495099564
22.12223042156038, 57.38580853808578
22.16803214085968, 57.384526581072
22.213833860158974, 57.38324462405822
22.259635579458273, 57.38196266704444
22.305437298757568, 57.38068071003066
22.351239018056866, 57.37939875301688
22.397040737356164, 57.378116796003106
22.44284245665546, 57.376834838989325
22.488644175954757, 57.375552881975544
22.534445895254052, 57.37427092496176
22.58024761455335, 57.37298896794798
22.626049333852645, 57.3717070109342
22.671851053151943, 57.37042505392042
22.717652772451242, 57.36914309690664
22.763454491750537, 57.36786113989286
22.809256211049835, 57.36657918287908
22.85505793034913, 57.365297225865305
22.900859649648428, 57.364015268851524
22.946661368947726, 57.362733311837744
22.99246308824702, 57.36145135482396
23.03826480754632, 57.36016939781018
23.084066526845614, 57.3588874407964
23.129868246144913, 57.35760548378262
23.175669965444207, 57.35632352676884
23.221471684743506, 57.35504156975506
23.267273404042804, 57.353759612741285
23.3130751233421, 57.352477655727505
23.358876842641397, 57.351195698713724
23.404678561940692, 57.34991374169994
23.45048028123999, 57.34863178468616
23.49628200053929, 57.34734982767238
23.542083719838583, 57.3460678706586
23.58788543913788, 57.34478591364482
23.633687158437176, 57.34350395663104
23.679488877736475, 57.34222199961726
23.725290597035773, 57.340940042603485
23.771092316335068, 57.339658085589704
23.816894035634366, 57.33837612857592
23.86269575493366, 57.33709417156214
23.90849747423296, 57.33581221454836
23.954299193532254, 57.33453025753458
24.000100912831552, 57.3332483005208
24.04590263213085, 57.33196634350702
24.091704351430145, 57.33068438649324
24.137506070729444, 57.32940242947946
24.18330779002874, 57.328120472465685
24.229109509328037, 57.326838515451904
24.274911228627335, 57.32555655843812
24.32071294792663, 57.32427460142434
24.36651466722593, 57.32299264441056
24.412316386525223, 57.32171068739678
24.45811810582452, 57.320428730383
24.503919825123816, 57.31914677336922
24.549721544423114, 57.31786481635544
24.595523263722413, 57.316582859341665
24.641324983021708, 57.315300902327884
24.687126702321006, 57.3140189453141
24.7329284216203, 57.31273698830032
24.7787301409196, 57.31145503128654
24.824531860218897, 57.31017307427276
24.870333579518192, 57.30889111725898
24.91613529881749, 57.3076091602452
24.961937018116785, 57.30632720323142
25.007738737416084, 57.30504524621764
25.053540456715382, 57.303763289203864
25.099342176014677, 57.302481332190084
25.145143895313975, 57.3011993751763
25.19094561461327, 57.29991741816252
25.236747333912568, 57.29863546114874
25.282549053211863, 57.29735350413496
25.32835077251116, 57.29607154712118
25.37415249181046, 57.2947895901074
25.419954211109754, 57.29350763309362
25.465755930409053, 57.292225676079845
25.511557649708347, 57.290943719066064
25.557359369007646, 57.28966176205228
25.603161088306944, 57.2883798050385
25.64896280760624, 57.28709784802472
25.694764526905537, 57.28581589101094
25.740566246204832, 57.28453393399716
25.78636796550413, 57.28325197698338
25.832169684803425, 57.2819700199696
25.877971404102723, 57.28068806295582
25.92377312340202, 57.279406105942044
25.969574842701316, 57.27812414892826
26.015376562000615, 57.27684219191448
26.06117828129991, 57.2755602349007
26.106980000599208, 57.27427827788692
26.152781719898506, 57.27299632087314
26.1985834391978, 57.27171436385936
26.2443851584971, 57.27043240684558
26.290186877796394, 57.2691504498318
26.335988597095692, 57.267868492818025
26.38179031639499, 57.266586535804244
26.427592035694285, 57.26530457879046
26.473393754993584, 57.26402262177668
26.51919547429288, 57.2627406647629
26.564997193592177, 57.26145870774912
26.61079891289147, 57.26017675073534
26.65660063219077, 57.25889479372156
26.70240235149007, 57.25761283670778
26.748204070789363, 57.256330879694
26.79400579008866, 57.255048922680224
26.839807509387956, 57.25376696566644
26.885609228687255, 57.25248500865266
26.931410947986553, 57.25120305163888
26.977212667285848, 57.2499210946251
27.023014386585146, 57.24863913761132
27.06881610588444, 57.24735718059754
27.11461782518374, 57.24607522358376
27.160419544483034, 57.24479326656998
27.206221263782332, 57.2435113095562
27.25202298308163, 57.242229352542424
27.297824702380925, 57.24094739552864
27.343626421680224, 57.23966543851486
27.38942814097952, 57.23838348150108
27.435229860278817, 57.2371015244873
27.481031579578115, 57.23581956747352
27.52683329887741, 57.23453761045974
27.572635018176708, 57.23325565344596
27.618436737476003, 57.23197369643218
27.6642384567753, 57.230691739418404
27.710040176074596, 57.22940978240462
27.755841895373894, 57.22812782539084
27.801643614673193, 57.22684586837706
27.847445333972487, 57.22556391136328
27.893247053271786, 57.2242819543495
27.93904877257108, 57.22299999733572
27.98485049187038, 57.22171804032194
28.030652211169677, 57.22043608330816
28.076453930468972, 57.21915412629438
28.12225564976827, 57.217872169280604
28.168057369067565, 57.21659021226682
28.213859088366863, 57.21530825525304
28.25966080766616, 57.21402629823926
28.305462526965457, 57.21274434122548
28.351264246264755, 57.2114623842117
28.39706596556405, 57.21018042719792
28.442867684863348, 57.20889847018414
28.488669404162643, 57.20761651317036
28.53447112346194, 57.206334556156584
28.58027284276124, 57.2050525991428
28.626074562060534, 57.20377064212902
28.671876281359832, 57.20248868511524
28.717678000659127, 57.20120672810146
28.763479719958426, 57.19992477108768
28.809281439257724, 57.1986428140739
28.85508315855702, 57.19736085706012
28.900884877856317, 57.19607890004634
28.94668659715561, 57.19479694303256
28.99248831645491, 57.19351498601878
29.038290035754205, 57.192233029005
29.084091755053503, 57.19095107199122
29.1298934743528, 57.18966911497744
29.175695193652096, 57.18838715796366
29.221496912951395, 57.18710520094988
29.26729863225069, 57.1858232439361
29.313100351549988, 57.18454128692232
29.358902070849286, 57.18325932990854
29.40470379014858, 57.181977372894764
29.45050550944788, 57.18069541588098
29.496307228747174, 57.1794134588672
29.542108948046472, 57.17813150185342
29.58791066734577, 57.17684954483964
29.633712386645065, 57.17556758782586
29.679514105944364, 57.17428563081208
29.72531582524366, 57.1730036737983
29.771117544542957, 57.17172171678452
29.81691926384225, 57.17043975977074
29.86272098314155, 57.16915780275696
29.908522702440848, 57.16787584574318
29.954324421740143, 57.1665938887294
30.00012614103944, 57.16531193171562
30.045927860338736, 57.16402997470184
30.091729579638034, 57.16274801768806
30.137531298937333, 57.16146606067428
30.183333018236628, 57.1601841036605
30.229134737535926, 57.15890214664672
30.27493645683522, 57.15762018963294
30.32073817613452, 57.15633823261916
30.366539895433814, 57.15505627560538
30.412341614733112, 57.1537743185916
30.45814333403241, 57.15249236157782
30.503945053331705, 57.15121040456404
30.549746772631003, 57.14992844755026
30.5955484919303, 57.14864649053648
30.641350211229597, 57.1473645335227
30.687151930528895, 57.14608257650892
30.73295364982819, 57.14480061949514
30.778755369127488, 57.14351866248136
30.824557088426783, 57.14223670546758
30.87035880772608, 57.1409547484538
30.91616052702538, 57.13967279144002
30.961962246324674, 57.13839083442624
31.007763965623973, 57.13710887741246
31.053565684923267, 57.13582692039868
31.099367404222566, 57.1345449633849
31.14516912352186, 57.133263006371116
31.19097084282116, 57.13198104935734
31.236772562120457, 57.13069909234356
31.282574281419752, 57.12941713532978
31.32837600071905, 57.128135178316
31.374177720018345, 57.12685322130222
31.419979439317643, 57.12557126428844
31.46578115861694, 57.12428930727466
31.511582877916236, 57.12300735026088
31.557384597215535, 57.1217253932471
31.60318631651483, 57.12044343623332
31.648988035814128, 57.11916147921954
31.694789755113423, 57.11787952220576
31.74059147441272, 57.11659756519198
31.78639319371202, 57.1153156081782
31.832194913011314, 57.11403365116442
31.877996632310612, 57.11275169415064
31.923798351609907, 57.11146973713686
31.969600070909205, 57.11018778012308
32.0154017902085, 57.108905823109296
32.0612035095078, 57.10762386609552
32.1070052288071, 57.10634190908174
32.152806948106395, 57.10505995206796
32.198608667405686, 57.10377799505418
32.244410386704985, 57.1024960380404
32.29021210600428, 57.10121408102662
32.33601382530358, 57.09993212401284
32.38181554460288, 57.09865016699906
32.42761726390217, 57.09736820998528
32.47341898320147, 57.0960862529715
32.51922070250077, 57.09480429595772
32.565022421800066, 57.09352233894394
32.610824141099364, 57.09224038193016
32.656625860398655, 57.09095842491638
32.702427579697954, 57.0896764679026
32.74822929899725, 57.08839451088882
32.79403101829655, 57.08711255387504
32.83983273759585, 57.08583059686126
32.88563445689514, 57.084548639847476
32.93143617619444, 57.0832666828337
32.97723789549374, 57.08198472581992
33.023039614793035, 57.08070276880614
33.06884133409233, 57.07942081179236
33.114643053391625, 57.07813885477858
33.16044477269092, 57.0768568977648
33.20624649199022, 57.07557494075102
33.25204821128952, 57.07429298373724
33.29784993058881, 57.07301102672346
33.34365164988811, 57.071729069709676
33.38945336918741, 57.0704471126959
33.435255088486706, 57.06916515568212
33.481056807786004, 57.06788319866834
33.526858527085295, 57.06660124165456
33.572660246384594, 57.06531928464078
33.61846196568389, 57.064037327627
33.66426368498319, 57.06275537061322
33.71006540428249, 57.06147341359944
33.75586712358178, 57.060191456585656
33.80166884288108, 57.05890949957188
33.847470562180376, 57.0576275425581
33.893272281479675, 57.05634558554432
33.93907400077897, 57.05506362853054
33.984875720078264, 57.05378167151676
34.03067743937756, 57.05249971450298
34.07647915867686, 57.0512177574892
34.12228087797616, 57.04993580047542
34.16808259727546, 57.048653843461636
34.21388431657475, 57.04737188644786
34.25968603587405, 57.04608992943408
34.305487755173345, 57.0448079724203
34.351289474472644, 57.04352601540652
34.39709119377194, 57.04224405839274
34.44289291307123, 57.04096210137896
34.48869463237053, 57.03968014436518
34.53449635166983, 57.0383981873514
34.58029807096913, 57.03711623033762
34.62609979026842, 57.035834273323836
34.67190150956772, 57.03455231631006
34.717703228867016, 57.03327035929628
34.763504948166315, 57.0319884022825
34.80930666746561, 57.03070644526872
34.855108386764904, 57.02942448825494
34.9009101060642, 57.02814253124116
34.9467118253635, 57.02686057422738
34.9925135446628, 57.0255786172136
35.0383152639621, 57.024296660199816
35.08411698326139, 57.023014703186035
35.12991870256069, 57.02173274617226
35.175720421859985, 57.02045078915848
35.221522141159284, 57.0191688321447
35.26732386045858, 57.01788687513092
35.31312557975787, 57.01660491811714
35.35892729905717, 57.01532296110336
35.40472901835647, 57.01404100408958
35.45053073765577, 57.0127590470758
35.49633245695507, 57.011477090062016
35.54213417625436, 57.01019513304824
35.587935895553656, 57.00891317603446
35.633737614852954, 57.00763121902068
35.67953933415225, 57.0063492620069
35.72534105345155, 57.00506730499312
35.77114277275084, 57.00378534797934
35.81694449205014, 57.00250339096556
35.86274621134944, 57.00122143395178
35.90854793064874, 56.999939476937996
35.95434964994803, 56.998657519924215
36.00015136924733, 56.99737556291044
36.045953088546625, 56.99609360589666
36.09175480784592, 56.99481164888288
36.13755652714522, 56.9935296918691
36.18335824644451, 56.99224773485532
36.22915996574381, 56.99096577784154
36.27496168504311, 56.98968382082776
36.32076340434241, 56.988401863813976
36.366565123641706, 56.987119906800196
36.412366842941, 56.98583794978642
36.458168562240296, 56.98455599277264
36.503970281539594, 56.98327403575886
36.54977200083889, 56.98199207874508
36.59557372013819, 56.9807101217313
36.64137543943748, 56.97942816471752
36.68717715873678, 56.97814620770374
36.73297887803608, 56.97686425068996
36.77878059733538, 56.975582293676176
36.824582316634675, 56.974300336662395
36.87038403593397, 56.97301837964862
36.916185755233265, 56.97173642263484
36.96198747453256, 56.97045446562106
37.00778919383186, 56.96917250860728
37.05359091313116, 56.9678905515935
37.09939263243045, 56.96660859457972
37.14519435172975, 56.96532663756594
37.19099607102905, 56.964044680552156
37.236797790328346, 56.962762723538376
37.28259950962764, 56.9614807665246
37.328401228926936, 56.96019880951082
37.374202948226234, 56.95891685249704
37.42000466752553, 56.95763489548326
37.46580638682483, 56.95635293846948
37.51160810612412, 56.9550709814557
37.55740982542342, 56.95378902444192
37.60321154472272, 56.95250706742814
37.64901326402202, 56.951225110414356
37.694814983321315, 56.949943153400575
37.740616702620606, 56.9486611963868
37.786418421919905, 56.94737923937302
37.8322201412192, 56.94609728235924
37.8780218605185, 56.94481532534546
37.9238235798178, 56.94353336833168
37.96962529911709, 56.9422514113179
38.01542701841639, 56.94096945430412
38.06122873771569, 56.939687497290336
38.107030457014986, 56.938405540276555
38.152832176314284, 56.937123583262775
38.198633895613575, 56.935841626249
38.244435614912874, 56.93455966923522
38.29023733421217, 56.93327771222144
38.33603905351147, 56.93199575520766
38.38184077281077, 56.93071379819388
38.42764249211006, 56.9294318411801
38.47344421140936, 56.92814988416632
38.51924593070866, 56.926867927152536
38.565047650007955, 56.925585970138755
38.610849369307246, 56.92430401312498
38.656651088606544, 56.9230220561112
38.70245280790584, 56.92174009909742
38.74825452720514, 56.92045814208364
38.79405624650444, 56.91917618506986
38.83985796580373, 56.91789422805608
38.88565968510303, 56.9166122710423
38.93146140440233, 56.915330314028516
38.977263123701626, 56.914048357014735
39.023064843000924, 56.912766400000955
39.068866562300215, 56.91148444298718
39.11466828159951, 56.9102024859734
39.16047000089881, 56.90892052895962
39.20627172019811, 56.90763857194584
39.25207343949741, 56.90635661493206
39.2978751587967, 56.90507465791828
39.343676878096, 56.903792700904496
39.389478597395296, 56.902510743890716
39.435280316694595, 56.901228786876935
39.48108203599389, 56.899946829863154
39.526883755293184, 56.89866487284938
39.57268547459248, 56.8973829158356
39.61848719389178, 56.89610095882182
39.66428891319108, 56.89481900180804
39.71009063249038, 56.86015602751574
39.75589235178967, 56.70108614949912
39.80169407108897, 56.542016271482474
39.847495790388265, 56.38294639346582
39.893297509687564, 56.22387651544917
39.939099228986855, 56.06480663743255
39.98490094828615, 55.905736759415895
40.03070266758545, 55.74666688139925
40.07650438688475, 55.5875970033826
40.12230610618405, 55.42852712536595
40.16810782548334, 55.26945724734932
40.21390954478264, 55.11038736933268
40.259711264081936, 54.951317491316026
40.305512983381234, 54.79224761329938
40.35131470268053, 54.63317773528273
40.397116421979824, 54.474107857266105
40.44291814127912, 54.31503797924945
40.48871986057842, 54.1559681012328
40.53452157987772, 53.99689822321616
40.58032329917702, 53.837828345199505
40.62612501847631, 53.67875846718288
40.67192673777561, 53.519688589166236
40.717728457074905, 53.360618711149584
40.7635301763742, 53.20154883313293
40.8093318956735, 53.04247895511629
40.85513361497279, 52.88340907709966
40.90093533427209, 52.72433919908301
40.94673705357139, 52.56526932106636
40.99253877287069, 52.406199443049715
41.03834049216998, 52.247129565033084
41.08414221146928, 52.08805968701644
41.129943930768576, 51.92898980899979
41.175745650067874, 51.769919930983136
41.22154736936717, 51.61085005296649
41.267349088666464, 51.45178017494987
41.31315080796576, 51.292710296933215
41.35895252726506, 51.13364041891657
41.40475424656436, 50.97457054089992
41.45055596586366, 50.81550066288327
41.49635768516295, 50.65643078486664
41.54215940446225, 50.49736090684999
41.587961123761545, 50.338291028833346
41.63376284306084, 50.179221150816694
41.67956456236014, 50.02015127280005
41.72536628165943, 49.861081394783426
41.77116800095873, 49.702011516766774
41.81696972025803, 49.54294163875012
41.86277143955733, 49.38387176073347
41.908573158856626, 49.224801882716825
41.95437487815592, 49.0657320047002
42.000176597455216, 48.90666212668355
42.045978316754514, 48.747592248666905
42.09178003605381, 48.58852237065025
42.13758175535311, 48.4294524926336
42.1833834746524, 48.27038261461698
42.2291851939517, 48.111312736600325
42.274986913251, 47.95224285858368
42.3207886325503, 47.79317298056703
42.36659035184959, 47.634103102550405
42.412392071148886, 47.47503322453376
42.458193790448185, 47.31596334651711
42.50399550974748, 47.156893468500456
42.54979722904678, 46.997823590483804
42.59559894834607, 46.83875371246718
42.64140066764537, 46.679683834450536
42.68720238694467, 46.520613956433884
42.73300410624397, 46.36154407841724
42.778805825543266, 46.20247420040059
42.82460754484256, 46.043404322383964
42.870409264141855, 45.88433444436731
42.916210983441154, 45.72526456635066
42.96201270274045, 45.566194688334015
43.00781442203975, 45.40712481031736
43.05361614133904, 45.24805493230074
43.09941786063834, 45.088985054284095
43.14521957993764, 44.92991517626744
43.19102129923694, 44.77084529825079
43.236823018536235, 44.61177542023414
43.282624737835526, 44.452705542217515
43.328426457134825, 44.29363566420087
43.37422817643412, 44.13456578618422
43.42002989573342, 43.975495908167574
43.46583161503272, 43.81642603015092
43.51163333433201, 43.6573561521343
43.55743505363131, 43.498286274117646
43.60323677293061, 43.339216396100994
43.649038492229906, 43.18014651808435
43.6948402115292, 43.021076640067726
43.740641930828495, 42.862006762051074
43.786443650127794, 42.70293688403443
43.83224536942709, 42.54386700601778
43.87804708872639, 42.384797128001125
43.92384880802568, 42.2257272499845
43.96965052732498, 42.06665737196785
44.01545224662428, 41.907587493951205
44.06125396592358, 41.74851761593455
44.107055685222875, 41.58944773791791
44.152857404522166, 41.430377859901284
44.198659123821464, 41.27130798188463
44.24446084312076, 41.11223810386798
44.29026256242006, 40.95316822585133
44.33606428171936, 40.794098347834684
44.38186600101865, 40.63502846981806
44.42766772031795, 40.47595859180141
44.47346943961725, 40.31688871378476
44.519271158916546, 40.15781883576811
44.565072878215844, 39.99874895775146
44.610874597515135, 39.839679079734836
44.65667631681443, 39.680609201718184
44.70247803611373, 39.52153932370154
44.74827975541303, 39.36246944568489
44.79408147471233, 39.20339956766824
44.83988319401162, 39.04432968965162
44.88568491331092, 38.88525981163497
44.931486632610216, 38.726189933618315
44.977288351909515, 38.56712005560166
45.023090071208806, 38.40805017758504
45.068891790508104, 38.248980299568395
45.1146935098074, 38.08991042155174
45.1604952291067, 37.9308405435351
45.206296948406, 37.771770665518446
45.25209866770529, 37.61270078750182
45.29790038700459, 37.45363090948517
45.34370210630389, 37.29456103146852
45.389503825603185, 37.13549115345187
45.435305544902484, 36.97642127543522
45.481107264201775, 36.8173513974186
45.52690898350107, 36.65828151940195
45.57271070280037, 36.4992116413853
45.61851242209967, 36.34014176336865
45.66431414139897, 36.181071885352
45.71011586069826, 36.022002007335374
45.75591757999756, 35.86293212931873
