Parameters: [47.949912791292505, 15.273641798280162, 11.276032243818241, 40.90385299730324, 4.4065513326970756, -0.1850160186753207, -3.292554491167327]
Points:
0.0, 15.273641798280162
0.0479979107019945, 15.48514705565071
0.095995821403989, 15.696652313021259
0.1439937321059835, 15.90815757039181
0.191991642807978, 16.119662827762358
0.2399895535099725, 16.33116808513291
0.287987464211967, 16.542673342503456
0.3359853749139615, 16.754178599874006
0.383983285615956, 16.965683857244553
0.4319811963179505, 17.177189114615103
0.479979107019945, 17.388694371985654
0.5279770177219395, 17.6001996293562
0.575974928423934, 17.81170488672675
0.6239728391259285, 18.0232101440973
0.671970749827923, 18.23471540146785
0.7199686605299175, 18.4462206588384
0.767966571231912, 18.657725916208946
0.8159644819339066, 18.869231173579497
0.863962392635901, 19.080736430950047
0.9119603033378956, 19.292241688320594
0.95995821403989, 19.503746945691145
1.0079561247418845, 19.71525220306169
1.055954035443879, 19.926757460432242
1.1039519461458736, 20.13826271780279
1.151949856847868, 20.34976797517334
1.1999477675498627, 20.56127323254389
1.247945678251857, 20.772778489914437
1.2959435889538515, 20.984283747284987
1.343941499655846, 21.195789004655538
1.3919394103578406, 21.407294262026085
1.439937321059835, 21.618799519396635
1.4879352317618295, 21.830304776767182
1.535933142463824, 22.041810034137733
1.5839310531658186, 22.253315291508283
1.6319289638678132, 22.464820548878834
1.6799268745698075, 22.67632580624938
1.727924785271802, 22.887831063619927
1.7759226959737966, 23.099336320990478
1.8239206066757911, 23.31084157836103
1.8719185173777855, 23.522346835731575
1.91991642807978, 23.733852093102126
1.9679143387817746, 23.945357350472676
2.015912249483769, 24.156862607843223
2.0639101601857637, 24.368367865213774
2.111908070887758, 24.579873122584324
2.1599059815897528, 24.79137837995487
2.207903892291747, 25.002883637325418
2.2559018029937414, 25.21438889469597
2.303899713695736, 25.42589415206652
2.3518976243977305, 25.637399409437066
2.3998955350997253, 25.84890466680762
2.4478934458017196, 26.060409924178167
2.495891356503714, 26.271915181548714
2.5438892672057087, 26.483420438919264
2.591887177907703, 26.694925696289815
2.6398850886096974, 26.90643095366036
2.687882999311692, 27.117936211030912
2.7358809100136865, 27.32944146840146
2.7838788207156813, 27.54094672577201
2.8318767314176756, 27.752451983142556
2.87987464211967, 27.963957240513107
2.9278725528216647, 28.175462497883657
2.975870463523659, 28.386967755254204
3.023868374225654, 28.598473012624755
3.071866284927648, 28.809978269995305
3.1198641956296425, 29.021483527365852
3.1678621063316372, 29.232988784736403
3.2158600170336316, 29.444494042106953
3.2638579277356263, 29.6559992994775
3.3118558384376207, 29.867504556848047
3.359853749139615, 30.079009814218598
3.4078516598416098, 30.290515071589148
3.455849570543604, 30.502020328959695
3.503847481245599, 30.71352558633025
3.551845391947593, 30.925030843700796
3.5998433026495875, 31.136536101071343
3.6478412133515823, 31.348041358441897
3.6958391240535766, 31.559546615812444
3.743837034755571, 31.77105187318299
3.7918349454575657, 31.982557130553538
3.83983285615956, 32.19406238792409
3.887830766861555, 32.40556764529464
3.935828677563549, 32.617072902665186
3.9838265882655435, 32.82857816003573
4.031824498967538, 33.04008341740629
4.079822409669533, 33.25158867477683
4.127820320371527, 33.46309393214739
4.175818231073522, 33.674599189517934
4.223816141775516, 33.88610444688848
4.27181405247751, 34.09760970425903
4.3198119631795056, 34.30911496162958
4.3678098738815, 34.52062021900013
4.415807784583494, 34.732125476370676
4.4638056952854885, 34.94363073374123
4.511803605987483, 35.15513599111178
4.559801516689478, 35.366641248482324
4.607799427391472, 35.57814650585288
4.655797338093467, 35.789651763223425
4.703795248795461, 36.00115702059397
4.751793159497455, 36.21266227796452
4.799791070199451, 36.42416753533507
4.847788980901445, 36.63567279270562
4.895786891603439, 36.84717805007617
4.943784802305434, 37.05868330744672
4.991782713007428, 37.27018856481727
5.039780623709423, 37.48169382218782
5.0877785344114175, 37.69319907955837
5.135776445113412, 37.904704336928916
5.183774355815406, 38.11620959429946
5.2317722665174005, 38.32771485167001
5.279770177219395, 38.53922010904056
5.32776808792139, 38.75072536641111
5.375765998623384, 38.962230623781664
5.423763909325379, 39.17373588115221
5.471761820027373, 39.38524113852276
5.519759730729367, 39.596746395893305
5.5677576414313625, 39.80825165326386
5.615755552133357, 40.019756910634406
5.663753462835351, 40.23126216800495
5.7117513735373455, 40.4427674253755
5.75974928423934, 40.654272682746054
5.807747194941335, 40.8657779401166
5.855745105643329, 41.077283197487155
5.903743016345324, 41.2887884548577
5.951740927047318, 41.50029371222825
5.999738837749312, 41.711798969598796
6.047736748451308, 41.92330422696935
6.095734659153302, 42.1348094843399
6.143732569855296, 42.346314741710444
6.191730480557291, 42.557819999081
6.239728391259285, 42.769325256451545
6.28772630196128, 42.98083051382209
6.3357242126632745, 43.192335771192646
6.383722123365269, 43.40384102856319
6.431720034067263, 43.61534628593374
6.479717944769257, 43.82685154330429
6.527715855471253, 44.03835680067484
6.575713766173247, 44.24986205804539
6.623711676875241, 44.461367315415934
6.671709587577236, 44.67287257278649
6.71970749827923, 44.884377830157035
6.767705408981225, 45.09588308752759
6.8157033196832195, 45.307388344898136
6.863701230385214, 45.51889360226868
6.911699141087208, 45.73039885963923
6.9596970517892025, 45.94190411700978
7.007694962491198, 46.15340937438033
7.055692873193192, 46.36491463175088
7.103690783895186, 46.576419889121425
7.151688694597181, 46.78792514649198
7.199686605299175, 46.999430403862526
7.247684516001169, 47.21093566123307
7.295682426703165, 47.42244091860363
7.343680337405159, 47.633946175974174
7.391678248107153, 47.84545143334472
7.439676158809148, 48.05695669071527
7.487674069511142, 48.268461948085815
7.535671980213137, 48.47996720545637
7.583669890915131, 48.691472462826916
7.631667801617126, 48.90297772019747
7.67966571231912, 49.11448297756802
7.727663623021114, 49.32598823493856
7.77566153372311, 49.53749349230912
7.823659444425104, 49.748998749679664
7.871657355127098, 49.96050400705021
7.919655265829093, 50.17200926442076
7.967653176531087, 50.383514521791305
8.015651087233081, 50.59501977916186
8.063648997935076, 50.806525036532406
8.111646908637072, 51.01803029390296
8.159644819339066, 51.22953555127351
8.20764273004106, 51.44104080864406
8.255640640743055, 51.65254606601461
8.303638551445049, 51.864051323385155
8.351636462147043, 52.0755565807557
8.399634372849038, 52.28706183812625
8.447632283551032, 52.4985670954968
8.495630194253026, 52.71007235286735
8.54362810495502, 52.9215776102379
8.591626015657015, 53.133082867608444
8.639623926359011, 53.344588124979
8.687621837061005, 53.55609338234955
8.735619747763, 53.7675986397201
8.783617658464994, 53.979103897090646
8.831615569166988, 54.19060915446119
8.879613479868983, 54.40211441183174
8.927611390570977, 54.61361966920229
8.975609301272971, 54.82512492657284
9.023607211974966, 55.03663018394339
9.07160512267696, 55.248135441313934
9.119603033378956, 55.45964069868449
9.16760094408095, 55.67114595605504
9.215598854782945, 55.88265121342559
9.26359676548494, 56.094156470796136
9.311594676186933, 56.30566172816668
9.359592586888928, 56.51716698553723
9.407590497590922, 56.728672242907784
9.455588408292916, 56.94017750027833
9.50358631899491, 57.15168275764888
9.551584229696905, 57.363188015019425
9.599582140398901, 57.574693272389986
9.647580051100896, 57.78619852976053
9.69557796180289, 57.99770378713108
9.743575872504884, 58.20920904450163
9.791573783206879, 58.420714301872174
9.839571693908873, 58.63221955924273
9.887569604610867, 58.843724816613275
9.935567515312862, 59.05523007398382
9.983565426014856, 59.26673533135437
10.03156333671685, 59.478240588724915
10.079561247418846, 59.68974584609548
10.12755915812084, 59.90125110346602
10.175557068822835, 60.11275636083657
10.22355497952483, 60.32426161820712
10.271552890226824, 60.535766875577664
10.319550800928818, 60.74727213294822
10.367548711630812, 60.958777390318765
10.415546622332807, 61.17028264768931
10.463544533034801, 61.38178790505986
10.511542443736795, 61.593293162430406
10.55954035443879, 61.80479841980096
10.607538265140786, 62.016303677171514
10.65553617584278, 62.22780893454206
10.703534086544774, 62.43931419191261
10.751531997246769, 62.65081944928316
10.799529907948763, 62.86232470665371
10.847527818650757, 63.073829964024256
10.895525729352752, 63.2853352213948
10.943523640054746, 63.49684047876535
10.99152155075674, 63.708345736135904
11.039519461458735, 63.91985099350645
11.08751737216073, 64.131356250877
11.135515282862725, 64.34286150824755
11.18351319356472, 64.5543667656181
11.231511104266714, 64.76587202298866
11.279509014968708, 64.96141345145652
11.327506925670702, 64.95253306911371
11.375504836372697, 64.94365268677089
11.423502747074691, 64.93477230442808
11.471500657776685, 64.92589192208526
11.51949856847868, 64.91701153974245
11.567496479180676, 64.90813115739962
11.61549438988267, 64.89925077505681
11.663492300584664, 64.89037039271399
11.711490211286659, 64.88149001037118
11.759488121988653, 64.87260962802836
11.807486032690647, 64.86372924568555
11.855483943392642, 64.85484886334272
11.903481854094636, 64.84596848099991
11.95147976479663, 64.83708809865709
11.999477675498625, 64.82820771631428
12.04747558620062, 64.81932733397146
12.095473496902615, 64.81044695162865
12.14347140760461, 64.80156656928582
12.191469318306604, 64.79268618694302
12.239467229008598, 64.78380580460019
12.287465139710593, 64.77492542225738
12.335463050412587, 64.76604503991456
12.383460961114581, 64.75716465757175
12.431458871816575, 64.74828427522893
12.47945678251857, 64.73940389288612
12.527454693220564, 64.73052351054329
12.57545260392256, 64.72164312820047
12.623450514624555, 64.71276274585766
12.671448425326549, 64.70388236351484
12.719446336028543, 64.69500198117203
12.767444246730538, 64.6861215988292
12.815442157432532, 64.6772412164864
12.863440068134526, 64.66836083414357
12.91143797883652, 64.65948045180076
12.959435889538515, 64.65060006945794
13.00743380024051, 64.64171968711513
13.055431710942505, 64.6328393047723
13.1034296216445, 64.6239589224295
13.151427532346494, 64.61507854008667
13.199425443048488, 64.60619815774386
13.247423353750483, 64.59731777540104
13.295421264452477, 64.58843739305823
13.343419175154471, 64.5795570107154
13.391417085856466, 64.5706766283726
13.43941499655846, 64.56179624602977
13.487412907260454, 64.55291586368696
13.53541081796245, 64.54403548134414
13.583408728664445, 64.53515509900133
13.631406639366439, 64.5262747166585
13.679404550068433, 64.5173943343157
13.727402460770428, 64.50851395197287
13.775400371472422, 64.49963356963006
13.823398282174416, 64.49075318728724
13.87139619287641, 64.48187280494443
13.919394103578405, 64.4729924226016
13.9673920142804, 64.4641120402588
14.015389924982395, 64.45523165791597
14.06338783568439, 64.44635127557316
14.111385746386384, 64.43747089323034
14.159383657088378, 64.42859051088753
14.207381567790373, 64.41971012854471
14.255379478492367, 64.4108297462019
14.303377389194361, 64.40194936385907
14.351375299896356, 64.39306898151627
14.39937321059835, 64.38418859917344
14.447371121300344, 64.37530821683063
14.495369032002339, 64.36642783448781
14.543366942704335, 64.357547452145
14.59136485340633, 64.34866706980218
14.639362764108323, 64.33978668745937
14.687360674810318, 64.33090630511654
14.735358585512312, 64.32202592277373
14.783356496214306, 64.31314554043091
14.8313544069163, 64.3042651580881
14.879352317618295, 64.29538477574528
14.92735022832029, 64.28650439340247
14.975348139022284, 64.27762401105964
15.02334604972428, 64.26874362871683
15.071343960426274, 64.25986324637401
15.119341871128269, 64.2509828640312
15.167339781830263, 64.24210248168838
15.215337692532257, 64.23322209934557
15.263335603234252, 64.22434171700274
15.311333513936246, 64.21546133465993
15.35933142463824, 64.20658095231711
15.407329335340235, 64.1977005699743
15.455327246042229, 64.18882018763148
15.503325156744225, 64.17993980528867
15.55132306744622, 64.17105942294585
15.599320978148214, 64.16217904060304
15.647318888850208, 64.15329865826021
15.695316799552202, 64.1444182759174
15.743314710254197, 64.13553789357458
15.791312620956191, 64.12665751123177
15.839310531658185, 64.11777712888895
15.88730844236018, 64.10889674654614
15.935306353062174, 64.10001636420331
15.98330426376417, 64.0911359818605
16.031302174466163, 64.08225559951768
16.079300085168157, 64.07337521717487
16.12729799587015, 64.06449483483205
16.175295906572146, 64.05561445248924
16.223293817274143, 64.04673407014641
16.271291727976138, 64.0378536878036
16.319289638678132, 64.02897330546078
16.367287549380126, 64.02009292311797
16.41528546008212, 64.01121254077515
16.463283370784115, 64.00233215843234
16.51128128148611, 63.993451776089515
16.559279192188104, 63.9845713937467
16.607277102890098, 63.97569101140388
16.655275013592092, 63.966810629061065
16.703272924294087, 63.95793024671825
16.75127083499608, 63.94904986437543
16.799268745698075, 63.940169482032616
16.84726665640007, 63.9312890996898
16.895264567102064, 63.92240871734698
16.94326247780406, 63.913528335004166
16.991260388506053, 63.90464795266135
17.039258299208047, 63.89576757031853
17.08725620991004, 63.88688718797572
17.135254120612036, 63.8780068056329
17.18325203131403, 63.86912642329008
17.231249942016028, 63.86024604094727
17.279247852718022, 63.85136565860445
17.327245763420017, 63.842485276261634
17.37524367412201, 63.83360489391882
17.423241584824005, 63.824724511576
17.471239495526, 63.815844129233184
17.519237406227994, 63.80696374689037
17.567235316929988, 63.79808336454755
17.615233227631983, 63.789202982204735
17.663231138333977, 63.78032259986192
17.71122904903597, 63.7714422175191
17.759226959737966, 63.762561835176285
17.80722487043996, 63.75368145283347
17.855222781141954, 63.74480107049065
17.90322069184395, 63.735920688147836
17.951218602545943, 63.72704030580502
17.999216513247937, 63.7181599234622
18.04721442394993, 63.709279541119386
18.095212334651926, 63.70039915877657
18.14321024535392, 63.69151877643375
18.191208156055918, 63.68263839409094
18.239206066757912, 63.67375801174812
18.287203977459907, 63.664877629405304
18.3352018881619, 63.65599724706249
18.383199798863895, 63.64711686471967
18.43119770956589, 63.638236482376854
18.479195620267884, 63.62935610003404
18.52719353096988, 63.62047571769122
18.575191441671873, 63.611595335348404
18.623189352373867, 63.60271495300559
18.67118726307586, 63.59383457066277
18.719185173777856, 63.584954188319955
18.76718308447985, 63.57607380597714
18.815180995181844, 63.56719342363432
18.86317890588384, 63.558313041291505
18.911176816585833, 63.54943265894869
18.959174727287827, 63.54055227660587
19.00717263798982, 63.531671894263056
19.055170548691816, 63.52279151192024
19.10316845939381, 63.51391112957742
19.151166370095805, 63.505030747234606
19.199164280797802, 63.49615036489179
19.247162191499797, 63.48726998254897
19.29516010220179, 63.47838960020616
19.343158012903785, 63.46950921786334
19.39115592360578, 63.460628835520524
19.439153834307774, 63.4517484531777
19.48715174500977, 63.44286807083489
19.535149655711763, 63.43398768849207
19.583147566413757, 63.42510730614926
19.63114547711575, 63.416226923806434
19.679143387817746, 63.40734654146362
19.72714129851974, 63.3984661591208
19.775139209221734, 63.389585776777984
19.82313711992373, 63.38070539443517
19.871135030625723, 63.37182501209235
19.919132941327717, 63.362944629749535
19.96713085202971, 63.35406424740672
20.015128762731706, 63.3451838650639
20.0631266734337, 63.336303482721085
20.111124584135695, 63.32742310037827
20.159122494837693, 63.31854271803545
20.207120405539687, 63.309662335692636
20.25511831624168, 63.30078195334982
20.303116226943676, 63.291901571007
20.35111413764567, 63.283021188664186
20.399112048347664, 63.27414080632137
20.44710995904966, 63.26526042397855
20.495107869751653, 63.25638004163574
20.543105780453647, 63.24749965929292
20.59110369115564, 63.238619276950104
20.639101601857636, 63.22973889460729
20.68709951255963, 63.22085851226447
20.735097423261625, 63.211978129921654
20.78309533396362, 63.20309774757884
20.831093244665613, 63.19421736523602
20.879091155367608, 63.185336982893205
20.927089066069602, 63.17645660055039
20.975086976771596, 63.16757621820757
21.02308488747359, 63.158695835864755
21.071082798175585, 63.14981545352194
21.11908070887758, 63.14093507117912
21.167078619579577, 63.132054688836305
21.21507653028157, 63.12317430649349
21.263074440983566, 63.11429392415067
21.31107235168556, 63.105413541807856
21.359070262387554, 63.09653315946504
21.40706817308955, 63.08765277712222
21.455066083791543, 63.078772394779406
21.503063994493537, 63.06989201243659
21.55106190519553, 63.06101163009377
21.599059815897526, 63.05213124775096
21.64705772659952, 63.04325086540814
21.695055637301515, 63.034370483065324
21.74305354800351, 63.02549010072251
21.791051458705503, 63.01660971837969
21.839049369407498, 63.007729336036874
21.887047280109492, 62.99884895369406
21.935045190811486, 62.98996857135124
21.98304310151348, 62.981088189008425
22.031041012215475, 62.97220780666561
22.07903892291747, 62.96332742432279
22.127036833619467, 62.954447041979975
22.17503474432146, 62.94556665963716
22.223032655023456, 62.93668627729434
22.27103056572545, 62.927805894951526
22.319028476427444, 62.91892551260871
22.36702638712944, 62.91004513026589
22.415024297831433, 62.901164747923076
22.463022208533427, 62.89228436558026
22.511020119235422, 62.88340398323744
22.559018029937416, 62.874523600894626
22.60701594063941, 62.86564321855181
22.655013851341405, 62.85676283620899
22.7030117620434, 62.84788245386618
22.751009672745393, 62.83900207152336
22.799007583447388, 62.830121689180544
22.847005494149382, 62.82124130683773
22.895003404851376, 62.81236092449491
22.94300131555337, 62.803480542152094
22.990999226255365, 62.79460015980928
23.03899713695736, 62.78571977746646
23.086995047659354, 62.776839395123645
23.13499295836135, 62.76795901278083
23.182990869063346, 62.75907863043801
23.23098877976534, 62.750198248095195
23.278986690467335, 62.74131786575238
23.32698460116933, 62.73243748340956
23.374982511871323, 62.723557101066746
23.422980422573318, 62.71467671872393
23.470978333275312, 62.70579633638111
23.518976243977306, 62.696915954038296
23.5669741546793, 62.68803557169548
23.614972065381295, 62.67915518935266
23.66296997608329, 62.67027480700985
23.710967886785284, 62.66139442466703
23.758965797487278, 62.65251404232421
23.806963708189272, 62.6436336599814
23.854961618891267, 62.63475327763858
23.90295952959326, 62.625872895295764
23.950957440295255, 62.61699251295295
23.99895535099725, 62.60811213061013
24.046953261699244, 62.599231748267314
24.09495117240124, 62.59035136592449
24.142949083103236, 62.58147098358168
24.19094699380523, 62.57259060123886
24.238944904507225, 62.56371021889605
24.28694281520922, 62.554829836553225
24.334940725911213, 62.54594945421041
24.382938636613208, 62.53706907186759
24.430936547315202, 62.528188689524775
24.478934458017196, 62.51930830718196
24.52693236871919, 62.51042792483914
24.574930279421185, 62.501547542496326
24.62292819012318, 62.49266716015351
24.670926100825174, 62.48378677781069
24.718924011527168, 62.474906395467876
24.766921922229162, 62.46602601312506
24.814919832931157, 62.45714563078224
24.86291774363315, 62.44826524843943
24.910915654335145, 62.43938486609661
24.95891356503714, 62.43050448375379
25.006911475739134, 62.42162410141098
25.05490938644113, 62.41274371906816
25.102907297143126, 62.403863336725344
25.15090520784512, 62.39498295438253
25.198903118547115, 62.38610257203971
25.24690102924911, 62.377222189696894
25.294898939951104, 62.36834180735408
25.342896850653098, 62.35946142501126
25.390894761355092, 62.350581042668445
25.438892672057086, 62.34170066032563
25.48689058275908, 62.33282027798281
25.534888493461075, 62.323939895639995
25.58288640416307, 62.31505951329718
25.630884314865064, 62.30617913095436
25.678882225567058, 62.297298748611546
25.726880136269052, 62.28841836626873
25.774878046971047, 62.27953798392591
25.82287595767304, 62.270657601583096
25.870873868375035, 62.26177721924028
25.91887177907703, 62.25289683689746
25.966869689779024, 62.24401645455465
26.01486760048102, 62.23513607221183
26.062865511183016, 62.226255689869014
26.11086342188501, 62.2173753075262
26.158861332587005, 62.20849492518338
26.206859243289, 62.199614542840564
26.254857153990994, 62.19073416049775
26.302855064692988, 62.18185377815493
26.350852975394982, 62.172973395812114
26.398850886096977, 62.1640930134693
26.44684879679897, 62.15521263112648
26.494846707500965, 62.146332248783665
26.54284461820296, 62.13745186644085
26.590842528904954, 62.12857148409803
26.63884043960695, 62.119691101755215
26.686838350308943, 62.1108107194124
26.734836261010937, 62.10193033706958
26.78283417171293, 62.093049954726766
26.830832082414926, 62.08416957238395
26.87882999311692, 62.07528919004113
26.926827903818914, 62.066408807698316
26.97482581452091, 62.0575284253555
27.022823725222903, 62.04864804301268
27.0708216359249, 62.03976766066987
27.118819546626895, 62.03088727832705
27.16681745732889, 62.022006895984234
27.214815368030884, 62.01312651364142
27.262813278732878, 62.0042461312986
27.310811189434872, 61.995365748955784
27.358809100136867, 61.98648536661297
27.40680701083886, 61.97760498427015
27.454804921540855, 61.968724601927335
27.50280283224285, 61.95984421958452
27.550800742944844, 61.9509638372417
27.59879865364684, 61.942083454898885
27.646796564348833, 61.93320307255607
27.694794475050827, 61.92432269021325
27.74279238575282, 61.915442307870435
27.790790296454816, 61.90656192552762
27.83878820715681, 61.8976815431848
27.886786117858804, 61.888801160841986
27.9347840285608, 61.87992077849917
27.982781939262793, 61.87104039615635
28.03077984996479, 61.862160013813536
28.078777760666785, 61.85327963147072
28.12677567136878, 61.8443992491279
28.174773582070774, 61.83551886678509
28.222771492772768, 61.82663848444227
28.270769403474763, 61.817758102099454
28.318767314176757, 61.80887771975664
28.36676522487875, 61.79999733741382
28.414763135580746, 61.791116955071004
28.46276104628274, 61.78223657272819
28.510758956984734, 61.77335619038537
28.55875686768673, 61.764475808042555
28.606754778388723, 61.75559542569974
28.654752689090717, 61.74671504335692
28.70275059979271, 61.737834661014105
28.750748510494706, 61.72895427867128
28.7987464211967, 61.72007389632847
28.846744331898694, 61.71119351398565
28.89474224260069, 61.70231313164284
28.942740153302683, 61.693432749300015
28.990738064004677, 61.684552366957206
29.038735974706675, 61.67567198461438
29.08673388540867, 61.66679160227157
29.134731796110664, 61.65791121992875
29.18272970681266, 61.64903083758594
29.230727617514653, 61.640150455243116
29.278725528216647, 61.63127007290031
29.32672343891864, 61.62238969055748
29.374721349620636, 61.61350930821467
29.42271926032263, 61.60462892587185
29.470717171024624, 61.595748543529034
29.51871508172662, 61.58686816118622
29.566712992428613, 61.5779877788434
29.614710903130607, 61.569107396500584
29.6627088138326, 61.56022701415777
29.710706724534596, 61.55134663181495
29.75870463523659, 61.542466249472135
29.806702545938585, 61.53358586712932
29.85470045664058, 61.5247054847865
29.902698367342573, 61.515825102443685
29.950696278044568, 61.50694472010087
29.998694188746565, 61.49806433775805
30.04669209944856, 61.489183955415236
30.094690010150554, 61.48030357307242
30.14268792085255, 61.4714231907296
30.190685831554543, 61.462542808386786
30.238683742256537, 61.45366242604397
30.28668165295853, 61.44478204370115
30.334679563660526, 61.435901661358336
30.38267747436252, 61.42702127901552
30.430675385064514, 61.4181408966727
30.47867329576651, 61.40926051432989
30.526671206468503, 61.40038013198707
30.574669117170497, 61.391499749644254
30.62266702787249, 61.38261936730144
30.670664938574486, 61.37373898495862
30.71866284927648, 61.364858602615804
30.766660759978475, 61.35597822027299
30.81465867068047, 61.34709783793017
30.862656581382463, 61.338217455587355
30.910654492084458, 61.32933707324454
30.958652402786452, 61.32045669090172
31.00665031348845, 61.311576308558905
31.054648224190444, 61.30269592621609
31.10264613489244, 61.29381554387327
31.150644045594433, 61.284935161530456
31.198641956296427, 61.27605477918764
31.24663986699842, 61.26717439684482
31.294637777700416, 61.258294014502006
31.34263568840241, 61.24941363215919
31.390633599104405, 61.24053324981637
31.4386315098064, 61.23165286747356
31.486629420508393, 61.22277248513074
31.534627331210388, 61.21389210278792
31.582625241912382, 61.20501172044511
31.630623152614376, 61.19613133810229
31.67862106331637, 61.187250955759474
31.726618974018365, 61.17837057341666
31.77461688472036, 61.16949019107384
31.822614795422353, 61.160609808731024
31.870612706124348, 61.15172942638821
31.918610616826342, 61.14284904404539
31.96660852752834, 61.133968661702575
32.01460643823033, 61.12508827935976
32.062604348932325, 61.11620789701694
32.11060225963432, 61.107327514674125
32.158600170336314, 61.09844713233131
32.20659808103831, 61.08956674998849
32.2545959917403, 61.080686367645676
32.3025939024423, 61.07180598530286
32.35059181314429, 61.06292560296004
32.398589723846285, 61.054045220617226
32.44658763454829, 61.04516483827441
32.49458554525028, 61.03628445593159
32.542583455952276, 61.02740407358878
32.59058136665427, 61.01852369124596
32.638579277356264, 61.009643308903144
32.68657718805826, 61.00076292656033
32.73457509876025, 60.99188254421751
32.78257300946225, 60.983002161874694
32.83057092016424, 60.97412177953188
32.878568830866236, 60.96524139718906
32.92656674156823, 60.956361014846244
32.974564652270224, 60.94748063250343
33.02256256297222, 60.93860025016061
33.07056047367421, 60.929719867817795
33.11855838437621, 60.92083948547498
33.1665562950782, 60.91195910313216
33.214554205780196, 60.903078720789345
33.26255211648219, 60.89419833844653
33.310550027184185, 60.88531795610371
33.35854793788618, 60.876437573760896
33.40654584858817, 60.86755719141808
33.45454375929017, 60.85867680907526
33.50254166999216, 60.849796426732446
33.550539580694156, 60.84091604438963
33.59853749139615, 60.83203566204681
33.646535402098145, 60.823155279704
33.69453331280014, 60.81427489736118
33.742531223502134, 60.805394515018364
33.79052913420413, 60.79651413267555
33.83852704490612, 60.78763375033273
33.88652495560812, 60.77875336798991
33.93452286631011, 60.7698729856471
33.982520777012105, 60.760992603304274
34.0305186877141, 60.752112220961465
34.078516598416094, 60.74323183861864
34.12651450911809, 60.73435145627583
34.17451241982008, 60.72547107393301
34.22251033052208, 60.7165906915902
34.27050824122407, 60.707710309247375
34.318506151926066, 60.698829926904565
34.36650406262806, 60.68994954456174
34.41450197333006, 60.681069162218925
34.462499884032056, 60.67218877987611
34.51049779473405, 60.66330839753329
34.558495705436044, 60.654428015190476
34.60649361613804, 60.64554763284766
34.65449152684003, 60.63666725050484
34.70248943754203, 60.627786868162026
34.75048734824402, 60.61890648581921
34.798485258946016, 60.61002610347639
34.84648316964801, 60.60114572113358
34.894481080350005, 60.59226533879076
34.942478991052, 60.583384956447944
34.99047690175399, 60.57450457410513
35.03847481245599, 60.56562419176231
35.08647272315798, 60.556743809419494
35.134470633859976, 60.54786342707668
35.18246854456197, 60.53898304473386
35.230466455263965, 60.530102662391045
35.27846436596596, 60.52122228004823
35.326462276667954, 60.51234189770541
35.37446018736995, 60.503461515362595
35.42245809807194, 60.49458113301978
35.47045600877394, 60.48570075067696
35.51845391947593, 60.476820368334145
35.566451830177925, 60.46793998599133
35.61444974087992, 60.45905960364851
35.662447651581914, 60.450179221305696
35.71044556228391, 60.44129883896288
35.7584434729859, 60.43241845662006
35.8064413836879, 60.423538074277246
35.85443929438989, 60.41465769193443
35.902437205091886, 60.40577730959161
35.95043511579388, 60.3968969272488
35.998433026495874, 60.38801654490598
36.04643093719787, 60.379136162563164
36.09442884789986, 60.37025578022035
36.14242675860186, 60.36137539787753
36.19042466930385, 60.352495015534714
36.238422580005846, 60.3436146331919
36.28642049070784, 60.33473425084908
36.334418401409835, 60.325853868506265
36.382416312111836, 60.31697348616345
36.43041422281383, 60.30809310382063
36.478412133515825, 60.299212721477815
36.52641004421782, 60.290332339135
36.57440795491981, 60.28145195679218
36.62240586562181, 60.272571574449366
36.6704037763238, 60.26369119210655
36.718401687025796, 60.25481080976373
36.76639959772779, 60.245930427420916
36.814397508429785, 60.2370500450781
36.86239541913178, 60.22816966273528
36.910393329833774, 60.219289280392466
36.95839124053577, 60.21040889804965
37.00638915123776, 60.20152851570683
37.05438706193976, 60.19264813336402
37.10238497264175, 60.1837677510212
37.150382883343745, 60.174887368678384
37.19838079404574, 60.16600698633557
37.246378704747734, 60.15712660399275
37.29437661544973, 60.148246221649934
37.34237452615172, 60.13936583930712
37.39037243685372, 60.1304854569643
37.43837034755571, 60.121605074621485
37.486368258257706, 60.11272469227867
37.5343661689597, 60.10384430993585
37.582364079661694, 60.094963927593035
37.63036199036369, 60.08608354525022
37.67835990106568, 60.0772031629074
37.72635781176768, 60.068322780564586
37.77435572246967, 60.05944239822177
37.822353633171666, 60.05056201587895
37.87035154387366, 60.041681633536136
37.918349454575655, 60.03280125119332
37.96634736527765, 60.0239208688505
38.01434527597964, 60.01504048650769
38.06234318668164, 60.00616010416487
38.11034109738363, 59.99727972182205
38.158339008085626, 59.98839933947924
38.20633691878762, 59.97951895713642
38.254334829489615, 59.970638574793604
38.30233274019161, 59.96175819245079
38.35033065089361, 59.952877810107964
38.398328561595605, 59.943997427765154
38.4463264722976, 59.93511704542233
38.494324382999594, 59.92623666307952
38.54232229370159, 59.9173562807367
38.59032020440358, 59.90847589839389
38.63831811510558, 59.899595516051065
38.68631602580757, 59.89071513370825
38.734313936509565, 59.88183475136543
38.78231184721156, 59.872954369022615
38.830309757913554, 59.8640739866798
38.87830766861555, 59.85519360433698
38.92630557931754, 59.846313221994166
38.97430349001954, 59.83743283965135
39.02230140072153, 59.82855245730853
39.070299311423526, 59.819672074965716
39.11829722212552, 59.8107916926229
39.166295132827514, 59.80191131028008
39.21429304352951, 59.79303092793727
39.2622909542315, 59.78415054559445
39.3102888649335, 59.77527016325163
39.35828677563549, 59.76638978090882
39.406284686337486, 59.757509398566
39.45428259703948, 59.748629016223184
39.502280507741474, 59.73974863388037
39.55027841844347, 59.73086825153755
39.59827632914546, 59.721987869194734
39.64627423984746, 59.71310748685192
39.69427215054945, 59.7042271045091
39.742270061251446, 59.695346722166285
39.79026797195344, 59.68646633982347
39.838265882655435, 59.67758595748065
39.88626379335743, 59.668705575137835
39.93426170405942, 59.65982519279502
39.98225961476142, 59.6509448104522
40.03025752546341, 59.642064428109386
40.078255436165406, 59.63318404576657
40.1262533468674, 59.62430366342375
40.174251257569395, 59.615423281080936
40.22224916827139, 59.60654289873812
40.270247078973384, 59.5976625163953
40.318244989675385, 59.58878213405249
40.36624290037738, 59.57990175170967
40.414240811079374, 59.57102136936685
40.46223872178137, 59.56214098702404
40.51023663248336, 59.55326060468122
40.55823454318536, 59.544380222338404
40.60623245388735, 59.53549983999559
40.654230364589345, 59.52661945765277
40.70222827529134, 59.517739075309954
40.750226185993334, 59.50885869296714
40.79822409669533, 59.49997831062432
40.84622200739732, 59.491097928281505
40.89421991809932, 59.48221754593869
40.94221782880131, 59.35411697372494
40.990215739503306, 59.19608123727644
41.0382136502053, 59.03804550082794
41.086211560907294, 58.880009764379444
41.13420947160929, 58.72197402793094
41.18220738231128, 58.563938291482444
41.23020529301328, 58.40590255503394
41.27820320371527, 58.24786681858544
41.326201114417266, 58.089831082136946
41.37419902511926, 57.93179534568844
41.422196935821255, 57.773759609239946
41.47019484652325, 57.61572387279144
41.51819275722524, 57.457688136342945
41.56619066792724, 57.29965239989444
41.61418857862923, 57.141616663445944
41.662186489331226, 56.98358092699745
41.71018440003322, 56.825545190548944
41.758182310735215, 56.66750945410045
41.80618022143721, 56.50947371765194
41.854178132139204, 56.351437981203446
41.9021760428412, 56.19340224475495
41.95017395354319, 56.035366508306446
41.99817186424519, 55.87733077185795
42.04616977494718, 55.719295035409445
42.094167685649175, 55.56125929896095
42.14216559635117, 55.40322356251245
42.190163507053164, 55.24518782606395
42.23816141775516, 55.08715208961545
42.28615932845716, 54.929116353166926
42.334157239159154, 54.77108061671842
42.38215514986115, 54.613044880269925
42.43015306056314, 54.45500914382143
42.47815097126514, 54.296973407372924
42.52614888196713, 54.13893767092443
42.574146792669126, 53.980901934475924
42.62214470337112, 53.82286619802743
42.670142614073114, 53.66483046157893
42.71814052477511, 53.506794725130426
42.7661384354771, 53.34875898868193
42.8141363461791, 53.190723252233425
42.86213425688109, 53.03268751578493
42.910132167583086, 52.87465177933643
42.95813007828508, 52.71661604288793
43.006127988987075, 52.55858030643943
43.05412589968907, 52.40054456999093
43.10212381039106, 52.24250883354243
43.15012172109306, 52.084473097093934
43.19811963179505, 51.92643736064543
43.246117542497046, 51.76840162419693
43.29411545319904, 51.61036588774843
43.342113363901035, 51.45233015129993
43.39011127460303, 51.294294414851436
43.438109185305024, 51.13625867840293
43.48610709600702, 50.97822294195443
43.53410500670901, 50.82018720550593
43.58210291741101, 50.662151469057434
43.630100828113, 50.50411573260893
43.678098738814995, 50.346079996160434
43.72609664951699, 50.18804425971193
43.774094560218984, 50.03000852326343
43.82209247092098, 49.871972786814936
43.87009038162297, 49.71393705036643
43.91808829232497, 49.555901313917936
43.96608620302696, 49.39786557746943
44.014084113728956, 49.239829841020935
44.06208202443095, 49.08179410457244
44.110079935132944, 48.923758368123934
44.15807784583494, 48.76572263167544
44.20607575653693, 48.607686895226934
44.254073667238934, 48.449651158778416
44.30207157794093, 48.29161542232991
44.35006948864292, 48.133579685881415
44.39806739934492, 47.97554394943292
44.44606531004691, 47.817508212984414
44.494063220748906, 47.65947247653591
44.5420611314509, 47.501436740087414
44.590059042152895, 47.34340100363892
44.63805695285489, 47.18536526719041
44.68605486355688, 47.027329530741916
44.73405277425888, 46.86929379429341
44.78205068496087, 46.711258057844915
44.830048595662866, 46.55322232139642
44.87804650636486, 46.395186584947915
44.926044417066855, 46.23715084849942
44.97404232776885, 46.079115112050914
45.022040238470844, 45.92107937560242
45.07003814917284, 45.76304363915392
45.11803605987483, 45.60500790270542
45.16603397057683, 45.44697216625692
45.21403188127882, 45.288936429808416
45.262029791980815, 45.13090069335992
45.31002770268281, 44.97286495691142
45.358025613384804, 44.81482922046292
45.4060235240868, 44.65679348401442
45.45402143478879, 44.49875774756592
45.50201934549079, 44.34072201111742
45.55001725619278, 44.182686274668924
45.598015166894776, 44.02465053822042
45.64601307759677, 43.86661480177192
45.694010988298764, 43.70857906532342
45.74200889900076, 43.55054332887492
45.79000680970275, 43.392507592426426
45.83800472040475, 43.23447185597792
45.88600263110674, 43.07643611952942
45.934000541808736, 42.91840038308092
45.98199845251073, 42.760364646632425
46.029996363212724, 42.60232891018393
46.07799427391472, 42.444293173735424
46.12599218461671, 42.28625743728692
46.17399009531871, 42.128221700838424
46.22198800602071, 41.9701859643899
46.2699859167227, 41.8121502279414
46.3179838274247, 41.654114491492905
46.36598173812669, 41.4960787550444
46.413979648828686, 41.3380430185959
46.46197755953068, 41.1800072821474
46.509975470232675, 41.021971545698904
46.55797338093467, 40.86393580925041
46.60597129163666, 40.7059000728019
46.65396920233866, 40.5478643363534
46.70196711304065, 40.3898285999049
46.74996502374265, 40.231792863456405
46.79796293444464, 40.07375712700791
46.845960845146635, 39.915721390559405
46.89395875584863, 39.7576856541109
46.941956666550624, 39.599649917662404
46.98995457725262, 39.44161418121391
47.03795248795461, 39.28357844476541
47.08595039865661, 39.12554270831691
47.1339483093586, 38.9675069718684
47.181946220060595, 38.809471235419906
47.22994413076259, 38.65143549897141
47.277942041464584, 38.493399762522905
47.32593995216658, 38.33536402607441
47.37393786286857, 38.177328289625905
47.42193577357057, 38.01929255317741
47.46993368427256, 37.86125681672891
47.517931594974556, 37.70322108028041
47.56592950567655, 37.5451853438319
47.613927416378544, 37.38714960738341
47.66192532708054, 37.22911387093491
47.70992323778253, 37.07107813448641
47.75792114848453, 36.91304239803791
47.80591905918652, 36.755006661589405
47.853916969888516, 36.59697092514091
47.90191488059051, 36.43893518869241
47.949912791292505, 36.280899452243915
