Parameters: [51.036632462193495, 15.246470548111668, 11.491789769748324, 40.51553875776173, 3.800943057383339, 0.009433344461473758, -3.2795243591470347]
Points:
0.0, 15.246470548111668
0.05108772018237587, 15.440652063456414
0.10217544036475174, 15.634833578801157
0.1532631605471276, 15.829015094145902
0.20435088072950347, 16.023196609490647
0.2554386009118793, 16.21737812483539
0.3065263210942552, 16.411559640180133
0.3576140412766311, 16.60574115552488
0.40870176145900694, 16.799922670869623
0.4597894816413828, 16.994104186214365
0.5108772018237586, 17.18828570155911
0.5619649220061346, 17.382467216903855
0.6130526421885104, 17.5766487322486
0.6641403623708863, 17.770830247593345
0.7152280825532622, 17.96501176293809
0.766315802735638, 18.15919327828283
0.8174035229180139, 18.353374793627577
0.8684912431003897, 18.54755630897232
0.9195789632827656, 18.741737824317063
0.9706666834651415, 18.935919339661808
1.0217544036475172, 19.130100855006553
1.0728421238298933, 19.3242823703513
1.1239298440122691, 19.518463885696043
1.175017564194645, 19.71264540104079
1.2261052843770208, 19.90682691638553
1.2771930045593967, 20.101008431730275
1.3282807247417725, 20.29518994707502
1.3793684449241483, 20.48937146241976
1.4304561651065244, 20.683552977764506
1.4815438852889002, 20.87773449310925
1.532631605471276, 21.071916008453996
1.583719325653652, 21.26609752379874
1.6348070458360278, 21.460279039143487
1.6858947660184036, 21.654460554488228
1.7369824862007794, 21.848642069832973
1.7880702063831553, 22.042823585177718
1.8391579265655311, 22.23700510052246
1.8902456467479072, 22.431186615867205
1.941333366930283, 22.62536813121195
1.9924210871126589, 22.819549646556695
2.0435088072950345, 23.01373116190144
2.0945965274774108, 23.207912677246185
2.1456842476597866, 23.40209419259093
2.1967719678421624, 23.59627570793567
2.2478596880245383, 23.790457223280416
2.298947408206914, 23.984638738625158
2.35003512838929, 24.178820253969903
2.401122848571666, 24.373001769314648
2.4522105687540416, 24.567183284659393
2.5032982889364175, 24.761364800004138
2.5543860091187933, 24.955546315348883
2.605473729301169, 25.149727830693624
2.656561449483545, 25.34390934603837
2.707649169665921, 25.53809086138311
2.7587368898482967, 25.732272376727856
2.8098246100306725, 25.9264538920726
2.860912330213049, 26.120635407417346
2.9120000503954246, 26.31481692276209
2.9630877705778005, 26.508998438106836
3.0141754907601763, 26.70317995345158
3.065263210942552, 26.897361468796326
3.116350931124928, 27.091542984141068
3.167438651307304, 27.285724499485813
3.2185263714896797, 27.479906014830554
3.2696140916720555, 27.6740875301753
3.3207018118544314, 27.868269045520044
3.371789532036807, 28.06245056086479
3.422877252219183, 28.256632076209534
3.473964972401559, 28.45081359155428
3.5250526925839347, 28.64499510689902
3.5761404127663106, 28.839176622243766
3.6272281329486864, 29.033358137588507
3.6783158531310622, 29.227539652933253
3.7294035733134385, 29.421721168277998
3.7804912934958144, 29.615902683622743
3.83157901367819, 29.810084198967488
3.882666733860566, 30.004265714312233
3.933754454042942, 30.198447229656978
3.9848421742253177, 30.392628745001723
4.035929894407693, 30.58681026034646
4.087017614590069, 30.780991775691206
4.138105334772446, 30.975173291035954
4.1891930549548215, 31.1693548063807
4.240280775137197, 31.36353632172544
4.291368495319573, 31.557717837070186
4.342456215501949, 31.75189935241493
4.393543935684325, 31.946080867759676
4.444631655866701, 32.14026238310442
4.495719376049077, 32.334443898449166
4.546807096231452, 32.52862541379391
4.597894816413828, 32.72280692913865
4.648982536596204, 32.916988444483394
4.70007025677858, 33.11116995982814
4.751157976960956, 33.305351475172884
4.802245697143332, 33.49953299051763
4.853333417325707, 33.693714505862374
4.904421137508083, 33.88789602120712
4.955508857690459, 34.082077536551864
5.006596577872835, 34.2762590518966
5.057684298055211, 34.47044056724135
5.108772018237587, 34.66462208258609
5.1598597384199625, 34.85880359793084
5.210947458602338, 35.05298511327558
5.262035178784714, 35.24716662862033
5.31312289896709, 35.44134814396507
5.364210619149466, 35.63552965930981
5.415298339331842, 35.829711174654555
5.4663860595142175, 36.0238926899993
5.517473779696593, 36.218074205344045
5.568561499878969, 36.41225572068879
5.619649220061345, 36.606437236033535
5.670736940243721, 36.80061875137828
5.721824660426098, 36.994800266723026
5.7729123806084734, 37.18898178206777
5.824000100790849, 37.383163297412516
5.875087820973225, 37.57734481275726
5.926175541155601, 37.771526328102006
5.977263261337977, 37.965707843446744
6.028350981520353, 38.15988935879149
6.0794387017027285, 38.354070874136234
6.130526421885104, 38.54825238948098
6.18161414206748, 38.742433904825724
6.232701862249856, 38.93661542017047
6.283789582432232, 39.130796935515214
6.334877302614608, 39.32497845085996
6.3859650227969835, 39.5191599662047
6.437052742979359, 39.71334148154944
6.488140463161735, 39.90752299689419
6.539228183344111, 40.10170451223893
6.590315903526487, 40.29588602758368
6.641403623708863, 40.49006754292842
6.692491343891239, 40.68424905827317
6.743579064073614, 40.87843057361791
6.79466678425599, 41.07261208896265
6.845754504438366, 41.266793604307395
6.896842224620742, 41.46097511965214
6.947929944803118, 41.655156634996885
6.999017664985494, 41.84933815034163
7.050105385167869, 42.043519665686375
7.101193105350245, 42.23770118103112
7.152280825532621, 42.431882696375865
7.203368545714997, 42.6260642117206
7.254456265897373, 42.82024572706535
7.305543986079749, 43.01442724241009
7.3566317062621245, 43.20860875775484
7.407719426444501, 43.40279027309958
7.458807146626877, 43.59697178844433
7.509894866809253, 43.79115330378907
7.560982586991629, 43.98533481913382
7.612070307174005, 44.17951633447856
7.66315802735638, 44.37369784982331
7.714245747538756, 44.567879365168054
7.765333467721132, 44.7620608805128
7.816421187903508, 44.95624239585754
7.867508908085884, 45.15042391120228
7.91859662826826, 45.34460542654703
7.9696843484506354, 45.53878694189177
8.020772068633011, 45.73296845723652
8.071859788815386, 45.927149972581255
8.122947508997763, 46.12133148792601
8.174035229180138, 46.315513003270745
8.225122949362515, 46.50969451861549
8.276210669544891, 46.70387603396024
8.327298389727266, 46.89805754930498
8.378386109909643, 47.09223906464973
8.429473830092018, 47.28642057999447
8.480561550274395, 47.480602095339215
8.53164927045677, 47.67478361068395
8.582736990639146, 47.868965126028705
8.633824710821521, 48.06314664137344
8.684912431003898, 48.257328156718195
8.736000151186273, 48.45150967206293
8.78708787136865, 48.64569118740768
8.838175591551025, 48.83987270275242
8.889263311733401, 49.03405421809717
8.940351031915776, 49.228235733441906
8.991438752098153, 49.42241724878666
9.042526472280528, 49.616598764131396
9.093614192462905, 49.81078027947615
9.14470191264528, 50.004961794820886
9.195789632827656, 50.19914331016563
9.246877353010031, 50.393324825510376
9.297965073192408, 50.58750634085512
9.349052793374783, 50.78168785619986
9.40014051355716, 50.97586937154461
9.451228233739535, 51.17005088688935
9.502315953921912, 51.3642324022341
9.553403674104286, 51.55841391757884
9.604491394286663, 51.752595432923584
9.655579114469038, 51.94677694826833
9.706666834651415, 52.140958463613075
9.75775455483379, 52.33513997895781
9.808842275016167, 52.529321494302565
9.859929995198543, 52.72350300964731
9.911017715380918, 52.917684524992055
9.962105435563295, 53.1118660403368
10.01319315574567, 53.30604755568154
10.064280875928047, 53.50022907102629
10.115368596110422, 53.69441058637103
10.166456316292798, 53.88859210171577
10.217544036475173, 54.08277361706052
10.26863175665755, 54.27695513240526
10.319719476839925, 54.47113664775
10.370807197022302, 54.66531816309475
10.421894917204677, 54.85949967843949
10.472982637387053, 55.05368119378424
10.524070357569428, 55.24786270912898
10.575158077751805, 55.442044224473726
10.62624579793418, 55.63622573981847
10.677333518116557, 55.830407255163216
10.728421238298932, 56.024588770507954
10.779508958481308, 56.218770285852706
10.830596678663683, 56.412951801197444
10.88168439884606, 56.607133316542196
10.932772119028435, 56.801314831886934
10.983859839210812, 56.99549634723168
11.034947559393187, 57.189677862576424
11.086035279575563, 57.38385937792117
11.137122999757938, 57.57804089326591
11.188210719940315, 57.77222240861066
11.23929844012269, 57.9664039239554
11.290386160305067, 58.16058543930015
11.341473880487442, 58.35476695464489
11.392561600669818, 58.54894846998963
11.443649320852195, 58.743129985334384
11.49473704103457, 58.9261368929707
11.545824761216947, 58.92661882103294
11.596912481399322, 58.92710074909517
11.648000201581699, 58.9275826771574
11.699087921764074, 58.92806460521963
11.75017564194645, 58.92854653328187
11.801263362128825, 58.929028461344096
11.852351082311202, 58.92951038940633
11.903438802493577, 58.92999231746856
11.954526522675954, 58.93047424553079
12.005614242858329, 58.930956173593025
12.056701963040705, 58.93143810165525
12.10778968322308, 58.93192002971749
12.158877403405457, 58.93240195777972
12.209965123587832, 58.93288388584195
12.261052843770209, 58.93336581390418
12.312140563952584, 58.93384774196642
12.36322828413496, 58.934329670028646
12.414316004317335, 58.934811598090874
12.465403724499712, 58.93529352615311
12.516491444682087, 58.93577545421534
12.567579164864464, 58.936257382277574
12.618666885046839, 58.9367393103398
12.669754605229215, 58.93722123840204
12.72084232541159, 58.93770316646427
12.771930045593967, 58.9381850945265
12.823017765776342, 58.93866702258873
12.874105485958719, 58.93914895065096
12.925193206141094, 58.939630878713196
12.97628092632347, 58.940112806775424
13.027368646505845, 58.94059473483766
13.078456366688222, 58.94107666289989
13.129544086870599, 58.941558590962124
13.180631807052974, 58.94204051902435
13.23171952723535, 58.94252244708659
13.282807247417725, 58.94300437514882
13.333894967600102, 58.943486303211046
13.384982687782477, 58.94396823127328
13.436070407964854, 58.94445015933551
13.487158128147229, 58.944932087397746
13.538245848329606, 58.945414015459974
13.58933356851198, 58.94589594352221
13.640421288694357, 58.94637787158444
13.691509008876732, 58.946859799646674
13.742596729059109, 58.9473417277089
13.793684449241484, 58.94782365577113
13.84477216942386, 58.94830558383337
13.895859889606236, 58.948787511895596
13.946947609788612, 58.94926943995783
13.998035329970987, 58.94975136802006
14.049123050153364, 58.950233296082295
14.100210770335739, 58.950715224144524
14.151298490518116, 58.95119715220676
14.20238621070049, 58.95167908026899
14.253473930882867, 58.95216100833122
14.304561651065242, 58.95264293639345
14.355649371247619, 58.95312486445568
14.406737091429994, 58.95360679251792
14.45782481161237, 58.954088720580145
14.508912531794746, 58.95457064864238
14.560000251977122, 58.95505257670461
14.611087972159497, 58.955534504766845
14.662175692341874, 58.956016432829074
14.713263412524249, 58.9564983608913
14.764351132706626, 58.95698028895354
14.815438852889002, 58.95746221701577
14.866526573071377, 58.957944145078
14.917614293253754, 58.95842607314023
14.968702013436129, 58.95890800120247
15.019789733618506, 58.959389929264695
15.07087745380088, 58.95987185732693
15.121965173983257, 58.96035378538916
15.173052894165632, 58.96083571345139
15.22414061434801, 58.961317641513624
15.275228334530384, 58.96179956957585
15.32631605471276, 58.96228149763809
15.377403774895136, 58.96276342570032
15.428491495077512, 58.96324535376255
15.479579215259887, 58.96372728182478
15.530666935442264, 58.96420920988702
15.58175465562464, 58.964691137949245
15.632842375807016, 58.965173066011474
15.68393009598939, 58.96565499407371
15.735017816171768, 58.96613692213594
15.786105536354142, 58.966618850198174
15.83719325653652, 58.9671007782604
15.888280976718894, 58.96758270632264
15.939368696901271, 58.96806463438487
15.990456417083646, 58.9685465624471
16.041544137266023, 58.96902849050933
16.0926318574484, 58.96951041857156
16.143719577630772, 58.969992346633795
16.19480729781315, 58.97047427469602
16.245895017995526, 58.97095620275826
16.296982738177903, 58.97143813082049
16.348070458360276, 58.97192005888272
16.399158178542653, 58.97240198694495
16.45024589872503, 58.97288391500719
16.501333618907406, 58.973365843069416
16.552421339089783, 58.973847771131645
16.603509059272156, 58.97432969919388
16.654596779454533, 58.97481162725611
16.70568449963691, 58.975293555318345
16.756772219819286, 58.97577548338057
16.80785994000166, 58.97625741144281
16.858947660184036, 58.97673933950504
16.910035380366413, 58.97722126756727
16.96112310054879, 58.9777031956295
17.012210820731163, 58.97818512369173
17.06329854091354, 58.978667051753966
17.114386261095916, 58.979148979816195
17.165473981278293, 58.97963090787843
17.216561701460666, 58.98011283594066
17.267649421643043, 58.980594764002895
17.31873714182542, 58.98107669206512
17.369824862007796, 58.98155862012736
17.42091258219017, 58.98204054818959
17.472000302372546, 58.982522476251816
17.523088022554923, 58.98300440431405
17.5741757427373, 58.98348633237628
17.625263462919673, 58.983968260438516
17.67635118310205, 58.984450188500745
17.727438903284426, 58.98493211656298
17.778526623466803, 58.98541404462521
17.829614343649176, 58.985895972687445
17.880702063831553, 58.98637790074967
17.93178978401393, 58.9868598288119
17.982877504196306, 58.98734175687414
18.033965224378683, 58.987823684936366
18.085052944561056, 58.9883056129986
18.136140664743433, 58.98878754106083
18.18722838492581, 58.989269469123066
18.238316105108186, 58.989751397185294
18.28940382529056, 58.99023332524753
18.340491545472936, 58.99071525330976
18.391579265655313, 58.99119718137199
18.44266698583769, 58.99167910943422
18.493754706020063, 58.99216103749645
18.54484242620244, 58.99264296555869
18.595930146384816, 58.993124893620916
18.647017866567193, 58.99360682168315
18.698105586749566, 58.99408874974538
18.749193306931943, 58.994570677807616
18.80028102711432, 58.995052605869844
18.851368747296696, 58.99553453393207
18.90245646747907, 58.99601646199431
18.953544187661446, 58.99649839005654
19.004631907843823, 58.99698031811877
19.0557196280262, 58.997462246181
19.106807348208573, 58.99794417424324
19.15789506839095, 58.998426102305466
19.208982788573326, 58.9989080303677
19.260070508755703, 58.99938995842993
19.311158228938076, 58.99987188649216
19.362245949120453, 59.000353814554394
19.41333366930283, 59.00083574261662
19.464421389485207, 59.00131767067886
19.51550910966758, 59.00179959874109
19.566596829849956, 59.00228152680332
19.617684550032333, 59.00276345486555
19.66877227021471, 59.00324538292779
19.719859990397087, 59.003727310990016
19.77094771057946, 59.004209239052244
19.822035430761836, 59.00469116711448
19.873123150944213, 59.00517309517671
19.92421087112659, 59.005655023238944
19.975298591308963, 59.00613695130117
20.02638631149134, 59.00661887936341
20.077474031673717, 59.00710080742564
20.128561751856093, 59.00758273548787
20.179649472038466, 59.0080646635501
20.230737192220843, 59.00854659161233
20.28182491240322, 59.009028519674565
20.332912632585597, 59.009510447736794
20.38400035276797, 59.00999237579903
20.435088072950347, 59.01047430386126
20.486175793132723, 59.010956231923494
20.5372635133151, 59.01143815998572
20.588351233497473, 59.01192008804796
20.63943895367985, 59.01240201611019
20.690526673862227, 59.012883944172415
20.741614394044603, 59.01336587223465
20.792702114226977, 59.01384780029688
20.843789834409353, 59.014329728359115
20.89487755459173, 59.014811656421344
20.945965274774107, 59.01529358448358
20.99705299495648, 59.01577551254581
21.048140715138857, 59.016257440608044
21.099228435321233, 59.01673936867027
21.15031615550361, 59.0172212967325
21.201403875685983, 59.01770322479474
21.25249159586836, 59.018185152856965
21.303579316050737, 59.0186670809192
21.354667036233113, 59.01914900898143
21.40575475641549, 59.019630937043665
21.456842476597863, 59.020112865105894
21.50793019678024, 59.02059479316813
21.559017916962617, 59.02107672123036
21.610105637144994, 59.02155864929259
21.661193357327367, 59.02204057735482
21.712281077509743, 59.02252250541705
21.76336879769212, 59.02300443347929
21.814456517874497, 59.023486361541515
21.86554423805687, 59.02396828960375
21.916631958239247, 59.02445021766598
21.967719678421624, 59.024932145728215
22.018807398604, 59.025414073790444
22.069895118786373, 59.02589600185267
22.12098283896875, 59.02637792991491
22.172070559151127, 59.026859857977136
22.223158279333504, 59.02734178603937
22.274245999515877, 59.0278237141016
22.325333719698254, 59.028305642163836
22.37642143988063, 59.028787570226065
22.427509160063007, 59.0292694982883
22.47859688024538, 59.02975142635053
22.529684600427757, 59.03023335441276
22.580772320610134, 59.03071528247499
22.63186004079251, 59.03119721053722
22.682947760974884, 59.03167913859946
22.73403548115726, 59.032161066661686
22.785123201339637, 59.03264299472392
22.836210921522014, 59.03312492278615
22.88729864170439, 59.033606850848386
22.938386361886764, 59.034088778910615
22.98947408206914, 59.03457070697285
23.040561802251517, 59.03505263503508
23.091649522433894, 59.03553456309731
23.142737242616267, 59.03601649115954
23.193824962798644, 59.03649841922177
23.24491268298102, 59.03698034728401
23.296000403163397, 59.037462275346236
23.34708812334577, 59.03794420340847
23.398175843528147, 59.0384261314707
23.449263563710524, 59.038908059532936
23.5003512838929, 59.039389987595165
23.551439004075274, 59.03987191565739
23.60252672425765, 59.04035384371963
23.653614444440027, 59.04083577178186
23.704702164622404, 59.04131769984409
23.755789884804777, 59.04179962790632
23.806877604987154, 59.04228155596856
23.85796532516953, 59.042763484030786
23.909053045351907, 59.04324541209302
23.96014076553428, 59.04372734015525
24.011228485716657, 59.04420926821748
24.062316205899034, 59.044691196279715
24.11340392608141, 59.04517312434194
24.164491646263784, 59.04565505240418
24.21557936644616, 59.04613698046641
24.266667086628537, 59.04661890852864
24.317754806810914, 59.04710083659087
24.368842526993287, 59.04758276465311
24.419930247175664, 59.048064692715336
24.47101796735804, 59.048546620777564
24.522105687540417, 59.0490285488398
24.573193407722794, 59.04951047690203
24.624281127905167, 59.049992404964264
24.675368848087544, 59.05047433302649
24.72645656826992, 59.05095626108873
24.777544288452297, 59.05143818915096
24.82863200863467, 59.05192011721319
24.879719728817047, 59.05240204527542
24.930807448999424, 59.05288397333765
24.9818951691818, 59.053365901399886
25.032982889364174, 59.053847829462114
25.08407060954655, 59.05432975752435
25.135158329728927, 59.05481168558658
25.186246049911304, 59.055293613648814
25.237333770093677, 59.05577554171104
25.288421490276054, 59.05625746977328
25.33950921045843, 59.05673939783551
25.390596930640807, 59.057221325897736
25.44168465082318, 59.05770325395997
25.492772371005557, 59.0581851820222
25.543860091187934, 59.058667110084436
25.59494781137031, 59.059149038146664
25.646035531552684, 59.0596309662089
25.69712325173506, 59.06011289427113
25.748210971917437, 59.060594822333364
25.799298692099814, 59.06107675039559
25.850386412282187, 59.06155867845782
25.901474132464564, 59.06204060652006
25.95256185264694, 59.062522534582286
26.003649572829318, 59.06300446264452
26.05473729301169, 59.06348639070675
26.105825013194067, 59.063968318768985
26.156912733376444, 59.064450246831214
26.20800045355882, 59.06493217489345
26.259088173741198, 59.06541410295568
26.31017589392357, 59.06589603101791
26.361263614105948, 59.06637795908014
26.412351334288324, 59.06685988714237
26.4634390544707, 59.06734181520461
26.514526774653074, 59.067823743266835
26.56561449483545, 59.06830567132907
26.616702215017828, 59.0687875993913
26.667789935200204, 59.069269527453535
26.718877655382578, 59.069751455515764
26.769965375564954, 59.07023338357799
26.82105309574733, 59.07071531164023
26.872140815929708, 59.07119723970246
26.92322853611208, 59.07167916776469
26.974316256294458, 59.07216109582692
27.025403976476834, 59.07264302388916
27.07649169665921, 59.073124951951385
27.127579416841584, 59.07360688001362
27.17866713702396, 59.07408880807585
27.229754857206338, 59.07457073613808
27.280842577388714, 59.075052664200314
27.331930297571088, 59.07553459226254
27.383018017753464, 59.07601652032478
27.43410573793584, 59.07649844838701
27.485193458118218, 59.07698037644924
27.53628117830059, 59.07746230451147
27.587368898482968, 59.07794423257371
27.638456618665344, 59.078426160635935
27.68954433884772, 59.078908088698164
27.740632059030094, 59.0793900167604
27.79171977921247, 59.07987194482263
27.842807499394848, 59.080353872884864
27.893895219577225, 59.08083580094709
27.9449829397596, 59.08131772900933
27.996070659941974, 59.08179965707156
28.04715838012435, 59.08228158513379
28.098246100306728, 59.08276351319602
28.149333820489105, 59.08324544125825
28.200421540671478, 59.083727369320485
28.251509260853854, 59.08420929738271
28.30259698103623, 59.08469122544495
28.353684701218608, 59.08517315350718
28.40477242140098, 59.08565508156941
28.455860141583358, 59.08613700963164
28.506947861765735, 59.08661893769388
28.55803558194811, 59.087100865756106
28.609123302130484, 59.087582793818335
28.66021102231286, 59.08806472188057
28.711298742495238, 59.0885466499428
28.762386462677615, 59.089028578005035
28.813474182859988, 59.08951050606726
28.864561903042365, 59.0899924341295
28.91564962322474, 59.09047436219173
28.966737343407118, 59.09095629025396
29.01782506358949, 59.09143821831619
29.068912783771868, 59.09192014637842
29.120000503954245, 59.092402074440656
29.17108822413662, 59.092884002502885
29.222175944318995, 59.09336593056512
29.27326366450137, 59.09384785862735
29.324351384683748, 59.094329786689585
29.375439104866125, 59.09481171475181
29.426526825048498, 59.09529364281405
29.477614545230875, 59.09577557087628
29.52870226541325, 59.096257498938506
29.579789985595628, 59.09673942700074
29.630877705778005, 59.09722135506297
29.681965425960378, 59.097703283125206
29.733053146142755, 59.098185211187435
29.78414086632513, 59.09866713924967
29.835228586507508, 59.0991490673119
29.88631630668988, 59.099630995374135
29.937404026872258, 59.10011292343636
29.988491747054635, 59.10059485149859
30.03957946723701, 59.10107677956083
30.090667187419385, 59.101558707623056
30.14175490760176, 59.10204063568529
30.192842627784138, 59.10252256374752
30.243930347966515, 59.103004491809756
30.295018068148888, 59.103486419871984
30.346105788331265, 59.10396834793422
30.39719350851364, 59.10445027599645
30.44828122869602, 59.10493220405868
30.49936894887839, 59.10541413212091
30.550456669060768, 59.10589606018314
30.601544389243145, 59.10637798824538
30.65263210942552, 59.106859916307606
30.703719829607895, 59.10734184436984
30.75480754979027, 59.10782377243207
30.80589526997265, 59.108305700494306
30.856982990155025, 59.108787628556534
30.908070710337398, 59.10926955661876
30.959158430519775, 59.109751484681
31.01024615070215, 59.11023341274323
31.06133387088453, 59.11071534080546
31.112421591066905, 59.11119726886769
31.16350931124928, 59.11167919692993
31.214597031431655, 59.112161124992156
31.26568475161403, 59.11264305305439
31.31677247179641, 59.11312498111662
31.36786019197878, 59.11360690917885
31.41894791216116, 59.114088837241084
31.470035632343535, 59.11457076530331
31.521123352525912, 59.11505269336555
31.572211072708285, 59.11553462142778
31.62329879289066, 59.11601654949001
31.67438651307304, 59.11649847755224
31.725474233255415, 59.11698040561448
31.77656195343779, 59.117462333676706
31.827649673620165, 59.117944261738934
31.878737393802542, 59.11842618980117
31.92982511398492, 59.1189081178634
31.98091283416729, 59.119390045925634
32.03200055434967, 59.11987197398786
32.083088274532045, 59.1203539020501
32.13417599471442, 59.12083583011233
32.1852637148968, 59.12131775817456
32.23635143507917, 59.12179968623679
32.287439155261545, 59.12228161429902
32.338526875443925, 59.122763542361255
32.3896145956263, 59.123245470423484
32.44070231580868, 59.12372739848572
32.49179003599105, 59.12420932654795
32.542877756173425, 59.124691254610184
32.593965476355805, 59.12517318267241
32.64505319653818, 59.12565511073465
32.69614091672055, 59.12613703879688
32.74722863690293, 59.126618966859105
32.798316357085305, 59.12710089492134
32.849404077267685, 59.12758282298357
32.90049179745006, 59.128064751045805
32.95157951763243, 59.128546679108034
33.00266723781481, 59.12902860717027
33.053754957997185, 59.1295105352325
33.104842678179565, 59.129992463294734
33.15593039836194, 59.13047439135696
33.20701811854431, 59.13095631941919
33.25810583872669, 59.13143824748143
33.309193558909065, 59.131920175543655
33.36028127909144, 59.13240210360589
33.41136899927382, 59.13288403166812
33.46245671945619, 59.133365959730355
33.51354443963857, 59.133847887792584
33.564632159820945, 59.13432981585482
33.61571988000332, 59.13481174391705
33.6668076001857, 59.13529367197928
33.71789532036807, 59.13577560004151
33.768983040550445, 59.13625752810374
33.820070760732825, 59.13673945616598
33.8711584809152, 59.137221384228205
33.92224620109758, 59.13770331229044
33.97333392127995, 59.13818524035267
34.024421641462325, 59.138667168414905
34.075509361644706, 59.139149096477134
34.12659708182708, 59.13963102453936
34.17768480200945, 59.1401129526016
34.22877252219183, 59.140594880663826
34.279860242374205, 59.14107680872606
34.330947962556586, 59.14155873678829
34.38203568273896, 59.142040664850526
34.43312340292133, 59.142522592912755
34.48421112310371, 59.14300452097499
34.535298843286085, 59.14348644903722
34.586386563468466, 59.14396837709945
34.63747428365084, 59.14445030516168
34.68856200383321, 59.14493223322391
34.73964972401559, 59.14541416128615
34.790737444197966, 59.145896089348376
34.84182516438034, 59.14637801741061
34.89291288456272, 59.14685994547284
34.94400060474509, 59.147341873535076
34.99508832492747, 59.147823801597305
35.046176045109846, 59.14830572965953
35.09726376529222, 59.14878765772177
35.1483514854746, 59.149269585784
35.19943920565697, 59.14975151384623
35.250526925839345, 59.15023344190846
35.301614646021726, 59.1507153699707
35.3527023662041, 59.151197298032926
35.40379008638648, 59.15167922609516
35.45487780656885, 59.15216115415739
35.505965526751226, 59.15264308221962
35.557053246933606, 59.153125010281855
35.60814096711598, 59.15360693834408
35.65922868729835, 59.15408886640632
35.71031640748073, 59.15457079446855
35.761404127663106, 59.15505272253078
35.812491847845486, 59.15553465059301
35.86357956802786, 59.15601657865525
35.91466728821023, 59.156498506717476
35.96575500839261, 59.156980434779705
36.016842728574986, 59.15746236284194
36.067930448757366, 59.15794429090417
36.11901816893974, 59.158426218966405
36.17010588912211, 59.15890814702863
36.22119360930449, 59.15939007509087
36.272281329486866, 59.1598720031531
36.32336904966924, 59.16035393121533
36.37445676985162, 59.16083585927756
36.42554449003399, 59.16131778733979
36.47663221021637, 59.161799715402026
36.527719930398746, 59.162281643464254
36.57880765058112, 59.16276357152649
36.6298953707635, 59.16324549958872
36.68098309094587, 59.163727427650954
36.732070811128246, 59.16420935571318
36.783158531310626, 59.16469128377542
36.834246251493, 59.16517321183765
36.88533397167538, 59.165655139899876
36.93642169185775, 59.16613706796211
36.987509412040126, 59.16661899602434
37.038597132222506, 59.167100924086576
37.08968485240488, 59.167582852148804
37.14077257258725, 59.16806478021104
37.19186029276963, 59.16854670827327
37.242948012952006, 59.169028636335504
37.294035733134386, 59.16951056439773
37.34512345331676, 59.16999249245996
37.39621117349913, 59.1704744205222
37.44729889368151, 59.170956348584426
37.498386613863886, 59.17143827664666
37.54947433404626, 59.17192020470889
37.60056205422864, 59.172402132771126
37.65164977441101, 59.172884060833354
37.70273749459339, 59.17336598889559
37.753825214775766, 59.17384791695782
37.80491293495814, 59.17432984502005
37.85600065514052, 59.17481177308228
37.90708837532289, 59.17529370114451
37.95817609550527, 59.17577562920675
38.009263815687646, 59.176257557268976
38.06035153587002, 59.17673948533121
38.1114392560524, 59.17722141339344
38.16252697623477, 59.177703341455675
38.213614696417146, 59.178185269517904
38.264702416599526, 59.17866719758014
38.3157901367819, 59.17914912564237
38.36687785696428, 59.1796310537046
38.41796557714665, 59.18011298176683
38.469053297329026, 59.18059490982906
38.520141017511406, 59.1810768378913
38.57122873769378, 59.181558765953525
38.62231645787615, 59.18204069401576
38.67340417805853, 59.18252262207799
38.724491898240906, 59.183004550140225
38.775579618423286, 59.183486478202454
38.82666733860566, 59.18396840626468
38.87775505878803, 59.18445033432692
38.92884277897041, 59.18493226238915
38.979930499152786, 59.18541419045138
39.03101821933516, 59.18589611851361
39.08210593951754, 59.18637804657585
39.13319365969991, 59.186859974638075
39.18428137988229, 59.18734190270031
39.235369100064666, 59.18782383076254
39.28645682024704, 59.18830575882477
39.33754454042942, 59.188787686887004
39.38863226061179, 59.18926961494923
39.43971998079417, 59.18975154301147
39.490807700976546, 59.1902334710737
39.54189542115892, 59.19071539913593
39.5929831413413, 59.19119732719816
39.64407086152367, 59.1916792552604
39.695158581706046, 59.192161183322625
39.746246301888426, 59.192643111384854
39.7973340220708, 59.19312503944709
39.84842174225318, 59.19360696750932
39.89950946243555, 59.194088895571554
39.950597182617926, 59.19457082363378
40.00168490280031, 59.19505275169602
40.05277262298268, 59.19553467975825
40.10386034316505, 59.19601660782048
40.15494806334743, 59.19649853588271
40.206035783529806, 59.19698046394494
40.25712350371219, 59.197462392007175
40.30821122389456, 59.1979443200694
40.35929894407693, 59.19842624813164
40.41038666425931, 59.19890817619387
40.461474384441686, 59.1993901042561
40.51256210462406, 59.19987203231833
40.56364982480644, 59.04211869579505
40.61473754498881, 58.874575273003664
40.66582526517119, 58.70703185021226
40.71691298535357, 58.539488427420885
40.76800070553594, 58.3719450046295
40.81908842571832, 58.2044015818381
40.87017614590069, 58.036858159046716
40.92126386608307, 57.86931473625531
40.97235158626545, 57.70177131346394
41.02343930644782, 57.534227890672554
41.0745270266302, 57.36668446788115
41.12561474681257, 57.19914104508977
41.176702466994946, 57.031597622298385
41.22779018717733, 56.86405419950698
41.2788779073597, 56.696510776715606
41.32996562754208, 56.5289673539242
41.38105334772445, 56.36142393113282
41.43214106790683, 56.19388050834144
41.48322878808921, 56.02633708555003
41.53431650827158, 55.85879366275866
41.58540422845395, 55.691250239967275
41.63649194863633, 55.52370681717587
41.68757966881871, 55.35616339438449
41.73866738900109, 55.188619971593084
41.78975510918346, 55.02107654880171
41.84084282936583, 54.853533126010326
41.89193054954821, 54.68598970321892
41.94301826973059, 54.51844628042754
41.99410598991296, 54.350902857636164
42.04519371009534, 54.18335943484476
42.09628143027771, 54.01581601205338
42.147369150460094, 53.848272589261974
42.19845687064247, 53.68072916647059
42.24954459082484, 53.513185743679216
42.30063231100722, 53.34564232088781
42.35172003118959, 53.17809889809643
42.40280775137197, 53.01055547530505
42.45389547155435, 52.84301205251364
42.50498319173672, 52.67546862972226
42.5560709119191, 52.507925206930864
42.60715863210147, 52.34038178413948
42.65824635228385, 52.1728383613481
42.70933407246623, 52.005294938556695
42.7604217926486, 51.83775151576532
42.81150951283098, 51.67020809297391
42.862597233013354, 51.50266467018253
42.91368495319573, 51.33512124739115
42.96477267337811, 51.167577824599746
43.01586039356048, 51.000034401808364
43.06694811374285, 50.83249097901699
43.118035833925234, 50.664947556225584
43.16912355410761, 50.4974041334342
43.22021127428999, 50.3298607106428
43.27129899447236, 50.162317287851415
43.32238671465473, 49.99477386506004
43.373474434837114, 49.827230442268636
43.42456215501949, 49.65968701947725
43.47564987520186, 49.49214359668587
43.52673759538424, 49.32460017389447
43.57782531556661, 49.157056751103084
43.628913035748994, 48.98951332831169
43.68000075593137, 48.821969905520305
43.73108847611374, 48.65442648272892
43.78217619629612, 48.48688305993752
43.833263916478494, 48.31933963714614
43.88435163666087, 48.15179621435476
43.93543935684325, 47.98425279156336
43.98652707702562, 47.816709368771974
44.037614797208, 47.64916594598057
44.088702517390374, 47.48162252318919
44.13979023757275, 47.31407910039781
44.19087795775513, 47.14653567760641
44.2419656779375, 46.978992254815026
44.29305339811988, 46.81144883202362
44.344141118302254, 46.64390540923225
44.39522883848463, 46.476361986440864
44.44631655866701, 46.30881856364946
44.49740427884938, 46.14127514085808
44.548491999031754, 45.9737317180667
44.599579719214134, 45.80618829527529
44.65066743939651, 45.638644872483916
44.70175515957889, 45.47110144969251
44.75284287976126, 45.30355802690113
44.803930599943634, 45.13601460410975
44.855018320126014, 44.96847118131835
44.90610604030839, 44.80092775852697
44.95719376049076, 44.633384335735585
45.00828148067314, 44.46584091294418
45.059369200855514, 44.2982974901528
45.110456921037894, 44.130754067361394
45.16154464122027, 43.96321064457002
45.21263236140264, 43.795667221778636
45.26372008158502, 43.62812379898723
45.314807801767394, 43.46058037619585
45.36589552194977, 43.29303695340447
45.41698324213215, 43.12549353061307
45.46807096231452, 42.95795010782169
45.5191586824969, 42.790406685030284
45.570246402679274, 42.6228632622389
45.62133412286165, 42.455319839447526
45.67242184304403, 42.287776416656115
45.7235095632264, 42.12023299386474
45.77459728340878, 41.952689571073336
45.825685003591154, 41.78514614828195
45.87677272377353, 41.61760272549057
45.92786044395591, 41.450059302699174
45.97894816413828, 41.28251587990779
46.030035884320654, 41.11497245711641
46.081123604503034, 40.947429034325005
46.13221132468541, 40.77988561153363
46.18329904486779, 40.61234218874222
46.23438676505016, 40.44479876595084
46.285474485232534, 40.27725534315946
46.336562205414914, 40.109711920368056
46.38764992559729, 39.942168497576674
46.43873764577966, 39.77462507478529
46.48982536596204, 39.607081651993894
46.540913086144414, 39.43953822920251
46.592000806326794, 39.27199480641111
46.64308852650917, 39.10445138361973
46.69417624669154, 38.93690796082835
46.74526396687392, 38.76936453803694
46.796351687056294, 38.60182111524556
46.84743940723867, 38.43427769245419
46.89852712742105, 38.26673426966278
46.94961484760342, 38.099190846871394
47.0007025677858, 37.93164742408
47.051790287968174, 37.764104001288615
47.10287800815055, 37.59656057849723
47.15396572833293, 37.429017155705836
47.2050534485153, 37.26147373291445
47.256141168697674, 37.09393031012307
47.307228888880054, 36.92638688733167
47.35831660906243, 36.758843464540284
47.40940432924481, 36.59130004174888
47.46049204942718, 36.4237566189575
47.511579769609554, 36.25621319616612
47.562667489791934, 36.08866977337472
47.61375520997431, 35.921126350583336
47.66484293015669, 35.75358292779193
47.71593065033906, 35.58603950500056
47.767018370521434, 35.418496082209174
47.818106090703814, 35.25095265941777
47.86919381088619, 35.08340923662639
47.92028153106856, 34.91586581383501
47.97136925125094, 34.7483223910436
48.022456971433314, 34.58077896825222
48.073544691615695, 34.41323554546082
48.12463241179807, 34.24569212266944
48.17572013198044, 34.07814869987806
48.22680785216282, 33.91060527708666
48.277895572345194, 33.74306185429528
48.32898329252757, 33.575518431503895
48.38007101270995, 33.40797500871249
48.43115873289232, 33.240431585921115
48.4822464530747, 33.072888163129704
48.533334173257074, 32.90534474033832
48.58442189343945, 32.737801317546946
48.63550961362183, 32.57025789475554
48.6865973338042, 32.40271447196416
48.737685053986574, 32.23517104917278
48.788772774168955, 32.06762762638138
48.83986049435133, 31.900084203589998
48.89094821453371, 31.732540780798594
48.94203593471608, 31.56499735800721
48.993123654898454, 31.397453935215832
49.044211375080835, 31.22991051242443
49.09529909526321, 31.06236708963305
49.14638681544559, 30.894823666841646
49.19747453562796, 30.727280244050263
49.248562255810334, 30.559736821258884
49.299649975992715, 30.39219339846748
49.35073769617509, 30.2246499756761
49.40182541635746, 30.05710655288472
49.45291313653984, 29.889563130093315
49.504000856722215, 29.722019707301936
49.555088576904595, 29.55447628451053
49.60617629708697, 29.386932861719153
49.65726401726934, 29.21938943892777
49.70835173745172, 29.051846016136366
49.759439457634095, 28.884302593344987
49.81052717781647, 28.716759170553605
49.86161489799885, 28.5492157477622
49.91270261818122, 28.381672324970822
49.9637903383636, 28.214128902179418
50.014878058545975, 28.04658547938804
50.06596577872835, 27.879042056596656
50.11705349891073, 27.711498633805252
50.1681412190931, 27.543955211013873
50.219228939275474, 27.376411788222494
50.270316659457855, 27.20886836543109
50.32140437964023, 27.04132494263971
50.37249209982261, 26.873781519848308
50.42357982000498, 26.706238097056925
50.474667540187355, 26.538694674265543
50.525755260369735, 26.37115125147414
50.57684298055211, 26.203607828682763
50.62793070073448, 26.03606440589138
50.67901842091686, 25.868520983099977
50.730106141099235, 25.700977560308594
50.781193861281615, 25.53343413751719
50.83228158146399, 25.365890714725815
50.88336930164636, 25.198347291934432
50.93445702182874, 25.03080386914303
50.985544742011115, 24.863260446351646
51.036632462193495, 24.695717023560242
