Parameters: [53.36435015947464, 22.554918803566483, 8.784240102125498, 36.83769535918977, 3.5441132429040154, -0.06719572160929094, -3.410110309370415]
Points:
0.0, 22.554918803566483
0.05341776792740204, 22.744237422284364
0.10683553585480408, 22.93355604100224
0.16025330378220612, 23.12287465972012
0.21367107170960817, 23.312193278438
0.2670888396370102, 23.50151189715588
0.32050660756441224, 23.690830515873756
0.3739243754918143, 23.880149134591637
0.42734214341921634, 24.069467753309514
0.4807599113466184, 24.258786372027394
0.5341776792740204, 24.44810499074527
0.5875954472014224, 24.637423609463152
0.6410132151288245, 24.826742228181033
0.6944309830562265, 25.01606084689891
0.7478487509836286, 25.20537946561679
0.8012665189110306, 25.394698084334667
0.8546842868384327, 25.584016703052548
0.9081020547658347, 25.773335321770425
0.9615198226932368, 25.962653940488305
1.0149375906206388, 26.151972559206182
1.0683553585480408, 26.341291177924063
1.121773126475443, 26.53060979664194
1.1751908944028449, 26.71992841535982
1.228608662330247, 26.9092470340777
1.282026430257649, 27.09856565279558
1.3354441981850511, 27.28788427151346
1.388861966112453, 27.477202890231336
1.4422797340398552, 27.666521508949216
1.4956975019672571, 27.855840127667093
1.5491152698946593, 28.045158746384974
1.6025330378220612, 28.23447736510285
1.6559508057494634, 28.42379598382073
1.7093685736768653, 28.61311460253861
1.7627863416042673, 28.80243322125649
1.8162041095316694, 28.99175183997437
1.8696218774590714, 29.181070458692247
1.9230396453864735, 29.370389077410124
1.9764574133138755, 29.559707696128005
2.0298751812412776, 29.749026314845885
2.08329294916868, 29.938344933563762
2.1367107170960815, 30.12766355228164
2.1901284850234837, 30.31698217099952
2.243546252950886, 30.5063007897174
2.296964020878288, 30.695619408435277
2.3503817888056897, 30.884938027153154
2.403799556733092, 31.07425664587104
2.457217324660494, 31.263575264588916
2.510635092587896, 31.452893883306793
2.564052860515298, 31.642212502024673
2.6174706284427, 31.831531120742554
2.6708883963701022, 32.02084973946043
2.724306164297504, 32.21016835817831
2.777723932224906, 32.399486976896185
2.8311417001523083, 32.58880559561407
2.8845594680797104, 32.778124214331946
2.937977236007112, 32.96744283304982
2.9913950039345143, 33.15676145176771
3.0448127718619165, 33.346080070485584
3.0982305397893186, 33.53539868920346
3.1516483077167203, 33.72471730792134
3.2050660756441225, 33.91403592663922
3.2584838435715247, 34.1033545453571
3.311901611498927, 34.292673164074984
3.3653193794263285, 34.48199178279286
3.4187371473537307, 34.67131040151074
3.472154915281133, 34.860629020228615
3.5255726832085346, 35.04994763894649
3.5789904511359367, 35.239266257664376
3.632408219063339, 35.42858487638225
3.685825986990741, 35.61790349510013
3.7392437549181428, 35.807222113818014
3.792661522845545, 35.99654073253589
3.846079290772947, 36.18585935125377
3.8994970587003492, 36.375177969971645
3.952914826627751, 36.56449658868952
4.006332594555153, 36.753815207407406
4.059750362482555, 36.94313382612528
4.113168130409957, 37.13245244484317
4.16658589833736, 37.321771063561044
4.220003666264762, 37.51108968227892
4.273421434192163, 37.7004083009968
4.326839202119565, 37.889726919714676
4.380256970046967, 38.07904553843256
4.4336747379743695, 38.26836415715044
4.487092505901772, 38.457682775868314
4.540510273829174, 38.6470013945862
4.593928041756576, 38.836320013304075
4.647345809683977, 39.02563863202195
4.700763577611379, 39.21495725073983
4.754181345538782, 39.404275869457706
4.807599113466184, 39.59359448817559
4.861016881393586, 39.78291310689347
4.914434649320988, 39.97223172561135
4.96785241724839, 40.16155034432923
5.021270185175792, 40.350868963047105
5.074687953103194, 40.54018758176498
5.128105721030596, 40.72950620048286
5.181523488957998, 40.91882481920074
5.2349412568854, 41.10814343791862
5.288359024812802, 41.297462056636505
5.3417767927402044, 41.48678067535438
5.395194560667607, 41.67609929407226
5.448612328595008, 41.865417912790136
5.50203009652241, 42.05473653150801
5.555447864449812, 42.24405515022589
5.608865632377214, 42.433373768943774
5.6622834003046165, 42.62269238766166
5.715701168232019, 42.812011006379535
5.769118936159421, 43.00132962509741
5.822536704086823, 43.19064824381529
5.875954472014224, 43.379966862533166
5.929372239941626, 43.56928548125104
5.982790007869029, 43.75860409996893
6.036207775796431, 43.947922718686804
6.089625543723833, 44.13724133740469
6.143043311651235, 44.326559956122566
6.196461079578637, 44.51587857484044
6.2498788475060385, 44.70519719355832
6.303296615433441, 44.8945158122762
6.356714383360843, 45.083834430994074
6.410132151288245, 45.27315304971196
6.463549919215647, 45.46247166842984
6.516967687143049, 45.65179028714772
6.5703854550704515, 45.841108905865596
6.623803222997854, 46.03042752458347
6.677220990925255, 46.21974614330135
6.730638758852657, 46.40906476201923
6.784056526780059, 46.59838338073711
6.837474294707461, 46.78770199945499
6.8908920626348635, 46.97702061817287
6.944309830562266, 47.16633923689075
6.997727598489668, 47.35565785560863
7.051145366417069, 47.5449764743265
7.104563134344471, 47.73429509304438
7.1579809022718734, 47.923613711762265
7.211398670199276, 48.11293233048014
7.264816438126678, 48.302250949198026
7.31823420605408, 48.4915695679159
7.371651973981482, 48.68088818663378
7.425069741908884, 48.87020680535166
7.4784875098362855, 49.059525424069534
7.531905277763688, 49.24884404278741
7.58532304569109, 49.438162661505295
7.638740813618492, 49.62748128022318
7.692158581545894, 49.816799898941056
7.745576349473296, 50.00611851765893
7.7989941174006985, 50.19543713637681
7.8524118853281, 50.38475575509469
7.905829653255502, 50.574074373812564
7.959247421182904, 50.76339299253045
8.012665189110306, 50.952711611248326
8.066082957037708, 51.1420302299662
8.11950072496511, 51.33134884868409
8.172918492892512, 51.520667467401964
8.226336260819915, 51.70998608611984
8.279754028747316, 51.89930470483772
8.33317179667472, 52.0886233235556
8.38658956460212, 52.27794194227348
8.440007332529524, 52.46726056099136
8.493425100456925, 52.65657917970924
8.546842868384326, 52.84589779842712
8.600260636311729, 53.035216417144994
8.65367840423913, 53.22453503586287
8.707096172166533, 53.413853654580755
8.760513940093935, 53.60317227329863
8.813931708021338, 53.68526532947408
8.867349475948739, 53.68167588401143
8.92076724387614, 53.678086438548796
8.974185011803543, 53.67449699308616
9.027602779730945, 53.670907547623514
9.081020547658348, 53.66731810216088
9.134438315585749, 53.66372865669824
9.187856083513152, 53.6601392112356
9.241273851440553, 53.65654976577296
9.294691619367955, 53.65296032031032
9.348109387295358, 53.64937087484768
9.401527155222759, 53.64578142938504
9.454944923150162, 53.6421919839224
9.508362691077563, 53.638602538459764
9.561780459004966, 53.63501309299712
9.615198226932367, 53.63142364753448
9.668615994859769, 53.627834202071845
9.722033762787172, 53.62424475660921
9.775451530714573, 53.620655311146564
9.828869298641976, 53.61706586568393
9.882287066569377, 53.61347642022129
9.93570483449678, 53.609886974758645
9.989122602424182, 53.60629752929601
10.042540370351585, 53.60270808383337
10.095958138278986, 53.599118638370726
10.149375906206387, 53.59552919290809
10.20279367413379, 53.59193974744545
10.256211442061192, 53.588350301982814
10.309629209988595, 53.58476085652017
10.363046977915996, 53.58117141105753
10.416464745843399, 53.577581965594895
10.4698825137708, 53.57399252013225
10.523300281698202, 53.57040307466961
10.576718049625605, 53.566813629206976
10.630135817553006, 53.56322418374433
10.683553585480409, 53.559634738281694
10.73697135340781, 53.55604529281906
10.790389121335213, 53.55245584735642
10.843806889262614, 53.548866401893775
10.897224657190016, 53.54527695643114
10.950642425117419, 53.5416875109685
11.00406019304482, 53.53809806550586
11.057477960972223, 53.53450862004322
11.110895728899624, 53.53091917458058
11.164313496827027, 53.52732972911794
11.217731264754429, 53.5237402836553
11.27114903268183, 53.52015083819266
11.324566800609233, 53.516561392730026
11.377984568536634, 53.51297194726738
11.431402336464037, 53.509382501804744
11.484820104391439, 53.50579305634211
11.538237872318842, 53.50220361087946
11.591655640246243, 53.498614165416825
11.645073408173646, 53.49502471995419
11.698491176101047, 53.49143527449154
11.751908944028449, 53.487845829028906
11.805326711955852, 53.48425638356627
11.858744479883253, 53.48066693810363
11.912162247810656, 53.47707749264099
11.965580015738057, 53.47348804717835
12.01899778366546, 53.46989860171571
12.072415551592862, 53.46630915625307
12.125833319520263, 53.46271971079043
12.179251087447666, 53.45913026532779
12.232668855375067, 53.45554081986515
12.28608662330247, 53.45195137440251
12.339504391229871, 53.448361928939875
12.392922159157274, 53.44477248347724
12.446339927084676, 53.44118303801459
12.499757695012077, 53.437593592551956
12.55317546293948, 53.43400414708932
12.606593230866881, 53.430414701626674
12.660010998794284, 53.42682525616404
12.713428766721686, 53.4232358107014
12.766846534649089, 53.419646365238755
12.82026430257649, 53.41605691977612
12.873682070503891, 53.41246747431348
12.927099838431294, 53.40887802885084
12.980517606358696, 53.4052885833882
13.033935374286099, 53.40169913792556
13.0873531422135, 53.398109692462924
13.140770910140903, 53.39452024700028
13.194188678068304, 53.39093080153764
13.247606445995707, 53.387341356075005
13.301024213923109, 53.38375191061236
13.35444198185051, 53.38016246514972
13.407859749777913, 53.376573019687086
13.461277517705314, 53.37298357422445
13.514695285632717, 53.369394128761805
13.568113053560118, 53.36580468329917
13.621530821487521, 53.36221523783653
13.674948589414923, 53.358625792373886
13.728366357342324, 53.35503634691125
13.781784125269727, 53.35144690144861
13.835201893197128, 53.34785745598597
13.888619661124531, 53.34426801052333
13.942037429051933, 53.34067856506069
13.995455196979336, 53.337089119598055
14.048872964906737, 53.33349967413541
14.102290732834138, 53.32991022867277
14.155708500761541, 53.326320783210136
14.209126268688943, 53.32273133774749
14.262544036616346, 53.319141892284854
14.315961804543747, 53.31555244682222
14.36937957247115, 53.31196300135957
14.422797340398551, 53.308373555896935
14.476215108325954, 53.3047841104343
14.529632876253356, 53.30119466497166
14.583050644180757, 53.297605219509016
14.63646841210816, 53.29401577404638
14.689886180035561, 53.29042632858374
14.743303947962964, 53.2868368831211
14.796721715890365, 53.28324743765846
14.850139483817768, 53.27965799219582
14.90355725174517, 53.27606854673318
14.956975019672571, 53.27247910127054
15.010392787599974, 53.268889655807904
15.063810555527375, 53.265300210345266
15.117228323454778, 53.26171076488262
15.17064609138218, 53.258121319419985
15.224063859309583, 53.25453187395735
15.277481627236984, 53.2509424284947
15.330899395164385, 53.247352983032066
15.384317163091788, 53.24376353756943
15.43773493101919, 53.240174092106784
15.491152698946593, 53.23658464664415
15.544570466873994, 53.23299520118151
15.597988234801397, 53.22940575571887
15.651406002728798, 53.22581631025623
15.7048237706562, 53.22222686479359
15.758241538583603, 53.21863741933095
15.811659306511004, 53.21504797386831
15.865077074438407, 53.21145852840567
15.918494842365808, 53.207869082943034
15.971912610293211, 53.20427963748039
16.025330378220612, 53.20069019201775
16.078748146148016, 53.197100746555115
16.132165914075415, 53.19351130109248
16.185583682002818, 53.189921855629834
16.23900144993022, 53.186332410167196
16.292419217857624, 53.18274296470456
16.345836985785024, 53.179153519241915
16.399254753712427, 53.17556407377928
16.45267252163983, 53.17197462831664
16.50609028956723, 53.168385182853996
16.559508057494632, 53.16479573739136
16.612925825422035, 53.16120629192872
16.66634359334944, 53.157616846466084
16.719761361276838, 53.15402740100344
16.77317912920424, 53.1504379555408
16.826596897131644, 53.146848510078165
16.880014665059047, 53.14325906461552
16.933432432986447, 53.13966961915288
16.98685020091385, 53.136080173690246
17.040267968841253, 53.1324907282276
17.093685736768652, 53.128901282764964
17.147103504696055, 53.12531183730233
17.200521272623458, 53.12172239183969
17.25393904055086, 53.118132946377045
17.30735680847826, 53.11454350091441
17.360774576405664, 53.11095405545177
17.414192344333067, 53.107364609989126
17.467610112260466, 53.10377516452649
17.52102788018787, 53.10018571906385
17.574445648115272, 53.09659627360121
17.627863416042675, 53.09300682813857
17.681281183970075, 53.08941738267593
17.734698951897478, 53.085827937213296
17.78811671982488, 53.08223849175065
17.84153448775228, 53.078649046288014
17.894952255679684, 53.07505960082538
17.948370023607087, 53.07147015536273
18.00178779153449, 53.067880709900095
18.05520555946189, 53.06429126443746
18.108623327389292, 53.06070181897481
18.162041095316695, 53.057112373512176
18.215458863244095, 53.05352292804954
18.268876631171498, 53.0499334825869
18.3222943990989, 53.04634403712426
18.375712167026304, 53.04275459166162
18.429129934953703, 53.03916514619898
18.482547702881106, 53.03557570073634
18.53596547080851, 53.0319862552737
18.58938323873591, 53.02839680981106
18.642801006663312, 53.02480736434842
18.696218774590715, 53.02121791888578
18.749636542518118, 53.017628473423144
18.803054310445518, 53.01403902796051
18.85647207837292, 53.01044958249786
18.909889846300324, 53.006860137035225
18.963307614227723, 53.00327069157259
19.016725382155126, 52.999681246109944
19.07014315008253, 52.99609180064731
19.123560918009932, 52.99250235518467
19.176978685937332, 52.988912909722025
19.230396453864735, 52.98532346425939
19.283814221792138, 52.98173401879675
19.337231989719537, 52.97814457333411
19.39064975764694, 52.97455512787147
19.444067525574344, 52.97096568240883
19.497485293501747, 52.967376236946194
19.550903061429146, 52.96378679148355
19.60432082935655, 52.96019734602091
19.657738597283952, 52.956607900558275
19.71115636521135, 52.95301845509563
19.764574133138755, 52.94942900963299
19.817991901066158, 52.945839564170356
19.87140966899356, 52.94225011870772
19.92482743692096, 52.938660673245074
19.978245204848363, 52.93507122778244
20.031662972775766, 52.9314817823198
20.08508074070317, 52.927892336857155
20.13849850863057, 52.92430289139452
20.191916276557972, 52.92071344593188
20.245334044485375, 52.91712400046924
20.298751812412775, 52.9135345550066
20.352169580340178, 52.90994510954396
20.40558734826758, 52.906355664081325
20.459005116194984, 52.90276621861868
20.512422884122383, 52.89917677315604
20.565840652049786, 52.895587327693406
20.61925841997719, 52.89199788223076
20.67267618790459, 52.888408436768124
20.726093955831992, 52.88481899130549
20.779511723759395, 52.88122954584284
20.832929491686798, 52.877640100380205
20.886347259614197, 52.87405065491757
20.9397650275416, 52.87046120945493
20.993182795469004, 52.866871763992286
21.046600563396403, 52.86328231852965
21.100018331323806, 52.85969287306701
21.15343609925121, 52.85610342760437
21.206853867178612, 52.85251398214173
21.26027163510601, 52.84892453667909
21.313689403033415, 52.84533509121645
21.367107170960818, 52.84174564575381
21.420524938888217, 52.83815620029117
21.47394270681562, 52.834566754828536
21.527360474743023, 52.83097730936589
21.580778242670426, 52.827387863903255
21.634196010597826, 52.82379841844062
21.68761377852523, 52.82020897297797
21.741031546452632, 52.816619527515336
21.79444931438003, 52.8130300820527
21.847867082307435, 52.809440636590054
21.901284850234838, 52.80585119112742
21.95470261816224, 52.80226174566478
22.00812038608964, 52.79867230020214
22.061538154017043, 52.7950828547395
22.114955921944446, 52.79149340927686
22.168373689871846, 52.78790396381422
22.22179145779925, 52.78431451835158
22.275209225726652, 52.78072507288894
22.328626993654055, 52.777135627426304
22.382044761581454, 52.77354618196366
22.435462529508857, 52.76995673650102
22.48888029743626, 52.766367291038385
22.54229806536366, 52.76277784557575
22.595715833291063, 52.7591884001131
22.649133601218466, 52.755598954650466
22.70255136914587, 52.75200950918783
22.75596913707327, 52.748420063725185
22.80938690500067, 52.74483061826255
22.862804672928075, 52.74124117279991
22.916222440855478, 52.737651727337266
22.969640208782877, 52.73406228187463
23.02305797671028, 52.73047283641199
23.076475744637683, 52.726883390949354
23.129893512565083, 52.72329394548671
23.183311280492486, 52.71970450002407
23.23672904841989, 52.716115054561435
23.290146816347292, 52.71252560909879
23.34356458427469, 52.70893616363615
23.396982352202095, 52.705346718173516
23.450400120129498, 52.70175727271087
23.503817888056897, 52.698167827248234
23.5572356559843, 52.6945783817856
23.610653423911703, 52.69098893632296
23.664071191839106, 52.687399490860315
23.717488959766506, 52.68381004539768
23.77090672769391, 52.68022059993504
23.824324495621312, 52.676631154472396
23.87774226354871, 52.67304170900976
23.931160031476114, 52.66945226354712
23.984577799403517, 52.66586281808448
24.03799556733092, 52.66227337262184
24.09141333525832, 52.6586839271592
24.144831103185723, 52.655094481696565
24.198248871113126, 52.65150503623392
24.251666639040526, 52.647915590771284
24.30508440696793, 52.644326145308646
24.35850217489533, 52.640736699846
24.411919942822735, 52.637147254383365
24.465337710750134, 52.63355780892073
24.518755478677537, 52.62996836345808
24.57217324660494, 52.626378917995446
24.62559101453234, 52.62278947253281
24.679008782459743, 52.61920002707017
24.732426550387146, 52.61561058160753
24.78584431831455, 52.61202113614489
24.83926208624195, 52.60843169068225
24.89267985416935, 52.60484224521961
24.946097622096755, 52.60125279975697
24.999515390024154, 52.59766335429433
25.052933157951557, 52.59407390883169
25.10635092587896, 52.59048446336905
25.159768693806363, 52.586895017906414
25.213186461733763, 52.58330557244378
25.266604229661166, 52.57971612698113
25.32002199758857, 52.576126681518495
25.37343976551597, 52.57253723605586
25.42685753344337, 52.568947790593214
25.480275301370774, 52.565358345130576
25.533693069298177, 52.56176889966794
25.587110837225577, 52.558179454205295
25.64052860515298, 52.55459000874266
25.693946373080383, 52.55100056328002
25.747364141007782, 52.54741111781738
25.800781908935186, 52.54382167235474
25.85419967686259, 52.5402322268921
25.90761744478999, 52.536642781429464
25.96103521271739, 52.53305333596682
26.014452980644794, 52.52946389050418
26.067870748572197, 52.525874445041545
26.1212885164996, 52.5222849995789
26.174706284427, 52.51869555411626
26.228124052354403, 52.515106108653626
26.281541820281806, 52.51151666319099
26.334959588209205, 52.507927217728344
26.38837735613661, 52.50433777226571
26.44179512406401, 52.50074832680307
26.495212891991414, 52.497158881340425
26.548630659918814, 52.49356943587779
26.602048427846217, 52.48997999041515
26.65546619577362, 52.486390544952506
26.70888396370102, 52.48280109948987
26.762301731628423, 52.47921165402723
26.815719499555826, 52.475622208564594
26.86913726748323, 52.47203276310195
26.922555035410628, 52.46844331763931
26.97597280333803, 52.464853872176676
27.029390571265434, 52.46126442671403
27.082808339192834, 52.457674981251394
27.136226107120237, 52.45408553578876
27.18964387504764, 52.45049609032611
27.243061642975043, 52.446906644863475
27.296479410902442, 52.44331719940084
27.349897178829846, 52.4397277539382
27.40331494675725, 52.436138308475556
27.456732714684648, 52.43254886301292
27.51015048261205, 52.42895941755028
27.563568250539454, 52.42536997208764
27.616986018466857, 52.421780526625
27.670403786394257, 52.41819108116236
27.72382155432166, 52.41460163569972
27.777239322249063, 52.41101219023708
27.830657090176462, 52.40742274477444
27.884074858103865, 52.403833299311806
27.93749262603127, 52.40024385384916
27.99091039395867, 52.396654408386524
28.04432816188607, 52.39306496292389
28.097745929813474, 52.38947551746124
28.151163697740877, 52.385886071998605
28.204581465668277, 52.38229662653597
28.25799923359568, 52.378707181073324
28.311417001523083, 52.37511773561069
28.364834769450486, 52.37152829014805
28.418252537377885, 52.36793884468541
28.471670305305288, 52.36434939922277
28.52508807323269, 52.36075995376013
28.57850584116009, 52.35717050829749
28.631923609087494, 52.35358106283485
28.685341377014897, 52.34999161737221
28.7387591449423, 52.346402171909574
28.7921769128697, 52.34281272644693
28.845594680797102, 52.33922328098429
28.899012448724505, 52.335633835521655
28.95243021665191, 52.33204439005902
29.005847984579308, 52.32845494459637
29.05926575250671, 52.324865499133736
29.112683520434114, 52.3212760536711
29.166101288361514, 52.317686608208454
29.219519056288917, 52.31409716274582
29.27293682421632, 52.31050771728318
29.326354592143723, 52.306918271820535
29.379772360071122, 52.3033288263579
29.433190127998525, 52.29973938089526
29.48660789592593, 52.296149935432624
29.540025663853328, 52.29256048996998
29.59344343178073, 52.28897104450734
29.646861199708134, 52.285381599044705
29.700278967635537, 52.28179215358206
29.753696735562936, 52.27820270811942
29.80711450349034, 52.274613262656786
29.860532271417743, 52.27102381719414
29.913950039345142, 52.267434371731504
29.967367807272545, 52.26384492626887
30.020785575199948, 52.26025548080623
30.07420334312735, 52.256666035343585
30.12762111105475, 52.25307658988095
30.181038878982154, 52.24948714441831
30.234456646909557, 52.245897698955666
30.287874414836956, 52.24230825349303
30.34129218276436, 52.23871880803039
30.394709950691762, 52.23512936256775
30.448127718619165, 52.23153991710511
30.501545486546565, 52.22795047164247
30.554963254473968, 52.224361026179835
30.60838102240137, 52.22077158071719
30.66179879032877, 52.21718213525455
30.715216558256174, 52.213592689791916
30.768634326183577, 52.21000324432927
30.82205209411098, 52.206413798866635
30.87546986203838, 52.202824353404
30.928887629965782, 52.19923490794135
30.982305397893185, 52.195645462478716
31.035723165820585, 52.19205601701608
31.089140933747988, 52.18846657155344
31.14255870167539, 52.1848771260908
31.195976469602794, 52.18128768062816
31.249394237530193, 52.17769823516552
31.302812005457596, 52.17410878970288
31.356229773385, 52.17051934424024
31.4096475413124, 52.1669298987776
31.463065309239802, 52.16334045331496
31.516483077167205, 52.15975100785232
31.569900845094608, 52.156161562389684
31.623318613022008, 52.15257211692705
31.67673638094941, 52.1489826714644
31.730154148876814, 52.145393226001765
31.783571916804213, 52.14180378053913
31.836989684731616, 52.13821433507648
31.89040745265902, 52.134624889613846
31.943825220586422, 52.13103544415121
31.997242988513822, 52.127445998688565
32.050660756441225, 52.12385655322593
32.104078524368624, 52.12026710776329
32.15749629229603, 52.11667766230065
32.21091406022343, 52.11308821683801
32.26433182815083, 52.10949877137537
32.31774959607824, 52.105909325912734
32.371167364005636, 52.10231988045009
32.42458513193304, 52.09873043498745
32.47800289986044, 52.095140989524815
32.53142066778784, 52.09155154406217
32.58483843571525, 52.08796209859953
32.63825620364265, 52.084372653136896
32.69167397157005, 52.08078320767426
32.745091739497454, 52.077193762211614
32.79850950742485, 52.07360431674898
32.85192727535225, 52.07001487128634
32.90534504327966, 52.066425425823695
32.95876281120706, 52.06283598036106
33.01218057913446, 52.05924653489842
33.065598347061865, 52.055657089435776
33.119016114989265, 52.05206764397314
33.17243388291667, 52.0484781985105
33.22585165084407, 52.044888753047864
33.27926941877147, 52.04129930758522
33.33268718669888, 52.03770986212258
33.386104954626276, 52.034120416659945
33.439522722553676, 52.0305309711973
33.49294049048108, 52.026941525734664
33.54635825840848, 52.023352080272026
33.59977602633588, 52.01976263480938
33.65319379426329, 52.016173189346745
33.70661156219069, 52.01258374388411
33.760029330118094, 52.00899429842147
33.81344709804549, 52.005404852958826
33.86686486597289, 52.00181540749619
33.9202826339003, 51.99822596203355
33.9737004018277, 51.99463651657091
34.0271181697551, 51.99104707110827
34.080535937682505, 51.98745762564563
34.133953705609905, 51.98386818018299
34.187371473537304, 51.98027873472035
34.24078924146471, 51.97668928925771
34.29420700939211, 51.973099843795076
34.34762477731951, 51.96951039833243
34.401042545246916, 51.965920952869794
34.454460313174316, 51.96233150740716
34.50787808110172, 51.95874206194451
34.56129584902912, 51.955152616481875
34.61471361695652, 51.95156317101924
34.66813138488393, 51.947973725556594
34.72154915281133, 51.944384280093956
34.77496692073873, 51.94079483463132
34.828384688666134, 51.93720538916868
34.88180245659353, 51.93361594370604
34.93522022452093, 51.9300264982434
34.98863799244834, 51.92643705278076
35.04205576037574, 51.92284760731812
35.09547352830314, 51.91925816185548
35.148891296230545, 51.915668716392844
35.202309064157944, 51.9120792709302
35.25572683208535, 51.90848982546756
35.30914460001275, 51.904900380004925
35.36256236794015, 51.90131093454229
35.41598013586756, 51.89772148907964
35.469397903794956, 51.894132043617006
35.522815671722356, 51.89054259815437
35.57623343964976, 51.886953152691724
35.62965120757716, 51.88336370722909
35.68306897550456, 51.87977426176645
35.73648674343197, 51.876184816303805
35.78990451135937, 51.87259537084117
35.84332227928677, 51.86900592537853
35.89674004721417, 51.86541647991589
35.95015781514157, 51.86182703445325
36.00357558306898, 51.85823758899061
36.05699335099638, 51.854648143527974
36.11041111892378, 51.85105869806533
36.163828886851185, 51.84746925260269
36.217246654778585, 51.843879807140056
36.270664422705984, 51.84029036167741
36.32408219063339, 51.836700916214774
36.37749995856079, 51.83311147075214
36.43091772648819, 51.8295220252895
36.484335494415596, 51.825932579826855
36.537753262342996, 51.82234313436422
36.5911710302704, 51.81875368890158
36.6445887981978, 51.815164243438936
36.6980065661252, 51.8115747979763
36.75142433405261, 51.80798535251366
36.80484210198001, 51.80439590705102
36.85825986990741, 51.732061058720234
36.91167763783481, 51.54990057760743
36.96509540576221, 51.36774009649465
37.01851317368961, 51.18557961538187
37.07193094161702, 51.00341913426906
37.12534870954442, 50.82125865315628
37.17876647747182, 50.6390981720435
37.232184245399225, 50.456937690930694
37.285602013326624, 50.27477720981791
37.33901978125403, 50.09261672870511
37.39243754918143, 49.91045624759233
37.44585531710883, 49.72829576647955
37.499273085036236, 49.54613528536674
37.552690852963636, 49.36397480425396
37.606108620891035, 49.181814323141175
37.65952638881844, 48.99965384202837
37.71294415674584, 48.81749336091559
37.76636192467324, 48.63533287980281
37.81977969260065, 48.45317239869
37.87319746052805, 48.27101191757722
37.92661522845545, 48.08885143646444
37.98003299638285, 47.906690955351635
38.03345076431025, 47.724530474238854
38.08686853223766, 47.542369993126044
38.14028630016506, 47.36020951201326
38.19370406809246, 47.17804903090048
38.247121836019865, 46.99588854978768
38.300539603947264, 46.8137280686749
38.353957371874664, 46.63156758756212
38.40737513980207, 46.449407106449314
38.46079290772947, 46.267246625336526
38.51421067565687, 46.08508614422375
38.567628443584276, 45.90292566311094
38.621046211511675, 45.72076518199816
38.674463979439075, 45.53860470088538
38.72788174736648, 45.35644421977258
38.78129951529388, 45.174283738659796
38.83471728322129, 44.992123257546986
38.88813505114869, 44.809962776434205
38.94155281907609, 44.62780229532142
38.99497058700349, 44.44564181420862
39.04838835493089, 44.26348133309584
39.10180612285829, 44.08132085198306
39.1552238907857, 43.89916037087025
39.2086416587131, 43.71699988975747
39.2620594266405, 43.534839408644686
39.315477194567904, 43.35267892753188
39.368894962495304, 43.1705184464191
39.4223127304227, 42.98835796530632
39.47573049835011, 42.80619748419352
39.52914826627751, 42.62403700308073
39.582566034204916, 42.44187652196793
39.635983802132316, 42.259716040855146
39.689401570059715, 42.077555559742365
39.74281933798712, 41.89539507862956
39.79623710591452, 41.71323459751678
39.84965487384192, 41.531074116404
39.90307264176933, 41.34891363529119
39.95649040969673, 41.16675315417841
40.009908177624126, 40.98459267306563
40.06332594555153, 40.802432191952825
40.11674371347893, 40.62027171084004
40.17016148140634, 40.438111229727234
40.22357924933374, 40.25595074861445
40.27699701726114, 40.07379026750167
40.330414785188545, 39.89162978638887
40.383832553115944, 39.70946930527609
40.437250321043344, 39.527308824163306
40.49066808897075, 39.3451483430505
40.54408585689815, 39.16298786193772
40.59750362482555, 38.980827380824934
40.650921392752956, 38.79866689971213
40.704339160680355, 38.61650641859935
40.757756928607755, 38.43434593748657
40.81117469653516, 38.252185456373766
40.86459246446256, 38.07002497526098
40.91801023238997, 37.887864494148175
40.97142800031737, 37.705704013035394
41.02484576824477, 37.52354353192261
41.07826353617217, 37.34138305080981
41.13168130409957, 37.15922256969703
41.18509907202697, 36.97706208858425
41.23851683995438, 36.79490160747144
41.29193460788178, 36.61274112635866
41.34535237580918, 36.430580645245875
41.398770143736584, 36.24842016413307
41.452187911663984, 36.06625968302029
41.50560567959138, 35.88409920190751
41.55902344751879, 35.7019387207947
41.61244121544619, 35.519778239681926
41.665858983373596, 35.33761775856912
41.719276751300995, 35.155457277456335
41.772694519228395, 34.973296796343554
41.8261122871558, 34.791136315230744
41.8795300550832, 34.60897583411797
41.9329478230106, 34.42681535300518
41.98636559093801, 34.24465487189238
42.03978335886541, 34.0624943907796
42.093201126792806, 33.88033390966682
42.14661889472021, 33.698173428554014
42.20003666264761, 33.516012947441226
42.25345443057501, 33.33385246632845
42.30687219850242, 33.15169198521565
42.36028996642982, 32.96953150410286
42.413707734357224, 32.78737102299006
42.467125502284624, 32.60521054187728
42.52054327021202, 32.423050060764496
42.57396103813943, 32.24088957965169
42.62737880606683, 32.058729098538905
42.68079657399423, 31.876568617426127
42.734214341921636, 31.69440813631332
42.787632109849035, 31.51224765520054
42.841049877776435, 31.33008717408776
42.89446764570384, 31.147926692974952
42.94788541363124, 30.96576621186217
43.00130318155865, 30.783605730749365
43.05472094948605, 30.601445249636583
43.108138717413446, 30.419284768523802
43.16155648534085, 30.237124287410996
43.21497425326825, 30.054963806298215
43.26839202119565, 29.872803325185433
43.32180978912306, 29.69064284407263
43.37522755705046, 29.508482362959846
43.42864532497786, 29.326321881847065
43.482063092905264, 29.144161400734262
43.53548086083266, 28.96200091962148
43.58889862876006, 28.7798404385087
43.64231639668747, 28.597679957395894
43.69573416461487, 28.415519476283112
43.749151932542276, 28.233358995170306
43.802569700469675, 28.051198514057525
43.855987468397075, 27.869038032944744
43.90940523632448, 27.686877551831937
43.96282300425188, 27.504717070719156
44.01624077217928, 27.322556589606375
44.06965854010669, 27.14039610849357
44.123076308034086, 26.958235627380787
44.176494075961486, 26.776075146268006
44.22991184388889, 26.5939146651552
44.28332961181629, 26.41175418404242
44.33674737974369, 26.229593702929638
44.3901651476711, 26.04743322181683
44.4435829155985, 25.86527274070405
44.497000683525904, 25.683112259591248
44.550418451453304, 25.500951778478466
44.6038362193807, 25.318791297365685
44.65725398730811, 25.13663081625288
44.71067175523551, 24.954470335140098
44.76408952316291, 24.772309854027316
44.817507291090315, 24.59014937291451
44.870925059017715, 24.40798889180173
44.924342826945114, 24.225828410688948
44.97776059487252, 24.04366792957614
45.03117836279992, 23.86150744846336
45.08459613072732, 23.67934696735058
45.13801389865473, 23.497186486237773
45.191431666582126, 23.31502600512499
45.24484943450953, 23.132865524012185
45.29826720243693, 22.950705042899404
45.35168497036433, 22.768544561786623
45.40510273829174, 22.586384080673817
45.45852050621914, 22.404223599561035
45.51193827414654, 22.222063118448254
45.565356042073944, 22.03990263733545
45.61877381000134, 21.85774215622267
45.67219157792874, 21.675581675109886
45.72560934585615, 21.493421193997083
45.77902711378355, 21.3112607128843
45.832444881710956, 21.129100231771496
45.885862649638355, 20.946939750658714
45.939280417565755, 20.764779269545933
45.99269818549316, 20.582618788433127
46.04611595342056, 20.400458307320346
46.09953372134796, 20.218297826207564
46.15295148927537, 20.036137345094758
46.206369257202766, 19.853976863981977
46.259787025130166, 19.671816382869196
46.31320479305757, 19.489655901756393
46.36662256098497, 19.307495420643612
46.42004032891237, 19.12533493953083
46.47345809683978, 18.94317445841802
46.52687586476718, 18.76101397730524
46.580293632694584, 18.578853496192437
46.63371140062198, 18.396693015079656
46.68712916854938, 18.214532533966874
46.74054693647679, 18.032372052854065
46.79396470440419, 17.850211571741283
46.84738247233159, 17.668051090628502
46.900800240258995, 17.4858906095157
46.954218008186395, 17.30373012840292
47.007635776113794, 17.121569647290137
47.0610535440412, 16.939409166177327
47.1144713119686, 16.757248685064546
47.167889079896, 16.575088203951765
47.221306847823406, 16.392927722838962
47.274724615750806, 16.21076724172618
47.32814238367821, 16.02860676061338
47.38156015160561, 15.846446279500597
47.43497791953301, 15.664285798387816
47.48839568746042, 15.482125317275006
47.54181345538782, 15.299964836162225
47.59523122331522, 15.117804355049444
47.648648991242624, 14.935643873936641
47.70206675917002, 14.75348339282386
47.75548452709742, 14.571322911711079
47.80890229502483, 14.389162430598269
47.86232006295223, 14.207001949485488
47.91573783087963, 14.024841468372706
47.969155598807035, 13.842680987259904
48.022573366734434, 13.660520506147122
48.07599113466184, 13.478360025034313
48.12940890258924, 13.296199543921531
48.18282667051664, 13.11403906280875
48.23624443844405, 12.931878581695948
48.289662206371446, 12.749718100583166
48.343079974298846, 12.567557619470385
48.39649774222625, 12.385397138357582
48.44991551015365, 12.203236657244801
48.50333327808105, 12.02107617613202
48.55675104600846, 11.83891569501921
48.61016881393586, 11.656755213906429
48.663586581863264, 11.474594732793626
48.71700434979066, 11.292434251680845
48.77042211771806, 11.110273770568064
48.82383988564547, 10.928113289455254
48.87725765357287, 10.745952808342473
48.93067542150027, 10.563792327229692
48.984093189427675, 10.381631846116889
49.037510957355074, 10.199471365004108
49.090928725282474, 10.017310883891327
49.14434649320988, 9.835150402778517
49.19776426113728, 9.652989921665736
49.25118202906468, 9.470829440552954
49.304599796992086, 9.288668959440152
49.358017564919486, 9.10650847832737
49.41143533284689, 8.924347997214568
49.46485310077429, 8.742187516101787
49.51827086870169, 8.560027034988998
49.5716886366291, 8.377866553876196
49.6251064045565, 8.195706072763414
49.6785241724839, 8.013545591650633
49.7319419404113, 7.8313851105378305
49.7853597083387, 7.649224629425049
49.8387774762661, 7.467064148312268
49.89219524419351, 7.284903667199458
49.94561301212091, 7.102743186086677
49.99903078004831, 6.920582704973896
50.052448547975715, 6.738422223861093
50.105866315903114, 6.556261742748312
50.15928408383052, 6.374101261635502
50.21270185175792, 6.191940780522721
50.26611961968532, 6.00978029940994
50.319537387612726, 5.827619818297137
50.372955155540126, 5.645459337184356
50.426372923467525, 5.4632988560715745
50.47979069139493, 5.281138374958765
50.53320845932233, 5.0989778938459835
50.58662622724973, 4.916817412733202
50.64004399517714, 4.7346569316204
50.69346176310454, 4.552496450507618
50.74687953103194, 4.370335969394837
50.80029729895934, 4.188175488282035
50.85371506688674, 4.006015007169253
50.90713283481415, 3.8238545260564436
50.96055060274155, 3.6416940449436623
51.01396837066895, 3.459533563830881
51.067386138596355, 3.2773730827180785
51.120803906523754, 3.095212601605297
51.174221674451154, 2.913052120492516
51.22763944237856, 2.7308916393797062
51.28105721030596, 2.548731158266925
51.33447497823336, 2.3665706771541437
51.387892746160766, 2.184410196041341
51.441310514088165, 2.00224971492856
51.494728282015565, 1.8200892338157786
51.54814604994297, 1.637928752702969
51.60156381787037, 1.4557682715901876
51.65498158579778, 1.273607790477385
51.70839935372518, 1.0914473093646038
51.76181712165258, 0.9092868282518225
51.81523488957998, 0.7271263471390199
51.86865265750738, 0.5449658660262386
51.92207042543478, 0.3628053849134574
51.97548819336219, 0.18064490380064768
52.02890596128959, -0.001515577312133587
52.08232372921699, -0.18367605842491486
52.135741497144394, -0.36583653953771744
52.189159265071794, -0.5479970206504987
52.2425770329992, -0.7301575017633084
52.2959948009266, -0.9123179828760897
52.349412568854, -1.094478463988871
52.402830336781406, -1.2766389451016735
52.456248104708806, -1.4587994262144548
52.509665872636205, -1.640959907327236
52.56308364056361, -1.8231203884400458
52.61650140849101, -2.005280869552827
52.66991917641841, -2.1874413506656083
52.72333694434582, -2.369601831778411
52.77675471227322, -2.551762312891192
52.830172480200616, -2.7339227940039734
52.88359024812802, -2.916083275116776
52.93700801605542, -3.0982437562295573
52.99042578398283, -3.280404237342367
53.04384355191023, -3.4625647184551482
53.09726131983763, -3.6447251995679295
53.150679087765035, -3.826885680680732
53.204096855692434, -4.009046161793513
53.257514623619834, -4.191206642906295
53.31093239154724, -4.373367124019104
53.36435015947464, -4.555527605131886
