Parameters: [50.54425001734296, 17.971888809283517, 10.949125611202621, 38.01335860406504, 4.343250918335776, 0.14243267902268125, -2.9728573239154796]
Points:
0.0, 17.971888809283517
0.05059484486220517, 18.191634915694344
0.10118968972441034, 18.411381022105175
0.1517845345866155, 18.631127128516003
0.20237937944882067, 18.85087323492683
0.25297422431102584, 19.07061934133766
0.303569069173231, 19.29036544774849
0.3541639140354362, 19.510111554159316
0.40475875889764135, 19.729857660570147
0.4553536037598465, 19.949603766980974
0.5059484486220517, 20.169349873391802
0.5565432934842569, 20.389095979802633
0.607138138346462, 20.60884208621346
0.6577329832086671, 20.828588192624288
0.7083278280708724, 21.04833429903512
0.7589226729330776, 21.268080405445946
0.8095175177952827, 21.487826511856774
0.8601123626574878, 21.707572618267605
0.910707207519693, 21.927318724678432
0.9613020523818983, 22.14706483108926
1.0118968972441034, 22.36681093750009
1.0624917421063085, 22.58655704391092
1.1130865869685138, 22.80630315032175
1.163681431830719, 23.026049256732577
1.214276276692924, 23.245795363143404
1.2648711215551292, 23.465541469554232
1.3154659664173343, 23.685287575965063
1.3660608112795396, 23.90503368237589
1.4166556561417447, 24.124779788786718
1.4672505010039498, 24.34452589519755
1.5178453458661552, 24.56427200160838
1.5684401907283603, 24.784018108019207
1.6190350355905654, 25.003764214430035
1.6696298804527705, 25.223510320840862
1.7202247253149756, 25.44325642725169
1.770819570177181, 25.66300253366252
1.821414415039386, 25.88274864007335
1.8720092599015912, 26.102494746484176
1.9226041047637965, 26.322240852895007
1.9731989496260016, 26.541986959305838
2.0237937944882067, 26.761733065716662
2.074388639350412, 26.981479172127493
2.124983484212617, 27.201225278538324
2.1755783290748223, 27.42097138494915
2.2261731739370276, 27.64071749135998
2.2767680187992325, 27.86046359777081
2.327362863661438, 28.080209704181637
2.3779577085236427, 28.299955810592465
2.428552553385848, 28.519701917003296
2.4791473982480534, 28.739448023414123
2.5297422431102583, 28.95919412982495
2.5803370879724636, 29.178940236235782
2.6309319328346685, 29.398686342646606
2.681526777696874, 29.618432449057437
2.732121622559079, 29.838178555468268
2.782716467421284, 30.057924661879092
2.8333113122834894, 30.277670768289923
2.8839061571456948, 30.497416874700754
2.9345010020078997, 30.71716298111158
2.985095846870105, 30.93690908752241
3.0356906917323103, 31.15665519393324
3.086285536594515, 31.376401300344067
3.1368803814567205, 31.596147406754895
3.1874752263189254, 31.815893513165726
3.2380700711811308, 32.03563961957656
3.288664916043336, 32.25538572598738
3.339259760905541, 32.47513183239821
3.3898546057677463, 32.69487793880904
3.4404494506299512, 32.91462404521987
3.4910442954921566, 33.1343701516307
3.541639140354362, 33.35411625804153
3.592233985216567, 33.57386236445235
3.642828830078772, 33.793608470863184
3.6934236749409775, 34.013354577274015
3.7440185198031823, 34.23310068368484
3.7946133646653877, 34.45284679009567
3.845208209527593, 34.6725928965065
3.895803054389798, 34.892339002917325
3.9463978992520032, 35.112085109328156
3.996992744114208, 35.33183121573899
4.0475875889764135, 35.55157732214981
4.098182433838619, 35.77132342856064
4.148777278700824, 35.99106953497147
4.199372123563029, 36.2108156413823
4.249966968425234, 36.43056174779313
4.300561813287439, 36.65030785420396
4.351156658149645, 36.87005396061478
4.40175150301185, 37.089800067025614
4.452346347874055, 37.309546173436445
4.50294119273626, 37.52929227984727
4.553536037598465, 37.7490383862581
4.60413088246067, 37.96878449266893
4.654725727322876, 38.188530599079755
4.705320572185081, 38.408276705490586
4.7559154170472855, 38.62802281190142
4.806510261909491, 38.84776891831224
4.857105106771696, 39.06751502472307
4.9076999516339015, 39.2872611311339
4.958294796496107, 39.50700723754473
5.008889641358311, 39.72675334395556
5.059484486220517, 39.94649945036639
5.110079331082722, 40.16624555677721
5.160674175944927, 40.385991663188044
5.211269020807133, 40.605737769598875
5.261863865669337, 40.8254838760097
5.312458710531542, 41.04522998242053
5.363053555393748, 41.26497608883136
5.413648400255953, 41.484722195242185
5.464243245118158, 41.704468301653016
5.514838089980364, 41.92421440806385
5.565432934842568, 42.14396051447467
5.6160277797047735, 42.3637066208855
5.666622624566979, 42.58345272729633
5.717217469429184, 42.80319883370716
5.7678123142913895, 43.022944940117995
5.818407159153594, 43.24269104652882
5.869002004015799, 43.46243715293964
5.919596848878005, 43.682183259350474
5.97019169374021, 43.901929365761305
6.020786538602415, 44.12167547217213
6.071381383464621, 44.34142157858297
6.121976228326825, 44.56116768499379
6.17257107318903, 44.780913791404615
6.223165918051236, 45.000659897815446
6.273760762913441, 45.22040600422628
6.324355607775646, 45.4401521106371
6.374950452637851, 45.65989821704793
6.425545297500056, 45.87964432345876
6.4761401423622615, 46.09939042986959
6.526734987224467, 46.319136536280425
6.577329832086672, 46.53888264269125
6.627924676948877, 46.75862874910207
6.678519521811082, 46.978374855512904
6.729114366673287, 47.198120961923735
6.779709211535493, 47.41786706833456
6.830304056397698, 47.6376131747454
6.8808989012599024, 47.85735928115622
6.931493746122108, 48.077105387567045
6.982088590984313, 48.296851493977876
7.0326834358465184, 48.51659760038871
7.083278280708724, 48.73634370679953
7.133873125570929, 48.95608981321037
7.184467970433134, 49.17583591962119
7.235062815295339, 49.39558202603202
7.285657660157544, 49.61532813244285
7.33625250501975, 49.83507423885368
7.386847349881955, 50.0548203452645
7.437442194744159, 50.27456645167534
7.488037039606365, 50.494312558086165
7.53863188446857, 50.71405866449699
7.589226729330775, 50.93380477090783
7.639821574192981, 51.15355087731865
7.690416419055186, 51.373296983729475
7.7410112639173905, 51.59304309014031
7.791606108779596, 51.81278919655114
7.842200953641801, 52.03253530296196
7.8927957985040065, 52.2522814093728
7.943390643366212, 52.47202751578362
7.993985488228416, 52.69177362219445
8.044580333090622, 52.911519728605285
8.095175177952827, 53.13126583501611
8.145770022815032, 53.35101194142693
8.196364867677238, 53.57075804783777
8.246959712539443, 53.790504154248595
8.297554557401648, 54.01025026065943
8.348149402263854, 54.22999636707026
8.398744247126057, 54.44974247348108
8.449339091988262, 54.669488579891905
8.499933936850468, 54.88923468630274
8.550528781712673, 55.10898079271357
8.601123626574879, 55.32872689912439
8.651718471437084, 55.54847300553523
8.70231331629929, 55.76821911194605
8.752908161161495, 55.98796521835688
8.8035030060237, 56.207711324767715
8.854097850885905, 56.42745743117854
8.90469269574811, 56.64720353758938
8.955287540610314, 56.86694964400019
9.00588238547252, 57.086695750411025
9.056477230334725, 57.30644185682185
9.10707207519693, 57.52618796323269
9.157666920059135, 57.74593406964351
9.20826176492134, 57.965680176054335
9.258856609783546, 58.18542628246517
9.309451454645751, 58.405172388876
9.360046299507957, 58.624918495286835
9.410641144370162, 58.84466460169766
9.461235989232366, 59.06441070810848
9.511830834094571, 59.28415681451931
9.562425678956776, 59.503902920930145
9.613020523818982, 59.72364902734097
9.663615368681187, 59.94339513375179
9.714210213543392, 60.16314124016263
9.764805058405598, 60.382887346573455
9.815399903267803, 60.60263345298429
9.865994748130008, 60.82237955939512
9.916589592992214, 61.04212566580594
9.967184437854419, 61.26187177221678
10.017779282716623, 61.4816178786276
10.068374127578828, 61.70136398503843
10.118968972441033, 61.92111009144925
10.169563817303239, 62.14085619786009
10.220158662165444, 62.36060230427091
10.27075350702765, 62.58034841068174
10.321348351889855, 62.800094517092575
10.37194319675206, 63.0198406235034
10.422538041614265, 63.23958672991424
10.47313288647647, 63.45933283632506
10.523727731338674, 63.679078942735885
10.57432257620088, 63.89882504914671
10.624917421063085, 64.11857115555755
10.67551226592529, 64.33831726196837
10.726107110787495, 64.5580633683792
10.7767019556497, 64.77780947479003
10.827296800511906, 64.99755558120086
10.877891645374111, 65.2173016876117
10.928486490236317, 65.43704779402252
10.979081335098522, 65.53095534911962
11.029676179960727, 65.53816170841809
11.080271024822931, 65.54536806771654
11.130865869685136, 65.552574427015
11.181460714547342, 65.55978078631347
11.232055559409547, 65.56698714561192
11.282650404271752, 65.57419350491038
11.333245249133958, 65.58139986420885
11.383840093996163, 65.58860622350731
11.434434938858368, 65.59581258280576
11.485029783720574, 65.60301894210423
11.535624628582779, 65.61022530140269
11.586219473444984, 65.61743166070116
11.636814318307188, 65.62463801999961
11.687409163169393, 65.63184437929807
11.738004008031599, 65.63905073859654
11.788598852893804, 65.64625709789499
11.83919369775601, 65.65346345719345
11.889788542618215, 65.66066981649192
11.94038338748042, 65.66787617579038
11.990978232342625, 65.67508253508883
12.04157307720483, 65.6822888943873
12.092167922067036, 65.68949525368576
12.142762766929241, 65.69670161298421
12.193357611791445, 65.70390797228268
12.24395245665365, 65.71111433158114
12.294547301515856, 65.71832069087961
12.34514214637806, 65.72552705017806
12.395736991240266, 65.73273340947652
12.446331836102472, 65.73993976877499
12.496926680964677, 65.74714612807344
12.547521525826882, 65.7543524873719
12.598116370689088, 65.76155884667037
12.648711215551293, 65.76876520596883
12.699306060413496, 65.77597156526728
12.749900905275702, 65.78317792456575
12.800495750137907, 65.79038428386421
12.851090595000112, 65.79759064316268
12.901685439862318, 65.80479700246113
12.952280284724523, 65.8120033617596
13.002875129586728, 65.81920972105806
13.053469974448934, 65.82641608035651
13.104064819311139, 65.83362243965497
13.154659664173344, 65.84082879895344
13.20525450903555, 65.8480351582519
13.255849353897753, 65.85524151755035
13.306444198759959, 65.86244787684882
13.357039043622164, 65.86965423614728
13.40763388848437, 65.87686059544573
13.458228733346575, 65.8840669547442
13.50882357820878, 65.89127331404266
13.559418423070985, 65.89847967334113
13.61001326793319, 65.90568603263958
13.660608112795396, 65.91289239193804
13.711202957657601, 65.92009875123651
13.761797802519805, 65.92730511053496
13.81239264738201, 65.93451146983342
13.862987492244216, 65.94171782913189
13.913582337106421, 65.94892418843035
13.964177181968626, 65.9561305477288
14.014772026830832, 65.96333690702727
14.065366871693037, 65.97054326632573
14.115961716555242, 65.9777496256242
14.166556561417448, 65.98495598492265
14.217151406279653, 65.99216234422111
14.267746251141858, 65.99936870351958
14.318341096004062, 66.00657506281803
14.368935940866267, 66.0137814221165
14.419530785728472, 66.02098778141496
14.470125630590678, 66.02819414071342
14.520720475452883, 66.03540050001187
14.571315320315088, 66.04260685931034
14.621910165177294, 66.0498132186088
14.6725050100395, 66.05701957790725
14.723099854901704, 66.06422593720572
14.77369469976391, 66.07143229650418
14.824289544626115, 66.07863865580265
14.874884389488319, 66.0858450151011
14.925479234350524, 66.09305137439956
14.97607407921273, 66.10025773369803
15.026668924074935, 66.10746409299648
15.07726376893714, 66.11467045229494
15.127858613799345, 66.12187681159341
15.17845345866155, 66.12908317089187
15.229048303523756, 66.13628953019033
15.279643148385961, 66.14349588948879
15.330237993248167, 66.15070224878725
15.380832838110372, 66.15790860808572
15.431427682972576, 66.16511496738417
15.482022527834781, 66.17232132668263
15.532617372696986, 66.1795276859811
15.583212217559192, 66.18673404527955
15.633807062421397, 66.19394040457802
15.684401907283602, 66.20114676387648
15.734996752145808, 66.20835312317494
15.785591597008013, 66.2155594824734
15.836186441870218, 66.22276584177186
15.886781286732424, 66.22997220107032
15.937376131594627, 66.23717856036878
15.987970976456833, 66.24438491966724
16.03856582131904, 66.2515912789657
16.089160666181243, 66.25879763826417
16.13975551104345, 66.26600399756262
16.190350355905654, 66.27321035686109
16.240945200767857, 66.28041671615955
16.291540045630065, 66.287623075458
16.342134890492268, 66.29482943475647
16.392729735354475, 66.30203579405493
16.44332458021668, 66.3092421533534
16.493919425078886, 66.31644851265185
16.54451426994109, 66.32365487195031
16.595109114803297, 66.33086123124878
16.6457039596655, 66.33806759054724
16.696298804527707, 66.34527394984569
16.74689364938991, 66.35248030914416
16.797488494252114, 66.35968666844262
16.84808333911432, 66.36689302774107
16.898678183976525, 66.37409938703954
16.949273028838732, 66.381305746338
16.999867873700936, 66.38851210563647
17.050462718563143, 66.39571846493492
17.101057563425346, 66.40292482423338
17.151652408287553, 66.41013118353185
17.202247253149757, 66.4173375428303
17.252842098011964, 66.42454390212876
17.303436942874168, 66.43175026142723
17.35403178773637, 66.43895662072569
17.40462663259858, 66.44616298002414
17.455221477460782, 66.4533693393226
17.50581632232299, 66.46057569862107
17.556411167185193, 66.46778205791952
17.6070060120474, 66.47498841721799
17.657600856909603, 66.48219477651645
17.70819570177181, 66.48940113581492
17.758790546634014, 66.49660749511337
17.80938539149622, 66.50381385441183
17.859980236358425, 66.5110202137103
17.910575081220628, 66.51822657300875
17.961169926082835, 66.52543293230721
18.01176477094504, 66.53263929160568
18.062359615807246, 66.53984565090414
18.11295446066945, 66.54705201020259
18.163549305531657, 66.55425836950106
18.21414415039386, 66.56146472879952
18.264738995256067, 66.56867108809799
18.31533384011827, 66.57587744739644
18.365928684980474, 66.5830838066949
18.41652352984268, 66.59029016599337
18.467118374704885, 66.59749652529182
18.517713219567092, 66.60470288459028
18.568308064429296, 66.61190924388875
18.618902909291503, 66.61911560318721
18.669497754153706, 66.62632196248566
18.720092599015913, 66.63352832178413
18.770687443878117, 66.64073468108259
18.821282288740324, 66.64794104038104
18.871877133602528, 66.6551473996795
18.92247197846473, 66.66235375897797
18.97306682332694, 66.66956011827644
19.023661668189142, 66.67676647757489
19.07425651305135, 66.68397283687335
19.124851357913553, 66.69117919617182
19.17544620277576, 66.69838555547028
19.226041047637963, 66.70559191476873
19.27663589250017, 66.7127982740672
19.327230737362374, 66.72000463336566
19.37782558222458, 66.72721099266411
19.428420427086785, 66.73441735196258
19.479015271948988, 66.74162371126104
19.529610116811195, 66.7488300705595
19.5802049616734, 66.75603642985796
19.630799806535606, 66.76324278915642
19.68139465139781, 66.77044914845489
19.731989496260017, 66.77765550775334
19.78258434112222, 66.7848618670518
19.833179185984427, 66.79206822635027
19.88377403084663, 66.79927458564873
19.934368875708838, 66.80648094494718
19.98496372057104, 66.81368730424565
20.035558565433245, 66.82089366354411
20.086153410295452, 66.82810002284256
20.136748255157656, 66.83530638214103
20.187343100019863, 66.84251274143949
20.237937944882066, 66.84971910073796
20.288532789744274, 66.85692546003641
20.339127634606477, 66.86413181933487
20.389722479468684, 66.87133817863334
20.440317324330888, 66.87854453793179
20.490912169193095, 66.88575089723025
20.5415070140553, 66.89295725652872
20.592101858917502, 66.90016361582718
20.64269670377971, 66.90736997512563
20.693291548641913, 66.9145763344241
20.74388639350412, 66.92178269372256
20.794481238366323, 66.92898905302103
20.84507608322853, 66.93619541231948
20.895670928090734, 66.94340177161794
20.94626577295294, 66.95060813091641
20.996860617815145, 66.95781449021486
21.04745546267735, 66.96502084951332
21.098050307539555, 66.97222720881179
21.14864515240176, 66.97943356811025
21.199239997263966, 66.9866399274087
21.24983484212617, 66.99384628670717
21.300429686988377, 67.00105264600563
21.35102453185058, 67.00825900530408
21.401619376712787, 67.01546536460255
21.45221422157499, 67.02267172390101
21.502809066437198, 67.02987808319948
21.5534039112994, 67.03708444249793
21.603998756161605, 67.0442908017964
21.654593601023812, 67.05149716109486
21.705188445886016, 67.05870352039331
21.755783290748223, 67.06590987969177
21.806378135610426, 67.07311623899024
21.856972980472634, 67.0803225982887
21.907567825334837, 67.08752895758715
21.958162670197044, 67.09473531688562
22.008757515059248, 67.10194167618408
22.059352359921455, 67.10914803548255
22.10994720478366, 67.116354394781
22.160542049645862, 67.12356075407946
22.21113689450807, 67.13076711337793
22.261731739370273, 67.13797347267638
22.31232658423248, 67.14517983197484
22.362921429094683, 67.15238619127331
22.41351627395689, 67.15959255057177
22.464111118819094, 67.16679890987022
22.5147059636813, 67.17400526916869
22.565300808543505, 67.18121162846715
22.615895653405712, 67.1884179877656
22.666490498267915, 67.19562434706407
22.71708534313012, 67.20283070636253
22.767680187992326, 67.210037065661
22.81827503285453, 67.21724342495945
22.868869877716737, 67.22444978425791
22.91946472257894, 67.23165614355638
22.970059567441147, 67.23886250285483
23.02065441230335, 67.2460688621533
23.071249257165558, 67.25327522145176
23.12184410202776, 67.26048158075022
23.17243894688997, 67.26768794004867
23.223033791752172, 67.27489429934714
23.273628636614376, 67.2821006586456
23.324223481476583, 67.28930701794407
23.374818326338787, 67.29651337724252
23.425413171200994, 67.30371973654098
23.476008016063197, 67.31092609583945
23.526602860925404, 67.3181324551379
23.577197705787608, 67.32533881443636
23.627792550649815, 67.33254517373483
23.67838739551202, 67.3397515330333
23.728982240374226, 67.34695789233174
23.77957708523643, 67.35416425163021
23.830171930098633, 67.36137061092867
23.88076677496084, 67.36857697022712
23.931361619823043, 67.37578332952559
23.98195646468525, 67.38298968882405
24.032551309547454, 67.39019604812252
24.08314615440966, 67.39740240742097
24.133740999271865, 67.40460876671943
24.184335844134072, 67.4118151260179
24.234930688996275, 67.41902148531635
24.285525533858483, 67.42622784461481
24.336120378720686, 67.43343420391328
24.38671522358289, 67.44064056321174
24.437310068445097, 67.4478469225102
24.4879049133073, 67.45505328180866
24.538499758169507, 67.46225964110712
24.58909460303171, 67.46946600040559
24.639689447893918, 67.47667235970404
24.69028429275612, 67.4838787190025
24.74087913761833, 67.49108507830097
24.791473982480532, 67.49829143759942
24.842068827342736, 67.50549779689788
24.892663672204943, 67.51270415619635
24.943258517067147, 67.51991051549481
24.993853361929354, 67.52711687479326
25.044448206791557, 67.53432323409173
25.095043051653764, 67.5415295933902
25.145637896515968, 67.54873595268865
25.196232741378175, 67.55594231198711
25.24682758624038, 67.56314867128557
25.297422431102586, 67.57035503058404
25.34801727596479, 67.57756138988249
25.398612120826993, 67.58476774918095
25.4492069656892, 67.59197410847942
25.499801810551403, 67.59918046777787
25.55039665541361, 67.60638682707634
25.600991500275814, 67.6135931863748
25.65158634513802, 67.62079954567326
25.702181190000225, 67.62800590497172
25.752776034862432, 67.63521226427018
25.803370879724636, 67.64241862356864
25.853965724586843, 67.64962498286711
25.904560569449046, 67.65683134216556
25.95515541431125, 67.66403770146403
26.005750259173457, 67.67124406076249
26.05634510403566, 67.67845042006094
26.106939948897868, 67.6856567793594
26.15753479376007, 67.69286313865787
26.208129638622278, 67.70006949795633
26.25872448348448, 67.70727585725479
26.30931932834669, 67.71448221655325
26.359914173208892, 67.72168857585172
26.4105090180711, 67.72889493515017
26.461103862933303, 67.73610129444863
26.511698707795507, 67.7433076537471
26.562293552657714, 67.75051401304556
26.612888397519917, 67.75772037234401
26.663483242382124, 67.76492673164248
26.714078087244328, 67.77213309094094
26.764672932106535, 67.77933945023939
26.81526777696874, 67.78654580953786
26.865862621830946, 67.79375216883632
26.91645746669315, 67.80095852813479
26.967052311555356, 67.80816488743324
27.01764715641756, 67.8153712467317
27.068242001279764, 67.82257760603017
27.11883684614197, 67.82978396532863
27.169431691004174, 67.83699032462708
27.22002653586638, 67.84419668392555
27.270621380728585, 67.85140304322401
27.321216225590792, 67.85860940252246
27.371811070452996, 67.86581576182093
27.422405915315203, 67.87302212111939
27.473000760177406, 67.88022848041786
27.52359560503961, 67.8874348397163
27.574190449901817, 67.89464119901477
27.62478529476402, 67.90184755831324
27.675380139626228, 67.90905391761169
27.72597498448843, 67.91626027691015
27.77656982935064, 67.92346663620862
27.827164674212842, 67.93067299550708
27.87775951907505, 67.93787935480553
27.928354363937252, 67.945085714104
27.97894920879946, 67.95229207340246
28.029544053661663, 67.95949843270091
28.080138898523867, 67.96670479199938
28.130733743386074, 67.97391115129784
28.181328588248277, 67.9811175105963
28.231923433110484, 67.98832386989476
28.282518277972688, 67.99553022919322
28.333113122834895, 68.00273658849169
28.3837079676971, 68.00994294779014
28.434302812559306, 68.0171493070886
28.48489765742151, 68.02435566638707
28.535492502283716, 68.03156202568553
28.58608734714592, 68.03876838498398
28.636682192008124, 68.04597474428245
28.68727703687033, 68.05318110358091
28.737871881732534, 68.06038746287938
28.78846672659474, 68.06759382217783
28.839061571456945, 68.07480018147629
28.889656416319152, 68.08200654077476
28.940251261181356, 68.0892129000732
28.990846106043563, 68.09641925937167
29.041440950905766, 68.10362561867014
29.092035795767973, 68.1108319779686
29.142630640630177, 68.11803833726705
29.19322548549238, 68.12524469656552
29.243820330354588, 68.13245105586398
29.29441517521679, 68.13965741516243
29.345010020079, 68.1468637744609
29.395604864941202, 68.15407013375936
29.44619970980341, 68.16127649305783
29.496794554665613, 68.16848285235628
29.54738939952782, 68.17568921165474
29.597984244390023, 68.1828955709532
29.64857908925223, 68.19010193025167
29.699173934114434, 68.19730828955012
29.749768778976637, 68.20451464884859
29.800363623838845, 68.21172100814705
29.850958468701048, 68.2189273674455
29.901553313563255, 68.22613372674397
29.95214815842546, 68.23334008604243
30.002743003287666, 68.2405464453409
30.05333784814987, 68.24775280463935
30.103932693012077, 68.25495916393781
30.15452753787428, 68.26216552323628
30.205122382736487, 68.26937188253473
30.25571722759869, 68.27657824183319
30.306312072460894, 68.28378460113166
30.3569069173231, 68.29099096043012
30.407501762185305, 68.29819731972857
30.458096607047512, 68.30540367902704
30.508691451909716, 68.3126100383255
30.559286296771923, 68.31981639762395
30.609881141634126, 68.32702275692242
30.660475986496333, 68.33422911622088
30.711070831358537, 68.34143547551935
30.761665676220744, 68.3486418348178
30.812260521082948, 68.35584819411626
30.86285536594515, 68.36305455341473
30.91345021080736, 68.37026091271318
30.964045055669562, 68.37746727201164
31.01463990053177, 68.38467363131011
31.065234745393973, 68.39187999060857
31.11582959025618, 68.39908634990702
31.166424435118383, 68.40629270920549
31.21701927998059, 68.41349906850395
31.267614124842794, 68.42070542780242
31.318208969704997, 68.42791178710087
31.368803814567205, 68.43511814639933
31.419398659429408, 68.4423245056978
31.469993504291615, 68.44953086499625
31.52058834915382, 68.45673722429471
31.571183194016026, 68.46394358359318
31.62177803887823, 68.47114994289164
31.672372883740437, 68.4783563021901
31.72296772860264, 68.48556266148856
31.773562573464847, 68.49276902078702
31.82415741832705, 68.49997538008547
31.874752263189254, 68.50718173938394
31.92534710805146, 68.5143880986824
31.975941952913665, 68.52159445798087
32.02653679777587, 68.52880081727932
32.07713164263808, 68.53600717657778
32.12772648750028, 68.54321353587625
32.178321332362486, 68.5504198951747
32.22891617722469, 68.55762625447316
32.2795110220869, 68.56483261377163
32.330105866949104, 68.5720389730701
32.38070071181131, 68.57924533236854
32.43129555667351, 68.58645169166701
32.481890401535715, 68.59365805096547
32.532485246397925, 68.60086441026394
32.58308009126013, 68.60807076956239
32.63367493612233, 68.61527712886085
32.684269780984536, 68.62248348815932
32.73486462584675, 68.62968984745777
32.78545947070895, 68.63689620675623
32.836054315571154, 68.6441025660547
32.88664916043336, 68.65130892535316
32.93724400529556, 68.65851528465161
32.98783885015777, 68.66572164395008
33.038433695019975, 68.67292800324854
33.08902853988218, 68.680134362547
33.13962338474438, 68.68734072184546
33.19021822960659, 68.69454708114392
33.2408130744688, 68.70175344044239
33.291407919331, 68.70895979974084
33.342002764193204, 68.7161661590393
33.392597609055414, 68.72337251833777
33.44319245391762, 68.73057887763622
33.49378729877982, 68.73778523693468
33.544382143642025, 68.74499159623315
33.59497698850423, 68.75219795553161
33.64557183336644, 68.75940431483006
33.69616667822864, 68.76661067412853
33.746761523090846, 68.773817033427
33.79735636795305, 68.78102339272544
33.84795121281526, 68.78822975202391
33.898546057677464, 68.79543611132237
33.94914090253967, 68.80264247062084
33.99973574740187, 68.80984882991929
34.050330592264075, 68.81705518921775
34.100925437126286, 68.82426154851622
34.15152028198849, 68.83146790781468
34.20211512685069, 68.83867426711313
34.252709971712896, 68.8458806264116
34.30330481657511, 68.85308698571006
34.35389966143731, 68.86029334500851
34.404494506299514, 68.86749970430698
34.45508935116172, 68.87470606360544
34.50568419602393, 68.88191242290391
34.55627904088613, 68.88911878220236
34.606873885748335, 68.89632514150082
34.65746873061054, 68.90353150079929
34.70806357547274, 68.91073786009774
34.75865842033495, 68.9179442193962
34.80925326519716, 68.92515057869467
34.85984811005936, 68.93235693799313
34.910442954921564, 68.93956329729158
34.961037799783774, 68.94676965659005
35.01163264464598, 68.95397601588851
35.06222748950818, 68.96118237518698
35.112822334370385, 68.96838873448543
35.16341717923259, 68.9755950937839
35.2140120240948, 68.98280145308236
35.264606868957, 68.99000781238081
35.31520171381921, 68.99721417167927
35.36579655868141, 69.00442053097774
35.41639140354362, 69.0116268902762
35.466986248405824, 69.01883324957466
35.51758109326803, 69.02603960887312
35.56817593813023, 69.03324596817158
35.61877078299244, 69.04045232747004
35.669365627854646, 69.0476586867685
35.71996047271685, 69.05486504606696
35.77055531757905, 69.06207140536543
35.821150162441256, 69.06927776466388
35.87174500730347, 69.07648412396235
35.92233985216567, 69.08369048326081
35.972934697027874, 69.09089684255926
36.02352954189008, 69.09810320185773
36.07412438675229, 69.10530956115619
36.12471923161449, 69.11251592045465
36.175314076476695, 69.1197222797531
36.2259089213389, 69.12692863905157
36.2765037662011, 69.13413499835004
36.32709861106331, 69.1413413576485
36.37769345592552, 69.14854771694695
36.42828830078772, 69.15575407624542
36.478883145649924, 69.16296043554388
36.529477990512135, 69.17016679484233
36.58007283537434, 69.1773731541408
36.63066768023654, 69.18457951343926
36.681262525098745, 69.19178587273773
36.73185736996095, 69.19899223203618
36.78245221482316, 69.20619859133464
36.83304705968536, 69.2134049506331
36.88364190454757, 69.22061130993156
36.93423674940977, 69.22781766923002
36.98483159427198, 69.23502402852849
37.035426439134184, 69.24223038782695
37.08602128399639, 69.2494367471254
37.13661612885859, 69.25664310642387
37.1872109737208, 69.26384946572233
37.237805818583006, 69.2710558250208
37.28840066344521, 69.27826218431925
37.33899550830741, 69.28546854361771
37.389590353169616, 69.29267490291618
37.44018519803183, 69.29988126221463
37.49078004289403, 69.30708762151309
37.541374887756234, 69.31429398081156
37.59196973261844, 69.32150034011002
37.64256457748065, 69.32870669940847
37.69315942234285, 69.33591305870694
37.743754267205055, 69.3431194180054
37.79434911206726, 69.35032577730385
37.84494395692946, 69.35753213660232
37.89553880179167, 69.36473849590078
37.94613364665388, 69.37194485519925
37.99672849151608, 69.3791512144977
38.047323336378284, 69.28054758276824
38.097918181240495, 69.13013632766724
38.1485130261027, 68.97972507256628
38.1991078709649, 68.8293138174653
38.249702715827105, 68.67890256236434
38.300297560689316, 68.52849130726335
38.35089240555152, 68.37808005216237
38.40148725041372, 68.22766879706141
38.45208209527593, 68.07725754196045
38.50267694013813, 67.92684628685947
38.55327178500034, 67.77643503175848
38.603866629862544, 67.62602377665752
38.65446147472475, 67.47561252155654
38.70505631958695, 67.32520126645558
38.75565116444916, 67.17479001135459
38.806246009311366, 67.02437875625361
38.85684085417357, 66.87396750115265
38.90743569903577, 66.72355624605167
38.958030543897976, 66.57314499095071
39.00862538876019, 66.42273373584972
39.05922023362239, 66.27232248074874
39.109815078484594, 66.12191122564778
39.1604099233468, 65.9714999705468
39.21100476820901, 65.82108871544582
39.26159961307121, 65.67067746034485
39.312194457933415, 65.52026620524389
39.36278930279562, 65.36985495014291
39.41338414765782, 65.21944369504195
39.46397899252003, 65.06903243994095
39.51457383738224, 64.91862118483998
39.56516868224444, 64.76820992973902
39.615763527106644, 64.61779867463804
39.666358371968855, 64.46738741953705
39.71695321683106, 64.31697616443608
39.76754806169326, 64.16656490933511
39.818142906555465, 64.01615365423415
39.868737751417676, 63.865742399133154
39.91933259627988, 63.715331144032184
39.96992744114208, 63.564919888931215
40.02052228600429, 63.414508633830245
40.07111713086649, 63.264097378729275
40.1217119757287, 63.113686123628284
40.172306820590904, 62.963274868527314
40.22290166545311, 62.812863613426345
40.27349651031531, 62.662452358325375
40.32409135517752, 62.51204110322439
40.374686200039726, 62.361629848123414
40.42528104490193, 62.21121859302245
40.47587588976413, 62.06080733792148
40.526470734626336, 61.91039608282051
40.57706557948855, 61.75998482771952
40.62766042435075, 61.60957357261855
40.678255269212954, 61.45916231751758
40.72885011407516, 61.30875106241661
40.77944495893737, 61.15833980731562
40.83003980379957, 61.00792855221465
40.880634648661776, 60.85751729711368
40.93122949352398, 60.70710604201271
40.98182433838619, 60.55669478691172
41.03241918324839, 60.40628353181076
41.0830140281106, 60.25587227670978
41.1336088729728, 60.10546102160882
41.184203717835004, 59.95504976650784
41.234798562697215, 59.80463851140686
41.28539340755942, 59.65422725630589
41.33598825242162, 59.50381600120492
41.386583097283825, 59.35340474610395
41.437177942146036, 59.20299349100296
41.48777278700824, 59.05258223590199
41.53836763187044, 58.90217098080102
41.58896247673265, 58.75175972570005
41.63955732159485, 58.60134847059908
41.69015216645706, 58.45093721549809
41.740747011319264, 58.30052596039712
41.79134185618147, 58.15011470529615
41.84193670104367, 57.999703450195184
41.89253154590588, 57.84929219509419
41.943126390768086, 57.69888093999322
41.99372123563029, 57.548469684892254
42.04431608049249, 57.398058429791284
42.0949109253547, 57.247647174690314
42.14550577021691, 57.09723591958932
42.19610061507911, 56.946824664488354
42.246695459941314, 56.796413409387384
42.29729030480352, 56.646002154286414
42.34788514966573, 56.49559089918542
42.39847999452793, 56.34517964408445
42.449074839390136, 56.19476838898348
42.49966968425234, 56.044357133882514
42.55026452911455, 55.89394587878152
42.60085937397675, 55.74353462368056
42.65145421883896, 55.59312336857958
42.70204906370116, 55.44271211347862
42.752643908563364, 55.29230085837765
42.803238753425575, 55.14188960327666
42.85383359828778, 54.99147834817569
42.90442844314998, 54.84106709307472
42.955023288012185, 54.69065583797375
43.005618132874396, 54.54024458287276
43.0562129777366, 54.38983332777179
43.1068078225988, 54.23942207267082
43.15740266746101, 54.08901081756985
43.20799751232321, 53.93859956246888
43.25859235718542, 53.78818830736789
43.309187202047625, 53.63777705226693
43.35978204690983, 53.48736579716595
43.41037689177203, 53.33695454206499
43.46097173663424, 53.186543286963996
43.511566581496446, 53.03613203186302
43.56216142635865, 52.88572077676206
43.61275627122085, 52.73530952166109
43.663351116083064, 52.584898266560096
43.71394596094527, 52.434487011459126
43.76454080580747, 52.284075756358156
43.815135650669674, 52.133664501257186
43.86573049553188, 51.98325324615622
43.91632534039409, 51.832841991055226
43.96692018525629, 51.682430735954256
44.017515030118496, 51.53201948085329
44.0681098749807, 51.381608225752316
44.11870471984291, 51.231196970651325
44.16929956470511, 51.08078571555036
44.21989440956732, 50.930374460449386
44.27048925442952, 50.77996320534842
44.321084099291724, 50.629551950247446
44.371678944153935, 50.47914069514646
44.42227378901614, 50.32872944004549
44.47286863387834, 50.17831818494452
44.523463478740545, 50.02790692984355
44.574058323602756, 49.87749567474256
44.62465316846496, 49.72708441964159
44.67524801332716, 49.57667316454062
44.72584285818937, 49.42626190943966
44.77643770305158, 49.27585065433867
44.82703254791378, 49.12543939923769
44.877627392775985, 48.97502814413673
44.92822223763819, 48.82461688903575
44.97881708250039, 48.67420563393479
45.0294119273626, 48.5237943788338
45.080006772224806, 48.37338312373282
45.13060161708701, 48.22297186863186
45.18119646194921, 48.07256061353089
45.231791306811424, 47.9221493584299
45.28238615167363, 47.77173810332893
45.33298099653583, 47.62132684822796
45.383575841398034, 47.47091559312699
45.43417068626024, 47.32050433802602
45.48476553112245, 47.170093082925035
45.53536037598465, 47.01968182782406
45.585955220846856, 46.869270572723096
45.63655006570906, 46.71885931762212
45.68714491057127, 46.56844806252113
45.73773975543347, 46.418036807420165
45.78833460029568, 46.26762555231919
45.83892944515788, 46.117214297218226
45.889524290020084, 45.966803042117256
45.940119134882295, 45.816391787016265
45.9907139797445, 45.665980531915295
46.0413088246067, 45.515569276814325
46.091903669468905, 45.365158021713356
46.142498514331116, 45.214746766612365
46.19309335919332, 45.064335511511395
46.24368820405552, 44.913924256410425
46.29428304891773, 44.76351300130946
46.34487789377994, 44.61310174620847
46.39547273864214, 44.462690491107494
46.446067583504345, 44.31227923600653
46.49666242836655, 44.161867980905555
46.54725727322875, 44.01145672580459
46.59785211809096, 43.8610454707036
46.648446962953166, 43.71063421560263
46.69904180781537, 43.56022296050166
46.74963665267757, 43.40981170540069
46.800231497539784, 43.2594004502997
46.85082634240199, 43.10898919519873
46.90142118726419, 42.95857794009776
46.952016032126394, 42.80816668499679
47.0026108769886, 42.65775542989583
47.05320572185081, 42.50734417479484
47.10380056671301, 42.35693291969386
47.154395411575216, 42.2065216645929
47.20499025643742, 42.05611040949192
47.25558510129963, 41.90569915439093
47.30617994616183, 41.75528789928997
47.35677479102404, 41.60487664418899
47.40736963588624, 41.45446538908803
47.45796448074845, 41.30405413398704
47.508559325610655, 41.15364287888607
47.55915417047286, 41.0032316237851
47.60974901533506, 40.85282036868413
47.660343860197266, 40.70240911358316
47.710938705059476, 40.55199785848217
47.76153354992168, 40.401586603381205
47.81212839478388, 40.25117534828023
47.86272323964609, 40.100764093179265
47.9133180845083, 39.950352838078274
47.9639129293705, 39.7999415829773
48.014507774232705, 39.649530327876334
48.06510261909491, 39.49911907277536
48.11569746395711, 39.348707817674395
48.16629230881932, 39.198296562573404
48.216887153681526, 39.047885307472434
48.26748199854373, 38.897474052371464
48.31807684340593, 38.747062797270495
48.368671688268144, 38.596651542169504
48.41926653313035, 38.446240287068534
48.46986137799255, 38.295829031967564
48.520456222854754, 38.145417776866594
48.571051067716965, 37.9950065217656
48.62164591257917, 37.84459526666464
48.67224075744137, 37.694184011563664
48.722835602303576, 37.5437727564627
48.77343044716578, 37.393361501361724
48.82402529202799, 37.24295024626074
48.874620136890194, 37.09253899115977
48.9252149817524, 36.9421277360588
48.9758098266146, 36.79171648095783
49.02640467147681, 36.64130522585684
49.076999516339015, 36.49089397075587
49.12759436120122, 36.3404827156549
49.17818920606342, 36.19007146055393
49.228784050925626, 36.03966020545296
49.279378895787836, 35.88924895035197
49.32997374065004, 35.738837695251
49.38056858551224, 35.58842644015003
49.43116343037445, 35.43801518504906
49.48175827523666, 35.28760392994808
49.53235312009886, 35.13719267484711
49.582947964961065, 34.98678141974614
49.63354280982327, 34.83637016464517
49.68413765468547, 34.6859589095442
49.73473249954768, 34.53554765444321
49.785327344409886, 34.38513639934224
49.83592218927209, 34.23472514424127
49.88651703413429, 34.0843138891403
49.937111878996504, 33.933902634039306
49.98770672385871, 33.783491378938336
50.03830156872091, 33.63308012383737
50.088896413583115, 33.4826688687364
50.139491258445325, 33.332257613635406
50.19008610330753, 33.181846358534436
50.24068094816973, 33.03143510343347
50.291275793031936, 32.881023848332504
50.34187063789414, 32.730612593231534
50.39246548275635, 32.58020133813054
50.443060327618554, 32.42979008302957
50.49365517248076, 32.2793788279286
50.54425001734296, 32.128967572827634
