Parameters: [49.79018230154762, 19.469375994826567, 13.950893432628309, 42.21794611312656, 4.4205618681839525, 0.0659138356301775, -3.318941944262231]
Points:
0.0, 19.469375994826567
0.04984002232387149, 19.68969689702091
0.09968004464774298, 19.910017799215254
0.14952006697161446, 20.130338701409595
0.19936008929548596, 20.35065960360394
0.24920011161935746, 20.570980505798282
0.2990401339432289, 20.791301407992627
0.34888015626710045, 21.01162231018697
0.3987201785909719, 21.231943212381314
0.4485602009148434, 21.452264114575655
0.4984002232387149, 21.67258501677
0.5482402455625864, 21.892905918964342
0.5980802678864579, 22.113226821158687
0.6479202902103294, 22.33354772335303
0.6977603125342009, 22.553868625547373
0.7476003348580723, 22.774189527741715
0.7974403571819438, 22.99451042993606
0.8472803795058154, 23.2148313321304
0.8971204018296868, 23.435152234324747
0.9469604241535583, 23.65547313651909
0.9968004464774298, 23.875794038713433
1.0466404688013013, 24.096114940907775
1.0964804911251729, 24.31643584310212
1.1463205134490442, 24.53675674529646
1.1961605357729157, 24.757077647490803
1.2460005580967872, 24.977398549685148
1.2958405804206587, 25.197719451879493
1.3456806027445303, 25.418040354073835
1.3955206250684018, 25.63836125626818
1.445360647392273, 25.85868215846252
1.4952006697161446, 26.079003060656866
1.5450406920400162, 26.299323962851208
1.5948807143638877, 26.51964486504555
1.6447207366877592, 26.739965767239894
1.6945607590116307, 26.96028666943424
1.7444007813355022, 27.18060757162858
1.7942408036593736, 27.400928473822923
1.844080825983245, 27.621249376017268
1.8939208483071166, 27.841570278211613
1.9437608706309881, 28.061891180405954
1.9936008929548596, 28.282212082600296
2.043440915278731, 28.50253298479464
2.0932809376026027, 28.722853886988986
2.143120959926474, 28.943174789183328
2.1929609822503457, 29.16349569137767
2.242801004574217, 29.383816593572014
2.2926410268980884, 29.604137495766356
2.34248104922196, 29.8244583979607
2.3923210715458314, 30.044779300155042
2.442161093869703, 30.265100202349387
2.4920011161935745, 30.48542110454373
2.541841138517446, 30.705742006738074
2.5916811608413175, 30.926062908932415
2.641521183165189, 31.14638381112676
2.6913612054890605, 31.366704713321106
2.741201227812932, 31.587025615515444
2.7910412501368036, 31.80734651770979
2.840881272460675, 32.027667419904134
2.890721294784546, 32.24798832209848
2.940561317108418, 32.46830922429282
2.9904013394322893, 32.68863012648716
3.040241361756161, 32.90895102868151
3.0900813840800323, 33.129271930875845
3.139921406403904, 33.34959283307019
3.1897614287277753, 33.569913735264535
3.2396014510516467, 33.79023463745888
3.2894414733755184, 34.010555539653225
3.3392814956993897, 34.23087644184756
3.3891215180232614, 34.45119734404191
3.4389615403471328, 34.67151824623625
3.4888015626710045, 34.89183914843059
3.538641584994876, 35.11216005062494
3.588481607318747, 35.33248095281928
3.638321629642619, 35.55280185501363
3.68816165196649, 35.77312275720797
3.738001674290362, 35.99344365940232
3.787841696614233, 36.213764561596655
3.8376817189381045, 36.43408546379099
3.8875217412619762, 36.65440636598534
3.9373617635858476, 36.87472726817968
3.9872017859097193, 37.09504817037403
4.037041808233591, 37.31536907256837
4.086881830557462, 37.53568997476271
4.136721852881334, 37.75601087695706
4.186561875205205, 37.9763317791514
4.236401897529077, 38.19665268134574
4.286241919852948, 38.416973583540084
4.336081942176819, 38.63729448573443
4.3859219645006915, 38.857615387928774
4.435761986824563, 39.07793629012312
4.485602009148434, 39.298257192317465
4.535442031472305, 39.5185780945118
4.585282053796177, 39.73889899670614
4.635122076120049, 39.959219898900486
4.68496209844392, 40.17954080109483
4.7348021207677915, 40.399861703289176
4.784642143091663, 40.62018260548352
4.834482165415534, 40.84050350767786
4.884322187739406, 41.06082440987221
4.934162210063278, 41.28114531206655
4.984002232387149, 41.50146621426089
5.03384225471102, 41.72178711645523
5.083682277034892, 41.94210801864958
5.133522299358764, 42.16242892084392
5.183362321682635, 42.38274982303827
5.233202344006506, 42.60307072523261
5.283042366330378, 42.82339162742695
5.33288238865425, 43.043712529621295
5.382722410978121, 43.26403343181564
5.432562433301992, 43.48435433400998
5.482402455625864, 43.704675236204324
5.532242477949735, 43.92499613839867
5.582082500273607, 44.145317040593014
5.6319225225974785, 44.36563794278736
5.68176254492135, 44.5859588449817
5.731602567245221, 44.806279747176035
5.781442589569092, 45.02660064937038
5.831282611892965, 45.246921551564725
5.881122634216836, 45.46724245375907
5.930962656540707, 45.687563355953415
5.9808026788645785, 45.90788425814776
6.030642701188451, 46.128205160342105
6.080482723512322, 46.34852606253644
6.130322745836193, 46.56884696473079
6.180162768160065, 46.789167866925126
6.230002790483936, 47.00948876911947
6.279842812807808, 47.22980967131382
6.329682835131679, 47.45013057350816
6.379522857455551, 47.67045147570251
6.429362879779422, 47.890772377896845
6.479202902103293, 48.11109328009119
6.5290429244271655, 48.331414182285535
6.578882946751037, 48.55173508447987
6.628722969074908, 48.77205598667422
6.678562991398779, 48.99237688886856
6.728403013722651, 49.21269779106291
6.778243036046523, 49.43301869325725
6.828083058370394, 49.65333959545159
6.8779230806942655, 49.873660497645936
6.927763103018137, 50.093981399840274
6.977603125342009, 50.31430230203462
7.02744314766588, 50.534623204228964
7.077283169989752, 50.75494410642331
7.127123192313623, 50.975265008617654
7.176963214637494, 51.19558591081199
7.226803236961366, 51.415906813006345
7.276643259285238, 51.636227715200675
7.326483281609109, 51.85654861739502
7.37632330393298, 52.076869519589366
7.426163326256852, 52.29719042178371
7.476003348580724, 52.517511323978056
7.525843370904595, 52.7378322261724
7.575683393228466, 52.958153128366746
7.625523415552338, 53.17847403056108
7.675363437876209, 53.39879493275542
7.725203460200081, 53.61911583494977
7.7750434825239525, 53.83943673714411
7.824883504847824, 54.05975763933846
7.874723527171695, 54.2800785415328
7.924563549495567, 54.50039944372715
7.974403571819439, 54.72072034592149
8.024243594143309, 54.94104124811582
8.074083616467181, 55.16136215031017
8.123923638791053, 55.38168305250451
8.173763661114924, 55.60200395469886
8.223603683438796, 55.822324856893204
8.273443705762668, 56.04264575908755
8.323283728086539, 56.262966661281894
8.37312375041041, 56.48328756347624
8.422963772734281, 56.70360846567057
8.472803795058153, 56.923929367864915
8.522643817382026, 57.14425027005926
8.572483839705896, 57.364571172253605
8.622323862029768, 57.58489207444795
8.672163884353639, 57.805212976642295
8.72200390667751, 58.02553387883664
8.771843929001383, 58.245854781030985
8.821683951325253, 58.466175683225316
8.871523973649126, 58.68649658541966
8.921363995972996, 58.906817487614006
8.971204018296868, 59.12713838980835
9.02104404062074, 59.347459292002696
9.07088406294461, 59.56778019419704
9.120724085268483, 59.78810109639139
9.170564107592353, 60.00842199858572
9.220404129916226, 60.22874290078006
9.270244152240098, 60.44906380297441
9.320084174563968, 60.66938470516875
9.36992419688784, 60.8897056073631
9.41976421921171, 61.11002650955744
9.469604241535583, 61.33034741175179
9.519444263859455, 61.55066831394613
9.569284286183326, 61.770989216140464
9.619124308507198, 61.99131011833481
9.668964330831068, 62.211631020529154
9.71880435315494, 62.4319519227235
9.768644375478813, 62.652272824917844
9.818484397802683, 62.87259372711219
9.868324420126555, 63.092914629306534
9.918164442450426, 63.313235531500865
9.968004464774298, 63.53355643369521
10.01784448709817, 63.75387733588957
10.06768450942204, 63.9741982380839
10.117524531745913, 64.19451914027825
10.167364554069785, 64.41484004247259
10.217204576393655, 64.63516094466694
10.267044598717527, 64.85548184686128
10.316884621041398, 65.07580274905561
10.36672464336527, 65.29612365124996
10.416564665689142, 65.51644455344432
10.466404688013013, 65.73676545563865
10.516244710336885, 65.95708635783299
10.566084732660755, 66.17740726002734
10.615924754984627, 66.39772816222168
10.6657647773085, 66.61804906441603
10.71560479963237, 66.83836996661036
10.765444821956242, 67.05869086880472
10.815284844280113, 67.27901177099905
10.865124866603985, 67.4993326731934
10.914964888927857, 67.71965357538774
10.964804911251727, 67.93997447758208
11.0146449335756, 68.16029537977643
11.06448495589947, 68.38061628197076
11.114324978223342, 68.60093718416512
11.164165000547214, 68.82125808635946
11.214005022871085, 69.0415789885538
11.263845045194957, 69.26189989074814
11.313685067518827, 69.48222079294248
11.3635250898427, 69.70254169513683
11.413365112166572, 69.92286259733118
11.463205134490442, 70.1431834995255
11.513045156814314, 70.36350440171987
11.562885179138185, 70.5838253039142
11.612725201462057, 70.80414620610854
11.66256522378593, 71.02446710830289
11.7124052461098, 71.24478801049723
11.762245268433672, 71.46510891269158
11.812085290757542, 71.68542981488591
11.861925313081414, 71.90575071708027
11.911765335405287, 72.12607161927461
11.961605357729157, 72.34639252146894
12.01144538005303, 72.56671342366329
12.061285402376901, 72.78703432585763
12.111125424700772, 73.00735522805198
12.160965447024644, 73.22767613024632
12.210805469348514, 73.44799703244065
12.260645491672387, 73.66831793463501
12.310485513996259, 73.88863883682936
12.36032553632013, 74.10895973902369
12.410165558644001, 74.32928064121803
12.460005580967872, 74.54960154341238
12.509845603291744, 74.76992244560672
12.559685625615616, 74.99024334780107
12.609525647939487, 75.21056424999541
12.659365670263359, 75.43088515218976
12.70920569258723, 75.65120605438409
12.759045714911101, 75.87152695657844
12.808885737234974, 76.09184785877278
12.858725759558844, 76.31216876096713
12.908565781882716, 76.53248966316147
12.958405804206587, 76.75281056535582
13.008245826530459, 76.97313146755016
13.058085848854331, 77.1934523697445
13.107925871178201, 77.41377327193884
13.157765893502074, 77.63409417413318
13.207605915825944, 77.85441507632753
13.257445938149816, 78.07473597852187
13.307285960473688, 78.29505688071622
13.357125982797559, 78.51537778291056
13.406966005121431, 78.73569868510491
13.456806027445301, 78.95601958729924
13.506646049769174, 79.17634048949358
13.556486072093046, 79.39666139168793
13.606326094416916, 79.61698229388227
13.656166116740788, 79.83730319607662
13.70600613906466, 80.05762409827096
13.755846161388531, 80.27794500046531
13.805686183712403, 80.49826590265965
13.855526206036274, 80.71858680485398
13.905366228360146, 80.93890770704833
13.955206250684018, 81.14044780458163
14.005046273007888, 81.14373295162088
14.05488629533176, 81.14701809866014
14.104726317655631, 81.1503032456994
14.154566339979503, 81.15358839273865
14.204406362303375, 81.15687353977792
14.254246384627246, 81.16015868681718
14.304086406951118, 81.16344383385643
14.353926429274988, 81.1667289808957
14.40376645159886, 81.17001412793496
14.453606473922733, 81.17329927497423
14.503446496246603, 81.17658442201348
14.553286518570475, 81.17986956905274
14.603126540894346, 81.183154716092
14.652966563218218, 81.18643986313126
14.70280658554209, 81.18972501017052
14.75264660786596, 81.19301015720978
14.802486630189833, 81.19629530424903
14.852326652513703, 81.1995804512883
14.902166674837575, 81.20286559832756
14.952006697161448, 81.20615074536683
15.001846719485318, 81.20943589240608
15.05168674180919, 81.21272103944534
15.10152676413306, 81.2160061864846
15.151366786456933, 81.21929133352386
15.201206808780805, 81.22257648056312
15.251046831104675, 81.22586162760238
15.300886853428548, 81.22914677464163
15.350726875752418, 81.2324319216809
15.40056689807629, 81.23571706872016
15.450406920400162, 81.23900221575943
15.500246942724033, 81.24228736279868
15.550086965047905, 81.24557250983794
15.599926987371777, 81.2488576568772
15.649767009695648, 81.25214280391646
15.69960703201952, 81.25542795095572
15.74944705434339, 81.25871309799498
15.799287076667262, 81.26199824503423
15.849127098991135, 81.2652833920735
15.898967121315005, 81.26856853911276
15.948807143638877, 81.27185368615203
15.998647165962748, 81.27513883319128
16.048487188286618, 81.27842398023054
16.098327210610492, 81.2817091272698
16.148167232934362, 81.28499427430906
16.198007255258233, 81.28827942134832
16.247847277582107, 81.29156456838759
16.297687299905977, 81.29484971542684
16.347527322229848, 81.2981348624661
16.39736734455372, 81.30142000950536
16.447207366877592, 81.30470515654463
16.497047389201462, 81.30799030358388
16.546887411525336, 81.31127545062314
16.596727433849207, 81.3145605976624
16.646567456173077, 81.31784574470166
16.696407478496948, 81.32113089174092
16.74624750082082, 81.32441603878019
16.796087523144692, 81.32770118581944
16.845927545468562, 81.3309863328587
16.895767567792436, 81.33427147989796
16.945607590116307, 81.33755662693723
16.995447612440177, 81.34084177397648
17.04528763476405, 81.34412692101574
17.09512765708792, 81.34741206805501
17.144967679411792, 81.35069721509426
17.194807701735662, 81.35398236213352
17.244647724059536, 81.35726750917279
17.294487746383407, 81.36055265621204
17.344327768707277, 81.3638378032513
17.39416779103115, 81.36712295029056
17.44400781335502, 81.37040809732983
17.493847835678892, 81.37369324436908
17.543687858002766, 81.37697839140834
17.593527880326636, 81.38026353844761
17.643367902650507, 81.38354868548686
17.693207924974377, 81.38683383252612
17.74304794729825, 81.39011897956539
17.79288796962212, 81.39340412660464
17.842727991945992, 81.3966892736439
17.892568014269866, 81.39997442068317
17.942408036593736, 81.40325956772243
17.992248058917607, 81.40654471476168
18.04208808124148, 81.40982986180094
18.09192810356535, 81.41311500884021
18.14176812588922, 81.41640015587946
18.191608148213092, 81.41968530291872
18.241448170536966, 81.42297044995799
18.291288192860836, 81.42625559699724
18.341128215184707, 81.4295407440365
18.39096823750858, 81.43282589107577
18.44080825983245, 81.43611103811503
18.49064828215632, 81.43939618515428
18.540488304480196, 81.44268133219354
18.590328326804066, 81.44596647923281
18.640168349127936, 81.44925162627206
18.69000837145181, 81.45253677331132
18.73984839377568, 81.45582192035059
18.78968841609955, 81.45910706738984
18.83952843842342, 81.4623922144291
18.889368460747296, 81.46567736146837
18.939208483071166, 81.46896250850763
18.989048505395036, 81.47224765554688
19.03888852771891, 81.47553280258614
19.08872855004278, 81.47881794962541
19.13856857236665, 81.48210309666466
19.188408594690525, 81.48538824370392
19.238248617014396, 81.48867339074319
19.288088639338266, 81.49195853778244
19.337928661662136, 81.4952436848217
19.38776868398601, 81.49852883186097
19.43760870630988, 81.50181397890023
19.48744872863375, 81.50509912593948
19.537288750957625, 81.50838427297874
19.587128773281496, 81.51166942001801
19.636968795605366, 81.51495456705726
19.68680881792924, 81.51823971409652
19.73664884025311, 81.52152486113579
19.78648886257698, 81.52481000817504
19.83632888490085, 81.5280951552143
19.886168907224725, 81.53138030225357
19.936008929548596, 81.53466544929283
19.985848951872466, 81.53795059633208
20.03568897419634, 81.54123574337135
20.08552899652021, 81.54452089041061
20.13536901884408, 81.54780603744986
20.185209041167955, 81.55109118448912
20.235049063491825, 81.55437633152839
20.284889085815696, 81.55766147856764
20.33472910813957, 81.5609466256069
20.38456913046344, 81.56423177264617
20.43440915278731, 81.56751691968543
20.48424917511118, 81.57080206672468
20.534089197435055, 81.57408721376395
20.583929219758925, 81.57737236080321
20.633769242082796, 81.58065750784246
20.68360926440667, 81.58394265488172
20.73344928673054, 81.58722780192099
20.78328930905441, 81.59051294896024
20.833129331378284, 81.5937980959995
20.882969353702155, 81.59708324303877
20.932809376026025, 81.60036839007803
20.982649398349896, 81.60365353711728
21.03248942067377, 81.60693868415655
21.08232944299764, 81.61022383119581
21.13216946532151, 81.61350897823506
21.182009487645384, 81.61679412527432
21.231849509969255, 81.62007927231359
21.281689532293125, 81.62336441935284
21.331529554617, 81.6266495663921
21.38136957694087, 81.62993471343137
21.43120959926474, 81.63321986047063
21.48104962158861, 81.63650500750988
21.530889643912484, 81.63979015454915
21.580729666236355, 81.64307530158841
21.630569688560225, 81.64636044862766
21.6804097108841, 81.64964559566693
21.73024973320797, 81.65293074270619
21.78008975553184, 81.65621588974544
21.829929777855714, 81.6595010367847
21.879769800179584, 81.66278618382397
21.929609822503455, 81.66607133086323
21.97944984482733, 81.66935647790248
22.0292898671512, 81.67264162494175
22.07912988947507, 81.67592677198101
22.12896991179894, 81.67921191902026
22.178809934122814, 81.68249706605953
22.228649956446684, 81.68578221309879
22.278489978770555, 81.68906736013804
22.32833000109443, 81.6923525071773
22.3781700234183, 81.69563765421657
22.42801004574217, 81.69892280125583
22.477850068066044, 81.70220794829508
22.527690090389914, 81.70549309533435
22.577530112713784, 81.70877824237361
22.627370135037655, 81.71206338941286
22.67721015736153, 81.71534853645213
22.7270501796854, 81.71863368349139
22.77689020200927, 81.72191883053064
22.826730224333144, 81.7252039775699
22.876570246657014, 81.72848912460917
22.926410268980884, 81.73177427164843
22.97625029130476, 81.73505941868768
23.02609031362863, 81.73834456572695
23.0759303359525, 81.74162971276621
23.12577035827637, 81.74491485980546
23.175610380600244, 81.74820000684473
23.225450402924114, 81.75148515388399
23.275290425247984, 81.75477030092324
23.32513044757186, 81.7580554479625
23.37497046989573, 81.76134059500177
23.4248104922196, 81.76462574204103
23.474650514543473, 81.76791088908028
23.524490536867344, 81.77119603611955
23.574330559191214, 81.77448118315881
23.624170581515084, 81.77776633019806
23.67401060383896, 81.78105147723733
23.72385062616283, 81.78433662427659
23.7736906484867, 81.78762177131584
23.823530670810573, 81.7909069183551
23.873370693134444, 81.79419206539437
23.923210715458314, 81.79747721243363
23.973050737782188, 81.80076235947288
24.02289076010606, 81.80404750651215
24.07273078242993, 81.80733265355141
24.122570804753803, 81.81061780059066
24.172410827077673, 81.81390294762993
24.222250849401544, 81.81718809466919
24.272090871725414, 81.82047324170844
24.321930894049288, 81.8237583887477
24.37177091637316, 81.82704353578697
24.42161093869703, 81.83032868282623
24.471450961020903, 81.83361382986548
24.521290983344773, 81.83689897690475
24.571131005668644, 81.84018412394401
24.620971027992518, 81.84346927098326
24.670811050316388, 81.84675441802253
24.72065107264026, 81.85003956506179
24.77049109496413, 81.85332471210104
24.820331117288003, 81.8566098591403
24.870171139611873, 81.85989500617957
24.920011161935744, 81.86318015321883
24.969851184259618, 81.86646530025808
25.019691206583488, 81.86975044729735
25.06953122890736, 81.87303559433661
25.119371251231232, 81.87632074137586
25.169211273555103, 81.87960588841513
25.219051295878973, 81.88289103545439
25.268891318202844, 81.88617618249364
25.318731340526718, 81.8894613295329
25.368571362850588, 81.89274647657217
25.41841138517446, 81.89603162361144
25.468251407498332, 81.89931677065069
25.518091429822203, 81.90260191768995
25.567931452146073, 81.90588706472921
25.617771474469947, 81.90917221176846
25.667611496793818, 81.91245735880773
25.717451519117688, 81.91574250584699
25.767291541441562, 81.91902765288624
25.817131563765432, 81.9223127999255
25.866971586089303, 81.92559794696477
25.916811608413173, 81.92888309400404
25.966651630737047, 81.93216824104329
26.016491653060918, 81.93545338808255
26.066331675384788, 81.93873853512181
26.116171697708662, 81.94202368216106
26.166011720032532, 81.94530882920033
26.215851742356403, 81.9485939762396
26.265691764680277, 81.95187912327884
26.315531787004147, 81.95516427031811
26.365371809328018, 81.95844941735737
26.415211831651888, 81.96173456439664
26.465051853975762, 81.96501971143589
26.514891876299632, 81.96830485847515
26.564731898623503, 81.97159000551441
26.614571920947377, 81.97487515255366
26.664411943271247, 81.97816029959293
26.714251965595118, 81.9814454466322
26.76409198791899, 81.98473059367144
26.813932010242862, 81.98801574071071
26.863772032566732, 81.99130088774997
26.913612054890603, 81.99458603478924
26.963452077214477, 81.99787118182849
27.013292099538347, 82.00115632886775
27.063132121862218, 82.00444147590702
27.11297214418609, 82.00772662294627
27.162812166509962, 82.01101176998553
27.212652188833832, 82.0142969170248
27.262492211157706, 82.01758206406404
27.312332233481577, 82.02086721110331
27.362172255805447, 82.02415235814257
27.41201227812932, 82.02743750518184
27.46185230045319, 82.03072265222109
27.511692322777062, 82.03400779926035
27.561532345100932, 82.03729294629962
27.611372367424806, 82.04057809333887
27.661212389748677, 82.04386324037813
27.711052412072547, 82.0471483874174
27.76089243439642, 82.05043353445664
27.81073245672029, 82.05371868149591
27.860572479044162, 82.05700382853517
27.910412501368036, 82.06028897557444
27.960252523691906, 82.06357412261369
28.010092546015777, 82.06685926965295
28.059932568339647, 82.07014441669222
28.10977259066352, 82.07342956373147
28.15961261298739, 82.07671471077073
28.209452635311262, 82.07999985781
28.259292657635136, 82.08328500484924
28.309132679959006, 82.08657015188851
28.358972702282877, 82.08985529892777
28.40881272460675, 82.09314044596704
28.45865274693062, 82.09642559300629
28.50849276925449, 82.09971074004555
28.558332791578362, 82.10299588708482
28.608172813902236, 82.10628103412407
28.658012836226106, 82.10956618116333
28.707852858549977, 82.1128513282026
28.75769288087385, 82.11613647524185
28.80753290319772, 82.11942162228111
28.85737292552159, 82.12270676932037
28.907212947845466, 82.12599191635964
28.957052970169336, 82.12927706339889
29.006892992493206, 82.13256221043815
29.056733014817077, 82.13584735747742
29.10657303714095, 82.13913250451667
29.15641305946482, 82.14241765155593
29.20625308178869, 82.1457027985952
29.256093104112566, 82.14898794563445
29.305933126436436, 82.15227309267371
29.355773148760306, 82.15555823971297
29.40561317108418, 82.15884338675224
29.45545319340805, 82.16212853379149
29.50529321573192, 82.16541368083075
29.555133238055795, 82.16869882787002
29.604973260379666, 82.17198397490927
29.654813282703536, 82.17526912194853
29.704653305027406, 82.1785542689878
29.75449332735128, 82.18183941602706
29.80433334967515, 82.18512456306631
29.85417337199902, 82.18840971010557
29.904013394322895, 82.19169485714484
29.953853416646766, 82.19498000418409
30.003693438970636, 82.19826515122335
30.05353346129451, 82.20155029826262
30.10337348361838, 82.20483544530187
30.15321350594225, 82.20812059234113
30.20305352826612, 82.2114057393804
30.252893550589995, 82.21469088641965
30.302733572913866, 82.21797603345891
30.352573595237736, 82.22126118049817
30.40241361756161, 82.22454632753744
30.45225363988548, 82.22783147457669
30.50209366220935, 82.23111662161595
30.551933684533225, 82.23440176865522
30.601773706857095, 82.23768691569447
30.651613729180966, 82.24097206273373
30.701453751504836, 82.244257209773
30.75129377382871, 82.24754235681226
30.80113379615258, 82.25082750385151
30.85097381847645, 82.25411265089078
30.900813840800325, 82.25739779793004
30.950653863124195, 82.26068294496929
31.000493885448066, 82.26396809200855
31.05033390777194, 82.26725323904782
31.10017393009581, 82.27053838608707
31.15001395241968, 82.27382353312633
31.199853974743554, 82.2771086801656
31.249693997067425, 82.28039382720485
31.299534019391295, 82.28367897424411
31.349374041715166, 82.28696412128338
31.39921406403904, 82.29024926832264
31.44905408636291, 82.29353441536189
31.49889410868678, 82.29681956240115
31.548734131010654, 82.30010470944042
31.598574153334525, 82.30338985647967
31.648414175658395, 82.30667500351893
31.69825419798227, 82.3099601505582
31.74809422030614, 82.31324529759746
31.79793424263001, 82.31653044463671
31.84777426495388, 82.31981559167598
31.897614287277754, 82.32310073871524
31.947454309601625, 82.32638588575449
31.997294331925495, 82.32967103279375
32.047134354249366, 82.33295617983302
32.096974376573236, 82.33624132687227
32.146814398897114, 82.33952647391153
32.196654421220984, 82.3428116209508
32.246494443544854, 82.34609676799006
32.296334465868725, 82.34938191502931
32.346174488192595, 82.35266706206858
32.396014510516466, 82.35595220910784
32.44585453284034, 82.35923735614709
32.495694555164214, 82.36252250318636
32.545534577488084, 82.36580765022562
32.595374599811954, 82.36909279726487
32.645214622135825, 82.37237794430413
32.695054644459695, 82.3756630913434
32.744894666783566, 82.37894823838266
32.79473468910744, 82.38223338542191
32.844574711431314, 82.38551853246118
32.894414733755184, 82.38880367950044
32.944254756079054, 82.39208882653969
32.994094778402925, 82.39537397357896
33.043934800726795, 82.39865912061822
33.09377482305067, 82.40194426765747
33.14361484537454, 82.40522941469673
33.193454867698414, 82.408514561736
33.243294890022284, 82.41179970877526
33.293134912346154, 82.41508485581451
33.342974934670025, 82.41837000285378
33.392814956993895, 82.42165514989304
33.44265497931777, 82.42494029693229
33.49249500164164, 82.42822544397156
33.542335023965514, 82.43151059101082
33.592175046289384, 82.43479573805007
33.642015068613254, 82.43808088508933
33.691855090937125, 82.4413660321286
33.741695113260995, 82.44465117916786
33.79153513558487, 82.44793632620711
33.84137515790874, 82.45122147324638
33.891215180232614, 82.45450662028564
33.941055202556484, 82.45779176732489
33.990895224880354, 82.46107691436416
34.040735247204225, 82.46436206140342
34.0905752695281, 82.46764720844267
34.14041529185197, 82.47093235548193
34.19025531417584, 82.4742175025212
34.240095336499714, 82.47750264956046
34.289935358823584, 82.48078779659971
34.339775381147454, 82.48407294363898
34.389615403471325, 82.48735809067824
34.4394554257952, 82.49064323771749
34.48929544811907, 82.49392838475676
34.53913547044294, 82.49721353179602
34.588975492766814, 82.50049867883527
34.638815515090684, 82.50378382587454
34.688655537414554, 82.5070689729138
34.73849555973843, 82.51035411995306
34.7883355820623, 82.51363926699231
34.83817560438617, 82.51692441403158
34.88801562671004, 82.52020956107084
34.937855649033914, 82.52349470811009
34.987695671357784, 82.52677985514936
35.037535693681654, 82.53006500218862
35.08737571600553, 82.53335014922787
35.1372157383294, 82.53663529626714
35.18705576065327, 82.5399204433064
35.23689578297714, 82.54320559034566
35.286735805301014, 82.54649073738491
35.336575827624884, 82.54977588442418
35.386415849948754, 82.55306103146344
35.43625587227263, 82.5563461785027
35.4860958945965, 82.55963132554196
35.53593591692037, 82.56291647258122
35.58577593924424, 82.56620161962047
35.635615961568114, 82.56948676665974
35.685455983891984, 82.572771913699
35.73529600621586, 82.57605706073826
35.78513602853973, 82.57934220777751
35.8349760508636, 82.58262735481678
35.88481607318747, 82.58591250185604
35.93465609551134, 82.5891976488953
35.984496117835214, 82.59248279593456
36.034336140159084, 82.59576794297382
36.08417616248296, 82.59905309001307
36.13401618480683, 82.60233823705234
36.1838562071307, 82.6056233840916
36.23369622945457, 82.60890853113087
36.28353625177844, 82.61219367817012
36.333376274102314, 82.61547882520938
36.383216296426184, 82.61876397224864
36.43305631875006, 82.6220491192879
36.48289634107393, 82.62533426632716
36.5327363633978, 82.62861941336642
36.58257638572167, 82.63190456040567
36.63241640804554, 82.63518970744494
36.682256430369414, 82.6384748544842
36.73209645269329, 82.64176000152347
36.78193647501716, 82.64504514856272
36.83177649734103, 82.64833029560198
36.8816165196649, 82.65161544264124
36.93145654198877, 82.6549005896805
36.98129656431264, 82.65818573671976
37.031136586636514, 82.66147088375902
37.08097660896039, 82.66475603079827
37.13081663128426, 82.66804117783754
37.18065665360813, 82.6713263248768
37.230496675932, 82.67461147191607
37.28033669825587, 82.67789661895532
37.33017672057974, 82.68118176599458
37.38001674290362, 82.68446691303384
37.42985676522749, 82.6877520600731
37.47969678755136, 82.69103720711236
37.52953680987523, 82.69432235415162
37.5793768321991, 82.69760750119087
37.62921685452297, 82.70089264823014
37.67905687684684, 82.7041777952694
37.72889689917072, 82.70746294230867
37.77873692149459, 82.71074808934792
37.82857694381846, 82.71403323638718
37.87841696614233, 82.71731838342644
37.9282569884662, 82.7206035304657
37.97809701079007, 82.72388867750496
38.02793703311394, 82.72717382454422
38.07777705543782, 82.73045897158347
38.12761707776169, 82.73374411862274
38.17745710008556, 82.737029265662
38.22729712240943, 82.74031441270127
38.2771371447333, 82.74359955974052
38.32697716705717, 82.74688470677978
38.37681718938105, 82.75016985381905
38.42665721170492, 82.7534550008583
38.47649723402879, 82.75674014789756
38.52633725635266, 82.76002529493682
38.57617727867653, 82.76331044197607
38.6260173010004, 82.76659558901534
38.67585732332427, 82.7698807360546
38.72569734564815, 82.77316588309387
38.77553736797202, 82.77645103013312
38.82537739029589, 82.77973617717238
38.87521741261976, 82.78302132421165
38.92505743494363, 82.7863064712509
38.9748974572675, 82.78959161829016
39.02473747959138, 82.79287676532942
39.07457750191525, 82.79616191236867
39.12441752423912, 82.79944705940794
39.17425754656299, 82.8027322064472
39.22409756888686, 82.80601735348647
39.27393759121073, 82.80930250052572
39.3237776135346, 82.81258764756498
39.37361763585848, 82.81587279460425
39.42345765818235, 82.8191579416435
39.47329768050622, 82.82244308868276
39.52313770283009, 82.82572823572202
39.57297772515396, 82.82901338276127
39.62281774747783, 82.83229852980054
39.6726577698017, 82.8355836768398
39.72249779212558, 82.83886882387907
39.77233781444945, 82.84215397091832
39.82217783677332, 82.84543911795758
39.87201785909719, 82.84872426499685
39.92185788142106, 82.8520094120361
39.97169790374493, 82.85529455907536
40.02153792606881, 82.85857970611463
40.07137794839268, 82.86186485315388
40.12121797071655, 82.86515000019314
40.17105799304042, 82.8684351472324
40.22089801536429, 82.87172029427167
40.27073803768816, 82.87500544131092
40.32057806001203, 82.87829058835018
40.37041808233591, 82.88157573538945
40.42025810465978, 82.8848608824287
40.47009812698365, 82.88814602946796
40.51993814930752, 82.89143117650723
40.56977817163139, 82.89471632354648
40.61961819395526, 82.89800147058574
40.66945821627914, 82.901286617625
40.71929823860301, 82.90457176466427
40.76913826092688, 82.90785691170352
40.81897828325075, 82.91114205874278
40.86881830557462, 82.91442720578205
40.91865832789849, 82.9177123528213
40.96849835022236, 82.92099749986056
41.01833837254624, 82.92428264689983
41.06817839487011, 82.92756779393908
41.11801841719398, 82.93085294097834
41.16785843951785, 82.9341380880176
41.21769846184172, 82.93742323505687
41.26753848416559, 82.94070838209612
41.31737850648946, 82.94399352913538
41.36721852881334, 82.94727867617465
41.41705855113721, 82.9505638232139
41.46689857346108, 82.95384897025316
41.51673859578495, 82.95713411729243
41.56657861810882, 82.96041926433168
41.61641864043269, 82.96370441137094
41.66625866275657, 82.9669895584102
41.71609868508044, 82.97027470544947
41.76593870740431, 82.97355985248872
41.81577872972818, 82.97684499952798
41.86561875205205, 82.98013014656725
41.91545877437592, 82.9834152936065
41.96529879669979, 82.98670044064576
42.01513881902367, 82.98998558768503
42.06497884134754, 82.99327073472428
42.11481886367141, 82.99655588176354
42.16465888599528, 82.9998410288028
42.21449890831915, 83.00312617584207
42.26433893064302, 82.84937832636523
42.3141789529669, 82.68396218577155
42.36401897529077, 82.51854604517789
42.41385899761464, 82.35312990458422
42.46369901993851, 82.18771376399056
42.51353904226238, 82.02229762339691
42.56337906458625, 81.85688148280325
42.61321908691012, 81.69146534220958
42.663059109234, 81.5260492016159
42.71289913155787, 81.36063306102224
42.76273915388174, 81.19521692042858
42.81257917620561, 81.02980077983493
42.86241919852948, 80.86438463924127
42.91225922085335, 80.6989684986476
42.96209924317722, 80.53355235805395
43.0119392655011, 80.36813621746026
43.06177928782497, 80.2027200768666
43.11161931014884, 80.03730393627295
43.16145933247271, 79.87188779567929
43.21129935479658, 79.70647165508562
43.26113937712045, 79.54105551449197
43.31097939944433, 79.37563937389828
43.3608194217682, 79.21022323330462
43.41065944409207, 79.04480709271097
43.46049946641594, 78.8793909521173
43.51033948873981, 78.71397481152364
43.56017951106368, 78.54855867092999
43.61001953338755, 78.38314253033633
43.65985955571143, 78.21772638974264
43.7096995780353, 78.05231024914899
43.75953960035917, 77.88689410855532
43.80937962268304, 77.72147796796166
43.85921964500691, 77.55606182736801
43.90905966733078, 77.39064568677435
43.95889968965466, 77.22522954618066
44.00873971197853, 77.05981340558701
44.0585797343024, 76.89439726499334
44.10841975662627, 76.72898112439968
44.15825977895014, 76.56356498380603
44.20809980127401, 76.39814884321237
44.25793982359788, 76.2327327026187
44.30777984592176, 76.06731656202503
44.35761986824563, 75.90190042143136
44.4074598905695, 75.7364842808377
44.45729991289337, 75.57106814024405
44.50713993521724, 75.40565199965039
44.55697995754111, 75.24023585905672
44.60681997986498, 75.07481971846306
44.65666000218886, 74.90940357786938
44.70650002451273, 74.74398743727572
44.7563400468366, 74.57857129668207
44.80618006916047, 74.41315515608841
44.85602009148434, 74.24773901549474
44.90586011380821, 74.08232287490108
44.95570013613209, 73.9169067343074
45.00554015845596, 73.75149059371374
45.05538018077983, 73.58607445312009
45.1052202031037, 73.42065831252643
45.15506022542757, 73.25524217193276
45.20490024775144, 73.0898260313391
45.25474027007531, 72.92440989074545
45.30458029239919, 72.75899375015176
45.35442031472306, 72.59357760955811
45.40426033704693, 72.42816146896445
45.4541003593708, 72.26274532837078
45.50394038169467, 72.09732918777712
45.55378040401854, 71.93191304718347
45.60362042634242, 71.76649690658978
45.65346044866629, 71.60108076599613
45.70330047099016, 71.43566462540247
45.75314049331403, 71.2702484848088
45.8029805156379, 71.10483234421514
45.85282053796177, 70.93941620362149
45.90266056028564, 70.77400006302783
45.95250058260952, 70.60858392243415
46.00234060493339, 70.44316778184049
46.05218062725726, 70.27775164124682
46.10202064958113, 70.11233550065316
46.151860671905, 69.94691936005951
46.20170069422887, 69.78150321946585
46.25154071655274, 69.61608707887218
46.30138073887662, 69.4506709382785
46.35122076120049, 69.28525479768484
46.40106078352436, 69.11983865709118
46.45090080584823, 68.95442251649753
46.5007408281721, 68.78900637590387
46.55058085049597, 68.6235902353102
46.600420872819846, 68.45817409471653
46.65026089514372, 68.29275795412286
46.70010091746759, 68.1273418135292
46.74994093979146, 67.96192567293554
46.79978096211533, 67.79650953234189
46.8496209844392, 67.63109339174822
46.89946100676307, 67.46567725115456
46.949301029086946, 67.30026111056088
46.99914105141082, 67.13484496996722
47.04898107373469, 66.96942882937356
47.09882109605856, 66.8040126887799
47.14866111838243, 66.63859654818624
47.1985011407063, 66.47318040759258
47.24834116303017, 66.30776426699893
47.298181185354046, 66.14234812640524
47.34802120767792, 65.97693198581158
47.39786123000179, 65.81151584521793
47.44770125232566, 65.64609970462426
47.49754127464953, 65.4806835640306
47.5473812969734, 65.31526742343695
47.597221319297276, 65.14985128284326
47.647061341621146, 64.9844351422496
47.69690136394502, 64.81901900165595
47.74674138626889, 64.65360286106228
47.79658140859276, 64.48818672046862
47.84642143091663, 64.32277057987497
47.8962614532405, 64.1573544392813
47.946101475564376, 63.99193829868762
47.995941497888246, 63.826522158093965
48.04578152021212, 63.6611060175003
48.09562154253599, 63.49568987690664
48.14546156485986, 63.33027373631298
48.19530158718373, 63.164857595719326
48.245141609507606, 62.99944145512564
48.294981631831476, 62.834025314531985
48.344821654155346, 62.66860917393832
48.39466167647922, 62.50319303334466
48.44450169880309, 62.337776892751
48.49434172112696, 62.172360752157346
48.54418174345083, 62.00694461156368
48.594021765774706, 61.841528470970005
48.643861788098576, 61.67611233037634
48.693701810422446, 61.51069618978268
48.74354183274632, 61.34528004918902
48.79338185507019, 61.179863908595365
48.84322187739406, 61.0144477680017
48.89306189971793, 60.849031627408046
48.942901922041806, 60.68361548681436
48.992741944365676, 60.5181993462207
49.042581966689546, 60.35278320562704
49.09242198901342, 60.187367065033385
49.14226201133729, 60.02195092443972
49.19210203366116, 59.856534783846065
49.241942055985035, 59.69111864325238
49.291782078308906, 59.52570250265872
49.341622100632776, 59.36028636206506
49.391462122956646, 59.194870221471405
49.44130214528052, 59.02945408087774
49.49114216760439, 58.864037940284085
49.54098218992826, 58.69862179969043
49.590822212252135, 58.53320565909674
49.640662234576006, 58.36778951850308
49.690502256899876, 58.202373377909424
49.740342279223746, 58.03695723731576
49.79018230154762, 57.871541096722105
