Parameters: [45.89783218856449, 22.084767090221227, 7.473335991869677, 36.9711020287526, 3.6001315910695784, 0.0004796920665321447, -2.670543832779939]
Points:
0.0, 22.084767090221227
0.045943775964529025, 22.25017072948415
0.09188755192905805, 22.415574368747077
0.13783132789358707, 22.58097800801
0.1837751038581161, 22.746381647272923
0.22971887982264513, 22.91178528653585
0.27566265578717414, 23.077188925798772
0.32160643175170317, 23.242592565061695
0.3675502077162322, 23.407996204324622
0.41349398368076123, 23.573399843587545
0.45943775964529027, 23.738803482850468
0.5053815356098192, 23.90420712211339
0.5513253115743483, 24.069610761376317
0.5972690875388773, 24.23501440063924
0.6432128635034063, 24.400418039902164
0.6891566394679354, 24.56582167916509
0.7351004154324644, 24.731225318428013
0.7810441913969934, 24.896628957690936
0.8269879673615225, 25.062032596953863
0.8729317433260515, 25.227436236216786
0.9188755192905805, 25.39283987547971
0.9648192952551096, 25.558243514742635
1.0107630712196385, 25.72364715400556
1.0567068471841676, 25.88905079326848
1.1026506231486966, 26.054454432531408
1.1485943991132257, 26.21985807179433
1.1945381750777546, 26.385261711057254
1.2404819510422838, 26.55066535032018
1.2864257270068127, 26.716068989583103
1.3323695029713418, 26.881472628846026
1.3783132789358707, 27.046876268108953
1.4242570549003999, 27.212279907371876
1.4702008308649288, 27.3776835466348
1.5161446068294577, 27.543087185897722
1.5620883827939869, 27.70849082516065
1.6080321587585158, 27.87389446442357
1.653975934723045, 28.039298103686498
1.6999197106875739, 28.20470174294942
1.745863486652103, 28.370105382212344
1.791807262616632, 28.535509021475267
1.837751038581161, 28.700912660738194
1.88369481454569, 28.866316300001117
1.9296385905102191, 29.03171993926404
1.975582366474748, 29.197123578526963
2.021526142439277, 29.36252721778989
2.0674699184038063, 29.527930857052816
2.1134136943683353, 29.69333449631574
2.159357470332864, 29.858738135578662
2.205301246297393, 30.024141774841585
2.251245022261922, 30.189545414104508
2.2971887982264514, 30.354949053367434
2.3431325741909803, 30.520352692630357
2.3890763501555092, 30.68575633189328
2.435020126120038, 30.851159971156207
2.4809639020845675, 31.01656361041913
2.5269076780490964, 31.181967249682053
2.5728514540136254, 31.34737088894498
2.6187952299781543, 31.512774528207903
2.6647390059426836, 31.678178167470826
2.7106827819072126, 31.843581806733752
2.7566265578717415, 32.00898544599667
2.8025703338362704, 32.1743890852596
2.8485141098007998, 32.339792724522525
2.8944578857653287, 32.505196363785444
2.9404016617298576, 32.67060000304837
2.9863454376943865, 32.8360036423113
3.0322892136589155, 33.00140728157422
3.078232989623445, 33.16681092083714
3.1241767655879737, 33.33221456010007
3.1701205415525027, 33.49761819936299
3.2160643175170316, 33.663021838625916
3.262008093481561, 33.82842547788884
3.30795186944609, 33.99382911715176
3.353895645410619, 34.15923275641469
3.3998394213751477, 34.324636395677615
3.445783197339677, 34.490040034940534
3.491726973304206, 34.65544367420346
3.537670749268735, 34.82084731346639
3.583614525233264, 34.98625095272931
3.629558301197793, 35.151654591992234
3.675502077162322, 35.31705823125516
3.721445853126851, 35.48246187051808
3.76738962909138, 35.647865509781006
3.813333405055909, 35.81326914904393
3.8592771810204383, 35.97867278830685
3.905220956984967, 36.14407642756978
3.951164732949496, 36.309480066832705
3.997108508914025, 36.474883706095625
4.043052284878554, 36.64028734535855
4.088996060843083, 36.80569098462148
4.134939836807613, 36.9710946238844
4.180883612772141, 37.136498263147324
4.2268273887366705, 37.30190190241025
4.272771164701199, 37.46730554167317
4.318714940665728, 37.6327091809361
4.364658716630258, 37.79811282019902
4.410602492594786, 37.96351645946194
4.456546268559316, 38.12892009872487
4.502490044523844, 38.294323737987796
4.548433820488373, 38.459727377250715
4.594377596452903, 38.62513101651364
4.640321372417431, 38.79053465577657
4.686265148381961, 38.95593829503949
4.73220892434649, 39.121341934302414
4.7781527003110185, 39.28674557356534
4.824096476275548, 39.45214921282826
4.870040252240076, 39.61755285209118
4.915984028204606, 39.78295649135411
4.961927804169135, 39.94836013061703
5.0078715801336635, 40.11376376987995
5.053815356098193, 40.279167409142886
5.099759132062722, 40.444571048405805
5.145702908027251, 40.609974687668725
5.19164668399178, 40.77537832693166
5.237590459956309, 40.94078196619458
5.283534235920838, 41.1061856054575
5.329478011885367, 41.27158924472043
5.375421787849896, 41.43699288398335
5.421365563814425, 41.60239652324627
5.467309339778954, 41.7678001625092
5.513253115743483, 41.93320380177212
5.559196891708012, 42.09860744103505
5.605140667672541, 42.26401108029797
5.65108444363707, 42.429414719560896
5.6970282196015996, 42.59481835882382
5.742971995566128, 42.76022199808674
5.788915771530657, 42.92562563734967
5.834859547495186, 43.09102927661259
5.880803323459715, 43.25643291587552
5.926747099424245, 43.42183655513844
5.972690875388773, 43.58724019440136
6.0186346513533024, 43.752643833664294
6.064578427317831, 43.91804747292721
6.11052220328236, 44.08345111219013
6.15646597924689, 44.24885475145307
6.202409755211418, 44.414258390715986
6.2483535311759475, 44.579662029978905
6.294297307140477, 44.74506566924184
6.340241083105005, 44.91046930850476
6.386184859069535, 45.07587294776768
6.432128635034063, 45.241276587030605
6.4780724109985925, 45.40668022629353
6.524016186963122, 45.57208386555645
6.56995996292765, 45.73748750481938
6.61590373889218, 45.902891144082304
6.661847514856708, 46.06829478334522
6.707791290821238, 46.23369842260815
6.753735066785767, 46.399102061871076
6.799678842750295, 46.564505701133996
6.845622618714825, 46.72990934039692
6.891566394679354, 46.89531297965985
6.937510170643883, 47.06071661892277
6.983453946608412, 47.226120258185695
7.0293977225729405, 47.39152389744862
7.07534149853747, 47.55692753671154
7.121285274501999, 47.72233117597447
7.167229050466528, 47.887734815237394
7.213172826431057, 48.05313845450031
7.259116602395586, 48.21854209376324
7.305060378360115, 48.38394573302617
7.351004154324644, 48.549349372289086
7.396947930289173, 48.71475301155201
7.442891706253702, 48.88015665081494
7.4888354822182315, 48.98976752021111
7.53477925818276, 48.989789559075945
7.580723034147289, 48.98981159794078
7.626666810111818, 48.98983363680562
7.672610586076347, 48.989855675670455
7.7185543620408765, 48.98987771453529
7.764498138005405, 48.98989975340013
7.810441913969934, 48.989921792264965
7.856385689934464, 48.9899438311298
7.902329465898992, 48.98996586999464
7.948273241863522, 48.989987908859476
7.99421701782805, 48.99000994772431
8.04016079379258, 48.99003198658915
8.086104569757108, 48.990054025453986
8.132048345721637, 48.99007606431882
8.177992121686167, 48.99009810318366
8.223935897650696, 48.9901201420485
8.269879673615225, 48.99014218091333
8.315823449579753, 48.99016421977817
8.361767225544282, 48.99018625864301
8.407711001508812, 48.99020829750784
8.453654777473341, 48.99023033637268
8.49959855343787, 48.99025237523752
8.545542329402398, 48.99027441410235
8.591486105366927, 48.99029645296719
8.637429881331457, 48.99031849183203
8.683373657295986, 48.99034053069686
8.729317433260515, 48.990362569561704
8.775261209225043, 48.99038460842654
8.821204985189572, 48.99040664729137
8.867148761154102, 48.99042868615621
8.913092537118631, 48.99045072502105
8.95903631308316, 48.99047276388588
9.004980089047688, 48.99049480275072
9.050923865012217, 48.99051684161556
9.096867640976747, 48.99053888048039
9.142811416941276, 48.99056091934523
9.188755192905806, 48.99058295821007
9.234698968870335, 48.990604997074904
9.280642744834863, 48.99062703593974
9.326586520799392, 48.99064907480458
9.372530296763921, 48.990671113669414
9.41847407272845, 48.99069315253425
9.46441784869298, 48.99071519139909
9.510361624657508, 48.990737230263925
9.556305400622037, 48.99075926912876
9.602249176586566, 48.9907813079936
9.648192952551096, 48.990803346858435
9.694136728515625, 48.99082538572327
9.740080504480153, 48.99084742458811
9.786024280444682, 48.990869463452945
9.831968056409211, 48.99089150231778
9.87791183237374, 48.99091354118262
9.92385560833827, 48.990935580047456
9.969799384302798, 48.99095761891229
10.015743160267327, 48.99097965777713
10.061686936231856, 48.991001696641966
10.107630712196386, 48.9910237355068
10.153574488160915, 48.991045774371635
10.199518264125444, 48.99106781323648
10.245462040089972, 48.99108985210131
10.291405816054501, 48.991111890966145
10.33734959201903, 48.99113392983099
10.38329336798356, 48.99115596869582
10.42923714394809, 48.991178007560656
10.475180919912617, 48.9912000464255
10.521124695877146, 48.99122208529033
10.567068471841676, 48.991244124155166
10.613012247806205, 48.99126616302001
10.658956023770735, 48.99128820188484
10.704899799735262, 48.99131024074968
10.750843575699792, 48.99133227961452
10.796787351664321, 48.99135431847935
10.84273112762885, 48.99137635734419
10.88867490359338, 48.99139839620903
10.934618679557907, 48.99142043507386
10.980562455522437, 48.9914424739387
11.026506231486966, 48.99146451280354
11.072450007451495, 48.99148655166837
11.118393783416025, 48.99150859053321
11.164337559380552, 48.99153062939805
11.210281335345082, 48.991552668262884
11.256225111309611, 48.99157470712772
11.30216888727414, 48.99159674599256
11.34811266323867, 48.991618784857394
11.394056439203199, 48.99164082372223
11.440000215167727, 48.99166286258707
11.485943991132256, 48.991684901451904
11.531887767096785, 48.99170694031674
11.577831543061315, 48.99172897918157
11.623775319025844, 48.991751018046415
11.669719094990372, 48.99177305691125
11.715662870954901, 48.991795095776084
11.76160664691943, 48.991817134640925
11.80755042288396, 48.99183917350576
11.85349419884849, 48.991861212370594
11.899437974813017, 48.991883251235436
11.945381750777546, 48.99190529010027
11.991325526742076, 48.991927328965104
12.037269302706605, 48.991949367829946
12.083213078671134, 48.99197140669478
12.129156854635662, 48.991993445559615
12.175100630600191, 48.992015484424456
12.22104440656472, 48.99203752328929
12.26698818252925, 48.992059562154125
12.31293195849378, 48.99208160101897
12.358875734458309, 48.9921036398838
12.404819510422836, 48.992125678748636
12.450763286387366, 48.99214771761348
12.496707062351895, 48.99216975647831
12.542650838316424, 48.992191795343146
12.588594614280954, 48.99221383420799
12.634538390245481, 48.99223587307282
12.68048216621001, 48.992257911937656
12.72642594217454, 48.9922799508025
12.77236971813907, 48.99230198966733
12.818313494103599, 48.99232402853217
12.864257270068126, 48.992346067397
12.910201046032656, 48.99236810626184
12.956144821997185, 48.99239014512668
13.002088597961714, 48.99241218399151
13.048032373926244, 48.99243422285635
13.093976149890771, 48.99245626172119
13.1399199258553, 48.99247830058602
13.18586370181983, 48.992500339450864
13.23180747778436, 48.9925223783157
13.277751253748889, 48.99254441718053
13.323695029713416, 48.992566456045374
13.369638805677946, 48.99258849491021
13.415582581642475, 48.99261053377504
13.461526357607005, 48.992632572639884
13.507470133571534, 48.99265461150472
13.553413909536063, 48.99267665036955
13.59935768550059, 48.992698689234395
13.64530146146512, 48.99272072809923
13.69124523742965, 48.992742766964064
13.737189013394179, 48.992764805828905
13.783132789358708, 48.99278684469374
13.829076565323236, 48.992808883558574
13.875020341287765, 48.992830922423416
13.920964117252295, 48.99285296128825
13.966907893216824, 48.992875000153084
14.012851669181353, 48.992897039017926
14.058795445145881, 48.99291907788276
14.10473922111041, 48.992941116747595
14.15068299707494, 48.99296315561243
14.196626773039469, 48.99298519447727
14.242570549003998, 48.993007233342105
14.288514324968526, 48.99302927220694
14.334458100933055, 48.99305131107178
14.380401876897585, 48.993073349936616
14.426345652862114, 48.99309538880145
14.472289428826643, 48.99311742766629
14.518233204791173, 48.993139466531126
14.5641769807557, 48.99316150539596
14.61012075672023, 48.9931835442608
14.65606453268476, 48.993205583125636
14.702008308649289, 48.99322762199047
14.747952084613818, 48.99324966085531
14.793895860578345, 48.99327169972015
14.839839636542875, 48.99329373858498
14.885783412507404, 48.99331577744982
14.931727188471934, 48.99333781631466
14.977670964436463, 48.99335985517949
15.02361474040099, 48.99338189404433
15.06955851636552, 48.99340393290917
15.11550229233005, 48.993425971774
15.161446068294579, 48.99344801063884
15.207389844259108, 48.99347004950368
15.253333620223636, 48.99349208836851
15.299277396188165, 48.993514127233354
15.345221172152694, 48.99353616609819
15.391164948117224, 48.99355820496302
15.437108724081753, 48.99358024382786
15.48305250004628, 48.9936022826927
15.52899627601081, 48.99362432155753
15.57494005197534, 48.99364636042237
15.620883827939869, 48.99366839928721
15.666827603904398, 48.99369043815204
15.712771379868927, 48.99371247701688
15.758715155833455, 48.99373451588172
15.804658931797984, 48.993756554746554
15.850602707762514, 48.99377859361139
15.896546483727043, 48.99380063247623
15.942490259691573, 48.993822671341064
15.9884340356561, 48.9938447102059
16.03437781162063, 48.99386674907074
16.08032158758516, 48.993888787935575
16.126265363549688, 48.99391082680041
16.172209139514216, 48.99393286566525
16.218152915478747, 48.993954904530085
16.264096691443275, 48.99397694339492
16.310040467407806, 48.99399898225976
16.355984243372333, 48.994021021124595
16.40192801933686, 48.99404305998943
16.447871795301392, 48.99406509885427
16.49381557126592, 48.994087137719106
16.53975934723045, 48.99410917658394
16.58570312319498, 48.99413121544878
16.631646899159506, 48.994153254313616
16.677590675124037, 48.99417529317845
16.723534451088565, 48.99419733204329
16.769478227053096, 48.99421937090813
16.815422003017623, 48.99424140977296
16.86136577898215, 48.994263448637795
16.907309554946682, 48.99428548750264
16.95325333091121, 48.99430752636747
16.99919710687574, 48.994329565232306
17.04514088284027, 48.99435160409715
17.091084658804796, 48.99437364296198
17.137028434769327, 48.994395681826816
17.182972210733855, 48.99441772069166
17.228915986698386, 48.99443975955649
17.274859762662913, 48.99446179842133
17.32080353862744, 48.99448383728617
17.366747314591972, 48.994505876151
17.4126910905565, 48.99452791501584
17.45863486652103, 48.99454995388068
17.50457864248556, 48.99457199274551
17.550522418450086, 48.99459403161035
17.596466194414617, 48.99461607047519
17.642409970379145, 48.99463810934002
17.688353746343676, 48.99466014820486
17.734297522308204, 48.9946821870697
17.78024129827273, 48.994704225934534
17.826185074237262, 48.99472626479937
17.87212885020179, 48.99474830366421
17.91807262616632, 48.994770342529044
17.96401640213085, 48.99479238139388
18.009960178095376, 48.99481442025872
18.055903954059907, 48.994836459123555
18.101847730024435, 48.99485849798839
18.147791505988966, 48.99488053685322
18.193735281953494, 48.994902575718065
18.239679057918025, 48.9949246145829
18.285622833882552, 48.994946653447734
18.33156660984708, 48.994968692312575
18.37751038581161, 48.99499073117741
18.42345416177614, 48.995012770042244
18.46939793774067, 48.995034808907086
18.515341713705197, 48.99505684777192
18.561285489669725, 48.995078886636755
18.607229265634256, 48.995100925501596
18.653173041598784, 48.99512296436643
18.699116817563315, 48.995145003231265
18.745060593527842, 48.99516704209611
18.79100436949237, 48.99518908096094
18.8369481454569, 48.995211119825775
18.88289192142143, 48.99523315869062
18.92883569738596, 48.99525519755545
18.974779473350488, 48.995277236420286
19.020723249315015, 48.99529927528513
19.066667025279546, 48.99532131414996
19.112610801244074, 48.995343353014796
19.158554577208605, 48.99536539187964
19.204498353173133, 48.99538743074447
19.25044212913766, 48.99540946960931
19.29638590510219, 48.99543150847415
19.34232968106672, 48.99545354733898
19.38827345703125, 48.99547558620382
19.434217232995778, 48.99549762506865
19.480161008960305, 48.99551966393349
19.526104784924836, 48.99554170279833
19.572048560889364, 48.99556374166316
19.617992336853895, 48.995585780528
19.663936112818423, 48.99560781939284
19.70987988878295, 48.99562985825767
19.75582366474748, 48.995651897122514
19.80176744071201, 48.99567393598735
19.84771121667654, 48.99569597485218
19.893654992641068, 48.995718013717024
19.939598768605595, 48.99574005258186
19.985542544570126, 48.99576209144669
20.031486320534654, 48.995784130311534
20.077430096499185, 48.99580616917637
20.123373872463713, 48.9958282080412
20.16931764842824, 48.995850246906045
20.21526142439277, 48.99587228577088
20.2612052003573, 48.995894324635714
20.30714897632183, 48.995916363500555
20.353092752286358, 48.99593840236539
20.39903652825089, 48.995960441230224
20.444980304215417, 48.995982480095066
20.490924080179944, 48.9960045189599
20.536867856144475, 48.996026557824734
20.582811632109003, 48.996048596689576
20.628755408073534, 48.99607063555441
20.67469918403806, 48.996092674419245
20.72064296000259, 48.996114713284086
20.76658673596712, 48.99613675214892
20.812530511931648, 48.996158791013755
20.85847428789618, 48.99618082987859
20.904418063860707, 48.99620286874343
20.950361839825234, 48.996224907608266
20.996305615789765, 48.9962469464731
21.042249391754293, 48.99626898533794
21.088193167718824, 48.996291024202776
21.13413694368335, 48.99631306306761
21.18008071964788, 48.99633510193245
21.22602449561241, 48.996357140797286
21.271968271576938, 48.99637917966212
21.31791204754147, 48.99640121852696
21.363855823505997, 48.9964232573918
21.409799599470524, 48.99644529625663
21.455743375435055, 48.99646733512147
21.501687151399583, 48.99648937398631
21.547630927364114, 48.99651141285114
21.593574703328642, 48.99653345171598
21.63951847929317, 48.99655549058082
21.6854622552577, 48.99657752944565
21.731406031222228, 48.996599568310494
21.77734980718676, 48.99662160717533
21.823293583151287, 48.99664364604016
21.869237359115814, 48.996665684905004
21.915181135080346, 48.99668772376984
21.961124911044873, 48.99670976263467
22.007068687009404, 48.996731801499514
22.053012462973932, 48.99675384036435
22.09895623893846, 48.99677587922918
22.14490001490299, 48.99679791809402
22.19084379086752, 48.99681995695886
22.23678756683205, 48.996841995823694
22.282731342796577, 48.99686403468853
22.328675118761105, 48.99688607355337
22.374618894725636, 48.996908112418204
22.420562670690163, 48.99693015128304
22.466506446654694, 48.99695219014788
22.512450222619222, 48.996974229012714
22.558393998583753, 48.99699626787755
22.60433777454828, 48.99701830674239
22.65028155051281, 48.997040345607225
22.69622532647734, 48.99706238447206
22.742169102441867, 48.9970844233369
22.788112878406398, 48.997106462201735
22.834056654370926, 48.99712850106657
22.880000430335453, 48.99715053993141
22.925944206299985, 48.997172578796246
22.971887982264512, 48.99719461766108
23.017831758229043, 48.99721665652592
23.06377553419357, 48.997238695390756
23.1097193101581, 48.99726073425559
23.15566308612263, 48.99728277312043
23.201606862087157, 48.997304811985266
23.24755063805169, 48.9973268508501
23.293494414016216, 48.99734888971494
23.339438189980743, 48.99737092857978
23.385381965945275, 48.99739296744461
23.431325741909802, 48.997415006309446
23.477269517874333, 48.99743704517429
23.52321329383886, 48.99745908403912
23.56915706980339, 48.997481122903956
23.61510084576792, 48.9975031617688
23.661044621732447, 48.99752520063363
23.70698839769698, 48.997547239498466
23.752932173661506, 48.99756927836331
23.798875949626034, 48.99759131722814
23.844819725590565, 48.99761335609298
23.890763501555092, 48.99763539495782
23.936707277519623, 48.99765743382265
23.98265105348415, 48.99767947268749
24.02859482944868, 48.99770151155233
24.07453860541321, 48.99772355041716
24.120482381377737, 48.997745589282
24.16642615734227, 48.99776762814684
24.212369933306796, 48.99778966701167
24.258313709271324, 48.99781170587651
24.304257485235855, 48.99783374474135
24.350201261200382, 48.997855783606184
24.396145037164914, 48.99787782247102
24.44208881312944, 48.99789986133586
24.48803258909397, 48.997921900200694
24.5339763650585, 48.99794393906553
24.579920141023027, 48.99796597793037
24.62586391698756, 48.997988016795205
24.671807692952086, 48.99801005566004
24.717751468916617, 48.99803209452488
24.763695244881145, 48.998054133389715
24.809639020845673, 48.99807617225455
24.855582796810204, 48.998098211119384
24.90152657277473, 48.998120249984225
24.947470348739262, 48.99814228884906
24.99341412470379, 48.998164327713894
25.039357900668318, 48.998186366578736
25.08530167663285, 48.99820840544357
25.131245452597376, 48.998230444308405
25.177189228561907, 48.998252483173246
25.223133004526435, 48.99827452203808
25.269076780490963, 48.998296560902915
25.315020556455494, 48.99831859976776
25.36096433242002, 48.99834063863259
25.406908108384552, 48.998362677497425
25.45285188434908, 48.99838471636227
25.498795660313608, 48.9984067552271
25.54473943627814, 48.998428794091936
25.590683212242666, 48.99845083295678
25.636626988207198, 48.99847287182161
25.682570764171725, 48.998494910686446
25.728514540136253, 48.99851694955129
25.774458316100784, 48.99853898841612
25.82040209206531, 48.99856102728096
25.866345868029843, 48.9985830661458
25.91228964399437, 48.99860510501063
25.958233419958898, 48.99862714387547
26.00417719592343, 48.99864918274031
26.050120971887957, 48.99867122160514
26.096064747852488, 48.99869326046998
26.142008523817015, 48.99871529933481
26.187952299781543, 48.99873733819965
26.233896075746074, 48.99875937706449
26.2798398517106, 48.99878141592932
26.325783627675133, 48.998803454794164
26.37172740363966, 48.998825493659
26.417671179604188, 48.99884753252383
26.46361495556872, 48.998869571388674
26.509558731533247, 48.99889161025351
26.555502507497778, 48.99891364911834
26.601446283462305, 48.998935687983185
26.647390059426833, 48.99895772684802
26.693333835391364, 48.99897976571285
26.73927761135589, 48.999001804577695
26.785221387320423, 48.99902384344253
26.83116516328495, 48.999045882307364
26.87710893924948, 48.999067921172205
26.92305271521401, 48.99908996003704
26.968996491178537, 48.999111998901874
27.014940267143068, 48.999134037766716
27.060884043107595, 48.99915607663155
27.106827819072127, 48.999178115496385
27.152771595036654, 48.999200154361226
27.19871537100118, 48.99922219322606
27.244659146965713, 48.999244232090895
27.29060292293024, 48.99926627095574
27.33654669889477, 48.99928830982057
27.3824904748593, 48.999310348685405
27.428434250823827, 48.99933238755024
27.474378026788358, 48.99935442641508
27.520321802752886, 48.999376465279916
27.566265578717417, 48.99939850414475
27.612209354681944, 48.99942054300959
27.658153130646472, 48.999442581874426
27.704096906611003, 48.99946462073926
27.75004068257553, 48.9994866596041
27.79598445854006, 48.99950869846894
27.84192823450459, 48.99953073733377
27.887872010469117, 48.99955277619861
27.933815786433648, 48.99957481506345
27.979759562398176, 48.99959685392828
28.025703338362707, 48.99961889279312
28.071647114327234, 48.99964093165796
28.117590890291762, 48.99966297052279
28.163534666256293, 48.99968500938763
28.20947844222082, 48.99970704825247
28.255422218185352, 48.9997290871173
28.30136599414988, 48.999751125982144
28.347309770114407, 48.99977316484698
28.393253546078938, 48.99979520371181
28.439197322043466, 48.999817242576654
28.485141098007997, 48.99983928144149
28.531084873972524, 48.99986132030632
28.577028649937052, 48.999883359171164
28.622972425901583, 48.999905398036
28.66891620186611, 48.99992743690083
28.714859977830642, 48.99994947576567
28.76080375379517, 48.99997151463051
28.806747529759697, 48.999993553495344
28.85269130572423, 49.00001559236018
28.898635081688756, 49.00003763122502
28.944578857653287, 49.000059670089854
28.990522633617815, 49.00008170895469
29.036466409582346, 49.00010374781953
29.082410185546873, 49.000125786684364
29.1283539615114, 49.0001478255492
29.174297737475932, 49.00016986441404
29.22024151344046, 49.000191903278875
29.26618528940499, 49.00021394214371
29.31212906536952, 49.00023598100855
29.358072841334046, 49.000258019873385
29.404016617298577, 49.00028005873822
29.449960393263105, 49.00030209760306
29.495904169227636, 49.000324136467896
29.541847945192163, 49.00034617533273
29.58779172115669, 49.00036821419757
29.633735497121222, 49.000390253062406
29.67967927308575, 49.00041229192724
29.72562304905028, 49.00043433079208
29.77156682501481, 49.000456369656916
29.817510600979336, 49.00047840852175
29.863454376943867, 49.00050044738659
29.909398152908395, 49.00052248625143
29.955341928872926, 49.00054452511626
30.001285704837453, 49.0005665639811
30.04722948080198, 49.00058860284594
30.093173256766512, 49.00061064171077
30.13911703273104, 49.000632680575606
30.18506080869557, 49.00065471944045
30.2310045846601, 49.00067675830528
30.276948360624626, 49.00069879717012
30.322892136589157, 49.00072083603496
30.368835912553685, 49.00074287489979
30.414779688518216, 49.00076491376463
30.460723464482744, 49.00078695262947
30.50666724044727, 49.0008089914943
30.552611016411802, 49.00083103035914
30.59855479237633, 49.00085306922398
30.64449856834086, 49.00087510808881
30.69044234430539, 49.00089714695365
30.736386120269916, 49.00091918581849
30.782329896234447, 49.000941224683324
30.828273672198975, 49.00096326354816
30.874217448163506, 49.000985302413
30.920161224128034, 49.001007341277834
30.96610500009256, 49.00102938014267
31.012048776057092, 49.00105141900751
31.05799255202162, 49.001073457872344
31.10393632798615, 49.00109549673718
31.14988010395068, 49.00111753560202
31.19582387991521, 49.001139574466855
31.241767655879737, 49.00116161333169
31.287711431844265, 49.00118365219653
31.333655207808796, 49.001205691061365
31.379598983773324, 49.0012277299262
31.425542759737855, 49.001249768791034
31.471486535702383, 49.001271807655876
31.51743031166691, 49.00129384652071
31.56337408763144, 49.001315885385544
31.60931786359597, 49.001337924250386
31.6552616395605, 49.00135996311522
31.701205415525028, 49.001382001980055
31.747149191489555, 49.001404040844896
31.793092967454086, 49.00142607970973
31.839036743418614, 49.001448118574565
31.884980519383145, 49.00147015743941
31.930924295347673, 49.00149219630424
31.9768680713122, 49.001514235169076
32.02281184727673, 49.00153627403392
32.06875562324126, 49.00155831289875
32.11469939920579, 49.001580351763586
32.16064317517032, 49.00160239062843
32.206586951134845, 49.00162442949326
32.252530727099376, 49.001646468358096
32.29847450306391, 49.00166850722294
32.34441827902843, 49.00169054608777
32.39036205499296, 49.00171258495261
32.436305830957494, 49.00173462381745
32.48224960692202, 49.00175666268228
32.52819338288655, 49.00177870154712
32.57413715885108, 49.00180074041196
32.62008093481561, 49.00182277927679
32.666024710780135, 49.00184481814163
32.71196848674467, 49.00186685700646
32.7579122627092, 49.0018888958713
32.80385603867372, 49.00191093473614
32.84979981463825, 49.00193297360097
32.895743590602784, 49.001955012465814
32.94168736656731, 49.00197705133065
32.98763114253184, 49.00199909019548
33.03357491849637, 49.002021129060324
33.0795186944609, 49.00204316792516
33.125462470425425, 49.00206520678999
33.17140624638996, 49.002087245654835
33.21735002235449, 49.00210928451967
33.26329379831901, 49.0021313233845
33.30923757428354, 49.002153362249345
33.355181350248074, 49.00217540111418
33.4011251262126, 49.002197439979014
33.44706890217713, 49.002219478843855
33.49301267814166, 49.00224151770869
33.53895645410619, 49.002263556573524
33.584900230070716, 49.002285595438366
33.63084400603525, 49.0023076343032
33.67678778199978, 49.002329673168035
33.7227315579643, 49.002351712032876
33.76867533392883, 49.00237375089771
33.814619109893364, 49.002395789762545
33.86056288585789, 49.00241782862739
33.90650666182242, 49.00243986749222
33.95245043778695, 49.002461906357055
33.99839421375148, 49.0024839452219
34.044337989716006, 49.00250598408673
34.09028176568054, 49.002528022951566
34.13622554164507, 49.0025500618164
34.18216931760959, 49.00257210068124
34.22811309357412, 49.002594139546076
34.274056869538654, 49.00261617841091
34.320000645503185, 49.00263821727575
34.36594442146771, 49.00266025614059
34.41188819743224, 49.00268229500542
34.45783197339677, 49.00270433387026
34.503775749361296, 49.0027263727351
34.54971952532583, 49.00274841159993
34.59566330129036, 49.00277045046477
34.64160707725488, 49.00279248932961
34.68755085321941, 49.00281452819444
34.733494629183944, 49.00283656705928
34.779438405148476, 49.00285860592412
34.825382181113, 49.00288064478895
34.87132595707753, 49.002902683653794
34.91726973304206, 49.00292472251863
34.963213509006586, 49.00294676138346
35.00915728497112, 49.002968800248304
35.05510106093565, 49.00299083911314
35.10104483690017, 49.00301287797797
35.1469886128647, 49.003034916842815
35.192932388829234, 49.00305695570765
35.238876164793766, 49.00307899457248
35.28481994075829, 49.003101033437325
35.33076371672282, 49.00312307230216
35.37670749268735, 49.003145111166994
35.422651268651876, 49.00316715003183
35.46859504461641, 49.00318918889667
35.51453882058094, 49.003211227761504
35.56048259654546, 49.00323326662634
35.60642637250999, 49.00325530549118
35.652370148474525, 49.003277344356015
35.698313924439056, 49.00329938322085
35.74425770040358, 49.00332142208569
35.79020147636811, 49.003343460950525
35.83614525233264, 49.00336549981536
35.882089028297166, 49.0033875386802
35.9280328042617, 49.003409577545035
35.97397658022623, 49.00343161640987
36.01992035619075, 49.00345365527471
36.06586413215528, 49.003475694139546
36.111807908119815, 49.00349773300438
36.157751684084346, 49.00351977186922
36.20369546004887, 49.003541810734056
36.2496392360134, 49.00356384959889
36.29558301197793, 49.00358588846373
36.341526787942456, 49.00360792732857
36.38747056390699, 49.0036299661934
36.43341433987152, 49.00365200505824
36.47935811583605, 49.00367404392308
36.525301891800574, 49.00369608278791
36.571245667765105, 49.00371812165275
36.617189443729636, 49.00374016051759
36.66313321969416, 49.00376219938242
36.70907699565869, 49.003784238247256
36.75502077162322, 49.0038062771121
36.800964547587746, 49.00382831597693
36.84690832355228, 49.00385035484177
36.89285209951681, 49.00387239370661
36.93879587548134, 49.00389443257144
36.984739651445864, 48.967490060399584
37.030683427410395, 48.84479519284289
37.076627203374926, 48.722100325286185
37.12257097933945, 48.5994054577295
37.16851475530398, 48.4767105901728
37.21445853126851, 48.3540157226161
37.260402307233036, 48.231320855059415
37.30634608319757, 48.10862598750271
37.3522898591621, 47.98593111994601
37.39823363512663, 47.86323625238931
37.444177411091154, 47.740541384832625
37.490121187055685, 47.61784651727592
37.536064963020216, 47.49515164971922
37.58200873898474, 47.37245678216254
37.62795251494927, 47.249761914605834
37.6738962909138, 47.12706704704914
37.71984006687833, 47.00437217949245
37.76578384284286, 46.88167731193575
37.81172761880739, 46.75898244437905
37.85767139477192, 46.63628757682235
37.903615170736444, 46.513592709265666
37.949558946700975, 46.39089784170896
37.995502722665506, 46.26820297415226
38.04144649863003, 46.14550810659558
38.08739027459456, 46.022813239038875
38.13333405055909, 45.90011837148217
38.17927782652362, 45.77742350392549
38.22522160248815, 45.65472863636879
38.27116537845268, 45.532033768812084
38.31710915441721, 45.40933890125539
38.363052930381734, 45.2866440336987
38.408996706346265, 45.163949166142004
38.454940482310796, 45.0412542985853
38.50088425827532, 44.91855943102862
38.54682803423985, 44.795864563471916
38.59277181020438, 44.67316969591521
38.638715586168914, 44.55047482835851
38.68465936213344, 44.42777996080183
38.73060313809797, 44.305085093245125
38.7765469140625, 44.18239022568842
38.822490690027024, 44.05969535813174
38.868434465991555, 43.93700049057504
38.914378241956086, 43.814305623018335
38.96032201792061, 43.69161075546165
39.00626579388514, 43.56891588790495
39.05220956984967, 43.446221020348254
39.098153345814204, 43.32352615279155
39.14409712177873, 43.20083128523487
39.19004089774326, 43.07813641767817
39.23598467370779, 42.95544155012146
39.281928449672314, 42.83274668256478
39.327872225636845, 42.71005181500808
39.37381600160138, 42.587356947451376
39.4197597775659, 42.464662079894694
39.46570355353043, 42.34196721233799
39.51164732949496, 42.21927234478129
39.557591105459494, 42.096577477224585
39.60353488142402, 41.9738826096679
39.64947865738855, 41.8511877421112
39.69542243335308, 41.728492874554505
39.741366209317604, 41.605798006997816
39.787309985282135, 41.48310313944111
39.83325376124667, 41.36040827188442
39.87919753721119, 41.237713404327735
39.92514131317572, 41.11501853677103
39.97108508914025, 40.99232366921433
40.017028865104784, 40.869628801657626
40.06297264106931, 40.746933934100944
40.10891641703384, 40.62423906654424
40.15486019299837, 40.50154419898754
40.200803968962894, 40.37884933143086
40.246747744927426, 40.256154463874154
40.29269152089196, 40.13345959631745
40.33863529685648, 40.01076472876077
40.38457907282101, 39.888069861204066
40.43052284878554, 39.76537499364737
40.476466624750074, 39.64268012609067
40.5224104007146, 39.51998525853398
40.56835417667913, 39.39729039097728
40.61429795264366, 39.27459552342058
40.660241728608185, 39.1519006558639
40.706185504572716, 39.029205788307195
40.75212928053725, 38.90651092075049
40.79807305650178, 38.78381605319379
40.8440168324663, 38.66112118563711
40.88996060843083, 38.538426318080404
40.935904384395364, 38.4157314505237
40.98184816035989, 38.29303658296702
41.02779193632442, 38.170341715410316
41.07373571228895, 38.04764684785361
41.119679488253475, 37.92495198029693
41.165623264218006, 37.802257112740236
41.21156704018254, 37.67956224518353
41.25751081614707, 37.55686737762683
41.30345459211159, 37.43417251007015
41.34939836807612, 37.311477642513445
41.395342144040654, 37.18878277495674
41.44128592000518, 37.06608790740006
41.48722969596971, 36.94339303984336
41.53317347193424, 36.820698172286654
41.579117247898765, 36.69800330472997
41.625061023863296, 36.57530843717327
41.67100479982783, 36.45261356961657
41.71694857579236, 36.32991870205987
41.76289235175688, 36.20722383450318
41.80883612772141, 36.08452896694648
41.854779903685944, 35.96183409938978
41.90072367965047, 35.8391392318331
41.946667455615, 35.7164443642764
41.99261123157953, 35.593749496719695
42.038555007544055, 35.47105462916301
42.084498783508586, 35.34835976160631
42.13044255947312, 35.22566489404961
42.17638633543765, 35.102970026492905
42.22233011140217, 34.98027515893622
42.2682738873667, 34.85758029137952
42.314217663331235, 34.73488542382282
42.36016143929576, 34.612190556266135
42.40610521526029, 34.48949568870943
42.45204899122482, 34.36680082115274
42.497992767189345, 34.24410595359605
42.543936543153876, 34.121411086039345
42.58988031911841, 33.99871621848264
42.63582409508294, 33.876021350925946
42.68176787104746, 33.753326483369264
42.72771164701199, 33.63063161581256
42.773655422976525, 33.50793674825586
42.81959919894105, 33.385241880699176
42.86554297490558, 33.26254701314247
42.91148675087011, 33.13985214558577
42.95743052683464, 33.01715727802907
43.003374302799166, 32.894462410472386
43.0493180787637, 32.77176754291568
43.09526185472823, 32.64907267535898
43.14120563069275, 32.5263778078023
43.187149406657284, 32.4036829402456
43.233093182621815, 32.2809880726889
43.27903695858634, 32.15829320513221
43.32498073455087, 32.03559833757551
43.3709245105154, 31.912903470018808
43.41686828647993, 31.79020860246211
43.462812062444456, 31.667513734905423
43.50875583840899, 31.544818867348724
43.55469961437352, 31.42212399979202
43.60064339033804, 31.29942913223534
43.646587166302574, 31.176734264678636
43.692530942267105, 31.054039397121933
43.73847471823163, 30.93134452956525
43.78441849419616, 30.80864966200855
43.83036227016069, 30.68595479445185
43.87630604612522, 30.563259926895146
43.922249822089746, 30.440565059338464
43.96819359805428, 30.31787019178176
44.01413737401881, 30.19517532422506
44.06008114998333, 30.072480456668377
44.106024925947864, 29.949785589111674
44.151968701912395, 29.827090721554974
44.19791247787692, 29.70439585399829
44.24385625384145, 29.58170098644159
44.28980002980598, 29.459006118884886
44.33574380577051, 29.336311251328183
44.38168758173504, 29.2136163837715
44.42763135769957, 29.0909215162148
44.4735751336641, 28.9682266486581
44.51951890962862, 28.845531781101414
44.565462685593154, 28.722836913544715
44.611406461557685, 28.60014204598801
44.65735023752221, 28.47744717843133
44.70329401348674, 28.354752310874627
44.74923778945127, 28.232057443317924
44.7951815654158, 28.109362575761224
44.84112534138033, 27.98666770820454
44.88706911734486, 27.86397284064784
44.93301289330939, 27.741277973091137
44.97895666927391, 27.618583105534455
45.024900445238444, 27.495888237977752
45.070844221202975, 27.37319337042105
45.116787997167506, 27.25049850286435
45.16273177313203, 27.127803635307664
45.20867554909656, 27.005108767750965
45.25461932506109, 26.882413900194262
45.30056310102562, 26.75971903263758
45.34650687699015, 26.637024165080877
45.39245065295468, 26.514329297524174
45.4383944289192, 26.391634429967493
45.484338204883734, 26.26893956241079
45.530281980848265, 26.14624469485409
45.576225756812796, 26.023549827297387
45.62216953277732, 25.900854959740705
45.66811330874185, 25.778160092184002
45.71405708470638, 25.6554652246273
45.76000086067091, 25.532770357070618
45.80594463663544, 25.410075489513915
45.85188841259997, 25.287380621957215
45.89783218856449, 25.16468575440053
