Parameters: [52.056769990521964, 15.449175998494535, 9.197241122312466, 37.12755557742955, 3.5244074719494205, -0.02528671778097294, -3.279107805498955]
Points:
0.0, 15.449175998494535
0.052108878869391355, 15.632828920536726
0.10421775773878271, 15.816481842578916
0.15632663660817406, 16.000134764621105
0.20843551547756542, 16.183787686663297
0.26054439434695675, 16.367440608705486
0.3126532732163481, 16.551093530747675
0.3647621520857395, 16.734746452789867
0.41687103095513084, 16.918399374832056
0.4689799098245222, 17.10205229687425
0.5210887886939135, 17.285705218916437
0.5731976675633049, 17.469358140958626
0.6253065464326962, 17.653011063000818
0.6774154253020876, 17.836663985043007
0.729524304171479, 18.020316907085196
0.7816331830408704, 18.203969829127388
0.8337420619102617, 18.387622751169577
0.885850940779653, 18.57127567321177
0.9379598196490444, 18.754928595253958
0.9900686985184357, 18.93858151729615
1.042177577387827, 19.12223443933834
1.0942864562572185, 19.305887361380528
1.1463953351266098, 19.48954028342272
1.1985042139960012, 19.67319320546491
1.2506130928653925, 19.856846127507097
1.3027219717347838, 20.04049904954929
1.3548308506041753, 20.224151971591482
1.4069397294735666, 20.40780489363367
1.459048608342958, 20.59145781567586
1.5111574872123492, 20.77511073771805
1.5632663660817407, 20.95876365976024
1.615375244951132, 21.14241658180243
1.6674841238205234, 21.32606950384462
1.7195930026899147, 21.50972242588681
1.771701881559306, 21.693375347929
1.8238107604286975, 21.87702826997119
1.8759196392980888, 22.06068119201338
1.92802851816748, 22.244334114055572
1.9801373970368714, 22.42798703609776
2.032246275906263, 22.611639958139953
2.084355154775654, 22.795292880182142
2.1364640336450456, 22.97894580222433
2.188572912514437, 23.162598724266523
2.240681791383828, 23.346251646308712
2.2927906702532197, 23.5299045683509
2.344899549122611, 23.713557490393093
2.3970084279920023, 23.897210412435285
2.449117306861394, 24.080863334477474
2.501226185730785, 24.264516256519663
2.5533350646001765, 24.448169178561855
2.6054439434695675, 24.63182210060404
2.657552822338959, 24.815475022646233
2.7096617012083506, 24.999127944688425
2.7617705800777417, 25.182780866730614
2.813879458947133, 25.366433788772802
2.8659883378165247, 25.550086710814995
2.918097216685916, 25.733739632857183
2.9702060955553073, 25.917392554899376
3.0223149744246984, 26.101045476941565
3.07442385329409, 26.284698398983757
3.1265327321634815, 26.468351321025946
3.1786416110328726, 26.652004243068134
3.230750489902264, 26.835657165110327
3.282859368771655, 27.019310087152515
3.3349682476410467, 27.202963009194704
3.3870771265104382, 27.386615931236896
3.4391860053798293, 27.570268853279085
3.491294884249221, 27.753921775321274
3.543403763118612, 27.937574697363466
3.5955126419880035, 28.12122761940566
3.647621520857395, 28.304880541447847
3.699730399726786, 28.488533463490036
3.7518392785961776, 28.67218638553223
3.8039481574655687, 28.855839307574417
3.85605703633496, 29.039492229616606
3.9081659152043517, 29.223145151658798
3.960274794073743, 29.406798073700987
4.012383672943134, 29.590450995743176
4.064492551812526, 29.774103917785368
4.116601430681917, 29.95775683982756
4.168710309551308, 30.141409761869745
4.2208191884207, 30.325062683911938
4.272928067290091, 30.50871560595413
4.325036946159482, 30.69236852799632
4.377145825028874, 30.87602145003851
4.429254703898265, 31.0596743720807
4.481363582767656, 31.24332729412289
4.533472461637048, 31.42698021616508
4.585581340506439, 31.61063313820727
4.6376902193758305, 31.79428606024946
4.689799098245222, 31.977938982291647
4.7419079771146135, 32.16159190433384
4.794016855984005, 32.34524482637603
4.846125734853396, 32.52889774841822
4.898234613722788, 32.712550670460416
4.950343492592179, 32.8962035925026
5.00245237146157, 33.07985651454479
5.054561250330962, 33.263509436586986
5.106670129200353, 33.44716235862917
5.158779008069744, 33.63081528067136
5.210887886939135, 33.81446820271355
5.262996765808527, 33.99812112475574
5.315105644677918, 34.18177404679793
5.367214523547309, 34.365426968840126
5.419323402416701, 34.54907989088231
5.471432281286092, 34.7327328129245
5.523541160155483, 34.916385734966696
5.575650039024875, 35.10003865700888
5.627758917894266, 35.28369157905107
5.6798677967636575, 35.467344501093265
5.7319766756330495, 35.65099742313545
5.7840855545024406, 35.83465034517764
5.836194433371832, 36.018303267219835
5.888303312241223, 36.20195618926202
5.940412191110615, 36.38560911130422
5.992521069980006, 36.569262033346405
6.044629948849397, 36.75291495538859
6.096738827718789, 36.93656787743079
6.14884770658818, 37.120220799472975
6.200956585457571, 37.30387372151516
6.253065464326963, 37.48752664355736
6.305174343196354, 37.671179565599545
6.357283222065745, 37.85483248764173
6.409392100935136, 38.03848540968393
6.461500979804528, 38.222138331726114
6.513609858673919, 38.40579125376831
6.56571873754331, 38.5894441758105
6.617827616412702, 38.773097097852684
6.669936495282093, 38.956750019894876
6.7220453741514845, 39.14040294193707
6.7741542530208765, 39.324055863979254
6.826263131890268, 39.507708786021446
6.878372010759659, 39.69136170806364
6.930480889629051, 39.875014630105824
6.982589768498442, 40.058667552148016
7.034698647367833, 40.24232047419021
7.086807526237224, 40.42597339623239
7.138916405106616, 40.60962631827459
7.191025283976007, 40.79327924031678
7.243134162845398, 40.97693216235896
7.29524304171479, 41.16058508440116
7.347351920584181, 41.34423800644335
7.399460799453572, 41.52789092848553
7.451569678322964, 41.71154385052773
7.503678557192355, 41.89519677256992
7.555787436061746, 42.07884969461211
7.607896314931137, 42.2625026166543
7.660005193800529, 42.44615553869649
7.71211407266992, 42.62980846073868
7.7642229515393115, 42.81346138278087
7.8163318304087035, 42.99711430482306
7.868440709278095, 43.18076722686525
7.920549588147486, 43.36442014890744
7.972658467016878, 43.54807307094963
8.024767345886268, 43.73172599299181
8.07687622475566, 43.91537891503401
8.128985103625052, 44.0990318370762
8.181093982494442, 44.28268475911839
8.233202861363834, 44.46633768116058
8.285311740233226, 44.649990603202774
8.337420619102616, 44.83364352524496
8.389529497972008, 45.01729644728715
8.4416383768414, 45.200949369329344
8.49374725571079, 45.38460229137153
8.545856134580182, 45.56825521341372
8.597965013449574, 45.75190813545591
8.650073892318964, 45.935561057498106
8.702182771188356, 46.11921397954029
8.754291650057748, 46.30286690158249
8.806400528927139, 46.486519823624675
8.85850940779653, 46.67017274566686
8.910618286665922, 46.85382566770906
8.962727165535313, 47.037478589751245
9.014836044404705, 47.22113151179343
9.066944923274097, 47.40478443383563
9.119053802143487, 47.588437355877815
9.171162681012879, 47.77209027792
9.223271559882269, 47.86334310696453
9.275380438751661, 47.86202544445067
9.327489317621053, 47.86070778193682
9.379598196490443, 47.85939011942297
9.431707075359835, 47.85807245690911
9.483815954229227, 47.85675479439526
9.535924833098617, 47.85543713188141
9.58803371196801, 47.854119469367554
9.640142590837401, 47.8528018068537
9.692251469706791, 47.85148414433985
9.744360348576183, 47.850166481825994
9.796469227445575, 47.84884881931214
9.848578106314966, 47.84753115679828
9.900686985184358, 47.846213494284434
9.95279586405375, 47.84489583177058
10.00490474292314, 47.84357816925672
10.057013621792532, 47.842260506742875
10.109122500661924, 47.84094284422902
10.161231379531314, 47.839625181715164
10.213340258400706, 47.838307519201315
10.265449137270098, 47.83698985668746
10.317558016139488, 47.835672194173604
10.36966689500888, 47.834354531659756
10.42177577387827, 47.8330368691459
10.473884652747662, 47.831719206632044
10.525993531617054, 47.830401544118196
10.578102410486444, 47.82908388160434
10.630211289355836, 47.827766219090485
10.682320168225228, 47.826448556576636
10.734429047094618, 47.82513089406278
10.78653792596401, 47.823813231548925
10.838646804833402, 47.82249556903508
10.890755683702793, 47.82117790652122
10.942864562572185, 47.819860244007366
10.994973441441577, 47.81854258149352
11.047082320310967, 47.81722491897966
11.099191199180359, 47.815907256465806
11.15130007804975, 47.81458959395196
11.20340895691914, 47.8132719314381
11.255517835788533, 47.81195426892425
11.307626714657925, 47.8106366064104
11.359735593527315, 47.80931894389654
11.411844472396707, 47.80800128138269
11.463953351266099, 47.80668361886884
11.51606223013549, 47.80536595635498
11.568171109004881, 47.80404829384113
11.620279987874271, 47.80273063132728
11.672388866743663, 47.80141296881342
11.724497745613055, 47.80009530629957
11.776606624482445, 47.79877764378572
11.828715503351837, 47.797459981271864
11.88082438222123, 47.79614231875801
11.93293326109062, 47.79482465624416
11.985042139960012, 47.793506993730304
12.037151018829404, 47.79218933121645
12.089259897698794, 47.7908716687026
12.141368776568186, 47.789554006188744
12.193477655437578, 47.78823634367489
12.245586534306968, 47.78691868116104
12.29769541317636, 47.785601018647185
12.349804292045752, 47.78428335613333
12.401913170915142, 47.78296569361948
12.454022049784534, 47.781648031105625
12.506130928653926, 47.78033036859177
12.558239807523316, 47.77901270607792
12.610348686392708, 47.777695043564066
12.6624575652621, 47.77637738105021
12.71456644413149, 47.77505971853636
12.766675323000882, 47.773742056022506
12.818784201870272, 47.77242439350865
12.870893080739664, 47.7711067309948
12.923001959609056, 47.76978906848095
12.975110838478447, 47.76847140596709
13.027219717347839, 47.76715374345324
13.07932859621723, 47.76583608093939
13.13143747508662, 47.76451841842553
13.183546353956013, 47.76320075591168
13.235655232825405, 47.76188309339783
13.287764111694795, 47.76056543088397
13.339872990564187, 47.75924776837012
13.391981869433579, 47.75793010585627
13.444090748302969, 47.75661244334241
13.496199627172361, 47.755294780828564
13.548308506041753, 47.75397711831471
13.600417384911143, 47.75265945580085
13.652526263780535, 47.751341793287004
13.704635142649927, 47.75002413077315
13.756744021519317, 47.74870646825929
13.80885290038871, 47.747388805745445
13.860961779258101, 47.74607114323159
13.913070658127491, 47.74475348071773
13.965179536996883, 47.743435818203885
14.017288415866274, 47.74211815569003
14.069397294735666, 47.740800493176174
14.121506173605058, 47.739482830662325
14.173615052474448, 47.73816516814847
14.22572393134384, 47.736847505634614
14.277832810213232, 47.735529843120766
14.329941689082622, 47.73421218060691
14.382050567952014, 47.732894518093055
14.434159446821406, 47.731576855579206
14.486268325690796, 47.73025919306535
14.538377204560188, 47.728941530551495
14.59048608342958, 47.72762386803765
14.64259496229897, 47.72630620552379
14.694703841168362, 47.724988543009935
14.746812720037754, 47.72367088049609
14.798921598907144, 47.72235321798223
14.851030477776536, 47.721035555468376
14.903139356645928, 47.71971789295453
14.955248235515318, 47.71840023044067
15.00735711438471, 47.717082567926816
15.059465993254102, 47.71576490541297
15.111574872123493, 47.71444724289911
15.163683750992885, 47.71312958038526
15.215792629862275, 47.71181191787141
15.267901508731667, 47.71049425535755
15.320010387601059, 47.7091765928437
15.372119266470449, 47.70785893032985
15.42422814533984, 47.70654126781599
15.476337024209233, 47.70522360530214
15.528445903078623, 47.70390594278829
15.580554781948015, 47.70258828027443
15.632663660817407, 47.70127061776058
15.684772539686797, 47.69995295524673
15.73688141855619, 47.698635292732874
15.788990297425581, 47.69731763021902
15.841099176294971, 47.69599996770517
15.893208055164363, 47.694682305191314
15.945316934033755, 47.69336464267746
15.997425812903145, 47.69204698016361
16.049534691772536, 47.690729317649755
16.10164357064193, 47.6894116551359
16.15375244951132, 47.68809399262205
16.20586132838071, 47.686776330108195
16.257970207250104, 47.68545866759434
16.310079086119494, 47.68414100508049
16.362187964988884, 47.682823342566635
16.414296843858278, 47.68150568005278
16.466405722727668, 47.68018801753893
16.518514601597058, 47.678870355025076
16.570623480466452, 47.67755269251122
16.622732359335842, 47.67623502999737
16.674841238205232, 47.674917367483516
16.726950117074626, 47.67359970496966
16.779058995944016, 47.67228204245581
16.831167874813406, 47.67096437994196
16.8832767536828, 47.6696467174281
16.93538563255219, 47.66832905491425
16.98749451142158, 47.6670113924004
17.039603390290974, 47.66569372988654
17.091712269160364, 47.66437606737269
17.143821148029755, 47.66305840485884
17.19593002689915, 47.66174074234498
17.24803890576854, 47.66042307983113
17.30014778463793, 47.65910541731728
17.352256663507323, 47.65778775480342
17.404365542376713, 47.656470092289574
17.456474421246103, 47.65515242977572
17.508583300115497, 47.65383476726186
17.560692178984887, 47.652517104748014
17.612801057854277, 47.65119944223416
17.66490993672367, 47.6498817797203
17.71701881559306, 47.648564117206455
17.76912769446245, 47.6472464546926
17.821236573331845, 47.64592879217874
17.873345452201235, 47.644611129664895
17.925454331070625, 47.64329346715104
17.97756320994002, 47.641975804637184
18.02967208880941, 47.640658142123335
18.0817809676788, 47.63934047960948
18.133889846548193, 47.638022817095624
18.185998725417583, 47.636705154581776
18.238107604286974, 47.63538749206792
18.290216483156364, 47.634069829554065
18.342325362025758, 47.632752167040216
18.394434240895148, 47.63143450452636
18.446543119764538, 47.630116842012505
18.49865199863393, 47.62879917949866
18.550760877503322, 47.6274815169848
18.602869756372712, 47.626163854470946
18.654978635242106, 47.6248461919571
18.707087514111496, 47.62352852944324
18.759196392980886, 47.622210866929386
18.81130527185028, 47.62089320441554
18.86341415071967, 47.61957554190168
18.91552302958906, 47.618257879387826
18.967631908458454, 47.61694021687398
19.019740787327844, 47.61562255436012
19.071849666197235, 47.61430489184627
19.12395854506663, 47.61298722933242
19.17606742393602, 47.61166956681856
19.22817630280541, 47.61035190430471
19.280285181674802, 47.60903424179086
19.332394060544193, 47.607716579277
19.384502939413583, 47.60639891676315
19.436611818282977, 47.6050812542493
19.488720697152367, 47.603763591735444
19.540829576021757, 47.60244592922159
19.59293845489115, 47.60112826670774
19.64504733376054, 47.599810604193884
19.69715621262993, 47.59849294168003
19.749265091499325, 47.59717527916618
19.801373970368715, 47.595857616652324
19.853482849238105, 47.59453995413847
19.9055917281075, 47.59322229162462
19.95770060697689, 47.591904629110765
20.00980948584628, 47.59058696659691
20.061918364715673, 47.58926930408306
20.114027243585063, 47.587951641569205
20.166136122454454, 47.58663397905535
20.218245001323847, 47.5853163165415
20.270353880193237, 47.583998654027646
20.322462759062628, 47.58268099151379
20.37457163793202, 47.58136332899994
20.42668051680141, 47.580045666486086
20.478789395670802, 47.57872800397223
20.530898274540196, 47.57741034145838
20.583007153409586, 47.576092678944526
20.635116032278976, 47.57477501643067
20.687224911148366, 47.57345735391682
20.73933379001776, 47.57213969140297
20.79144266888715, 47.57082202888911
20.84355154775654, 47.56950436637526
20.895660426625934, 47.56818670386141
20.947769305495324, 47.56686904134755
20.999878184364714, 47.5655513788337
21.051987063234108, 47.56423371631985
21.1040959421035, 47.56291605380599
21.15620482097289, 47.561598391292144
21.208313699842282, 47.56028072877829
21.260422578711673, 47.55896306626443
21.312531457581063, 47.557645403750584
21.364640336450456, 47.55632774123673
21.416749215319847, 47.55501007872287
21.468858094189237, 47.553692416209024
21.52096697305863, 47.55237475369517
21.57307585192802, 47.55105709118131
21.62518473079741, 47.549739428667465
21.677293609666805, 47.54842176615361
21.729402488536195, 47.547104103639754
21.781511367405585, 47.545786441125905
21.83362024627498, 47.54446877861205
21.88572912514437, 47.543151116098194
21.93783800401376, 47.541833453584346
21.989946882883153, 47.54051579107049
22.042055761752543, 47.539198128556635
22.094164640621933, 47.537880466042786
22.146273519491327, 47.53656280352893
22.198382398360717, 47.535245141015075
22.250491277230108, 47.53392747850123
22.3026001560995, 47.53260981598737
22.35470903496889, 47.531292153473515
22.40681791383828, 47.52997449095967
22.458926792707675, 47.52865682844581
22.511035671577066, 47.527339165931956
22.563144550446456, 47.52602150341811
22.61525342931585, 47.52470384090425
22.66736230818524, 47.523386178390396
22.71947118705463, 47.52206851587655
22.771580065924024, 47.52075085336269
22.823688944793414, 47.51943319084884
22.875797823662804, 47.51811552833499
22.927906702532198, 47.51679786582113
22.980015581401588, 47.51548020330728
23.03212446027098, 47.51416254079343
23.08423333914037, 47.51284487827957
23.136342218009762, 47.51152721576572
23.188451096879152, 47.51020955325187
23.240559975748543, 47.50889189073801
23.292668854617936, 47.50757422822416
23.344777733487327, 47.50625656571031
23.396886612356717, 47.504938903196454
23.44899549122611, 47.5036212406826
23.5011043700955, 47.50230357816875
23.55321324896489, 47.500985915654894
23.605322127834285, 47.49966825314104
23.657431006703675, 47.49835059062719
23.709539885573065, 47.497032928113335
23.76164876444246, 47.49571526559948
23.81375764331185, 47.49439760308563
23.86586652218124, 47.493079940571775
23.917975401050633, 47.49176227805792
23.970084279920023, 47.49044461554407
24.022193158789413, 47.489126953030215
24.074302037658807, 47.48780929051636
24.126410916528197, 47.48649162800251
24.178519795397587, 47.485173965488656
24.23062867426698, 47.4838563029748
24.28273755313637, 47.48253864046095
24.33484643200576, 47.481220977947096
24.386955310875155, 47.47990331543324
24.439064189744546, 47.47858565291939
24.491173068613936, 47.47726799040554
24.54328194748333, 47.47595032789168
24.59539082635272, 47.47463266537783
24.64749970522211, 47.47331500286398
24.699608584091504, 47.47199734035012
24.751717462960894, 47.47067967783627
24.803826341830284, 47.46936201532242
24.855935220699678, 47.46804435280856
24.908044099569068, 47.46672669029471
24.960152978438458, 47.46540902778086
25.012261857307852, 47.464091365267
25.064370736177242, 47.462773702753154
25.116479615046632, 47.4614560402393
25.168588493916026, 47.46013837772544
25.220697372785416, 47.458820715211594
25.272806251654806, 47.45750305269774
25.3249151305242, 47.45618539018388
25.37702400939359, 47.454867727670035
25.42913288826298, 47.45355006515618
25.48124176713237, 47.45223240264232
25.533350646001765, 47.450914740128475
25.585459524871155, 47.44959707761462
25.637568403740545, 47.448279415100764
25.68967728260994, 47.446961752586915
25.74178616147933, 47.44564409007306
25.79389504034872, 47.444326427559204
25.846003919218113, 47.443008765045356
25.898112798087503, 47.4416911025315
25.950221676956893, 47.440373440017645
26.002330555826287, 47.439055777503796
26.054439434695677, 47.43773811498994
26.106548313565067, 47.436420452476085
26.15865719243446, 47.43510278996224
26.21076607130385, 47.43378512744838
26.26287495017324, 47.432467464934525
26.314983829042635, 47.43114980242068
26.367092707912025, 47.42983213990682
26.419201586781416, 47.428514477392966
26.47131046565081, 47.42719681487912
26.5234193445202, 47.42587915236526
26.57552822338959, 47.424561489851406
26.627637102258984, 47.42324382733756
26.679745981128374, 47.4219261648237
26.731854859997764, 47.42060850230985
26.783963738867158, 47.419290839796
26.836072617736548, 47.41797317728214
26.888181496605938, 47.41665551476829
26.940290375475332, 47.41533785225444
26.992399254344722, 47.41402018974058
27.044508133214112, 47.41270252722673
27.096617012083506, 47.41138486471288
27.148725890952896, 47.41006720219902
27.200834769822286, 47.40874953968517
27.25294364869168, 47.40743187717132
27.30505252756107, 47.406114214657464
27.35716140643046, 47.40479655214361
27.409270285299854, 47.40347888962976
27.461379164169244, 47.402161227115904
27.513488043038635, 47.40084356460205
27.56559692190803, 47.3995259020882
27.61770580077742, 47.398208239574345
27.66981467964681, 47.39689057706049
27.721923558516202, 47.39557291454664
27.774032437385593, 47.394255252032785
27.826141316254983, 47.39293758951893
27.878250195124377, 47.39161992700508
27.930359073993767, 47.390302264491226
27.982467952863157, 47.38898460197737
28.034576831732547, 47.38766693946352
28.08668571060194, 47.386349276949666
28.13879458947133, 47.38503161443581
28.19090346834072, 47.38371395192196
28.243012347210115, 47.382396289408106
28.295121226079505, 47.38107862689425
28.347230104948896, 47.3797609643804
28.39933898381829, 47.37844330186655
28.45144786268768, 47.37712563935269
28.50355674155707, 47.37580797683884
28.555665620426463, 47.37449031432499
28.607774499295854, 47.37317265181113
28.659883378165244, 47.37185498929728
28.711992257034638, 47.37053732678343
28.764101135904028, 47.36921966426957
28.816210014773418, 47.36790200175572
28.86831889364281, 47.36658433924187
28.920427772512202, 47.36526667672801
28.972536651381592, 47.363949014214164
29.024645530250986, 47.36263135170031
29.076754409120376, 47.36131368918645
29.128863287989766, 47.359996026672604
29.18097216685916, 47.35867836415875
29.23308104572855, 47.35736070164489
29.28518992459794, 47.356043039131045
29.337298803467334, 47.35472537661719
29.389407682336724, 47.353407714103334
29.441516561206114, 47.352090051589485
29.49362544007551, 47.35077238907563
29.5457343189449, 47.349454726561774
29.59784319781429, 47.348137064047926
29.649952076683682, 47.34681940153407
29.702060955553073, 47.345501739020214
29.754169834422463, 47.344184076506366
29.806278713291857, 47.34286641399251
29.858387592161247, 47.341548751478655
29.910496471030637, 47.340231088964806
29.96260534990003, 47.33891342645095
30.01471422876942, 47.337595763937095
30.06682310763881, 47.33627810142325
30.118931986508205, 47.33496043890939
30.171040865377595, 47.333642776395536
30.223149744246985, 47.33232511388169
30.27525862311638, 47.33100745136783
30.32736750198577, 47.329689788853976
30.37947638085516, 47.32837212634013
30.43158525972455, 47.32705446382627
30.483694138593943, 47.325736801312416
30.535803017463333, 47.32441913879857
30.587911896332724, 47.32310147628471
30.640020775202117, 47.32178381377086
30.692129654071508, 47.32046615125701
30.744238532940898, 47.31914848874315
30.79634741181029, 47.3178308262293
30.84845629067968, 47.31651316371545
30.900565169549072, 47.31519550120159
30.952674048418466, 47.31387783868774
31.004782927287856, 47.31256017617389
31.056891806157246, 47.311242513660034
31.10900068502664, 47.30992485114618
31.16110956389603, 47.30860718863233
31.21321844276542, 47.307289526118474
31.265327321634814, 47.30597186360462
31.317436200504204, 47.30465420109077
31.369545079373594, 47.303336538576914
31.421653958242988, 47.30201887606306
31.47376283711238, 47.30070121354921
31.52587171598177, 47.299383551035355
31.577980594851162, 47.2980658885215
31.630089473720552, 47.29674822600765
31.682198352589943, 47.295430563493795
31.734307231459336, 47.29411290097994
31.786416110328727, 47.292795238466084
31.838524989198117, 47.291477575952236
31.89063386806751, 47.29015991343838
31.9427427469369, 47.28884225092453
31.99485162580629, 47.287524588410676
32.04696050467568, 47.28620692589682
32.09906938354507, 47.28488926338297
32.15117826241447, 47.28357160086912
32.20328714128386, 47.28225393835526
32.25539602015325, 47.28093627584141
32.30750489902264, 47.27961861332756
32.35961377789203, 47.2783009508137
32.41172265676142, 47.276983288299846
32.46383153563082, 47.275665625786
32.51594041450021, 47.27434796327214
32.5680492933696, 47.273030300758286
32.62015817223899, 47.27171263824444
32.67226705110838, 47.27039497573058
32.72437592997777, 47.26907731321673
32.776484808847165, 47.26775965070288
32.828593687716555, 47.26644198818902
32.880702566585946, 47.26512432567517
32.932811445455336, 47.26380666316132
32.984920324324726, 47.26248900064746
33.037029203194116, 47.26117133813361
33.08913808206351, 47.25985367561976
33.141246960932904, 47.2585360131059
33.193355839802294, 47.25721835059205
33.245464718671684, 47.2559006880782
33.297573597541074, 47.254583025564344
33.349682476410464, 47.25326536305049
33.40179135527986, 47.25194770053664
33.45390023414925, 47.250630038022784
33.50600911301864, 47.24931237550893
33.55811799188803, 47.24799471299508
33.61022687075742, 47.246677050481225
33.66233574962681, 47.24535938796737
33.71444462849621, 47.24404172545352
33.7665535073656, 47.242724062939665
33.81866238623499, 47.24140640042581
33.87077126510438, 47.24008873791196
33.92288014397377, 47.238771075398105
33.97498902284316, 47.23745341288425
34.02709790171255, 47.2361357503704
34.07920678058195, 47.234818087856546
34.13131565945134, 47.23350042534269
34.18342453832073, 47.23218276282884
34.23553341719012, 47.230865100314986
34.28764229605951, 47.22954743780113
34.3397511749289, 47.22822977528728
34.3918600537983, 47.22691211277343
34.44396893266769, 47.22559445025957
34.49607781153708, 47.22427678774572
34.54818669040647, 47.22295912523187
34.60029556927586, 47.22164146271801
34.65240444814525, 47.22032380020416
34.704513327014645, 47.21900613769031
34.756622205884035, 47.21768847517645
34.808731084753425, 47.2163708126626
34.860839963622816, 47.21505315014875
34.912948842492206, 47.21373548763489
34.965057721361596, 47.212417825121044
35.01716660023099, 47.21110016260719
35.069275479100384, 47.20978250009333
35.121384357969774, 47.208464837579484
35.173493236839164, 47.20714717506563
35.225602115708554, 47.20582951255177
35.277710994577944, 47.204511850037925
35.32981987344734, 47.20319418752407
35.38192875231673, 47.20187652501021
35.43403763118612, 47.200558862496365
35.48614651005551, 47.19924119998251
35.5382553889249, 47.197923537468654
35.59036426779429, 47.196605874954805
35.64247314666369, 47.19528821244095
35.69458202553308, 47.193970549927094
35.74669090440247, 47.192652887413246
35.79879978327186, 47.19133522489939
35.85090866214125, 47.190017562385535
35.90301754101064, 47.188699899871686
35.95512641988004, 47.18738223735783
36.00723529874943, 47.186064574843975
36.05934417761882, 47.18474691233013
36.11145305648821, 47.18342924981627
36.1635619353576, 47.182111587302416
36.21567081422699, 47.18079392478857
36.26777969309639, 47.17947626227471
36.31988857196578, 47.178158599760856
36.37199745083517, 47.17684093724701
36.42410632970456, 47.17552327473315
36.47621520857395, 47.174205612219296
36.52832408744334, 47.17288794970545
36.58043296631273, 47.17157028719159
36.632541845182125, 47.17025262467774
36.684650724051515, 47.16893496216389
36.736759602920905, 47.16761729965003
36.788868481790296, 47.16629963713618
36.840977360659686, 47.16498197462233
36.893086239529076, 47.16366431210847
36.94519511839847, 47.16234664959462
36.99730399726786, 47.16102898708077
37.049412876137254, 47.15971132456691
37.101521755006644, 47.15839366205306
37.153630633876034, 47.072232431010185
37.205739512745424, 46.90136179957377
37.25784839161482, 46.730491168137334
37.30995727048421, 46.55962053670091
37.3620661493536, 46.3887499052645
37.41417502822299, 46.21787927382808
37.46628390709238, 46.04700864239166
37.51839278596177, 45.876138010955245
37.57050166483117, 45.70526737951881
37.62261054370056, 45.534396748082386
37.67471942256995, 45.36352611664597
37.72682830143934, 45.192655485209556
37.77893718030873, 45.02178485377314
37.83104605917812, 44.85091422233672
37.88315493804752, 44.68004359090028
37.93526381691691, 44.50917295946386
37.9873726957863, 44.338302328027446
38.03948157465569, 44.16743169659103
38.09159045352508, 43.996561065154616
38.14369933239447, 43.825690433718194
38.195808211263866, 43.65481980228176
38.24791709013326, 43.48394917084534
38.30002596900265, 43.31307853940892
38.35213484787204, 43.142207907972505
38.40424372674143, 42.97133727653609
38.45635260561082, 42.800466645099675
38.508461484480215, 42.62959601366323
38.560570363349605, 42.45872538222682
38.612679242218995, 42.287854750790395
38.664788121088385, 42.11698411935398
38.716896999957775, 41.946113487917565
38.769005878827166, 41.77524285648114
38.821114757696556, 41.60437222504473
38.87322363656595, 41.43350159360829
38.92533251543534, 41.26263096217187
38.97744139430473, 41.091760330735454
39.029550273174124, 40.92088969929904
39.081659152043514, 40.750019067862624
39.133768030912904, 40.5791484364262
39.1858769097823, 40.408277804989766
39.23798578865169, 40.23740717355335
39.29009466752108, 40.06653654211693
39.34220354639047, 39.89566591068051
39.39431242525986, 39.7247952792441
39.44642130412925, 39.553924647807676
39.49853018299865, 39.38305401637124
39.55063906186804, 39.212183384934825
39.60274794073743, 39.0413127534984
39.65485681960682, 38.87044212206199
39.70696569847621, 38.69957149062557
39.7590745773456, 38.52870085918916
39.811183456215, 38.357830227752714
39.86329233508439, 38.1869595963163
39.91540121395378, 38.016088964879884
39.96751009282317, 37.84521833344346
40.01961897169256, 37.67434770200705
40.07172785056195, 37.503477070570625
40.123836729431346, 37.33260643913419
40.17594560830074, 37.161735807697774
40.22805448717013, 36.99086517626135
40.28016336603952, 36.81999454482494
40.33227224490891, 36.64912391338852
40.3843811237783, 36.47825328195211
40.436490002647695, 36.30738265051566
40.488598881517085, 36.13651201907925
40.540707760386475, 35.96564138764283
40.592816639255865, 35.79477075620641
40.644925518125255, 35.623900124769996
40.697034396994646, 35.45302949333358
40.74914327586404, 35.28215886189714
40.80125215473343, 35.11128823046072
40.85336103360282, 34.94041759902431
40.90546991247221, 34.769546967587885
40.957578791341604, 34.59867633615147
41.009687670210994, 34.427805704715055
41.06179654908039, 34.25693507327861
41.11390542794978, 34.0860644418422
41.16601430681917, 33.91519381040578
41.21812318568856, 33.74432317896937
41.27023206455795, 33.573452547532945
41.32234094342734, 33.40258191609653
41.37444982229673, 33.231711284660115
41.42655870116613, 33.06084065322367
41.47866758003552, 32.889970021787256
41.53077645890491, 32.719099390350834
41.5828853377743, 32.54822875891442
41.63499421664369, 32.377358127478004
41.68710309551308, 32.20648749604159
41.73921197438248, 32.035616864605146
41.79132085325187, 31.86474623316873
41.84342973212126, 31.693875601732316
41.89553861099065, 31.523004970295897
41.94764748986004, 31.35213433885948
41.99975636872943, 31.181263707423064
42.051865247598826, 31.010393075986624
42.103974126468216, 30.839522444550205
42.15608300533761, 30.66865181311379
42.208191884207, 30.49778118167737
42.26030076307639, 30.326910550240953
42.31240964194578, 30.156039918804538
42.364518520815174, 29.985169287368098
42.416627399684565, 29.81429865593168
42.468736278553955, 29.643428024495265
42.520845157423345, 29.472557393058846
42.572954036292735, 29.30168676162243
42.625062915162125, 29.130816130186012
42.67717179403152, 28.959945498749573
42.72928067290091, 28.789074867313154
42.7813895517703, 28.61820423587674
42.83349843063969, 28.44733360444032
42.88560730950908, 28.276462973003905
42.937716188378474, 28.105592341567487
42.98982506724787, 27.934721710131047
43.04193394611726, 27.763851078694632
43.09404282498665, 27.592980447258213
43.14615170385604, 27.4221098158218
43.19826058272543, 27.25123918438538
43.25036946159482, 27.08036855294896
43.30247834046422, 26.90949792151252
43.35458721933361, 26.738627290076106
43.406696098203, 26.567756658639688
43.45880497707239, 26.396886027203273
43.51091385594178, 26.226015395766854
43.56302273481117, 26.05514476433044
43.61513161368057, 25.884274132893996
43.66724049254996, 25.71340350145758
43.71934937141935, 25.542532870021162
43.77145825028874, 25.371662238584747
43.82356712915813, 25.20079160714833
43.87567600802752, 25.029920975711914
43.92778488689691, 24.859050344275495
43.979893765766306, 24.688179712839055
44.032002644635696, 24.51730908140264
44.084111523505086, 24.34643844996622
44.13622040237448, 24.175567818529803
44.18832928124387, 24.004697187093388
44.24043816011326, 23.83382655565697
44.292547038982654, 23.66295592422053
44.344655917852045, 23.492085292784115
44.396764796721435, 23.321214661347696
44.448873675590825, 23.15034402991128
44.500982554460215, 22.979473398474862
44.553091433329605, 22.808602767038447
44.605200312199, 22.637732135602004
44.65730919106839, 22.46686150416559
44.70941806993778, 22.29599087272917
44.76152694880717, 22.125120241292755
44.81363582767656, 21.954249609856337
44.865744706545954, 21.783378978419922
44.91785358541535, 21.612508346983482
44.96996246428474, 21.441637715547063
45.02207134315413, 21.27076708411065
45.07418022202352, 21.09989645267423
45.12628910089291, 20.92902582123781
45.1783979797623, 20.758155189801396
45.2305068586317, 20.587284558364956
45.28261573750109, 20.416413926928538
45.33472461637048, 20.245543295492123
45.38683349523987, 20.074672664055704
45.43894237410926, 19.90380203261929
45.49105125297865, 19.73293140118287
45.54316013184805, 19.56206076974643
45.59526901071744, 19.391190138310012
45.64737788958683, 19.220319506873597
45.69948676845622, 19.04944887543718
45.75159564732561, 18.878578244000764
45.803704526195, 18.707707612564345
45.855813405064396, 18.536836981127905
45.907922283933786, 18.36596634969149
45.960031162803176, 18.19509571825507
46.012140041672566, 18.024225086818657
46.06424892054196, 17.853354455382238
46.11635779941135, 17.68248382394582
46.16846667828074, 17.511613192509405
46.220575557150134, 17.340742561072965
46.272684436019524, 17.169871929636546
46.324793314888915, 16.99900129820013
46.376902193758305, 16.828130666763712
46.429011072627695, 16.657260035327297
46.481119951497085, 16.48638940389088
46.53322883036648, 16.31551877245444
46.58533770923587, 16.14464814101802
46.63744658810526, 15.973777509581605
46.68955546697465, 15.802906878145187
46.74166434584404, 15.632036246708772
46.79377322471343, 15.461165615272353
46.84588210358283, 15.290294983835913
46.89799098245222, 15.119424352399498
46.95009986132161, 14.948553720963083
47.002208740191, 14.777683089526661
47.05431761906039, 14.606812458090246
47.10642649792978, 14.435941826653831
47.15853537679918, 14.265071195217388
47.21064425566857, 14.094200563780973
47.26275313453796, 13.923329932344558
47.31486201340735, 13.752459300908136
47.36697089227674, 13.58158866947172
47.41907977114613, 13.410718038035306
47.47118865001553, 13.239847406598862
47.52329752888492, 13.068976775162447
47.57540640775431, 12.898106143726032
47.6275152866237, 12.72723551228961
47.67962416549309, 12.556364880853195
47.73173304436248, 12.38549424941678
47.783841923231876, 12.214623617980337
47.835950802101266, 12.043752986543922
47.888059680970656, 11.872882355107507
47.940168559840046, 11.702011723671085
47.992277438709436, 11.53114109223467
48.04438631757883, 11.360270460798255
48.096495196448224, 11.189399829361811
48.148604075317614, 11.018529197925396
48.200712954187004, 10.847658566488981
48.252821833056394, 10.676787935052566
48.304930711925785, 10.505917303616144
48.357039590795175, 10.335046672179729
48.40914846966457, 10.164176040743286
48.46125734853396, 9.99330540930687
48.51336622740335, 9.822434777870455
48.56547510627274, 9.65156414643404
48.61758398514213, 9.480693514997618
48.66969286401152, 9.309822883561203
48.72180174288091, 9.138952252124788
48.77391062175031, 8.968081620688345
48.8260195006197, 8.79721098925193
48.87812837948909, 8.626340357815515
48.93023725835848, 8.455469726379093
48.98234613722787, 8.284599094942678
49.03445501609726, 8.113728463506263
49.08656389496666, 7.942857832069819
49.13867277383605, 7.771987200633404
49.19078165270544, 7.601116569196989
49.24289053157483, 7.430245937760574
49.29499941044422, 7.259375306324152
49.34710828931361, 7.088504674887737
49.39921716818301, 6.917634043451294
49.4513260470524, 6.746763412014879
49.50343492592179, 6.575892780578464
49.55554380479118, 6.405022149142049
49.60765268366057, 6.234151517705627
49.65976156252996, 6.063280886269212
49.711870441399356, 5.892410254832775
49.763979320268746, 5.721539623396353
49.816088199138136, 5.550668991959938
49.868197078007526, 5.379798360523523
49.920305956876916, 5.208927729087101
49.97241483574631, 5.038057097650686
50.024523714615704, 4.86718646621425
50.076632593485094, 4.6963158347778275
50.128741472354484, 4.5254452033414125
50.180850351223874, 4.3545745719049975
50.232959230093265, 4.1837039404685825
50.285068108962655, 4.01283330903216
50.33717698783205, 3.841962677595724
50.38928586670144, 3.671092046159302
50.44139474557083, 3.500221414722887
50.49350362444022, 3.329350783286472
50.54561250330961, 3.158480151850057
50.597721382179, 2.987609520413635
50.6498302610484, 2.8167388889771985
50.70193913991779, 2.6458682575407835
50.75404801878718, 2.4749976261043614
50.80615689765657, 2.3041269946679463
50.85826577652596, 2.1332563632315313
50.91037465539535, 1.9623857317951092
50.96248353426474, 1.7915151003586942
51.01459241313414, 1.6206444689222579
51.06670129200353, 1.4497738374858358
51.11881017087292, 1.2789032060494208
51.17091904974231, 1.1080325746130057
51.2230279286117, 0.9371619431765907
51.27513680748109, 0.7662913117401686
51.32724568635049, 0.5954206803037323
51.37935456521988, 0.4245500488673102
51.43146344408927, 0.25367941743089517
51.48357232295866, 0.08280878599448016
51.53568120182805, -0.08806184544193485
51.58779008069744, -0.25893247687835697
51.639898959566835, -0.4298031083147933
51.692007838436226, -0.6006737397512083
51.744116717305616, -0.7715443711876304
51.796225596175006, -0.9424150026240454
51.848334475044396, -1.1132856340604604
51.900443353913786, -1.2841562654968826
51.952552232783184, -1.4550268969333189
52.004661111652574, -1.625897528369734
52.056769990521964, -1.796768159806156
