Parameters: [54.21704795602689, 21.60297146090284, 14.394968571308347, 42.98893051045406, 3.587858250228615, 0.189318347221679, -3.0238979437724103]
Points:
0.0, 21.60297146090284
0.05427131927530219, 21.797689261515522
0.10854263855060438, 21.99240706212821
0.16281395782590657, 22.18712486274089
0.21708527710120876, 22.381842663353577
0.27135659637651094, 22.57656046396626
0.32562791565181315, 22.771278264578946
0.3798992349271153, 22.96599606519163
0.4341705542024175, 23.160713865804315
0.4884418734777197, 23.355431666416997
0.5427131927530219, 23.55014946702968
0.596984512028324, 23.744867267642366
0.6512558313036263, 23.93958506825505
0.7055271505789285, 24.134302868867735
0.7597984698542306, 24.329020669480418
0.8140697891295329, 24.523738470093104
0.868341108404835, 24.718456270705786
0.9226124276801372, 24.913174071318473
0.9768837469554394, 25.107891871931155
1.0311550662307416, 25.302609672543838
1.0854263855060438, 25.497327473156524
1.139697704781346, 25.692045273769207
1.193969024056648, 25.886763074381893
1.2482403433319504, 26.081480874994575
1.3025116626072526, 26.27619867560726
1.3567829818825548, 26.470916476219944
1.411054301157857, 26.66563427683263
1.465325620433159, 26.860352077445313
1.5195969397084612, 27.055069878058
1.5738682589837636, 27.249787678670682
1.6281395782590657, 27.444505479283364
1.682410897534368, 27.63922327989605
1.73668221680967, 27.833941080508733
1.7909535360849722, 28.02865888112142
1.8452248553602744, 28.223376681734102
1.8994961746355765, 28.41809448234679
1.953767493910879, 28.61281228295947
2.008038813186181, 28.807530083572154
2.062310132461483, 29.00224788418484
2.1165814517367854, 29.196965684797526
2.1708527710120875, 29.39168348541021
2.2251240902873897, 29.58640128602289
2.279395409562692, 29.781119086635577
2.333666728837994, 29.97583688724826
2.387938048113296, 30.170554687860943
2.4422093673885987, 30.36527248847363
2.496480686663901, 30.559990289086315
2.550752005939203, 30.754708089698997
2.605023325214505, 30.94942589031168
2.6592946444898073, 31.144143690924366
2.7135659637651095, 31.338861491537052
2.7678372830404117, 31.533579292149735
2.822108602315714, 31.728297092762418
2.876379921591016, 31.923014893375104
2.930651240866318, 32.11773269398779
2.9849225601416203, 32.31245049460047
3.0391938794169224, 32.507168295213155
3.0934651986922246, 32.70188609582584
3.147736517967527, 32.89660389643852
3.2020078372428293, 33.09132169705121
3.2562791565181315, 33.28603949766389
3.3105504757934336, 33.48075729827658
3.364821795068736, 33.675475098889265
3.419093114344038, 33.870192899501944
3.47336443361934, 34.06491070011463
3.5276357528946423, 34.25962850072732
3.5819070721699444, 34.454346301339996
3.6361783914452466, 34.64906410195268
3.6904497107205487, 34.84378190256537
3.744721029995851, 35.03849970317805
3.798992349271153, 35.23321750379073
3.8532636685464556, 35.42793530440342
3.907534987821758, 35.622653105016106
3.96180630709706, 35.81737090562879
4.016077626372362, 36.01208870624147
4.070348945647664, 36.20680650685416
4.124620264922966, 36.40152430746684
4.178891584198269, 36.59624210807952
4.233162903473571, 36.79095990869221
4.287434222748873, 36.985677709304895
4.341705542024175, 37.180395509917574
4.395976861299477, 37.37511331053026
4.450248180574779, 37.569831111142946
4.5045194998500815, 37.764548911755625
4.558790819125384, 37.95926671236831
4.613062138400686, 38.153984512981
4.667333457675988, 38.34870231359368
4.72160477695129, 38.54342011420637
4.775876096226592, 38.73813791481905
4.830147415501894, 38.93285571543173
4.8844187347771975, 39.12757351604442
4.9386900540525, 39.3222913166571
4.992961373327802, 39.517009117269794
5.047232692603104, 39.71172691788247
5.101504011878406, 39.90644471849515
5.155775331153708, 40.101162519107845
5.21004665042901, 40.295880319720524
5.2643179697043125, 40.49059812033321
5.318589288979615, 40.6853159209459
5.372860608254917, 40.880033721558576
5.427131927530219, 41.07475152217126
5.481403246805521, 41.26946932278395
5.535674566080823, 41.46418712339663
5.5899458853561255, 41.65890492400931
5.644217204631428, 41.853622724622
5.69848852390673, 42.04834052523468
5.752759843182032, 42.243058325847365
5.807031162457334, 42.43777612646005
5.861302481732636, 42.63249392707273
5.915573801007938, 42.82721172768542
5.9698451202832405, 43.0219295282981
6.024116439558543, 43.21664732891078
6.078387758833845, 43.411365129523475
6.132659078109147, 43.606082930136154
6.186930397384449, 43.80080073074884
6.241201716659751, 43.995518531361526
6.295473035935054, 44.190236331974205
6.3497443552103565, 44.3849541325869
6.404015674485659, 44.57967193319958
6.458286993760961, 44.774389733812264
6.512558313036263, 44.96910753442495
6.566829632311565, 45.16382533503763
6.621100951586867, 45.358543135650315
6.675372270862169, 45.553260936263
6.729643590137472, 45.74797873687568
6.783914909412774, 45.94269653748837
6.838186228688076, 46.13741433810105
6.892457547963378, 46.33213213871373
6.94672886723868, 46.52684993932642
7.001000186513982, 46.721567739939104
7.0552715057892845, 46.91628554055178
7.109542825064587, 47.111003341164476
7.163814144339889, 47.305721141777155
7.218085463615191, 47.500438942389835
7.272356782890493, 47.69515674300253
7.326628102165795, 47.88987454361521
7.3808994214410975, 48.08459234422789
7.4351707407164, 48.27931014484058
7.489442059991702, 48.47402794545326
7.543713379267004, 48.668745746065945
7.597984698542306, 48.86346354667863
7.652256017817609, 49.05818134729132
7.706527337092911, 49.252899147904
7.760798656368213, 49.44761694851668
7.815069975643516, 49.64233474912937
7.869341294918818, 49.837052549742054
7.92361261419412, 50.03177035035473
7.977883933469422, 50.22648815096742
8.032155252744724, 50.421205951580106
8.086426572020025, 50.615923752192785
8.140697891295329, 50.81064155280547
8.19496921057063, 51.00535935341816
8.249240529845933, 51.200077154030836
8.303511849121234, 51.39479495464352
8.357783168396537, 51.58951275525621
8.41205448767184, 51.784230555868895
8.466325806947141, 51.97894835648158
8.520597126222444, 52.17366615709426
8.574868445497746, 52.368383957706946
8.629139764773049, 52.56310175831963
8.68341108404835, 52.75781955893231
8.737682403323653, 52.952537359545005
8.791953722598954, 53.147255160157684
8.846225041874257, 53.34197296077037
8.900496361149559, 53.53669076138305
8.954767680424862, 53.731408561995735
9.009038999700163, 53.926126362608414
9.063310318975466, 54.12084416322111
9.117581638250767, 54.31556196383379
9.17185295752607, 54.51027976444648
9.226124276801372, 54.70499756505916
9.280395596076675, 54.89971536567184
9.334666915351976, 55.09443316628452
9.388938234627279, 55.28915096689721
9.44320955390258, 55.48386876750989
9.497480873177883, 55.67858656812258
9.551752192453185, 55.87330436873526
9.606023511728488, 56.06802216934794
9.660294831003789, 56.26273996996062
9.714566150279092, 56.45745777057331
9.768837469554395, 56.65217557118601
9.823108788829696, 56.846893371798686
9.877380108105, 57.041611172411365
9.9316514273803, 57.236328973024044
9.985922746655604, 57.43104677363674
10.040194065930905, 57.625764574249416
10.094465385206208, 57.82048237486211
10.148736704481509, 58.01520017547479
10.203008023756812, 58.20991797608747
10.257279343032113, 58.40463577670016
10.311550662307416, 58.59935357731284
10.365821981582718, 58.79407137792552
10.42009330085802, 58.98878917853821
10.474364620133322, 59.18350697915089
10.528635939408625, 59.378224779763585
10.582907258683926, 59.572942580376264
10.63717857795923, 59.76766038098894
10.69144989723453, 59.96237818160162
10.745721216509834, 60.157095982214315
10.799992535785135, 60.351813782826994
10.854263855060438, 60.54653158343969
10.90853517433574, 60.74124938405237
10.962806493611042, 60.935967184665046
11.017077812886344, 61.13068498527774
11.071349132161647, 61.32540278589042
11.12562045143695, 61.52012058650311
11.179891770712251, 61.71483838711579
11.234163089987554, 61.90955618772847
11.288434409262855, 62.10427398834116
11.342705728538158, 62.29899178895384
11.39697704781346, 62.49370958956652
11.451248367088763, 62.688427390179214
11.505519686364064, 62.88314519079189
11.559791005639367, 63.07786299140459
11.614062324914668, 63.272580792017266
11.668333644189971, 63.467298592629945
11.722604963465272, 63.662016393242624
11.776876282740576, 63.85673419385532
11.831147602015877, 64.051451994468
11.88541892129118, 64.24616979508069
11.939690240566481, 64.44088759569337
11.993961559841784, 64.63560539630605
12.048232879117085, 64.83032319691873
12.102504198392388, 65.02504099753142
12.15677551766769, 65.2197587981441
12.211046836942993, 65.41447659875679
12.265318156218294, 65.60919439936947
12.319589475493597, 65.80391219998215
12.373860794768898, 65.99863000059484
12.428132114044201, 66.19334780120752
12.482403433319503, 66.3880656018202
12.536674752594806, 66.5827834024329
12.590946071870109, 66.77750120304557
12.64521739114541, 66.97221900365827
12.699488710420713, 67.16693680427095
12.753760029696014, 67.36165460488363
12.808031348971317, 67.55637240549632
12.862302668246619, 67.751090206109
12.916573987521922, 67.94580800672169
12.970845306797223, 68.14052580733437
13.025116626072526, 68.33524360794705
13.079387945347827, 68.52996140855973
13.13365926462313, 68.72467920917242
13.187930583898432, 68.9193970097851
13.242201903173735, 69.1141148103978
13.296473222449036, 69.30883261101047
13.350744541724339, 69.50355041162315
13.40501586099964, 69.69826821223585
13.459287180274943, 69.89298601284852
13.513558499550244, 70.0877038134612
13.567829818825548, 70.2824216140739
13.622101138100849, 70.47713941468658
13.676372457376152, 70.67185721529927
13.730643776651453, 70.86657501591195
13.784915095926756, 71.06129281652463
13.839186415202057, 71.2560106171373
13.89345773447736, 71.45072841775
13.947729053752663, 71.64544621836268
14.002000373027965, 71.84016401897537
14.056271692303268, 72.03488181958805
14.110543011578569, 72.22959962020073
14.164814330853872, 72.42431742081342
14.219085650129173, 72.6190352214261
14.273356969404476, 72.8137530220388
14.327628288679778, 73.00847082265147
14.38189960795508, 73.20318862326415
14.436170927230382, 73.2578785731779
14.490442246505685, 73.26815312964465
14.544713565780986, 73.27842768611139
14.59898488505629, 73.28870224257813
14.65325620433159, 73.29897679904487
14.707527523606894, 73.3092513555116
14.761798842882195, 73.31952591197835
14.816070162157498, 73.32980046844509
14.8703414814328, 73.34007502491183
14.924612800708102, 73.35034958137857
14.978884119983404, 73.3606241378453
15.033155439258707, 73.37089869431205
15.087426758534008, 73.38117325077879
15.14169807780931, 73.39144780724553
15.195969397084612, 73.40172236371227
15.250240716359915, 73.41199692017902
15.304512035635218, 73.42227147664576
15.35878335491052, 73.4325460331125
15.413054674185823, 73.44282058957924
15.467325993461124, 73.45309514604598
15.521597312736427, 73.46336970251272
15.575868632011728, 73.47364425897946
15.630139951287031, 73.4839188154462
15.684411270562332, 73.49419337191294
15.738682589837635, 73.50446792837968
15.792953909112937, 73.51474248484642
15.84722522838824, 73.52501704131316
15.901496547663541, 73.5352915977799
15.955767866938844, 73.54556615424664
16.010039186214147, 73.55584071071338
16.06431050548945, 73.56611526718012
16.11858182476475, 73.57638982364686
16.17285314404005, 73.5866643801136
16.227124463315356, 73.59693893658034
16.281395782590657, 73.60721349304708
16.33566710186596, 73.61748804951382
16.38993842114126, 73.62776260598056
16.444209740416564, 73.6380371624473
16.498481059691866, 73.64831171891404
16.552752378967167, 73.65858627538078
16.607023698242468, 73.66886083184752
16.661295017517773, 73.67913538831426
16.715566336793074, 73.689409944781
16.769837656068376, 73.69968450124775
16.82410897534368, 73.70995905771449
16.87838029461898, 73.72023361418123
16.932651613894283, 73.73050817064797
16.986922933169584, 73.7407827271147
17.04119425244489, 73.75105728358145
17.09546557172019, 73.76133184004819
17.14973689099549, 73.77160639651493
17.204008210270793, 73.78188095298167
17.258279529546098, 73.7921555094484
17.3125508488214, 73.80243006591515
17.3668221680967, 73.81270462238189
17.421093487372, 73.82297917884863
17.475364806647306, 73.83325373531537
17.529636125922607, 73.8435282917821
17.58390744519791, 73.85380284824885
17.63817876447321, 73.86407740471559
17.692450083748515, 73.87435196118233
17.746721403023816, 73.88462651764907
17.800992722299117, 73.89490107411581
17.85526404157442, 73.90517563058255
17.909535360849723, 73.91545018704929
17.963806680125025, 73.92572474351603
18.018077999400326, 73.93599929998277
18.07234931867563, 73.94627385644951
18.126620637950932, 73.95654841291625
18.180891957226233, 73.96682296938299
18.235163276501535, 73.97709752584973
18.28943459577684, 73.98737208231647
18.34370591505214, 73.99764663878321
18.397977234327442, 74.00792119524995
18.452248553602743, 74.01819575171669
18.506519872878048, 74.02847030818343
18.56079119215335, 74.03874486465017
18.61506251142865, 74.04901942111691
18.669333830703952, 74.05929397758365
18.723605149979257, 74.06956853405039
18.777876469254558, 74.07984309051713
18.83214778852986, 74.09011764698387
18.88641910780516, 74.10039220345061
18.940690427080465, 74.11066675991735
18.994961746355767, 74.12094131638409
19.049233065631068, 74.13121587285083
19.10350438490637, 74.14149042931757
19.157775704181674, 74.15176498578431
19.212047023456975, 74.16203954225105
19.266318342732276, 74.17231409871779
19.320589662007578, 74.18258865518453
19.374860981282882, 74.19286321165127
19.429132300558184, 74.20313776811801
19.483403619833485, 74.21341232458475
19.53767493910879, 74.22368688105149
19.59194625838409, 74.23396143751823
19.646217577659392, 74.24423599398497
19.700488896934694, 74.25451055045171
19.75476021621, 74.26478510691845
19.8090315354853, 74.27505966338519
19.8633028547606, 74.28533421985193
19.917574174035902, 74.29560877631867
19.971845493311207, 74.30588333278541
20.02611681258651, 74.31615788925215
20.08038813186181, 74.3264324457189
20.13465945113711, 74.33670700218563
20.188930770412416, 74.34698155865237
20.243202089687717, 74.35725611511911
20.297473408963018, 74.36753067158585
20.35174472823832, 74.3778052280526
20.406016047513624, 74.38807978451933
20.460287366788926, 74.39835434098607
20.514558686064227, 74.40862889745281
20.568830005339528, 74.41890345391955
20.623101324614833, 74.4291780103863
20.677372643890134, 74.43945256685303
20.731643963165435, 74.44972712331978
20.785915282440737, 74.46000167978652
20.84018660171604, 74.47027623625326
20.894457920991343, 74.48055079272
20.948729240266644, 74.49082534918674
21.00300055954195, 74.50109990565348
21.05727187881725, 74.51137446212022
21.11154319809255, 74.52164901858696
21.165814517367853, 74.5319235750537
21.220085836643158, 74.54219813152044
21.27435715591846, 74.55247268798718
21.32862847519376, 74.56274724445392
21.38289979446906, 74.57302180092066
21.437171113744366, 74.58329635738741
21.491442433019667, 74.59357091385415
21.54571375229497, 74.60384547032089
21.59998507157027, 74.61412002678763
21.654256390845575, 74.62439458325437
21.708527710120876, 74.63466913972111
21.762799029396177, 74.64494369618785
21.81707034867148, 74.65521825265459
21.871341667946783, 74.66549280912133
21.925612987222085, 74.67576736558807
21.979884306497386, 74.68604192205481
22.034155625772687, 74.69631647852155
22.088426945047992, 74.70659103498829
22.142698264323293, 74.71686559145503
22.196969583598595, 74.72714014792177
22.2512409028739, 74.73741470438851
22.3055122221492, 74.74768926085525
22.359783541424502, 74.757963817322
22.414054860699803, 74.76823837378873
22.468326179975108, 74.77851293025547
22.52259749925041, 74.78878748672221
22.57686881852571, 74.79906204318895
22.63114013780101, 74.8093365996557
22.685411457076317, 74.81961115612243
22.739682776351618, 74.82988571258917
22.79395409562692, 74.84016026905591
22.84822541490222, 74.85043482552265
22.902496734177525, 74.8607093819894
22.956768053452826, 74.87098393845613
23.011039372728128, 74.88125849492288
23.06531069200343, 74.89153305138962
23.119582011278734, 74.90180760785636
23.173853330554035, 74.9120821643231
23.228124649829336, 74.92235672078984
23.282395969104638, 74.93263127725658
23.336667288379942, 74.94290583372332
23.390938607655244, 74.95318039019006
23.445209926930545, 74.9634549466568
23.499481246205846, 74.97372950312354
23.55375256548115, 74.98400405959028
23.608023884756452, 74.99427861605702
23.662295204031754, 75.00455317252376
23.71656652330706, 75.0148277289905
23.77083784258236, 75.02510228545724
23.82510916185766, 75.03537684192398
23.879380481132962, 75.04565139839072
23.933651800408267, 75.05592595485746
23.98792311968357, 75.0662005113242
24.04219443895887, 75.07647506779094
24.09646575823417, 75.08674962425768
24.150737077509476, 75.09702418072442
24.205008396784777, 75.10729873719116
24.259279716060078, 75.1175732936579
24.31355103533538, 75.12784785012464
24.367822354610684, 75.13812240659138
24.422093673885986, 75.14839696305812
24.476364993161287, 75.15867151952486
24.530636312436588, 75.1689460759916
24.584907631711893, 75.17922063245834
24.639178950987194, 75.18949518892508
24.693450270262495, 75.19976974539182
24.747721589537797, 75.21004430185856
24.8019929088131, 75.2203188583253
24.856264228088403, 75.23059341479204
24.910535547363704, 75.24086797125878
24.964806866639005, 75.25114252772552
25.01907818591431, 75.26141708419226
25.07334950518961, 75.271691640659
25.127620824464913, 75.28196619712574
25.181892143740217, 75.29224075359248
25.23616346301552, 75.30251531005922
25.29043478229082, 75.31278986652596
25.34470610156612, 75.3230644229927
25.398977420841426, 75.33333897945944
25.453248740116727, 75.34361353592618
25.50752005939203, 75.35388809239292
25.56179137866733, 75.36416264885966
25.616062697942635, 75.3744372053264
25.670334017217936, 75.38471176179314
25.724605336493237, 75.39498631825988
25.77887665576854, 75.40526087472662
25.833147975043843, 75.41553543119336
25.887419294319145, 75.4258099876601
25.941690613594446, 75.43608454412684
25.995961932869747, 75.44635910059358
26.050233252145052, 75.45663365706032
26.104504571420353, 75.46690821352706
26.158775890695654, 75.4771827699938
26.213047209970956, 75.48745732646054
26.26731852924626, 75.49773188292728
26.321589848521562, 75.50800643939402
26.375861167796863, 75.51828099586076
26.430132487072168, 75.5285555523275
26.48440380634747, 75.53883010879424
26.53867512562277, 75.54910466526098
26.59294644489807, 75.55937922172772
26.647217764173377, 75.56965377819446
26.701489083448678, 75.5799283346612
26.75576040272398, 75.59020289112794
26.81003172199928, 75.60047744759468
26.864303041274585, 75.61075200406142
26.918574360549886, 75.62102656052816
26.972845679825188, 75.6313011169949
27.02711699910049, 75.64157567346165
27.081388318375794, 75.65185022992839
27.135659637651095, 75.66212478639513
27.189930956926396, 75.67239934286187
27.244202276201698, 75.6826738993286
27.298473595477002, 75.69294845579535
27.352744914752304, 75.70322301226209
27.407016234027605, 75.71349756872883
27.461287553302906, 75.72377212519557
27.51555887257821, 75.7340466816623
27.569830191853512, 75.74432123812906
27.624101511128814, 75.75459579459579
27.678372830404115, 75.76487035106253
27.73264414967942, 75.77514490752928
27.78691546895472, 75.78541946399602
27.841186788230022, 75.79569402046276
27.895458107505327, 75.8059685769295
27.949729426780628, 75.81624313339624
28.00400074605593, 75.82651768986298
28.05827206533123, 75.83679224632972
28.112543384606536, 75.84706680279646
28.166814703881837, 75.8573413592632
28.221086023157138, 75.86761591572994
28.27535734243244, 75.87789047219668
28.329628661707744, 75.88816502866342
28.383899980983045, 75.89843958513016
28.438171300258347, 75.9087141415969
28.492442619533648, 75.91898869806364
28.546713938808953, 75.92926325453038
28.600985258084254, 75.93953781099712
28.655256577359555, 75.94981236746386
28.709527896634857, 75.9600869239306
28.76379921591016, 75.97036148039734
28.818070535185463, 75.98063603686408
28.872341854460764, 75.99091059333082
28.926613173736065, 76.00118514979756
28.98088449301137, 76.0114597062643
29.03515581228667, 76.02173426273104
29.089427131561973, 76.03200881919778
29.143698450837274, 76.04228337566452
29.19796977011258, 76.05255793213126
29.25224108938788, 76.062832488598
29.30651240866318, 76.07310704506475
29.360783727938486, 76.08338160153149
29.415055047213787, 76.09365615799823
29.46932636648909, 76.10393071446497
29.52359768576439, 76.1142052709317
29.577869005039695, 76.12447982739845
29.632140324314996, 76.13475438386519
29.686411643590297, 76.14502894033193
29.7406829628656, 76.15530349679867
29.794954282140903, 76.1655780532654
29.849225601416205, 76.17585260973215
29.903496920691506, 76.18612716619889
29.957768239966807, 76.19640172266563
30.012039559242112, 76.20667627913237
30.066310878517413, 76.2169508355991
30.120582197792714, 76.22722539206585
30.174853517068016, 76.23749994853259
30.22912483634332, 76.24777450499933
30.28339615561862, 76.25804906146607
30.337667474893923, 76.26832361793281
30.391938794169224, 76.27859817439955
30.44621011344453, 76.28887273086629
30.50048143271983, 76.29914728733303
30.55475275199513, 76.30942184379977
30.609024071270436, 76.31969640026651
30.663295390545738, 76.32997095673325
30.71756670982104, 76.34024551319999
30.77183802909634, 76.35052006966673
30.826109348371645, 76.36079462613347
30.880380667646946, 76.37106918260021
30.934651986922248, 76.38134373906695
30.98892330619755, 76.39161829553369
31.043194625472854, 76.40189285200043
31.097465944748155, 76.41216740846717
31.151737264023456, 76.42244196493391
31.206008583298757, 76.43271652140065
31.260279902574062, 76.44299107786739
31.314551221849364, 76.45326563433413
31.368822541124665, 76.46354019080087
31.423093860399966, 76.47381474726761
31.47736517967527, 76.48408930373435
31.531636498950572, 76.49436386020109
31.585907818225873, 76.50463841666783
31.640179137501175, 76.51491297313457
31.69445045677648, 76.52518752960131
31.74872177605178, 76.53546208606805
31.802993095327082, 76.54573664253479
31.857264414602383, 76.55601119900153
31.911535733877688, 76.56628575546827
31.96580705315299, 76.57656031193501
32.020078372428294, 76.58683486840175
32.074349691703596, 76.59710942486849
32.1286210109789, 76.60738398133523
32.1828923302542, 76.61765853780197
32.2371636495295, 76.62793309426871
32.2914349688048, 76.63820765073545
32.3457062880801, 76.64848220720219
32.39997760735541, 76.65875676366893
32.45424892663071, 76.66903132013567
32.50852024590601, 76.67930587660241
32.562791565181314, 76.68958043306915
32.617062884456615, 76.6998549895359
32.67133420373192, 76.71012954600263
32.72560552300722, 76.72040410246937
32.77987684228252, 76.73067865893611
32.83414816155783, 76.74095321540285
32.88841948083313, 76.7512277718696
32.94269080010843, 76.76150232833633
32.99696211938373, 76.77177688480307
33.05123343865903, 76.78205144126981
33.105504757934334, 76.79232599773655
33.159776077209635, 76.8026005542033
33.214047396484936, 76.81287511067003
33.268318715760245, 76.82314966713678
33.322590035035546, 76.83342422360352
33.37686135431085, 76.84369878007026
33.43113267358615, 76.853973336537
33.48540399286145, 76.86424789300374
33.53967531213675, 76.87452244947048
33.59394663141205, 76.88479700593722
33.64821795068736, 76.89507156240396
33.70248926996266, 76.90534611887071
33.75676058923796, 76.91562067533744
33.811031908513264, 76.92589523180419
33.865303227788566, 76.93616978827092
33.91957454706387, 76.94644434473767
33.97384586633917, 76.9567189012044
34.02811718561447, 76.96699345767114
34.08238850488978, 76.97726801413789
34.13665982416508, 76.98754257060463
34.19093114344038, 76.99781712707137
34.24520246271568, 77.00809168353811
34.29947378199098, 77.01836624000485
34.353745101266284, 77.02864079647159
34.408016420541585, 77.03891535293833
34.46228773981689, 77.04918990940507
34.516559059092195, 77.05946446587181
34.570830378367496, 77.06973902233855
34.6251016976428, 77.08001357880529
34.6793730169181, 77.09028813527203
34.7336443361934, 77.10056269173877
34.7879156554687, 77.11083724820551
34.842186974744, 77.12111180467225
34.89645829401931, 77.131386361139
34.95072961329461, 77.14166091760573
35.005000932569914, 77.15193547407247
35.059272251845215, 77.16221003053921
35.113543571120516, 77.17248458700595
35.16781489039582, 77.1827591434727
35.22208620967112, 77.19303369993943
35.27635752894642, 77.20330825640617
35.33062884822173, 77.21358281287291
35.38490016749703, 77.22385736933965
35.43917148677233, 77.2341319258064
35.49344280604763, 77.24440648227313
35.54771412532293, 77.25468103873988
35.601985444598235, 77.26495559520662
35.656256763873536, 77.27523015167336
35.71052808314884, 77.2855047081401
35.764799402424146, 77.29577926460684
35.81907072169945, 77.30605382107358
35.87334204097475, 77.31632837754032
35.92761336025005, 77.32660293400706
35.98188467952535, 77.3368774904738
36.03615599880065, 77.34715204694054
36.09042731807595, 77.35742660340728
36.14469863735126, 77.36770115987402
36.19896995662656, 77.37797571634076
36.253241275901864, 77.3882502728075
36.307512595177165, 77.39852482927424
36.36178391445247, 77.40879938574098
36.41605523372777, 77.41907394220772
36.47032655300307, 77.42934849867446
36.52459787227837, 77.4396230551412
36.57886919155368, 77.44989761160794
36.63314051082898, 77.46017216807468
36.68741183010428, 77.47044672454142
36.74168314937958, 77.48072128100816
36.795954468654884, 77.4909958374749
36.850225787930185, 77.50127039394164
36.904497107205486, 77.51154495040838
36.95876842648079, 77.52181950687512
37.013039745756096, 77.53209406334186
37.0673110650314, 77.5423686198086
37.1215823843067, 77.55264317627534
37.175853703582, 77.56291773274208
37.2301250228573, 77.57319228920882
37.2843963421326, 77.58346684567556
37.338667661407904, 77.5937414021423
37.392938980683205, 77.60401595860904
37.44721029995851, 77.61429051507578
37.501481619233815, 77.62456507154252
37.555752938509116, 77.63483962800926
37.61002425778442, 77.645114184476
37.66429557705972, 77.65538874094274
37.71856689633502, 77.66566329740948
37.77283821561032, 77.67593785387622
37.82710953488563, 77.68621241034296
37.88138085416093, 77.6964869668097
37.93565217343623, 77.70676152327644
37.98992349271153, 77.71703607974318
38.044194811986834, 77.72731063620992
38.098466131262136, 77.73758519267666
38.15273745053744, 77.7478597491434
38.20700876981274, 77.75813430561014
38.26128008908805, 77.76840886207688
38.31555140836335, 77.77868341854362
38.36982272763865, 77.78895797501036
38.42409404691395, 77.7992325314771
38.47836536618925, 77.80950708794384
38.53263668546455, 77.81978164441058
38.586908004739854, 77.83005620087732
38.641179324015155, 77.84033075734406
38.695450643290464, 77.8506053138108
38.749721962565765, 77.86087987027754
38.803993281841066, 77.87115442674428
38.85826460111637, 77.88142898321102
38.91253592039167, 77.89170353967776
38.96680723966697, 77.9019780961445
39.02107855894227, 77.91225265261124
39.07534987821758, 77.92252720907798
39.12962119749288, 77.93280176554472
39.18389251676818, 77.94307632201146
39.23816383604348, 77.9533508784782
39.292435155318785, 77.96362543494494
39.346706474594086, 77.97389999141168
39.40097779386939, 77.98417454787842
39.45524911314469, 77.99444910434516
39.50952043242, 78.0047236608119
39.5637917516953, 78.01499821727865
39.6180630709706, 78.02527277374539
39.6723343902459, 78.03554733021213
39.7266057095212, 78.04582188667887
39.7808770287965, 78.0560964431456
39.835148348071804, 78.06637099961235
39.889419667347106, 78.07664555607909
39.943690986622414, 78.08692011254584
39.997962305897715, 78.09719466901257
40.05223362517302, 78.10746922547932
40.10650494444832, 78.11774378194605
40.16077626372362, 78.1280183384128
40.21504758299892, 78.13829289487953
40.26931890227422, 78.14856745134628
40.32359022154953, 78.15884200781302
40.37786154082483, 78.16911656427976
40.43213286010013, 78.1793911207465
40.486404179375434, 78.18966567721324
40.540675498650735, 78.19994023367998
40.594946817926036, 78.21021479014672
40.64921813720134, 78.22048934661346
40.70348945647664, 78.2307639030802
40.75776077575195, 78.24103845954694
40.81203209502725, 78.25131301601368
40.86630341430255, 78.26158757248042
40.92057473357785, 78.27186212894716
40.97484605285315, 78.2821366854139
41.029117372128454, 78.29241124188064
41.083388691403755, 78.30268579834738
41.137660010679056, 78.31296035481412
41.191931329954365, 78.32323491128086
41.246202649229666, 78.3335094677476
41.30047396850497, 78.34378402421434
41.35474528778027, 78.35405858068108
41.40901660705557, 78.36433313714782
41.46328792633087, 78.37460769361456
41.51755924560617, 78.3848822500813
41.57183056488147, 78.39515680654804
41.62610188415678, 78.40543136301478
41.68037320343208, 78.41570591948152
41.734644522707384, 78.42598047594826
41.788915841982686, 78.436255032415
41.84318716125799, 78.44652958888175
41.89745848053329, 78.45680414534849
41.95172979980859, 78.46707870181523
42.0060011190839, 78.47735325828197
42.0602724383592, 78.4876278147487
42.1145437576345, 78.49790237121545
42.1688150769098, 78.50817692768219
42.2230863961851, 78.51845148414893
42.277357715460404, 78.52872604061567
42.331629034735705, 78.5390005970824
42.38590035401101, 78.54927515354915
42.440171673286315, 78.55954971001589
42.494442992561616, 78.56982426648263
42.54871431183692, 78.58009882294937
42.60298563111222, 78.5903733794161
42.65725695038752, 78.60064793588285
42.71152826966282, 78.61092249234959
42.76579958893812, 78.62119704881633
42.820070908213424, 78.63147160528307
42.87434222748873, 78.64174616174981
42.92861354676403, 78.65202071821655
42.982884866039335, 78.66229527468329
43.037156185314636, 78.51761030704384
43.09142750458994, 78.35349937628145
43.14569882386524, 78.18938844551904
43.19997014314054, 78.02527751475665
43.25424146241585, 77.86116658399422
43.30851278169115, 77.69705565323183
43.36278410096645, 77.53294472246942
43.41705542024175, 77.36883379170703
43.47132673951705, 77.20472286094463
43.525598058792355, 77.04061193018222
43.579869378067656, 76.87650099941983
43.63414069734296, 76.71239006865743
43.688412016618265, 76.54827913789501
43.74268333589357, 76.3841682071326
43.79695465516887, 76.22005727637021
43.85122597444417, 76.05594634560781
43.90549729371947, 75.89183541484542
43.95976861299477, 75.72772448408301
44.01403993227007, 75.56361355332061
44.068311251545374, 75.39950262255822
44.12258257082068, 75.2353916917958
44.176853890095984, 75.07128076103339
44.231125209371285, 74.90716983027099
44.28539652864659, 74.7430588995086
44.33966784792189, 74.57894796874619
44.39393916719719, 74.4148370379838
44.44821048647249, 74.2507261072214
44.5024818057478, 74.08661517645898
44.5567531250231, 73.92250424569657
44.6110244442984, 73.75839331493418
44.6652957635737, 73.59428238417178
44.719567082849004, 73.43017145340937
44.773838402124305, 73.26606052264698
44.828109721399606, 73.10194959188458
44.88238104067491, 72.93783866112217
44.936652359950216, 72.77372773035975
44.99092367922552, 72.60961679959736
45.04519499850082, 72.44550586883496
45.09946631777612, 72.28139493807255
45.15373763705142, 72.11728400731016
45.20800895632672, 71.95317307654776
45.26228027560202, 71.78906214578537
45.316551594877325, 71.62495121502296
45.37082291415263, 71.46084028426054
45.425094233427934, 71.29672935349814
45.479365552703236, 71.13261842273575
45.53363687197854, 70.96850749197334
45.58790819125384, 70.80439656121094
45.64217951052914, 70.64028563044855
45.69645082980444, 70.47617469968614
45.75072214907974, 70.31206376892374
45.80499346835505, 70.14795283816132
45.85926478763035, 69.98384190739893
45.91353610690565, 69.81973097663652
45.967807426180954, 69.65562004587412
46.022078745456255, 69.49150911511173
46.07635006473156, 69.32739818434932
46.13062138400686, 69.16328725358693
46.184892703282166, 68.9991763228245
46.23916402255747, 68.8350653920621
46.29343534183277, 68.6709544612997
46.34770666110807, 68.50684353053731
46.40197798038337, 68.3427325997749
46.45624929965867, 68.1786216690125
46.510520618933974, 68.01451073825011
46.564791938209275, 67.8503998074877
46.619063257484584, 67.68628887672529
46.673334576759885, 67.52217794596288
46.727605896035186, 67.35806701520049
46.78187721531049, 67.19395608443808
46.83614853458579, 67.0298451536757
46.89041985386109, 66.86573422291329
46.94469117313639, 66.70162329215088
46.99896249241169, 66.5375123613885
47.053233811687, 66.37340143062607
47.1075051309623, 66.20929049986367
47.1617764502376, 66.04517956910126
47.216047769512905, 65.88106863833887
47.270319088788206, 65.71695770757647
47.32459040806351, 65.55284677681408
47.37886172733881, 65.38873584605167
47.43313304661412, 65.22462491528925
47.48740436588942, 65.06051398452685
47.54167568516472, 64.89640305376446
47.59594700444002, 64.73229212300205
47.65021832371532, 64.56818119223965
47.70448964299062, 64.40407026147726
47.758760962265924, 64.23995933071485
47.813032281541226, 64.07584839995246
47.867303600816534, 63.91173746919004
47.921574920091835, 63.74762653842764
47.97584623936714, 63.583515607665234
48.03011755864244, 63.419404676902836
48.08438887791774, 63.25529374614044
48.13866019719304, 63.09118281537803
48.19293151646834, 62.927071884615636
48.24720283574364, 62.76296095385324
48.30147415501895, 62.59885002309082
48.35574547429425, 62.434739092328414
48.410016793569554, 62.27062816156602
48.464288112844855, 62.10651723080362
48.518559432120156, 61.94240630004122
48.57283075139546, 61.77829536927882
48.62710207067076, 61.61418443851642
48.68137338994607, 61.450073507754
48.73564470922137, 61.2859625769916
48.78991602849667, 61.1218516462292
48.84418734777197, 60.9577407154668
48.89845866704727, 60.7936297847044
48.95272998632257, 60.629518853942
49.007001305597875, 60.4654079231796
49.061272624873176, 60.30129699241721
49.115543944148484, 60.13718606165478
49.169815263423786, 59.97307513089238
49.22408658269909, 59.80896420012998
49.27835790197439, 59.64485326936759
49.33262922124969, 59.48074233860518
49.38690054052499, 59.316631407842785
49.44117185980029, 59.15252047708039
49.49544317907559, 58.98840954631798
49.5497144983509, 58.82429861555556
49.6039858176262, 58.660187684793165
49.658257136901504, 58.49607675403077
49.712528456176805, 58.33196582326836
49.76679977545211, 58.16785489250597
49.82107109472741, 58.00374396174357
49.87534241400271, 57.83963303098117
49.92961373327801, 57.67552210021877
49.98388505255332, 57.51141116945635
50.03815637182862, 57.34730023869395
50.09242769110392, 57.18318930793155
50.14669901037922, 57.01907837716915
50.200970329654524, 56.85496744640675
50.255241648929825, 56.69085651564435
50.30951296820513, 56.52674558488195
50.363784287480435, 56.36263465411953
50.418055606755736, 56.19852372335713
50.47232692603104, 56.03441279259473
50.52659824530634, 55.87030186183233
50.58086956458164, 55.70619093106993
50.63514088385694, 55.542080000307536
50.68941220313224, 55.37796906954513
50.743683522407544, 55.21385813878273
50.79795484168285, 55.049747208020314
50.85222616095815, 54.885636277257916
50.906497480233455, 54.72152534649551
50.960768799508756, 54.55741441573311
51.01504011878406, 54.393303484970716
51.06931143805936, 54.22919255420831
51.12358275733466, 54.06508162344592
51.17785407660996, 53.900970692683515
51.23212539588527, 53.736859761921096
51.28639671516057, 53.57274883115869
51.34066803443587, 53.4086379003963
51.39493935371117, 53.244526969633895
51.449210672986474, 53.0804160388715
51.503481992261776, 52.9163051081091
51.55775331153708, 52.752194177346695
51.612024630812385, 52.588083246584276
51.66629595008769, 52.42397231582188
51.72056726936299, 52.25986138505948
51.77483858863829, 52.095750454297075
51.82910990791359, 51.931639523534685
51.88338122718889, 51.76752859277228
51.93765254646419, 51.60341766200988
51.991923865739494, 51.439306731247484
52.0461951850148, 51.275195800485065
52.100466504290104, 51.11108486972266
52.154737823565405, 50.94697393896026
52.209009142840706, 50.782863008197864
52.26328046211601, 50.61875207743546
52.31755178139131, 50.45464114667306
52.37182310066661, 50.290530215910664
52.42609441994191, 50.12641928514826
52.48036573921722, 49.96230835438584
52.53463705849252, 49.79819742362344
52.58890837776782, 49.634086492861044
52.643179697043124, 49.46997556209864
52.697451016318425, 49.30586463133625
52.751722335593726, 49.141753700573844
52.80599365486903, 48.977642769811446
52.860264974144336, 48.81353183904902
52.91453629341964, 48.64942090828663
52.96880761269494, 48.485309977524224
53.02307893197024, 48.321199046761826
53.07735025124554, 48.15708811599943
53.13162157052084, 47.992977185237024
53.18589288979614, 47.82886625447463
53.240164209071445, 47.66475532371223
53.29443552834675, 47.50064439294981
53.348706847622054, 47.336533462187404
53.402978166897356, 47.17242253142501
53.45724948617266, 47.00831160066261
53.51152080544796, 46.84420066990021
53.56579212472326, 46.68008973913781
53.62006344399856, 46.51597880837541
53.67433476327386, 46.35186787761301
53.72860608254917, 46.18775694685059
53.78287740182447, 46.02364601608819
53.83714872109977, 45.85953508532579
53.891420040375074, 45.69542415456339
53.945691359650375, 45.53131322380099
53.99996267892568, 45.367202293038595
54.05423399820098, 45.20309136227619
54.10850531747628, 45.03898043151379
54.16277663675159, 44.87486950075137
54.21704795602689, 44.710758569988975
