Parameters: [54.56023598171106, 19.876439452452573, 13.501771814067041, 37.71829031081188, 3.554630442618561, -0.07959293189651091, -3.096063575298636]
Points:
0.0, 19.876439452452573
0.0546148508325436, 20.070575063841005
0.1092297016650872, 20.264710675229434
0.1638445524976308, 20.458846286617867
0.2184594033301744, 20.652981898006296
0.273074254162718, 20.847117509394728
0.3276891049952616, 21.04125312078316
0.38230395582780524, 21.23538873217159
0.4369188066603488, 21.429524343560022
0.4915336574928924, 21.623659954948454
0.546148508325436, 21.817795566336883
0.6007633591579796, 22.011931177725316
0.6553782099905232, 22.206066789113745
0.7099930608230668, 22.400202400502177
0.7646079116556105, 22.59433801189061
0.8192227624881541, 22.78847362327904
0.8738376133206976, 22.98260923466747
0.9284524641532412, 23.176744846055904
0.9830673149857848, 23.370880457444333
1.0376821658183284, 23.565016068832765
1.092297016650872, 23.759151680221194
1.1469118674834156, 23.953287291609627
1.2015267183159593, 24.14742290299806
1.256141569148503, 24.341558514386488
1.3107564199810464, 24.53569412577492
1.36537127081359, 24.72982973716335
1.4199861216461336, 24.923965348551782
1.4746009724786773, 25.118100959940215
1.529215823311221, 25.312236571328647
1.5838306741437644, 25.506372182717076
1.6384455249763081, 25.70050779410551
1.6930603758088516, 25.894643405493937
1.7476752266413953, 26.08877901688237
1.802290077473939, 26.282914628270802
1.8569049283064825, 26.47705023965923
1.9115197791390262, 26.671185851047664
1.9661346299715696, 26.865321462436093
2.0207494808041133, 27.059457073824525
2.075364331636657, 27.253592685212958
2.1299791824692007, 27.44772829660139
2.184594033301744, 27.64186390798982
2.2392088841342876, 27.835999519378248
2.293823734966831, 28.03013513076668
2.348438585799375, 28.224270742155113
2.4030534366319185, 28.418406353543546
2.457668287464462, 28.612541964931975
2.512283138297006, 28.806677576320403
2.5668979891295494, 29.000813187708836
2.621512839962093, 29.19494879909727
2.6761276907946367, 29.3890844104857
2.73074254162718, 29.58322002187413
2.7853573924597237, 29.77735563326256
2.839972243292267, 29.97149124465099
2.894587094124811, 30.165626856039424
2.9492019449573545, 30.359762467427856
3.003816795789898, 30.553898078816285
3.058431646622442, 30.748033690204718
3.1130464974549854, 30.942169301593147
3.167661348287529, 31.13630491298158
3.222276199120073, 31.33044052437001
3.2768910499526163, 31.524576135758444
3.3315059007851597, 31.718711747146873
3.386120751617703, 31.912847358535302
3.440735602450247, 32.106982969923735
3.4953504532827906, 32.30111858131217
3.549965304115334, 32.4952541927006
3.604580154947878, 32.68938980408903
3.6591950057804215, 32.88352541547746
3.713809856612965, 33.07766102686589
3.7684247074455084, 33.27179663825432
3.8230395582780523, 33.465932249642755
3.877654409110596, 33.66006786103118
3.9322692599431393, 33.85420347241961
3.986884110775683, 34.048339083808045
4.041498961608227, 34.24247469519648
4.0961138124407706, 34.43661030658491
4.150728663273314, 34.63074591797334
4.2053435141058575, 34.824881529361775
4.259958364938401, 35.01901714075021
4.314573215770944, 35.21315275213863
4.369188066603488, 35.407288363527066
4.423802917436032, 35.6014239749155
4.478417768268575, 35.79555958630392
4.533032619101119, 35.989695197692356
4.587647469933662, 36.18383080908079
4.642262320766206, 36.37796642046922
4.69687717159875, 36.57210203185765
4.751492022431293, 36.766237643246086
4.806106873263837, 36.96037325463452
4.860721724096381, 37.154508866022944
4.915336574928924, 37.348644477411376
4.969951425761468, 37.5427800887998
5.024566276594012, 37.736915700188234
5.079181127426555, 37.93105131157667
5.133795978259099, 38.1251869229651
5.188410829091643, 38.31932253435353
5.243025679924186, 38.513458145741964
5.29764053075673, 38.7075937571304
5.3522553815892735, 38.90172936851883
5.4068702324218165, 39.095864979907255
5.46148508325436, 39.29000059129569
5.5160999340869035, 39.48413620268411
5.570714784919447, 39.678271814072545
5.625329635751991, 39.87240742546098
5.679944486584534, 40.06654303684941
5.734559337417078, 40.26067864823784
5.789174188249622, 40.454814259626275
5.843789039082165, 40.64894987101471
5.898403889914709, 40.84308548240314
5.953018740747253, 41.03722109379157
6.007633591579796, 41.23135670518
6.06224844241234, 41.42549231656843
6.116863293244884, 41.61962792795686
6.171478144077427, 41.81376353934529
6.226092994909971, 42.00789915073372
6.280707845742515, 42.20203476212215
6.335322696575058, 42.396170373510586
6.389937547407602, 42.59030598489902
6.444552398240146, 42.78444159628745
6.499167249072689, 42.97857720767588
6.5537820999052325, 43.172712819064316
6.6083969507377756, 43.36684843045274
6.6630118015703195, 43.560984041841174
6.717626652402863, 43.755119653229606
6.772241503235406, 43.94925526461803
6.82685635406795, 44.143390876006464
6.881471204900494, 44.337526487394896
6.936086055733037, 44.53166209878333
6.990700906565581, 44.72579771017176
7.045315757398125, 44.919933321560194
7.099930608230668, 45.11406893294862
7.154545459063212, 45.30820454433705
7.209160309895756, 45.502340155725484
7.263775160728299, 45.69647576711391
7.318390011560843, 45.89061137850234
7.373004862393387, 46.084746989890775
7.42761971322593, 46.27888260127921
7.482234564058474, 46.47301821266764
7.536849414891017, 46.66715382405607
7.591464265723561, 46.861289435444505
7.646079116556105, 47.05542504683294
7.700693967388648, 47.24956065822136
7.755308818221192, 47.443696269609795
7.8099236690537355, 47.63783188099823
7.8645385198862785, 47.83196749238665
7.919153370718822, 48.026103103775085
7.973768221551366, 48.22023871516352
8.02838307238391, 48.41437432655195
8.082997923216453, 48.60850993794038
8.137612774048996, 48.802645549328815
8.192227624881541, 48.99678116071725
8.246842475714084, 49.19091677210568
8.301457326546627, 49.385052383494106
8.356072177379172, 49.579187994882545
8.410687028211715, 49.77332360627097
8.465301879044258, 49.967459217659396
8.519916729876803, 50.161594829047836
8.574531580709346, 50.35573044043626
8.629146431541889, 50.549866051824694
8.683761282374434, 50.744001663213126
8.738376133206977, 50.93813727460156
8.79299098403952, 51.13227288598999
8.847605834872065, 51.326408497378424
8.902220685704608, 51.52054410876685
8.95683553653715, 51.714679720155274
9.011450387369694, 51.90881533154371
9.066065238202238, 52.10295094293215
9.120680089034781, 52.29708655432057
9.175294939867324, 52.491222165709004
9.22990979069987, 52.68535777709744
9.284524641532412, 52.87949338848587
9.339139492364955, 53.073628999874295
9.3937543431975, 53.267764611262734
9.448369194030043, 53.46190022265116
9.502984044862586, 53.65603583403959
9.557598895695131, 53.850171445428025
9.612213746527674, 54.04430705681646
9.666828597360217, 54.23844266820488
9.721443448192762, 54.432578279593315
9.776058299025305, 54.62671389098175
9.830673149857848, 54.82084950237018
9.885288000690393, 55.01498511375861
9.939902851522936, 55.20912072514704
9.994517702355479, 55.40325633653547
10.049132553188024, 55.5973919479239
10.103747404020567, 55.791527559312335
10.15836225485311, 55.98566317070076
10.212977105685654, 56.1797987820892
10.267591956518197, 56.373934393477626
10.32220680735074, 56.56807000486606
10.376821658183285, 56.76220561625449
10.431436509015828, 56.95634122764292
10.486051359848371, 57.15047683903135
10.540666210680916, 57.34461245041979
10.59528106151346, 57.538748061808214
10.649895912346002, 57.732883673196646
10.704510763178547, 57.92701928458508
10.75912561401109, 58.12115489597351
10.813740464843633, 58.31529050736194
10.868355315676178, 58.509426118750376
10.92297016650872, 58.7035617301388
10.977585017341264, 58.897697341527234
11.032199868173807, 59.09183295291566
11.086814719006352, 59.2859685643041
11.141429569838895, 59.480104175692524
11.196044420671438, 59.67423978708096
11.250659271503983, 59.86837539846939
11.305274122336526, 60.06251100985782
11.359888973169069, 60.25664662124625
11.414503824001613, 60.45078223263469
11.469118674834156, 60.64491784402311
11.5237335256667, 60.839053455411545
11.578348376499244, 61.03318906679998
11.632963227331787, 61.22732467818841
11.68757807816433, 61.421460289576835
11.742192928996875, 61.61559590096527
11.796807779829418, 61.8097315123537
11.851422630661961, 62.003867123742126
11.906037481494506, 62.198002735130565
11.960652332327049, 62.39213834651899
12.015267183159592, 62.58627395790742
12.069882033992137, 62.780409569295855
12.12449688482468, 62.97454518068429
12.179111735657223, 63.16868079207271
12.233726586489768, 63.36281640346115
12.28834143732231, 63.55695201484958
12.342956288154854, 63.75108762623801
12.397571138987399, 63.94522323762644
12.452185989819942, 64.13935884901488
12.506800840652485, 64.3334944604033
12.56141569148503, 64.52763007179175
12.616030542317572, 64.72176568318017
12.670645393150116, 64.9159012945686
12.72526024398266, 65.11003690595703
12.779875094815203, 65.30417251734546
12.834489945647746, 65.4983081287339
12.889104796480291, 65.69244374012233
12.943719647312834, 65.88657935151076
12.998334498145377, 66.08071496289918
13.05294934897792, 66.27485057428761
13.107564199810465, 66.46898618567604
13.162179050643008, 66.66312179706448
13.216793901475551, 66.85725740845291
13.271408752308096, 67.05139301984134
13.326023603140639, 67.24552863122977
13.380638453973182, 67.43966424261819
13.435253304805727, 67.63379985400664
13.48986815563827, 67.82793546539506
13.544483006470813, 67.8668490629963
13.599097857303358, 67.86250210689344
13.6537127081359, 67.8581551507906
13.708327558968444, 67.85380819468774
13.762942409800988, 67.84946123858488
13.817557260633532, 67.84511428248203
13.872172111466075, 67.84076732637918
13.92678696229862, 67.83642037027633
13.981401813131162, 67.83207341417348
14.036016663963705, 67.82772645807061
14.09063151479625, 67.82337950196776
14.145246365628793, 67.81903254586491
14.199861216461336, 67.81468558976206
14.254476067293881, 67.81033863365921
14.309090918126424, 67.80599167755636
14.363705768958967, 67.8016447214535
14.418320619791512, 67.79729776535065
14.472935470624055, 67.7929508092478
14.527550321456598, 67.78860385314495
14.582165172289143, 67.7842568970421
14.636780023121686, 67.77990994093923
14.691394873954229, 67.77556298483638
14.746009724786774, 67.77121602873353
14.800624575619317, 67.76686907263068
14.85523942645186, 67.76252211652783
14.909854277284404, 67.75817516042498
14.964469128116948, 67.75382820432212
15.01908397894949, 67.74948124821927
15.073698829782034, 67.74513429211642
15.128313680614578, 67.74078733601357
15.182928531447121, 67.73644037991072
15.237543382279664, 67.73209342380785
15.29215823311221, 67.727746467705
15.346773083944752, 67.72339951160215
15.401387934777295, 67.7190525554993
15.45600278560984, 67.71470559939645
15.510617636442383, 67.7103586432936
15.565232487274926, 67.70601168719074
15.619847338107471, 67.70166473108789
15.674462188940014, 67.69731777498504
15.729077039772557, 67.69297081888219
15.783691890605102, 67.68862386277934
15.838306741437645, 67.68427690667649
15.892921592270188, 67.67992995057362
15.947536443102733, 67.67558299447077
16.002151293935274, 67.67123603836792
16.05676614476782, 67.66688908226507
16.111380995600364, 67.66254212616222
16.165995846432907, 67.65819517005936
16.22061069726545, 67.65384821395651
16.275225548097993, 67.64950125785366
16.329840398930536, 67.64515430175081
16.384455249763082, 67.64080734564796
16.439070100595625, 67.6364603895451
16.49368495142817, 67.63211343344224
16.54829980226071, 67.62776647733939
16.602914653093254, 67.62341952123654
16.657529503925797, 67.61907256513369
16.712144354758344, 67.61472560903084
16.766759205590887, 67.61037865292798
16.82137405642343, 67.60603169682513
16.875988907255973, 67.60168474072228
16.930603758088516, 67.59733778461943
16.98521860892106, 67.59299082851658
17.039833459753606, 67.58864387241373
17.09444831058615, 67.58429691631086
17.14906316141869, 67.57994996020801
17.203678012251235, 67.57560300410516
17.258292863083778, 67.57125604800231
17.31290771391632, 67.56690909189946
17.367522564748867, 67.5625621357966
17.42213741558141, 67.55821517969375
17.476752266413953, 67.5538682235909
17.531367117246496, 67.54952126748805
17.58598196807904, 67.5451743113852
17.640596818911582, 67.54082735528235
17.69521166974413, 67.53648039917948
17.749826520576672, 67.53213344307663
17.804441371409215, 67.52778648697378
17.859056222241758, 67.52343953087093
17.9136710730743, 67.51909257476808
17.968285923906844, 67.51474561866522
18.022900774739387, 67.51039866256237
18.077515625571934, 67.50605170645952
18.132130476404477, 67.50170475035667
18.18674532723702, 67.49735779425382
18.241360178069563, 67.49301083815097
18.295975028902106, 67.4886638820481
18.35058987973465, 67.48431692594525
18.405204730567196, 67.4799699698424
18.45981958139974, 67.47562301373955
18.51443443223228, 67.4712760576367
18.569049283064825, 67.46692910153385
18.623664133897368, 67.46258214543099
18.67827898472991, 67.45823518932814
18.732893835562457, 67.45388823322529
18.787508686395, 67.44954127712244
18.842123537227543, 67.44519432101959
18.896738388060086, 67.44084736491672
18.95135323889263, 67.43650040881387
19.005968089725172, 67.43215345271102
19.06058294055772, 67.42780649660817
19.115197791390262, 67.42345954050532
19.169812642222805, 67.41911258440247
19.224427493055348, 67.4147656282996
19.27904234388789, 67.41041867219676
19.333657194720434, 67.4060717160939
19.38827204555298, 67.40172475999105
19.442886896385524, 67.3973778038882
19.497501747218067, 67.39303084778534
19.55211659805061, 67.38868389168249
19.606731448883153, 67.38433693557964
19.661346299715696, 67.37998997947679
19.715961150548242, 67.37564302337394
19.770576001380785, 67.37129606727109
19.82519085221333, 67.36694911116822
19.87980570304587, 67.36260215506537
19.934420553878414, 67.35825519896252
19.989035404710958, 67.35390824285967
20.0436502555435, 67.34956128675682
20.098265106376047, 67.34521433065396
20.15287995720859, 67.34086737455111
20.207494808041133, 67.33652041844826
20.262109658873676, 67.33217346234541
20.31672450970622, 67.32782650624256
20.371339360538762, 67.32347955013971
20.42595421137131, 67.31913259403684
20.480569062203852, 67.314785637934
20.535183913036395, 67.31043868183114
20.589798763868938, 67.3060917257283
20.64441361470148, 67.30174476962544
20.699028465534024, 67.29739781352258
20.75364331636657, 67.29305085741973
20.808258167199114, 67.28870390131688
20.862873018031657, 67.28435694521403
20.9174878688642, 67.28000998911118
20.972102719696743, 67.27566303300833
21.026717570529286, 67.27131607690546
21.081332421361832, 67.26696912080261
21.135947272194375, 67.26262216469976
21.19056212302692, 67.25827520859691
21.24517697385946, 67.25392825249406
21.299791824692004, 67.2495812963912
21.354406675524547, 67.24523434028835
21.409021526357094, 67.2408873841855
21.463636377189637, 67.23654042808265
21.51825122802218, 67.2321934719798
21.572866078854723, 67.22784651587695
21.627480929687266, 67.22349955977408
21.68209578051981, 67.21915260367123
21.736710631352356, 67.21480564756838
21.7913254821849, 67.21045869146553
21.84594033301744, 67.20611173536268
21.900555183849985, 67.20176477925983
21.955170034682528, 67.19741782315697
22.00978488551507, 67.19307086705412
22.064399736347614, 67.18872391095127
22.11901458718016, 67.18437695484842
22.173629438012703, 67.18002999874557
22.228244288845247, 67.1756830426427
22.28285913967779, 67.17133608653985
22.337473990510333, 67.166989130437
22.392088841342876, 67.16264217433415
22.446703692175422, 67.1582952182313
22.501318543007965, 67.15394826212845
22.555933393840508, 67.14960130602559
22.61054824467305, 67.14525434992274
22.665163095505594, 67.14090739381989
22.719777946338137, 67.13656043771704
22.774392797170684, 67.13221348161419
22.829007648003227, 67.12786652551132
22.88362249883577, 67.12351956940847
22.938237349668313, 67.11917261330562
22.992852200500856, 67.11482565720277
23.0474670513334, 67.11047870109992
23.102081902165946, 67.10613174499707
23.15669675299849, 67.10178478889421
23.21131160383103, 67.09743783279136
23.265926454663575, 67.0930908766885
23.320541305496118, 67.08874392058566
23.37515615632866, 67.0843969644828
23.429771007161207, 67.08005000837994
23.48438585799375, 67.07570305227709
23.539000708826293, 67.07135609617424
23.593615559658836, 67.06700914007139
23.64823041049138, 67.06266218396854
23.702845261323922, 67.05831522786569
23.75746011215647, 67.05396827176283
23.812074962989012, 67.04962131565998
23.866689813821555, 67.04527435955713
23.921304664654098, 67.04092740345428
23.97591951548664, 67.03658044735143
24.030534366319184, 67.03223349124858
24.085149217151727, 67.02788653514571
24.139764067984274, 67.02353957904286
24.194378918816817, 67.01919262294001
24.24899376964936, 67.01484566683716
24.303608620481903, 67.01049871073431
24.358223471314446, 67.00615175463145
24.41283832214699, 67.0018047985286
24.467453172979535, 66.99745784242575
24.52206802381208, 66.9931108863229
24.57668287464462, 66.98876393022005
24.631297725477165, 66.9844169741172
24.685912576309708, 66.98007001801433
24.74052742714225, 66.97572306191148
24.795142277974797, 66.97137610580863
24.84975712880734, 66.96702914970578
24.904371979639883, 66.96268219360293
24.958986830472426, 66.95833523750007
25.01360168130497, 66.95398828139722
25.068216532137512, 66.94964132529437
25.12283138297006, 66.94529436919152
25.177446233802602, 66.94094741308867
25.232061084635145, 66.93660045698581
25.286675935467688, 66.93225350088295
25.34129078630023, 66.9279065447801
25.395905637132774, 66.92355958867725
25.45052048796532, 66.9192126325744
25.505135338797864, 66.91486567647155
25.559750189630407, 66.91051872036869
25.61436504046295, 66.90617176426584
25.668979891295493, 66.90182480816298
25.723594742128036, 66.89747785206013
25.778209592960582, 66.89313089595728
25.832824443793125, 66.88878393985443
25.88743929462567, 66.88443698375157
25.94205414545821, 66.88009002764872
25.996668996290754, 66.87574307154587
26.051283847123297, 66.87139611544302
26.10589869795584, 66.86704915934017
26.160513548788387, 66.8627022032373
26.21512839962093, 66.85835524713445
26.269743250453473, 66.8540082910316
26.324358101286016, 66.84966133492875
26.37897295211856, 66.8453143788259
26.433587802951102, 66.84096742272305
26.48820265378365, 66.83662046662019
26.542817504616192, 66.83227351051734
26.597432355448735, 66.82792655441449
26.652047206281278, 66.82357959831164
26.70666205711382, 66.81923264220879
26.761276907946364, 66.81488568610592
26.81589175877891, 66.81053873000307
26.870506609611454, 66.80619177390022
26.925121460443997, 66.80184481779737
26.97973631127654, 66.79749786169452
27.034351162109083, 66.79315090559167
27.088966012941626, 66.78880394948881
27.143580863774172, 66.78445699338596
27.198195714606715, 66.78011003728311
27.25281056543926, 66.77576308118026
27.3074254162718, 66.77141612507741
27.362040267104344, 66.76706916897456
27.416655117936887, 66.7627222128717
27.471269968769434, 66.75837525676884
27.525884819601977, 66.754028300666
27.58049967043452, 66.74968134456314
27.635114521267063, 66.7453343884603
27.689729372099606, 66.74098743235743
27.74434422293215, 66.73664047625458
27.798959073764696, 66.73229352015173
27.85357392459724, 66.72794656404888
27.90818877542978, 66.72359960794603
27.962803626262325, 66.71925265184318
28.017418477094868, 66.71490569574031
28.07203332792741, 66.71055873963746
28.126648178759954, 66.70621178353461
28.1812630295925, 66.70186482743176
28.235877880425043, 66.69751787132891
28.290492731257586, 66.69317091522605
28.34510758209013, 66.6888239591232
28.399722432922673, 66.68447700302035
28.454337283755216, 66.6801300469175
28.508952134587762, 66.67578309081465
28.563566985420305, 66.6714361347118
28.618181836252848, 66.66708917860893
28.67279668708539, 66.66274222250608
28.727411537917934, 66.65839526640323
28.782026388750477, 66.65404831030038
28.836641239583024, 66.64970135419753
28.891256090415567, 66.64535439809467
28.94587094124811, 66.64100744199182
29.000485792080653, 66.63666048588897
29.055100642913196, 66.63231352978612
29.10971549374574, 66.62796657368327
29.164330344578286, 66.62361961758042
29.21894519541083, 66.61927266147755
29.27356004624337, 66.6149257053747
29.328174897075915, 66.61057874927185
29.382789747908458, 66.606231793169
29.437404598741, 66.60188483706615
29.492019449573547, 66.59753788096329
29.54663430040609, 66.59319092486044
29.601249151238633, 66.58884396875759
29.655864002071176, 66.58449701265474
29.71047885290372, 66.58015005655189
29.765093703736262, 66.57580310044904
29.81970855456881, 66.57145614434617
29.874323405401352, 66.56710918824332
29.928938256233895, 66.56276223214047
29.983553107066438, 66.55841527603762
30.03816795789898, 66.55406831993477
30.092782808731524, 66.5497213638319
30.147397659564067, 66.54537440772906
30.202012510396614, 66.5410274516262
30.256627361229157, 66.53668049552336
30.3112422120617, 66.5323335394205
30.365857062894243, 66.52798658331766
30.420471913726786, 66.52363962721479
30.47508676455933, 66.51929267111194
30.529701615391875, 66.51494571500909
30.58431646622442, 66.51059875890624
30.63893131705696, 66.50625180280339
30.693546167889505, 66.50190484670054
30.748161018722048, 66.49755789059768
30.80277586955459, 66.49321093449483
30.857390720387137, 66.48886397839198
30.91200557121968, 66.48451702228913
30.966620422052223, 66.48017006618628
31.021235272884766, 66.47582311008341
31.07585012371731, 66.47147615398056
31.130464974549852, 66.46712919787771
31.1850798253824, 66.46278224177486
31.239694676214942, 66.45843528567201
31.294309527047485, 66.45408832956916
31.348924377880028, 66.4497413734663
31.40353922871257, 66.44539441736345
31.458154079545114, 66.4410474612606
31.51276893037766, 66.43670050515775
31.567383781210204, 66.4323535490549
31.621998632042747, 66.42800659295203
31.67661348287529, 66.42365963684918
31.731228333707833, 66.41931268074633
31.785843184540376, 66.41496572464348
31.840458035372922, 66.41061876854063
31.895072886205465, 66.40627181243778
31.94968773703801, 66.40192485633492
32.00430258787055, 66.39757790023206
32.0589174387031, 66.39323094412921
32.11353228953564, 66.38888398802636
32.168147140368184, 66.38453703192351
32.22276199120073, 66.38019007582065
32.27737684203327, 66.3758431197178
32.33199169286581, 66.37149616361495
32.386606543698356, 66.3671492075121
32.4412213945309, 66.36280225140925
32.49583624536344, 66.3584552953064
32.550451096195985, 66.35410833920353
32.60506594702853, 66.34976138310068
32.65968079786107, 66.34541442699783
32.71429564869362, 66.34106747089498
32.768910499526164, 66.33672051479213
32.82352535035871, 66.33237355868927
32.87814020119125, 66.32802660258642
32.93275505202379, 66.32367964648357
32.98736990285634, 66.31933269038072
33.04198475368888, 66.31498573427787
33.09659960452142, 66.31063877817502
33.151214455353966, 66.30629182207215
33.20582930618651, 66.3019448659693
33.26044415701905, 66.29759790986645
33.315059007851595, 66.2932509537636
33.369673858684145, 66.28890399766075
33.42428870951669, 66.28455704155789
33.47890356034923, 66.28021008545504
33.533518411181774, 66.27586312935219
33.58813326201432, 66.27151617324934
33.64274811284686, 66.26716921714649
33.6973629636794, 66.26282226104364
33.751977814511946, 66.25847530494077
33.80659266534449, 66.25412834883792
33.86120751617703, 66.24978139273507
33.915822367009575, 66.24543443663222
33.97043721784212, 66.24108748052937
34.02505206867466, 66.23674052442652
34.07966691950721, 66.23239356832366
34.134281770339754, 66.22804661222081
34.1888966211723, 66.22369965611796
34.24351147200484, 66.21935270001511
34.29812632283738, 66.21500574391226
34.352741173669926, 66.2106587878094
34.40735602450247, 66.20631183170654
34.46197087533501, 66.2019648756037
34.516585726167555, 66.19761791950084
34.5712005770001, 66.19327096339799
34.62581542783264, 66.18892400729514
34.680430278665185, 66.18457705119228
34.735045129497735, 66.18023009508943
34.78965998033028, 66.17588313898658
34.84427483116282, 66.17153618288373
34.898889681995364, 66.16718922678088
34.95350453282791, 66.16284227067801
35.00811938366045, 66.15849531457516
35.06273423449299, 66.15414835847231
35.117349085325536, 66.14980140236946
35.17196393615808, 66.14545444626661
35.22657878699062, 66.14110749016376
35.281193637823165, 66.1367605340609
35.33580848865571, 66.13241357795805
35.39042333948826, 66.1280666218552
35.4450381903208, 66.12371966575235
35.499653041153344, 66.1193727096495
35.55426789198589, 66.11502575354663
35.60888274281843, 66.11067879744378
35.66349759365097, 66.10633184134093
35.718112444483516, 66.10198488523808
35.77272729531606, 66.09763792913523
35.8273421461486, 66.09329097303238
35.881956996981145, 66.08894401692952
35.93657184781369, 66.08459706082667
35.99118669864623, 66.08025010472382
36.045801549478774, 66.07590314862097
36.100416400311325, 66.07155619251812
36.15503125114387, 66.06720923641527
36.20964610197641, 66.0628622803124
36.264260952808954, 66.05851532420955
36.3188758036415, 66.0541683681067
36.37349065447404, 66.04982141200385
36.42810550530658, 66.045474455901
36.482720356139126, 66.04112749979814
36.53733520697167, 66.03678054369529
36.59195005780421, 66.03243358759244
36.646564908636755, 66.02808663148959
36.7011797594693, 66.02373967538674
36.75579461030185, 66.01939271928387
36.81040946113439, 66.01504576318102
36.865024311966934, 66.01069880707817
36.91963916279948, 66.00635185097532
36.97425401363202, 66.00200489487247
37.02886886446456, 65.99765793876962
37.083483715297106, 65.99331098266676
37.13809856612965, 65.9889640265639
37.19271341696219, 65.98461707046106
37.247328267794735, 65.9802701143582
37.30194311862728, 65.97592315825536
37.35655796945982, 65.9715762021525
37.41117282029237, 65.96722924604964
37.465787671124914, 65.96288228994679
37.52040252195746, 65.95853533384394
37.57501737279, 65.95418837774109
37.629632223622544, 65.94984142163824
37.68424707445509, 65.94549446553538
37.73886192528763, 65.87909383827905
37.79347677612017, 65.71000278794605
37.848091626952716, 65.54091173761304
37.90270647778526, 65.37182068728004
37.9573213286178, 65.20272963694703
38.011936179450345, 65.03363858661403
38.06655103028289, 64.86454753628102
38.12116588111544, 64.695456485948
38.17578073194798, 64.52636543561499
38.230395582780524, 64.35727438528198
38.28501043361307, 64.18818333494897
38.33962528444561, 64.01909228461598
38.39424013527815, 63.85000123428297
38.448854986110696, 63.68091018394997
38.50346983694324, 63.51181913361696
38.55808468777578, 63.34272808328396
38.612699538608325, 63.17363703295095
38.66731438944087, 63.00454598261795
38.72192924027341, 62.83545493228494
38.77654409110596, 62.666363881951916
38.831158941938504, 62.49727283161891
38.88577379277105, 62.328181781285906
38.94038864360359, 62.1590907309529
38.99500349443613, 61.989999680619896
39.04961834526868, 61.820908630286894
39.10423319610122, 61.651817579953885
39.15884804693376, 61.482726529620884
39.213462897766306, 61.313635479287875
39.26807774859885, 61.14454442895487
39.32269259943139, 60.975453378621864
39.377307450263935, 60.80636232828886
39.431922301096485, 60.63727127795583
39.48653715192903, 60.46818022762283
39.54115200276157, 60.29908917728982
39.595766853594114, 60.12999812695682
39.65038170442666, 59.96090707662381
39.7049965552592, 59.79181602629081
39.75961140609174, 59.62272497595781
39.814226256924286, 59.4536339256248
39.86884110775683, 59.2845428752918
39.92345595858937, 59.11545182495879
39.978070809421915, 58.94636077462579
40.03268566025446, 58.77726972429278
40.087300511087, 58.60817867395978
40.14191536191955, 58.43908762362675
40.196530212752094, 58.269996573293746
40.25114506358464, 58.10090552296074
40.30575991441718, 57.931814472627735
40.36037476524972, 57.76272342229473
40.414989616082266, 57.593632371961725
40.46960446691481, 57.42454132162872
40.52421931774735, 57.255450271295715
40.578834168579895, 57.08635922096271
40.63344901941244, 56.917268170629704
40.68806387024498, 56.7481771202967
40.742678721077525, 56.579086069963694
40.797293571910075, 56.40999501963067
40.85190842274262, 56.24090396929766
40.90652327357516, 56.07181291896466
40.961138124407704, 55.90272186863166
41.01575297524025, 55.73363081829865
41.07036782607279, 55.56453976796564
41.12498267690533, 55.39544871763264
41.179597527737876, 55.22635766729964
41.23421237857042, 55.05726661696663
41.28882722940296, 54.88817556663363
41.343442080235505, 54.71908451630062
41.39805693106805, 54.54999346596762
41.4526717819006, 54.38090241563459
41.50728663273314, 54.211811365301585
41.561901483565684, 54.04272031496858
41.61651633439823, 53.873629264635575
41.67113118523077, 53.70453821430257
41.72574603606331, 53.535447163969565
41.780360886895856, 53.36635611363656
41.8349757377284, 53.197265063303554
41.88959058856094, 53.02817401297055
41.944205439393485, 52.859082962637544
41.99882029022603, 52.68999191230454
42.05343514105857, 52.52090086197154
42.108049991891114, 52.35180981163853
42.162664842723665, 52.18271876130551
42.21727969355621, 52.0136277109725
42.27189454438875, 51.84453666063949
42.326509395221294, 51.67544561030649
42.38112424605384, 51.50635455997349
42.43573909688638, 51.33726350964048
42.49035394771892, 51.16817245930748
42.544968798551466, 50.99908140897447
42.59958364938401, 50.82999035864147
42.65419850021655, 50.66089930830846
42.708813351049095, 50.49180825797546
42.76342820188164, 50.322717207642455
42.81804305271419, 50.153626157309425
42.87265790354673, 49.98453510697642
42.927272754379274, 49.815444056643415
42.98188760521182, 49.646353006310406
43.03650245604436, 49.477261955977404
43.0911173068769, 49.3081709056444
43.145732157709446, 49.139079855311394
43.20034700854199, 48.96998880497839
43.25496185937453, 48.80089775464539
43.309576710207075, 48.63180670431238
43.36419156103962, 48.46271565397937
43.41880641187216, 48.29362460364637
43.47342126270471, 48.12453355331334
43.528036113537254, 47.95544250298034
43.5826509643698, 47.78635145264734
43.63726581520234, 47.61726040231433
43.69188066603488, 47.44816935198132
43.74649551686743, 47.27907830164832
43.80111036769997, 47.10998725131532
43.85572521853251, 46.94089620098231
43.910340069365056, 46.77180515064931
43.9649549201976, 46.602714100316305
44.01956977103014, 46.4336230499833
44.074184621862685, 46.26453199965029
44.12879947269523, 46.095440949317286
44.18341432352778, 45.926349898984256
44.23802917436032, 45.757258848651254
44.292644025192864, 45.58816779831825
44.34725887602541, 45.419076747985244
44.40187372685795, 45.249985697652235
44.45648857769049, 45.080894647319234
44.511103428523036, 44.91180359698623
44.56571827935558, 44.74271254665322
44.62033313018812, 44.57362149632022
44.674947981020665, 44.40453044598722
44.72956283185321, 44.23543939565421
44.78417768268575, 44.0663483453212
44.8387925335183, 43.89725729498818
44.893407384350844, 43.72816624465517
44.94802223518339, 43.55907519432217
45.00263708601593, 43.38998414398917
45.05725193684847, 43.22089309365616
45.111866787681016, 43.05180204332315
45.16648163851356, 42.882710992990155
45.2210964893461, 42.71361994265715
45.275711340178646, 42.54452889232414
45.33032619101119, 42.375437841991136
45.38494104184373, 42.206346791658135
45.439555892676275, 42.037255741325126
45.494170743508825, 41.8681646909921
45.54878559434137, 41.699073640659094
45.60340044517391, 41.529982590326085
45.658015296006454, 41.360891539993084
45.712630146839, 41.19180048966008
45.76724499767154, 41.02270943932707
45.82185984850408, 40.85361838899407
45.876474699336626, 40.68452733866107
45.93108955016917, 40.51543628832806
45.98570440100171, 40.34634523799505
46.040319251834255, 40.17725418766205
46.0949341026668, 40.00816313732905
46.14954895349934, 39.83907208699604
46.20416380433189, 39.66998103666302
46.258778655164434, 39.50088998633001
46.31339350599698, 39.331798935997
46.36800835682952, 39.162707885664
46.42262320766206, 38.993616835331
46.477238058494606, 38.82452578499799
46.53185290932715, 38.655434734664986
46.58646776015969, 38.486343684331985
46.641082610992235, 38.317252633998976
46.69569746182478, 38.14816158366597
46.75031231265732, 37.979070533332965
46.804927163489864, 37.809979482999964
46.859542014322415, 37.640888432666934
46.91415686515496, 37.47179738233393
46.9687717159875, 37.30270633200092
47.023386566820044, 37.133615281667915
47.07800141765259, 36.96452423133491
47.13261626848513, 36.79543318100191
47.18723111931767, 36.6263421306689
47.241845970150216, 36.4572510803359
47.29646082098276, 36.2881600300029
47.3510756718153, 36.11906897966989
47.405690522647845, 35.94997792933688
47.46030537348039, 35.78088687900388
47.51492022431294, 35.61179582867085
47.56953507514548, 35.44270477833785
47.624149925978024, 35.27361372800485
47.67876477681057, 35.10452267767184
47.73337962764311, 34.93543162733883
47.78799447847565, 34.766340577005835
47.842609329308196, 34.597249526672826
47.89722418014074, 34.42815847633982
47.95183903097328, 34.259067426006816
48.006453881805825, 34.089976375673814
48.06106873263837, 33.920885325340805
48.11568358347091, 33.7517942750078
48.170298434303454, 33.582703224674795
48.224913285136005, 33.41361217434177
48.27952813596855, 33.24452112400876
48.33414298680109, 33.07543007367576
48.388757837633634, 32.90633902334275
48.44337268846618, 32.73724797300975
48.49798753929872, 32.56815692267674
48.55260239013126, 32.39906587234374
48.607217240963806, 32.22997482201073
48.66183209179635, 32.06088377167773
48.71644694262889, 31.89179272134473
48.771061793461435, 31.72270167101172
48.82567664429398, 31.553610620678718
48.88029149512653, 31.384519570345688
48.93490634595907, 31.215428520012686
48.989521196791614, 31.046337469679678
49.04413604762416, 30.877246419346676
49.0987508984567, 30.708155369013667
49.15336574928924, 30.539064318680666
49.207980600121786, 30.369973268347657
49.26259545095433, 30.200882218014655
49.31721030178687, 30.031791167681654
49.371825152619415, 29.862700117348645
49.42644000345196, 29.693609067015643
49.4810548542845, 29.524518016682634
49.53566970511705, 29.35542696634961
49.590284555949594, 29.186335916016603
49.64489940678214, 29.0172448656836
49.69951425761468, 28.848153815350592
49.75412910844722, 28.67906276501759
49.80874395927977, 28.509971714684582
49.86335881011231, 28.34088066435158
49.91797366094485, 28.17178961401857
49.972588511777396, 28.00269856368557
50.02720336260994, 27.833607513352568
50.08181821344248, 27.66451646301956
50.136433064275025, 27.495425412686558
50.19104791510757, 27.32633436235355
50.24566276594012, 27.157243312020526
50.30027761677266, 26.988152261687517
50.354892467605204, 26.819061211354516
50.40950731843775, 26.649970161021507
50.46412216927029, 26.480879110688505
50.51873702010283, 26.311788060355497
50.573351870935376, 26.142697010022495
50.62796672176792, 25.973605959689493
50.68258157260046, 25.804514909356485
50.737196423433005, 25.635423859023483
50.79181127426555, 25.466332808690474
50.84642612509809, 25.297241758357472
50.90104097593064, 25.128150708024442
50.955655826763184, 24.95905965769144
51.01027067759573, 24.789968607358432
51.06488552842827, 24.62087755702543
51.11950037926081, 24.45178650669242
51.174115230093356, 24.28269545635942
51.2287300809259, 24.11360440602641
51.28334493175844, 23.94451335569341
51.337959782590985, 23.775422305360408
51.39257463342353, 23.6063312550274
51.44718948425607, 23.437240204694398
51.501804335088615, 23.26814915436139
51.556419185921165, 23.099058104028366
51.61103403675371, 22.929967053695357
51.66564888758625, 22.760876003362355
51.720263738418794, 22.591784953029347
51.77487858925134, 22.422693902696345
51.82949344008388, 22.253602852363336
51.88410829091642, 22.084511802030335
51.938723141748966, 21.915420751697333
51.99333799258151, 21.746329701364324
52.04795284341405, 21.577238651031323
52.102567694246595, 21.408147600698314
52.15718254507914, 21.239056550365312
52.21179739591168, 21.069965500032303
52.26641224674423, 20.90087444969928
52.321027097576774, 20.73178339936627
52.37564194840932, 20.56269234903327
52.43025679924186, 20.39360129870026
52.4848716500744, 20.22451024836726
52.539486500906946, 20.05541919803425
52.59410135173949, 19.88632814770125
52.64871620257203, 19.717237097368248
52.703331053404575, 19.54814604703524
52.75794590423712, 19.379054996702237
52.81256075506966, 19.20996394636923
52.867175605902204, 19.040872896036227
52.921790456734755, 18.871781845703197
52.9764053075673, 18.702690795370195
53.03102015839984, 18.533599745037186
53.085635009232384, 18.364508694704185
53.14024986006493, 18.195417644371176
53.19486471089747, 18.026326594038174
53.24947956173001, 17.857235543705173
53.304094412562556, 17.688144493372164
53.3587092633951, 17.519053443039162
53.41332411422764, 17.349962392706153
53.467938965060185, 17.180871342373152
53.52255381589273, 17.011780292040143
53.57716866672528, 16.84268924170712
53.63178351755782, 16.67359819137411
53.686398368390364, 16.50450714104111
53.74101321922291, 16.3354160907081
53.79562807005545, 16.1663250403751
53.85024292088799, 15.997233990042098
53.904857771720536, 15.828142939709089
53.95947262255308, 15.659051889376087
54.01408747338562, 15.489960839043079
54.068702324218165, 15.320869788710077
54.12331717505071, 15.151778738377068
54.17793202588325, 14.982687688044066
54.232546876715794, 14.813596637711058
54.287161727548344, 14.644505587378035
54.34177657838089, 14.475414537045026
54.39639142921343, 14.306323486712024
54.45100628004597, 14.137232436379016
54.50562113087852, 13.968141386046014
54.56023598171106, 13.799050335713012
