Parameters: [51.7025275261957, 21.63437436594162, 7.354758596803441, 37.56763760782067, 4.360426306452749, 0.03467028121345775, -3.1536418545992744]
Points:
0.0, 21.63437436594162
0.051754281808003705, 21.86004509780881
0.10350856361600741, 22.085715829675998
0.15526284542401111, 22.311386561543188
0.20701712723201482, 22.537057293410374
0.2587714090400185, 22.762728025277564
0.31052569084802223, 22.98839875714475
0.36227997265602596, 23.21406948901194
0.41403425446402964, 23.439740220879127
0.4657885362720333, 23.665410952746317
0.517542818080037, 23.891081684613503
0.5692970998880408, 24.116752416480693
0.6210513816960445, 24.34242314834788
0.6728056635040481, 24.56809388021507
0.7245599453120519, 24.793764612082256
0.7763142271200556, 25.019435343949446
0.8280685089280593, 25.245106075816633
0.879822790736063, 25.470776807683823
0.9315770725440666, 25.69644753955101
0.9833313543520704, 25.9221182714182
1.035085636160074, 26.147789003285386
1.0868399179680779, 26.373459735152576
1.1385941997760816, 26.599130467019762
1.1903484815840852, 26.824801198886952
1.242102763392089, 27.050471930754142
1.2938570452000926, 27.27614266262133
1.3456113270080963, 27.501813394488515
1.3973656088161, 27.727484126355705
1.4491198906241038, 27.953154858222895
1.5008741724321075, 28.17882559009008
1.5526284542401112, 28.404496321957268
1.6043827360481149, 28.630167053824458
1.6561370178561186, 28.855837785691648
1.7078912996641222, 29.081508517558834
1.759645581472126, 29.30717924942602
1.8113998632801296, 29.53284998129321
1.8631541450881333, 29.7585207131604
1.9149084268961372, 29.98419144502759
1.9666627087041408, 30.209862176894777
2.0184169905121445, 30.435532908761964
2.070171272320148, 30.661203640629154
2.121925554128152, 30.88687437249634
2.1736798359361558, 31.11254510436353
2.2254341177441592, 31.338215836230717
2.277188399552163, 31.563886568097907
2.3289426813601666, 31.789557299965093
2.3806969631681705, 32.01522803183228
2.432451244976174, 32.24089876369947
2.484205526784178, 32.46656949556666
2.5359598085921817, 32.69224022743385
2.587714090400185, 32.91791095930104
2.639468372208189, 33.14358169116822
2.6912226540161925, 33.36925242303541
2.7429769358241964, 33.5949231549026
2.7947312176322, 33.820593886769785
2.846485499440204, 34.046264618636975
2.8982397812482077, 34.271935350504165
2.949994063056211, 34.497606082371355
3.001748344864215, 34.723276814238545
3.0535026266722185, 34.94894754610573
3.1052569084802224, 35.17461827797292
3.157011190288226, 35.40028900984011
3.2087654720962298, 35.62595974170729
3.260519753904233, 35.85163047357448
3.312274035712237, 36.07730120544167
3.364028317520241, 36.30297193730886
3.4157825993282445, 36.52864266917605
3.4675368811362484, 36.754313401043234
3.519291162944252, 36.979984132910424
3.5710454447522557, 37.205654864777614
3.622799726560259, 37.4313255966448
3.674554008368263, 37.656996328511994
3.7263082901762665, 37.88266706037918
3.7780625719842704, 38.10833779224637
3.8298168537922743, 38.33400852411356
3.8815711356002778, 38.55967925598074
3.9333254174082817, 38.78534998784794
3.985079699216285, 39.01102071971512
4.036833981024289, 39.2366914515823
4.0885882628322925, 39.4623621834495
4.140342544640296, 39.68803291531668
4.1920968264483, 39.91370364718387
4.243851108256304, 40.13937437905106
4.295605390064307, 40.365045110918246
4.3473596718723115, 40.59071584278544
4.399113953680315, 40.816386574652626
4.4508682354883184, 41.04205730651981
4.502622517296322, 41.267728038387006
4.554376799104326, 41.49339877025419
4.60613108091233, 41.71906950212138
4.657885362720333, 41.94474023398857
4.7096396445283375, 42.17041096585576
4.761393926336341, 42.39608169772295
4.813148208144344, 42.62175242959013
4.864902489952348, 42.847423161457314
4.916656771760352, 43.07309389332451
4.968411053568356, 43.298764625191694
5.020165335376359, 43.524435357058884
5.0719196171843635, 43.750106088926074
5.123673898992367, 43.97577682079326
5.17542818080037, 44.201447552660454
5.227182462608374, 44.42711828452764
5.278936744416378, 44.65278901639483
5.330691026224382, 44.87845974826202
5.382445308032385, 45.1041304801292
5.434199589840389, 45.3298012119964
5.485953871648393, 45.55547194386358
5.537708153456396, 45.78114267573076
5.5894624352644, 46.00681340759796
5.641216717072404, 46.23248413946514
5.692970998880408, 46.45815487133233
5.744725280688411, 46.68382560319952
5.796479562496415, 46.90949633506671
5.848233844304419, 47.1351670669339
5.899988126112422, 47.360837798801086
5.951742407920426, 47.58650853066827
6.00349668972843, 47.812179262535466
6.0552509715364335, 48.03784999440265
6.107005253344437, 48.26352072626984
6.1587595351524405, 48.48919145813703
6.210513816960445, 48.71486219000421
6.262268098768448, 48.94053292187141
6.314022380576452, 49.16620365373859
6.365776662384456, 49.39187438560578
6.4175309441924595, 49.61754511747297
6.469285226000463, 49.843215849340154
6.521039507808466, 50.068886581207344
6.572793789616471, 50.294557313074534
6.624548071424474, 50.52022804494172
6.676302353232478, 50.745898776808914
6.728056635040482, 50.9715695086761
6.7798109168484855, 51.19724024054329
6.831565198656489, 51.42291097241048
6.883319480464492, 51.64858170427766
6.935073762272497, 51.87425243614486
6.9868280440805, 52.09992316801204
7.038582325888504, 52.32559389987922
7.090336607696508, 52.55126463174642
7.142090889504511, 52.7769353636136
7.193845171312515, 53.00260609548079
7.245599453120518, 53.22827682734798
7.297353734928523, 53.453947559215166
7.349108016736526, 53.67961829108236
7.40086229854453, 53.705855657357205
7.452616580352533, 53.707649992861484
7.504370862160537, 53.70944432836577
7.556125143968541, 53.711238663870056
7.607879425776544, 53.713032999374335
7.659633707584549, 53.71482733487862
7.711387989392552, 53.71662167038291
7.7631422712005556, 53.71841600588719
7.814896553008559, 53.72021034139147
7.866650834816563, 53.72200467689576
7.918405116624567, 53.72379901240004
7.97015939843257, 53.72559334790433
8.021913680240575, 53.72738768340861
8.073667962048578, 53.729182018912894
8.125422243856582, 53.73097635441718
8.177176525664585, 53.73277068992146
8.228930807472588, 53.734565025425745
8.280685089280592, 53.73635936093003
8.332439371088597, 53.73815369643432
8.3841936528966, 53.739948031938596
8.435947934704604, 53.74174236744288
8.487702216512607, 53.74353670294717
8.539456498320611, 53.745331038451454
8.591210780128614, 53.74712537395573
8.642965061936618, 53.74891970946002
8.694719343744623, 53.750714044964305
8.746473625552627, 53.75250838046858
8.79822790736063, 53.75430271597287
8.849982189168633, 53.756097051477155
8.901736470976637, 53.75789138698144
8.95349075278464, 53.75968572248572
9.005245034592644, 53.761480057990006
9.056999316400649, 53.76327439349429
9.108753598208652, 53.76506872899858
9.160507880016656, 53.76686306450286
9.21226216182466, 53.76865740000714
9.264016443632663, 53.77045173551143
9.315770725440666, 53.77224607101571
9.36752500724867, 53.774040406519994
9.419279289056675, 53.77583474202428
9.471033570864678, 53.777629077528566
9.522787852672682, 53.779423413032845
9.574542134480685, 53.78121774853713
9.626296416288689, 53.78301208404142
9.678050698096692, 53.784806419545696
9.729804979904696, 53.78660075504998
9.781559261712701, 53.78839509055427
9.833313543520704, 53.790189426058554
9.885067825328708, 53.79198376156283
9.936822107136711, 53.79377809706712
9.988576388944715, 53.795572432571404
10.040330670752718, 53.79736676807569
10.092084952560722, 53.79916110357997
10.143839234368727, 53.800955439084255
10.19559351617673, 53.80274977458854
10.247347797984734, 53.80454411009282
10.299102079792737, 53.806338445597106
10.35085636160074, 53.80813278110139
10.402610643408744, 53.80992711660568
10.454364925216748, 53.81172145210996
10.506119207024753, 53.81351578761424
10.557873488832756, 53.81531012311853
10.60962777064076, 53.817104458622815
10.661382052448763, 53.818898794127094
10.713136334256767, 53.82069312963138
10.76489061606477, 53.822487465135666
10.816644897872774, 53.824281800639945
10.868399179680779, 53.82607613614423
10.920153461488782, 53.82787047164852
10.971907743296786, 53.8296648071528
11.02366202510479, 53.83145914265708
11.075416306912793, 53.83325347816137
11.127170588720796, 53.83504781366565
11.1789248705288, 53.83684214916994
11.230679152336805, 53.83863648467422
11.282433434144808, 53.840430820178504
11.334187715952812, 53.84222515568279
11.385941997760815, 53.84401949118707
11.437696279568819, 53.845813826691355
11.489450561376822, 53.84760816219564
11.541204843184826, 53.84940249769993
11.59295912499283, 53.851196833204206
11.644713406800834, 53.85299116870849
11.696467688608838, 53.85478550421278
11.748221970416841, 53.85657983971706
11.799976252224845, 53.85837417522134
11.851730534032848, 53.86016851072563
11.903484815840851, 53.861962846229915
11.955239097648855, 53.863757181734194
12.00699337945686, 53.86555151723848
12.058747661264864, 53.867345852742766
12.110501943072867, 53.86914018824705
12.16225622488087, 53.87093452375133
12.214010506688874, 53.872728859255616
12.265764788496877, 53.8745231947599
12.317519070304881, 53.87631753026418
12.369273352112886, 53.87811186576847
12.42102763392089, 53.87990620127275
12.472781915728893, 53.88170053677704
12.524536197536897, 53.88349487228132
12.5762904793449, 53.885289207785604
12.628044761152903, 53.88708354328989
12.679799042960907, 53.888877878794176
12.731553324768912, 53.890672214298455
12.783307606576916, 53.89246654980274
12.835061888384919, 53.89426088530703
12.886816170192922, 53.896055220811306
12.938570452000926, 53.89784955631559
12.99032473380893, 53.89964389181988
13.042079015616933, 53.901438227324164
13.093833297424938, 53.90323256282844
13.145587579232942, 53.90502689833273
13.197341861040945, 53.906821233837015
13.249096142848948, 53.9086155693413
13.300850424656952, 53.91040990484558
13.352604706464955, 53.912204240349865
13.404358988272959, 53.91399857585415
13.456113270080964, 53.91579291135843
13.507867551888967, 53.917587246862716
13.559621833696971, 53.919381582367
13.611376115504974, 53.92117591787129
13.663130397312978, 53.92297025337557
13.714884679120981, 53.92476458887985
13.766638960928985, 53.92655892438414
13.81839324273699, 53.92835325988842
13.870147524544993, 53.930147595392704
13.921901806352997, 53.93194193089699
13.973656088161, 53.933736266401276
14.025410369969004, 53.935530601905555
14.077164651777007, 53.93732493740984
14.12891893358501, 53.93911927291413
14.180673215393016, 53.94091360841841
14.23242749720102, 53.94270794392269
14.284181779009023, 53.94450227942698
14.335936060817026, 53.94629661493126
14.38769034262503, 53.94809095043554
14.439444624433033, 53.94988528593983
14.491198906241037, 53.951679621444114
14.542953188049042, 53.9534739569484
14.594707469857045, 53.95526829245268
14.646461751665049, 53.957062627956965
14.698216033473052, 53.95885696346125
14.749970315281056, 53.96065129896554
14.80172459708906, 53.962445634469816
14.853478878897063, 53.9642399699741
14.905233160705066, 53.96603430547839
14.956987442513071, 53.96782864098267
15.008741724321075, 53.96962297648695
15.060496006129078, 53.97141731199124
15.112250287937082, 53.973211647495525
15.164004569745085, 53.975005982999804
15.215758851553089, 53.97680031850409
15.267513133361092, 53.978594654008376
15.319267415169097, 53.98038898951266
15.3710216969771, 53.98218332501694
15.422775978785104, 53.98397766052123
15.474530260593108, 53.98577199602551
15.526284542401111, 53.98756633152979
15.578038824209115, 53.98936066703408
15.629793106017118, 53.99115500253836
15.681547387825123, 53.99294933804265
15.733301669633127, 53.99474367354693
15.78505595144113, 53.996538009051214
15.836810233249134, 53.9983323445555
15.888564515057137, 54.00012668005978
15.94031879686514, 54.001921015564065
15.992073078673144, 54.00371535106835
16.04382736048115, 54.00550968657264
16.09558164228915, 54.007304022076916
16.147335924097156, 54.0090983575812
16.19909020590516, 54.01089269308549
16.250844487713163, 54.012687028589774
16.30259876952117, 54.01448136409405
16.35435305132917, 54.01627569959834
16.406107333137175, 54.018070035102625
16.457861614945177, 54.0198643706069
16.509615896753182, 54.02165870611119
16.561370178561184, 54.023453041615475
16.61312446036919, 54.02524737711976
16.664878742177194, 54.02704171262404
16.716633023985196, 54.028836048128326
16.7683873057932, 54.03063038363261
16.820141587601203, 54.0324247191369
16.871895869409208, 54.03421905464118
16.92365015121721, 54.03601339014546
16.975404433025215, 54.03780772564975
17.02715871483322, 54.03960206115403
17.078912996641222, 54.041396396658314
17.130667278449227, 54.0431907321626
17.18242156025723, 54.044985067666886
17.234175842065234, 54.046779403171165
17.285930123873236, 54.04857373867545
17.33768440568124, 54.05036807417974
17.389438687489246, 54.05216240968402
17.441192969297248, 54.0539567451883
17.492947251105253, 54.05575108069259
17.544701532913255, 54.057545416196874
17.59645581472126, 54.05933975170115
17.64821009652926, 54.06113408720544
17.699964378337267, 54.062928422709724
17.751718660145272, 54.06472275821401
17.803472941953274, 54.06651709371829
17.85522722376128, 54.068311429222575
17.90698150556928, 54.07010576472686
17.958735787377286, 54.07190010023115
18.010490069185288, 54.073694435735426
18.062244350993293, 54.07548877123971
18.113998632801298, 54.077283106744
18.1657529146093, 54.07907744224828
18.217507196417305, 54.08087177775256
18.269261478225307, 54.08266611325685
18.321015760033312, 54.084460448761135
18.372770041841314, 54.086254784265414
18.42452432364932, 54.0880491197697
18.476278605457324, 54.089843455273986
18.528032887265326, 54.091637790778265
18.57978716907333, 54.09343212628255
18.631541450881333, 54.09522646178684
18.683295732689338, 54.09702079729112
18.73505001449734, 54.0988151327954
18.786804296305345, 54.10060946829969
18.83855857811335, 54.10240380380397
18.89031285992135, 54.10419813930826
18.942067141729357, 54.10599247481254
18.99382142353736, 54.107786810316824
19.045575705345364, 54.10958114582111
19.097329987153365, 54.11137548132539
19.14908426896137, 54.113169816829675
19.200838550769376, 54.11496415233396
19.252592832577378, 54.11675848783825
19.304347114385383, 54.118552823342526
19.356101396193385, 54.12034715884681
19.40785567800139, 54.1221414943511
19.45960995980939, 54.123935829855384
19.511364241617397, 54.12573016535966
19.563118523425402, 54.12752450086395
19.614872805233404, 54.129318836368235
19.66662708704141, 54.131113171872514
19.71838136884941, 54.1329075073768
19.770135650657416, 54.134701842881086
19.821889932465417, 54.13649617838537
19.873644214273423, 54.13829051388965
19.925398496081428, 54.140084849393936
19.97715277788943, 54.14187918489822
20.028907059697435, 54.14367352040251
20.080661341505436, 54.14546785590679
20.13241562331344, 54.14726219141107
20.184169905121443, 54.14905652691536
20.23592418692945, 54.15085086241964
20.287678468737454, 54.152645197923924
20.339432750545456, 54.15443953342821
20.39118703235346, 54.156233868932496
20.442941314161462, 54.158028204436775
20.494695595969468, 54.15982253994106
20.54644987777747, 54.16161687544535
20.598204159585475, 54.163411210949626
20.64995844139348, 54.16520554645391
20.70171272320148, 54.1669998819582
20.753467005009487, 54.168794217462484
20.80522128681749, 54.17058855296676
20.856975568625494, 54.17238288847105
20.908729850433495, 54.174177223975335
20.9604841322415, 54.17597155947962
21.012238414049506, 54.1777658949839
21.063992695857507, 54.179560230488185
21.115746977665513, 54.18135456599247
21.167501259473514, 54.18314890149675
21.21925554128152, 54.184943237001036
21.27100982308952, 54.18673757250532
21.322764104897526, 54.18853190800961
21.37451838670553, 54.19032624351389
21.426272668513533, 54.19212057901817
21.47802695032154, 54.19391491452246
21.52978123212954, 54.195709250026745
21.581535513937546, 54.197503585531024
21.633289795745547, 54.19929792103531
21.685044077553552, 54.201092256539596
21.736798359361558, 54.202886592043875
21.78855264116956, 54.20468092754816
21.840306922977565, 54.20647526305245
21.892061204785566, 54.20826959855673
21.94381548659357, 54.21006393406101
21.995569768401573, 54.2118582695653
22.04732405020958, 54.21365260506958
22.099078332017584, 54.21544694057387
22.150832613825585, 54.21724127607815
22.20258689563359, 54.219035611582434
22.254341177441592, 54.22082994708672
22.306095459249597, 54.222624282591
22.3578497410576, 54.224418618095285
22.409604022865604, 54.22621295359957
22.46135830467361, 54.22800728910386
22.51311258648161, 54.229801624608136
22.564866868289617, 54.23159596011242
22.616621150097618, 54.23339029561671
22.668375431905623, 54.23518463112099
22.720129713713625, 54.23697896662527
22.77188399552163, 54.23877330212956
22.823638277329636, 54.240567637633845
22.875392559137637, 54.242361973138124
22.927146840945642, 54.24415630864241
22.978901122753644, 54.245950644146696
23.03065540456165, 54.24774497965098
23.08240968636965, 54.24953931515526
23.134163968177656, 54.25133365065955
23.18591824998566, 54.25312798616383
23.237672531793663, 54.25492232166811
23.28942681360167, 54.2567166571724
23.34118109540967, 54.25851099267668
23.392935377217675, 54.26030532818097
23.444689659025677, 54.26209966368525
23.496443940833682, 54.263893999189534
23.548198222641684, 54.26568833469382
23.59995250444969, 54.267482670198106
23.651706786257694, 54.269277005702385
23.703461068065696, 54.27107134120667
23.7552153498737, 54.27286567671096
23.806969631681703, 54.274660012215236
23.85872391348971, 54.27645434771952
23.91047819529771, 54.27824868322381
23.962232477105715, 54.280043018728094
24.01398675891372, 54.28183735423237
24.065741040721722, 54.28363168973666
24.117495322529727, 54.285426025240945
24.16924960433773, 54.28722036074522
24.221003886145734, 54.28901469624951
24.272758167953736, 54.290809031753795
24.32451244976174, 54.29260336725808
24.376266731569746, 54.29439770276236
24.428021013377748, 54.296192038266646
24.479775295185753, 54.29798637377093
24.531529576993755, 54.29978070927522
24.58328385880176, 54.3015750447795
24.635038140609762, 54.30336938028378
24.686792422417767, 54.30516371578807
24.738546704225772, 54.306958051292355
24.790300986033774, 54.308752386796634
24.84205526784178, 54.31054672230092
24.89380954964978, 54.312341057805206
24.945563831457786, 54.314135393309485
24.997318113265788, 54.31592972881377
25.049072395073793, 54.31772406431806
25.1008266768818, 54.31951839982234
25.1525809586898, 54.32131273532662
25.204335240497805, 54.32310707083091
25.256089522305807, 54.324901406335194
25.307843804113812, 54.32669574183947
25.359598085921814, 54.32849007734376
25.41135236772982, 54.330284412848044
25.463106649537824, 54.33207874835233
25.514860931345826, 54.33387308385661
25.56661521315383, 54.335667419360895
25.618369494961833, 54.33746175486518
25.670123776769838, 54.33925609036947
25.72187805857784, 54.341050425873746
25.773632340385845, 54.34284476137803
25.82538662219385, 54.34463909688232
25.877140904001852, 54.3464334323866
25.928895185809857, 54.34822776789088
25.98064946761786, 54.35002210339517
26.032403749425864, 54.351816438899455
26.084158031233866, 54.353610774403734
26.13591231304187, 54.35540510990802
26.187666594849876, 54.357199445412306
26.239420876657878, 54.35899378091659
26.291175158465883, 54.36078811642087
26.342929440273885, 54.36258245192516
26.39468372208189, 54.36437678742944
26.44643800388989, 54.36617112293372
26.498192285697897, 54.36796545843801
26.549946567505902, 54.36975979394229
26.601700849313904, 54.37155412944658
26.65345513112191, 54.37334846495086
26.70520941292991, 54.375142800455144
26.756963694737916, 54.37693713595943
26.808717976545918, 54.37873147146371
26.860472258353923, 54.380525806967995
26.912226540161928, 54.38232014247228
26.96398082196993, 54.38411447797657
27.015735103777935, 54.385908813480846
27.067489385585937, 54.38770314898513
27.119243667393942, 54.38949748448942
27.170997949201944, 54.391291819993704
27.22275223100995, 54.39308615549798
27.274506512817954, 54.39488049100227
27.326260794625956, 54.396674826506555
27.37801507643396, 54.398469162010834
27.429769358241963, 54.40026349751512
27.481523640049968, 54.402057833019406
27.53327792185797, 54.40385216852369
27.585032203665975, 54.40564650402797
27.63678648547398, 54.407440839532256
27.68854076728198, 54.40923517503654
27.740295049089987, 54.41102951054083
27.79204933089799, 54.41282384604511
27.843803612705994, 54.41461818154939
27.895557894513995, 54.41641251705368
27.947312176322, 54.41820685255796
27.999066458130006, 54.420001188062244
28.050820739938008, 54.42179552356653
28.102575021746013, 54.423589859070816
28.154329303554015, 54.425384194575095
28.20608358536202, 54.42717853007938
28.25783786717002, 54.42897286558367
28.309592148978027, 54.43076720108795
28.361346430786032, 54.43256153659223
28.413100712594034, 54.43435587209652
28.46485499440204, 54.436150207600804
28.51660927621004, 54.43794454310508
28.568363558018046, 54.43973887860937
28.620117839826047, 54.441533214113655
28.671872121634053, 54.44332754961794
28.723626403442058, 54.44512188512222
28.77538068525006, 54.446916220626505
28.827134967058065, 54.44871055613079
28.878889248866066, 54.45050489163507
28.93064353067407, 54.452299227139356
28.982397812482073, 54.45409356264364
29.03415209429008, 54.45588789814793
29.085906376098084, 54.45768223365221
29.137660657906086, 54.45947656915649
29.18941493971409, 54.46127090466078
29.241169221522092, 54.463065240165065
29.292923503330098, 54.464859575669344
29.3446777851381, 54.46665391117363
29.396432066946105, 54.468448246677916
29.44818634875411, 54.470242582182195
29.49994063056211, 54.47203691768648
29.551694912370117, 54.47383125319077
29.60344919417812, 54.47562558869505
29.655203475986124, 54.47741992419933
29.706957757794125, 54.47921425970362
29.75871203960213, 54.4810085952079
29.810466321410132, 54.48280293071219
29.862220603218137, 54.48459726621647
29.913974885026143, 54.486391601720754
29.965729166834144, 54.48818593722504
30.01748344864215, 54.48998027272932
30.06923773045015, 54.491774608233605
30.120992012258156, 54.49356894373789
30.172746294066158, 54.49536327924218
30.224500575874163, 54.497157614746456
30.27625485768217, 54.49895195025074
30.32800913949017, 54.50074628575503
30.379763421298176, 54.502540621259314
30.431517703106177, 54.50433495676359
30.483271984914182, 54.50612929226788
30.535026266722184, 54.507923627772165
30.58678054853019, 54.509717963276444
30.638534830338195, 54.51151229878073
30.690289112146196, 54.513306634285016
30.7420433939542, 54.5151009697893
30.793797675762203, 54.51689530529358
30.84555195757021, 54.51868964079787
30.89730623937821, 54.52048397630215
30.949060521186215, 54.52227831180644
31.00081480299422, 54.52407264731072
31.052569084802222, 54.525866982815
31.104323366610227, 54.52766131831929
31.15607764841823, 54.52945565382357
31.207831930226234, 54.531249989327854
31.259586212034236, 54.53304432483214
31.31134049384224, 54.534838660336426
31.363094775650247, 54.536632995840705
31.414849057458248, 54.53842733134499
31.466603339266253, 54.54022166684928
31.518357621074255, 54.542016002353556
31.57011190288226, 54.54381033785784
31.621866184690262, 54.54560467336213
31.673620466498267, 54.547399008866414
31.725374748306272, 54.54919334437069
31.777129030114274, 54.55098767987498
31.82888331192228, 54.552782015379265
31.88063759373028, 54.55457635088355
31.932391875538286, 54.55637068638783
31.984146157346288, 54.558165021892115
32.0359004391543, 54.5599593573964
32.0876547209623, 54.56175369290068
32.1394090027703, 54.563548028404966
32.1911632845783, 54.56534236390925
32.24291756638631, 54.56713669941354
32.29467184819431, 54.56893103491782
32.346426130002314, 54.5707253704221
32.39818041181032, 54.57251970592639
32.449934693618324, 54.574314041430675
32.501688975426326, 54.576108376934954
32.55344325723433, 54.57790271243924
32.60519753904234, 54.579697047943526
32.65695182085034, 54.581491383447805
32.70870610265834, 54.58328571895209
32.76046038446635, 54.58508005445638
32.81221466627435, 54.58687438996066
32.86396894808235, 54.58866872546494
32.915723229890354, 54.59046306096923
32.96747751169836, 54.592257396473514
33.019231793506364, 54.5940517319778
33.070986075314366, 54.59584606748208
33.12274035712237, 54.597640402986364
33.174494638930376, 54.59943473849065
33.22624892073838, 54.60122907399493
33.27800320254638, 54.603023409499215
33.32975748435439, 54.6048177450035
33.38151176616239, 54.60661208050779
33.43326604797039, 54.608406416012066
33.48502032977839, 54.61020075151635
33.5367746115864, 54.61199508702064
33.588528893394404, 54.61378942252492
33.640283175202406, 54.6155837580292
33.692037457010414, 54.61737809353349
33.743791738818416, 54.619172429037775
33.79554602062642, 54.620966764542054
33.84730030243442, 54.62276110004634
33.89905458424243, 54.624555435550626
33.95080886605043, 54.62634977105491
34.00256314785843, 54.62814410655919
34.05431742966644, 54.62993844206348
34.10607171147444, 54.63173277756776
34.157825993282444, 54.63352711307204
34.209580275090445, 54.63532144857633
34.261334556898454, 54.63711578408061
34.313088838706456, 54.6389101195849
34.36484312051446, 54.64070445508918
34.416597402322466, 54.642498790593464
34.46835168413047, 54.64429312609775
34.52010596593847, 54.646087461602036
34.57186024774647, 54.647881797106315
34.62361452955448, 54.6496761326106
34.67536881136248, 54.65147046811489
34.72712309317048, 54.653264803619166
34.77887737497849, 54.65505913912345
34.830631656786494, 54.65685347462774
34.882385938594496, 54.658647810132024
34.9341402204025, 54.6604421456363
34.985894502210506, 54.66223648114059
35.03764878401851, 54.664030816644875
35.08940306582651, 54.665825152149154
35.14115734763452, 54.66761948765344
35.19291162944252, 54.669413823157726
35.24466591125052, 54.67120815866201
35.29642019305852, 54.67300249416629
35.34817447486653, 54.674796829670576
35.399928756674534, 54.67659116517486
35.451683038482535, 54.67838550067915
35.503437320290544, 54.68017983618343
35.555191602098546, 54.68197417168771
35.60694588390655, 54.683768507192
35.65870016571455, 54.68556284269628
35.71045444752256, 54.687357178200564
35.76220872933056, 54.68915151370485
35.81396301113856, 54.690945849209136
35.86571729294657, 54.692740184713415
35.91747157475457, 54.6945345202177
35.96922585656257, 54.69632885572199
36.020980138370575, 54.69812319122627
36.072734420178584, 54.69991752673055
36.124488701986586, 54.70171186223484
36.17624298379459, 54.703506197739124
36.227997265602596, 54.7053005332434
36.2797515474106, 54.70709486874769
36.3315058292186, 54.708889204251975
36.3832601110266, 54.71068353975626
36.43501439283461, 54.71247787526054
36.48676867464261, 54.714272210764825
36.53852295645061, 54.71606654626911
36.59027723825862, 54.7178608817734
36.642031520066624, 54.719655217277676
36.693785801874625, 54.72144955278196
36.74554008368263, 54.72324388828625
36.797294365490636, 54.72503822379053
36.84904864729864, 54.72683255929481
36.90080292910664, 54.7286268947991
36.95255721091465, 54.730421230303385
37.00431149272265, 54.732215565807664
37.05606577453065, 54.73400990131195
37.10782005633865, 54.735804236816236
37.15957433814666, 54.73759857232052
37.211328619954664, 54.7393929078248
37.263082901762665, 54.74118724332909
37.314837183570674, 54.74298157883337
37.366591465378676, 54.74477591433765
37.41834574718668, 54.74657024984194
37.47010002899468, 54.74836458534622
37.52185431080269, 54.75015892085051
37.57360859261069, 54.73291589308602
37.62536287441869, 54.56970142382158
37.6771171562267, 54.40648695455712
37.7288714380347, 54.24327248529268
37.7806257198427, 54.08005801602824
37.832380001650705, 53.9168435467638
37.884134283458714, 53.75362907749933
37.935888565266715, 53.590414608234894
37.98764284707472, 53.427200138970456
38.039397128882726, 53.263985669705995
38.09115141069073, 53.10077120044156
38.14290569249873, 52.93755673117711
38.19465997430673, 52.77434226191267
38.24641425611474, 52.61112779264821
38.29816853792274, 52.44791332338377
38.34992281973074, 52.284698854119334
38.40167710153875, 52.12148438485487
38.453431383346754, 51.95826991559043
38.505185665154755, 51.79505544632599
38.55693994696276, 51.63184097706155
38.608694228770766, 51.46862650779709
38.66044851057877, 51.30541203853265
38.71220279238677, 51.142197569268205
38.76395707419478, 50.978983100003745
38.81571135600278, 50.815768630739306
38.86746563781078, 50.65255416147487
38.91921991961878, 50.48933969221043
38.97097420142679, 50.32612522294596
39.02272848323479, 50.16291075368152
39.074482765042795, 49.999696284417084
39.126237046850804, 49.836481815152624
39.177991328658806, 49.673267345888185
39.22974561046681, 49.51005287662374
39.28149989227481, 49.3468384073593
39.33325417408282, 49.18362393809484
39.38500845589082, 49.0204094688304
39.43676273769882, 48.85719499956596
39.48851701950683, 48.693980530301495
39.54027130131483, 48.530766061037056
39.59202558312283, 48.36755159177262
39.643779864930835, 48.20433712250818
39.695534146738844, 48.04112265324372
39.747288428546845, 47.87790818397927
39.79904271035485, 47.714693714714834
39.850796992162856, 47.55147924545037
39.90255127397086, 47.388264776185935
39.95430555577886, 47.225050306921496
40.00605983758686, 47.06183583765706
40.05781411939487, 46.89862136839259
40.10956840120287, 46.73540689912815
40.16132268301087, 46.57219242986371
40.21307696481888, 46.40897796059925
40.26483124662688, 46.24576349133481
40.316585528434885, 46.08254902207037
40.36833981024289, 45.91933455280593
40.420094092050896, 45.75612008354147
40.4718483738589, 45.59290561427703
40.5236026556669, 45.42969114501258
40.57535693747491, 45.26647667574812
40.62711121928291, 45.103262206483684
40.67886550109091, 44.940047737219246
40.73061978289891, 44.77683326795481
40.78237406470692, 44.61361879869034
40.83412834651492, 44.45040432942591
40.885882628322925, 44.28718986016146
40.937636910130934, 44.123975390897
40.989391191938935, 43.96076092163256
41.04114547374694, 43.797546452368124
41.09289975555494, 43.63433198310368
41.14465403736295, 43.47111751383922
41.19640831917095, 43.30790304457478
41.24816260097895, 43.14468857531034
41.29991688278696, 42.98147410604588
41.35167116459496, 42.818259636781434
41.40342544640296, 42.655045167516995
41.455179728210965, 42.491830698252556
41.50693401001897, 42.328616228988096
41.558688291826975, 42.16540175972366
41.61044257363498, 42.00218729045922
41.662196855442986, 41.83897282119475
41.71395113725099, 41.67575835193031
41.76570541905899, 41.512543882665874
41.81745970086699, 41.349329413401435
41.869213982675, 41.186114944136975
41.920968264483, 41.02290047487253
41.972722546291, 40.85968600560809
42.02447682809901, 40.69647153634363
42.07623110990701, 40.53325706707919
42.127985391715015, 40.370042597814745
42.17973967352302, 40.20682812855031
42.231493955331025, 40.043613659285846
42.28324823713903, 39.88039919002141
42.33500251894703, 39.71718472075697
42.38675680075504, 39.5539702514925
42.43851108256304, 39.39075578222806
42.49026536437104, 39.22754131296362
42.54201964617904, 39.064326843699185
42.59377392798705, 38.901112374434724
42.64552820979505, 38.737897905170286
42.697282491603055, 38.57468343590584
42.74903677341106, 38.41146896664138
42.800791055219065, 38.24825449737694
42.85254533702707, 38.0850400281125
42.90429961883507, 37.921825558848056
42.95605390064308, 37.758611089583596
43.00780818245108, 37.59539662031916
43.05956246425908, 37.43218215105472
43.11131674606709, 37.26896768179026
43.16307102787509, 37.10575321252581
43.21482530968309, 36.94253874326138
43.266579591491094, 36.779324273996934
43.3183338732991, 36.616109804732474
43.370088155107105, 36.452895335468035
43.42184243691511, 36.2896808662036
43.473596718723115, 36.126466396939136
43.52535100053112, 35.96325192767469
43.57710528233912, 35.80003745841025
43.62885956414712, 35.63682298914581
43.68061384595513, 35.47360851988135
43.73236812776313, 35.31039405061691
43.78412240957113, 35.147179581352475
43.83587669137914, 34.98396511208801
43.88763097318714, 34.82075064282357
43.939385254995145, 34.65753617355913
43.991139536803146, 34.49432170429469
44.042893818611155, 34.33110723503023
44.09464810041916, 34.167892765765785
44.14640238222716, 34.004678296501346
44.19815666403517, 33.84146382723688
44.24991094584317, 33.67824935797245
44.30166522765117, 33.515034888708
44.35341950945917, 33.35182041944356
44.40517379126718, 33.1886059501791
44.45692807307518, 33.025391480914664
44.508682354883184, 32.86217701165022
44.56043663669119, 32.69896254238576
44.612190918499195, 32.53574807312132
44.6639452003072, 32.37253360385688
44.7156994821152, 32.20931913459244
44.76745376392321, 32.046104665327974
44.81920804573121, 31.88289019606354
44.87096232753921, 31.7196757267991
44.92271660934722, 31.556461257534636
44.97447089115522, 31.393246788270197
45.02622517296322, 31.230032319005755
45.077979454771224, 31.066817849741316
45.12973373657923, 30.903603380476852
45.181488018387235, 30.740388911212413
45.233242300195236, 30.577174441947975
45.284996582003245, 30.41395997268351
45.33675086381125, 30.250745503419072
45.38850514561925, 30.087531034154633
45.44025942742725, 29.92431656489019
45.49201370923526, 29.76110209562573
45.54376799104326, 29.59788762636129
45.59552227285126, 29.43467315709685
45.64727655465927, 29.27145868783239
45.69903083646727, 29.108244218567947
45.750785118275274, 28.945029749303508
45.802539400083276, 28.78181528003907
45.854293681891285, 28.618600810774605
45.90604796369929, 28.455386341510167
45.95780224550729, 28.292171872245724
46.0095565273153, 28.128957402981264
46.0613108091233, 27.965742933716825
46.1130650909313, 27.802528464452383
46.1648193727393, 27.639313995187944
46.21657365454731, 27.47609952592348
46.26832793635531, 27.31288505665904
46.320082218163314, 27.149670587394603
46.37183649997132, 26.98645611813014
46.423590781779325, 26.8232416488657
46.475345063587326, 26.660027179601258
46.52709934539533, 26.49681271033682
46.57885362720334, 26.33359824107236
46.63060790901134, 26.170383771807916
46.68236219081934, 26.007169302543478
46.73411647262734, 25.84395483327904
46.78587075443535, 25.680740364014575
46.83762503624335, 25.517525894750136
46.889379318051354, 25.354311425485694
46.94113359985936, 25.191096956221234
46.992887881667365, 25.027882486956795
47.044642163475366, 24.864668017692352
47.09639644528337, 24.701453548427914
47.14815072709138, 24.53823907916345
47.19990500889938, 24.37502460989901
47.25165929070738, 24.211810140634572
47.30341357251539, 24.04859567137011
47.35516785432339, 23.88538120210567
47.40692213613139, 23.72216673284123
47.458676417939394, 23.55895226357679
47.5104306997474, 23.39573779431233
47.562184981555404, 23.232523325047886
47.613939263363406, 23.069308855783447
47.665693545171415, 22.906094386518983
47.71744782697942, 22.742879917254548
47.76920210878742, 22.579665447990102
47.82095639059542, 22.416450978725663
47.87271067240343, 22.253236509461203
47.92446495421143, 22.090022040196764
47.97621923601943, 21.926807570932326
48.02797351782744, 21.76359310166786
48.07972779963544, 21.60037863240342
48.131482081443444, 21.43716416313898
48.183236363251446, 21.273949693874542
48.234990645059455, 21.11073522461008
48.286744926867456, 20.947520755345636
48.33849920867546, 20.784306286081197
48.39025349048347, 20.621091816816737
48.44200777229147, 20.457877347552298
48.49376205409947, 20.29466287828786
48.54551633590747, 20.13144840902342
48.59727061771548, 19.968233939758953
48.64902489952348, 19.805019470494514
48.700779181331484, 19.641805001230075
48.75253346313949, 19.478590531965615
48.804287744947494, 19.31537606270117
48.856042026755496, 19.15216159343673
48.9077963085635, 18.98894712417229
48.95955059037151, 18.82573265490783
49.01130487217951, 18.662518185643393
49.06305915398751, 18.499303716378954
49.11481343579552, 18.336089247114487
49.16656771760352, 18.172874777850048
49.21832199941152, 18.00966030858561
49.270076281219524, 17.84644583932117
49.32183056302753, 17.68323137005671
49.373584844835534, 17.520016900792264
49.425339126643536, 17.356802431527825
49.477093408451545, 17.193587962263365
49.528847690259546, 17.030373492998926
49.58060197206755, 16.867159023734487
49.63235625387555, 16.70394455447004
49.68411053568356, 16.54073008520558
49.73586481749156, 16.377515615941142
49.78761909929956, 16.214301146676704
49.83937338110757, 16.051086677412243
49.89112766291557, 15.887872208147797
49.942881944723574, 15.724657738883359
49.994636226531576, 15.56144326961892
50.046390508339584, 15.39822880035446
50.098144790147586, 15.23501433109002
50.14989907195559, 15.071799861825575
50.2016533537636, 14.908585392561115
50.2534076355716, 14.745370923296676
50.3051619173796, 14.582156454032237
50.3569161991876, 14.418941984767798
50.40867048099561, 14.255727515503331
50.46042476280361, 14.092513046238892
50.512179044611614, 13.929298576974453
50.56393332641962, 13.766084107709993
50.615687608227624, 13.602869638445554
50.667441890035626, 13.439655169181115
50.71919617184363, 13.27644069991667
50.770950453651636, 13.11322623065221
50.82270473545964, 12.95001176138777
50.87445901726764, 12.786797292123332
50.92621329907565, 12.623582822858864
50.97796758088365, 12.460368353594426
51.02972186269165, 12.297153884329987
51.08147614449965, 12.133939415065548
51.13323042630766, 11.970724945801088
51.184984708115664, 11.807510476536649
51.236738989923666, 11.644296007272203
51.288493271731674, 11.481081538007743
51.340247553539676, 11.317867068743304
51.39200183534768, 11.154652599478865
51.44375611715568, 10.991438130214426
51.49551039896369, 10.82822366094996
51.54726468077169, 10.66500919168552
51.59901896257969, 10.501794722421081
51.6507732443877, 10.338580253156621
51.7025275261957, 10.175365783892182
