Parameters: [50.64181358864442, 16.925617597539183, 8.26749062010714, 37.4934159082506, 4.2527873920817, 0.05250728614542238, -3.2329068277478434]
Points:
0.0, 16.925617597539183
0.05069250609473916, 17.141202048331916
0.10138501218947832, 17.356786499124645
0.15207751828421748, 17.572370949917378
0.20277002437895664, 17.78795540071011
0.2534625304736958, 18.00353985150284
0.30415503656843496, 18.219124302295572
0.3548475426631741, 18.4347087530883
0.4055400487579133, 18.650293203881034
0.45623255485265246, 18.865877654673767
0.5069250609473916, 19.0814621054665
0.5576175670421307, 19.29704655625923
0.6083100731368699, 19.51263100705196
0.6590025792316091, 19.72821545784469
0.7096950853263482, 19.943799908637423
0.7603875914210874, 20.159384359430156
0.8110800975158265, 20.374968810222885
0.8617726036105657, 20.590553261015618
0.9124651097053049, 20.80613771180835
0.963157615800044, 21.02172216260108
1.0138501218947833, 21.237306613393812
1.0645426279895223, 21.452891064186545
1.1152351340842614, 21.668475514979274
1.1659276401790006, 21.884059965772007
1.2166201462737398, 22.099644416564736
1.267312652368479, 22.31522886735747
1.3180051584632182, 22.5308133181502
1.3686976645579574, 22.746397768942934
1.4193901706526963, 22.961982219735663
1.4700826767474355, 23.177566670528392
1.5207751828421747, 23.393151121321125
1.571467688936914, 23.608735572113858
1.622160195031653, 23.82432002290659
1.6728527011263923, 24.03990447369932
1.7235452072211315, 24.255488924492052
1.7742377133158707, 24.471073375284785
1.8249302194106098, 24.686657826077514
1.8756227255053488, 24.902242276870247
1.926315231600088, 25.11782672766298
1.9770077376948272, 25.33341117845571
2.0277002437895666, 25.54899562924844
2.0783927498843053, 25.76458008004117
2.1290852559790445, 25.980164530833903
2.1797777620737837, 26.195748981626636
2.230470268168523, 26.41133343241937
2.281162774263262, 26.626917883212098
2.3318552803580013, 26.842502334004827
2.3825477864527405, 27.05808678479756
2.4332402925474796, 27.273671235590292
2.483932798642219, 27.489255686383025
2.534625304736958, 27.704840137175758
2.585317810831697, 27.920424587968487
2.6360103169264364, 28.136009038761216
2.6867028230211756, 28.35159348955395
2.7373953291159148, 28.56717794034668
2.788087835210654, 28.782762391139414
2.8387803413053927, 28.998346841932143
2.889472847400132, 29.213931292724872
2.940165353494871, 29.429515743517605
2.9908578595896103, 29.645100194310338
3.0415503656843494, 29.86068464510307
3.0922428717790886, 30.076269095895803
3.142935377873828, 30.291853546688532
3.193627883968567, 30.50743799748126
3.244320390063306, 30.723022448273994
3.2950128961580454, 30.938606899066727
3.3457054022527846, 31.15419134985946
3.3963979083475238, 31.369775800652192
3.447090414442263, 31.58536025144492
3.497782920537002, 31.80094470223765
3.5484754266317413, 32.01652915303038
3.5991679327264805, 32.232113603823116
3.6498604388212197, 32.44769805461585
3.7005529449159584, 32.663282505408574
3.7512454510106976, 32.87886695620131
3.801937957105437, 33.09445140699404
3.852630463200176, 33.31003585778677
3.903322969294915, 33.525620308579505
3.9540154753896544, 33.74120475937224
4.004707981484394, 33.95678921016497
4.055400487579133, 34.1723736609577
4.1060929936738715, 34.38795811175043
4.156785499768611, 34.603542562543154
4.20747800586335, 34.81912701333589
4.258170511958089, 35.03471146412862
4.308863018052828, 35.25029591492135
4.359555524147567, 35.465880365714085
4.410248030242307, 35.68146481650682
4.460940536337046, 35.89704926729955
4.511633042431785, 36.11263371809228
4.562325548526524, 36.328218168885016
4.613018054621263, 36.54380261967775
4.6637105607160025, 36.759387070470474
4.714403066810742, 36.97497152126321
4.765095572905481, 37.19055597205594
4.81578807900022, 37.406140422848665
4.866480585094959, 37.6217248736414
4.9171730911896985, 37.83730932443413
4.967865597284438, 38.05289377522686
5.018558103379177, 38.268478226019596
5.069250609473916, 38.48406267681233
5.119943115568655, 38.69964712760506
5.170635621663394, 38.915231578397794
5.221328127758134, 39.13081602919053
5.272020633852873, 39.34640047998325
5.322713139947612, 39.561984930775985
5.373405646042351, 39.77756938156872
5.42409815213709, 39.99315383236144
5.4747906582318295, 40.208738283154176
5.525483164326569, 40.42432273394691
5.576175670421308, 40.63990718473964
5.626868176516047, 40.855491635532374
5.677560682610785, 41.07107608632511
5.728253188705525, 41.28666053711783
5.778945694800264, 41.502244987910565
5.829638200895003, 41.7178294387033
5.880330706989742, 41.93341388949602
5.931023213084481, 42.148998340288756
5.9817157191792205, 42.36458279108149
6.03240822527396, 42.58016724187422
6.083100731368699, 42.795751692666954
6.133793237463438, 43.01133614345969
6.184485743558177, 43.22692059425242
6.2351782496529164, 43.44250504504515
6.285870755747656, 43.658089495837885
6.336563261842395, 43.87367394663062
6.387255767937134, 44.08925839742334
6.437948274031873, 44.304842848216076
6.488640780126612, 44.52042729900881
6.539333286221352, 44.736011749801534
6.590025792316091, 44.95159620059427
6.64071829841083, 45.167180651387
6.691410804505569, 45.38276510217973
6.742103310600308, 45.598349552972465
6.7927958166950475, 45.8139340037652
6.843488322789787, 46.02951845455793
6.894180828884526, 46.24510290535066
6.944873334979265, 46.460687356143396
6.995565841074004, 46.67627180693612
7.046258347168743, 46.891856257728854
7.096950853263483, 47.10744070852159
7.147643359358222, 47.32302515931431
7.198335865452961, 47.538609610107045
7.2490283715477, 47.75419406089978
7.299720877642439, 47.96977851169251
7.350413383737178, 48.18536296248524
7.401105889831917, 48.400947413277976
7.451798395926656, 48.6165318640707
7.502490902021395, 48.832116314863434
7.553183408116134, 49.04770076565616
7.603875914210874, 49.26328521644889
7.654568420305613, 49.478869667241625
7.705260926400352, 49.69445411803436
7.755953432495091, 49.91003856882709
7.80664593858983, 50.12562301961982
7.8573384446845695, 50.341207470412556
7.908030950779309, 50.55679192120529
7.958723456874048, 50.77237637199802
8.009415962968788, 50.987960822790754
8.060108469063527, 51.20354527358349
8.110800975158266, 51.41912972437622
8.161493481253004, 51.63471417516894
8.212185987347743, 51.85029862596167
8.262878493442482, 52.0658830767544
8.313570999537221, 52.08791702655297
8.36426350563196, 52.09057875247592
8.4149560117267, 52.09324047839886
8.465648517821439, 52.09590220432181
8.516341023916178, 52.09856393024475
8.567033530010917, 52.1012256561677
8.617726036105656, 52.10388738209064
8.668418542200396, 52.10654910801359
8.719111048295135, 52.10921083393653
8.769803554389874, 52.11187255985948
8.820496060484613, 52.114534285782426
8.871188566579352, 52.11719601170537
8.921881072674092, 52.119857737628315
8.97257357876883, 52.12251946355126
9.02326608486357, 52.125181189474205
9.07395859095831, 52.127842915397146
9.124651097053048, 52.130504641320094
9.175343603147788, 52.133166367243035
9.226036109242527, 52.13582809316598
9.276728615337266, 52.13848981908893
9.327421121432005, 52.14115154501187
9.378113627526744, 52.14381327093482
9.428806133621483, 52.14647499685776
9.479498639716223, 52.14913672278071
9.530191145810962, 52.15179844870365
9.580883651905701, 52.1544601746266
9.63157615800044, 52.15712190054954
9.68226866409518, 52.15978362647249
9.732961170189919, 52.16244535239543
9.783653676284658, 52.16510707831838
9.834346182379397, 52.16776880424133
9.885038688474136, 52.17043053016427
9.935731194568875, 52.173092256087216
9.986423700663615, 52.17575398201016
10.037116206758354, 52.178415707933105
10.087808712853093, 52.181077433856046
10.138501218947832, 52.183739159778995
10.189193725042571, 52.186400885701936
10.23988623113731, 52.189062611624884
10.29057873723205, 52.19172433754783
10.341271243326789, 52.19438606347077
10.391963749421528, 52.19704778939372
10.442656255516267, 52.19970951531666
10.493348761611006, 52.20237124123961
10.544041267705746, 52.20503296716255
10.594733773800485, 52.2076946930855
10.645426279895224, 52.21035641900844
10.696118785989963, 52.21301814493139
10.746811292084702, 52.21567987085434
10.797503798179442, 52.21834159677728
10.84819630427418, 52.22100332270023
10.89888881036892, 52.22366504862317
10.949581316463659, 52.226326774546116
11.000273822558398, 52.22898850046906
11.050966328653137, 52.231650226392006
11.101658834747877, 52.23431195231495
11.152351340842616, 52.236973678237895
11.203043846937355, 52.239635404160836
11.253736353032094, 52.242297130083784
11.304428859126833, 52.24495885600673
11.35512136522157, 52.247620581929674
11.40581387131631, 52.25028230785262
11.45650637741105, 52.25294403377556
11.507198883505788, 52.25560575969851
11.557891389600528, 52.25826748562145
11.608583895695267, 52.2609292115444
11.659276401790006, 52.26359093746734
11.709968907884745, 52.26625266339029
11.760661413979484, 52.26891438931324
11.811353920074223, 52.27157611523618
11.862046426168963, 52.27423784115913
11.912738932263702, 52.27689956708207
11.963431438358441, 52.27956129300502
12.01412394445318, 52.28222301892796
12.06481645054792, 52.284884744850906
12.115508956642659, 52.28754647077385
12.166201462737398, 52.290208196696796
12.216893968832137, 52.292869922619744
12.267586474926876, 52.295531648542685
12.318278981021615, 52.29819337446563
12.368971487116355, 52.300855100388574
12.419663993211094, 52.30351682631152
12.470356499305833, 52.30617855223446
12.521049005400572, 52.30884027815741
12.571741511495311, 52.31150200408035
12.62243401759005, 52.3141637300033
12.67312652368479, 52.31682545592624
12.723819029779529, 52.31948718184919
12.774511535874268, 52.32214890777214
12.825204041969007, 52.32481063369508
12.875896548063746, 52.32747235961803
12.926589054158486, 52.33013408554097
12.977281560253225, 52.33279581146392
13.027974066347964, 52.33545753738686
13.078666572442703, 52.33811926330981
13.129359078537442, 52.34078098923275
13.180051584632182, 52.343442715155696
13.23074409072692, 52.346104441078644
13.28143659682166, 52.348766167001585
13.332129102916399, 52.351427892924534
13.382821609011138, 52.354089618847475
13.433514115105877, 52.35675134477042
13.484206621200617, 52.359413070693364
13.534899127295356, 52.36207479661631
13.585591633390095, 52.36473652253925
13.636284139484834, 52.3673982484622
13.686976645579573, 52.37005997438515
13.737669151674313, 52.37272170030809
13.788361657769052, 52.37538342623104
13.839054163863791, 52.37804515215398
13.88974666995853, 52.38070687807693
13.94043917605327, 52.38336860399987
13.991131682148009, 52.38603032992282
14.041824188242748, 52.38869205584576
14.092516694337487, 52.39135378176871
14.143209200432226, 52.39401550769165
14.193901706526965, 52.3966772336146
14.244594212621704, 52.399338959537545
14.295286718716444, 52.402000685460486
14.345979224811183, 52.404662411383434
14.396671730905922, 52.407324137306375
14.447364237000661, 52.40998586322932
14.4980567430954, 52.412647589152265
14.54874924919014, 52.41530931507521
14.599441755284879, 52.417971040998154
14.650134261379616, 52.4206327669211
14.700826767474355, 52.42329449284405
14.751519273569095, 52.42595621876699
14.802211779663834, 52.42861794468994
14.852904285758573, 52.43127967061288
14.903596791853312, 52.43394139653583
14.954289297948051, 52.43660312245877
15.00498180404279, 52.43926484838172
15.05567431013753, 52.44192657430466
15.106366816232269, 52.44458830022761
15.157059322327008, 52.447250026150556
15.207751828421747, 52.4499117520735
15.258444334516486, 52.452573477996445
15.309136840611226, 52.455235203919386
15.359829346705965, 52.457896929842335
15.410521852800704, 52.460558655765276
15.461214358895443, 52.463220381688224
15.511906864990182, 52.465882107611165
15.562599371084922, 52.46854383353411
15.61329187717966, 52.471205559457054
15.6639843832744, 52.47386728538
15.714676889369139, 52.47652901130295
15.765369395463878, 52.47919073722589
15.816061901558617, 52.48185246314884
15.866754407653357, 52.48451418907178
15.917446913748096, 52.48717591499473
15.968139419842835, 52.48983764091767
16.018831925937576, 52.49249936684062
16.069524432032313, 52.49516109276356
16.120216938127054, 52.49782281868651
16.17090944422179, 52.500484544609456
16.221601950316533, 52.5031462705324
16.27229445641127, 52.505807996455346
16.322986962506008, 52.50846972237829
16.37367946860075, 52.511131448301235
16.424371974695486, 52.513793174224176
16.475064480790227, 52.516454900147124
16.525756986884964, 52.519116626070065
16.576449492979705, 52.521778351993014
16.627141999074443, 52.52444007791596
16.677834505169184, 52.5271018038389
16.72852701126392, 52.52976352976185
16.779219517358662, 52.53242525568479
16.8299120234534, 52.53508698160774
16.88060452954814, 52.53774870753068
16.931297035642878, 52.54041043345363
16.98198954173762, 52.54307215937657
17.032682047832356, 52.54573388529952
17.083374553927097, 52.54839561122246
17.134067060021835, 52.55105733714541
17.184759566116576, 52.55371906306836
17.235452072211313, 52.5563807889913
17.286144578306054, 52.559042514914246
17.33683708440079, 52.56170424083719
17.387529590495532, 52.564365966760136
17.43822209659027, 52.56702769268308
17.48891460268501, 52.569689418606025
17.539607108779748, 52.572351144528966
17.59029961487449, 52.575012870451914
17.640992120969226, 52.57767459637486
17.691684627063967, 52.5803363222978
17.742377133158705, 52.58299804822075
17.793069639253446, 52.58565977414369
17.843762145348183, 52.58832150006664
17.894454651442924, 52.59098322598958
17.94514715753766, 52.59364495191253
17.995839663632403, 52.59630667783547
18.04653216972714, 52.59896840375842
18.09722467582188, 52.60163012968137
18.14791718191662, 52.60429185560431
18.19860968801136, 52.60695358152726
18.249302194106097, 52.6096153074502
18.299994700200838, 52.61227703337315
18.350687206295575, 52.61493875929609
18.401379712390316, 52.617600485219036
18.452072218485053, 52.62026221114198
18.502764724579794, 52.622923937064925
18.553457230674532, 52.62558566298787
18.604149736769273, 52.628247388910815
18.65484224286401, 52.63090911483376
18.70553474895875, 52.633570840756704
18.75622725505349, 52.63623256667965
18.80691976114823, 52.63889429260259
18.857612267242967, 52.64155601852554
18.908304773337708, 52.64421774444848
18.958997279432445, 52.64687947037143
19.009689785527186, 52.64954119629437
19.060382291621924, 52.65220292221732
19.111074797716665, 52.65486464814027
19.161767303811402, 52.65752637406321
19.212459809906143, 52.66018809998616
19.26315231600088, 52.6628498259091
19.31384482209562, 52.66551155183205
19.36453732819036, 52.66817327775499
19.4152298342851, 52.67083500367794
19.465922340379837, 52.67349672960088
19.516614846474575, 52.676158455523826
19.567307352569316, 52.678820181446774
19.617999858664053, 52.681481907369715
19.668692364758794, 52.68414363329266
19.71938487085353, 52.686805359215604
19.770077376948272, 52.68946708513855
19.82076988304301, 52.692128811061494
19.87146238913775, 52.69479053698444
19.922154895232488, 52.69745226290738
19.97284740132723, 52.70011398883033
20.023539907421966, 52.70277571475327
20.074232413516707, 52.70543744067622
20.124924919611445, 52.70809916659917
20.175617425706186, 52.71076089252211
20.226309931800923, 52.71342261844506
20.277002437895664, 52.716084344368
20.3276949439904, 52.71874607029095
20.378387450085143, 52.72140779621389
20.42907995617988, 52.72406952213684
20.47977246227462, 52.72673124805978
20.53046496836936, 52.729392973982726
20.5811574744641, 52.732054699905675
20.631849980558837, 52.734716425828616
20.682542486653578, 52.737378151751564
20.733234992748315, 52.740039877674505
20.783927498843056, 52.74270160359745
20.834620004937793, 52.745363329520394
20.885312511032534, 52.74802505544334
20.936005017127272, 52.750686781366284
20.986697523222013, 52.75334850728923
21.03739002931675, 52.75601023321218
21.08808253541149, 52.75867195913512
21.13877504150623, 52.76133368505807
21.18946754760097, 52.76399541098101
21.240160053695707, 52.76665713690396
21.290852559790448, 52.7693188628269
21.341545065885185, 52.77198058874985
21.392237571979926, 52.77464231467279
21.442930078074664, 52.77730404059574
21.493622584169405, 52.779965766518686
21.544315090264142, 52.78262749244163
21.595007596358883, 52.785289218364575
21.64570010245362, 52.787950944287516
21.69639260854836, 52.790612670210464
21.7470851146431, 52.793274396133405
21.79777762073784, 52.795936122056354
21.848470126832577, 52.798597847979295
21.899162632927318, 52.80125957390224
21.949855139022056, 52.803921299825184
22.000547645116797, 52.80658302574813
22.051240151211534, 52.80924475167108
22.101932657306275, 52.81190647759402
22.152625163401012, 52.81456820351697
22.203317669495753, 52.81722992943991
22.25401017559049, 52.81989165536286
22.30470268168523, 52.8225533812858
22.35539518777997, 52.82521510720875
22.40608769387471, 52.82787683313169
22.456780199969447, 52.83053855905464
22.50747270606419, 52.833200284977586
22.558165212158926, 52.83586201090053
22.608857718253667, 52.838523736823475
22.659550224348404, 52.84118546274642
22.71024273044314, 52.843847188669365
22.760935236537883, 52.846508914592306
22.81162774263262, 52.849170640515254
22.86232024872736, 52.851832366438195
22.9130127548221, 52.85449409236114
22.96370526091684, 52.85715581828409
23.014397767011577, 52.85981754420703
23.065090273106318, 52.86247927012998
23.115782779201055, 52.86514099605292
23.166475285295796, 52.86780272197587
23.217167791390533, 52.87046444789881
23.267860297485274, 52.87312617382176
23.318552803580012, 52.8757878997447
23.369245309674753, 52.87844962566765
23.41993781576949, 52.88111135159059
23.47063032186423, 52.88377307751354
23.52132282795897, 52.88643480343649
23.57201533405371, 52.88909652935943
23.622707840148447, 52.891758255282376
23.673400346243188, 52.89441998120532
23.724092852337925, 52.897081707128265
23.774785358432666, 52.899743433051206
23.825477864527404, 52.902405158974155
23.876170370622145, 52.905066884897096
23.926862876716882, 52.907728610820044
23.977555382811623, 52.91039033674299
24.02824788890636, 52.91305206266593
24.0789403950011, 52.91571378858888
24.12963290109584, 52.91837551451182
24.18032540719058, 52.92103724043477
24.231017913285317, 52.92369896635771
24.281710419380058, 52.92636069228066
24.332402925474796, 52.9290224182036
24.383095431569537, 52.93168414412655
24.433787937664274, 52.9343458700495
24.484480443759015, 52.93700759597244
24.535172949853752, 52.93966932189539
24.585865455948493, 52.94233104781833
24.63655796204323, 52.944992773741276
24.68725046813797, 52.94765449966422
24.73794297423271, 52.950316225587166
24.78863548032745, 52.95297795151011
24.839327986422187, 52.955639677433055
24.89002049251693, 52.958301403355996
24.940712998611666, 52.960963129278944
24.991405504706407, 52.96362485520189
25.042098010801144, 52.966286581124834
25.092790516895885, 52.96894830704778
25.143483022990623, 52.97161003297072
25.194175529085364, 52.97427175889367
25.2448680351801, 52.97693348481661
25.295560541274842, 52.97959521073956
25.34625304736958, 52.9822569366625
25.39694555346432, 52.98491866258545
25.447638059559058, 52.9875803885084
25.4983305656538, 52.99024211443134
25.549023071748536, 52.99290384035429
25.599715577843277, 52.99556556627723
25.650408083938014, 52.99822729220018
25.701100590032755, 53.00088901812312
25.751793096127493, 53.003550744046066
25.802485602222234, 53.00621246996901
25.85317810831697, 53.008874195891956
25.903870614411712, 53.011535921814904
25.95456312050645, 53.014197647737845
26.005255626601187, 53.01685937366079
26.055948132695928, 53.019521099583734
26.106640638790665, 53.02218282550668
26.157333144885406, 53.024844551429624
26.208025650980144, 53.02750627735257
26.258718157074885, 53.03016800327551
26.309410663169622, 53.03282972919846
26.360103169264363, 53.0354914551214
26.4107956753591, 53.03815318104435
26.46148818145384, 53.0408149069673
26.51218068754858, 53.04347663289024
26.56287319364332, 53.04613835881319
26.613565699738057, 53.04880008473613
26.664258205832798, 53.05146181065908
26.714950711927536, 53.05412353658202
26.765643218022277, 53.05678526250497
26.816335724117014, 53.05944698842791
26.867028230211755, 53.062108714350856
26.917720736306492, 53.064770440273804
26.968413242401233, 53.067432166196745
27.01910574849597, 53.070093892119694
27.06979825459071, 53.072755618042635
27.12049076068545, 53.07541734396558
27.17118326678019, 53.078079069888524
27.221875772874927, 53.08074079581147
27.27256827896967, 53.08340252173441
27.323260785064406, 53.08606424765736
27.373953291159147, 53.08872597358031
27.424645797253884, 53.09138769950325
27.475338303348625, 53.0940494254262
27.526030809443363, 53.09671115134914
27.576723315538104, 53.09937287727209
27.62741582163284, 53.10203460319503
27.678108327727582, 53.10469632911798
27.72880083382232, 53.10735805504092
27.77949333991706, 53.11001978096387
27.830185846011798, 53.11268150688681
27.88087835210654, 53.11534323280976
27.931570858201276, 53.118004958732705
27.982263364296017, 53.120666684655646
28.032955870390754, 53.123328410578594
28.083648376485495, 53.125990136501535
28.134340882580233, 53.12865186242448
28.185033388674974, 53.131313588347425
28.23572589476971, 53.13397531427037
28.286418400864452, 53.136637040193314
28.33711090695919, 53.13929876611626
28.38780341305393, 53.14196049203921
28.438495919148668, 53.14462221796215
28.48918842524341, 53.1472839438851
28.539880931338146, 53.14994566980804
28.590573437432887, 53.15260739573099
28.641265943527625, 53.15526912165393
28.691958449622366, 53.15793084757688
28.742650955717103, 53.16059257349982
28.793343461811844, 53.16325429942277
28.84403596790658, 53.165916025345716
28.894728474001322, 53.16857775126866
28.94542098009606, 53.171239477191605
28.9961134861908, 53.173901203114546
29.046805992285538, 53.176562929037495
29.09749849838028, 53.179224654960436
29.148191004475017, 53.181886380883384
29.198883510569758, 53.184548106806325
29.249576016664495, 53.18720983272927
29.300268522759232, 53.189871558652214
29.350961028853973, 53.19253328457516
29.40165353494871, 53.19519501049811
29.45234604104345, 53.19785673642105
29.50303854713819, 53.200518462344
29.55373105323293, 53.20318018826694
29.604423559327667, 53.20584191418989
29.65511606542241, 53.20850364011283
29.705808571517146, 53.21116536603578
29.756501077611887, 53.21382709195872
29.807193583706624, 53.21648881788167
29.857886089801365, 53.219150543804616
29.908578595896103, 53.22181226972756
29.959271101990844, 53.224473995650506
30.00996360808558, 53.22713572157345
30.060656114180322, 53.229797447496395
30.11134862027506, 53.232459173419336
30.1620411263698, 53.235120899342284
30.212733632464538, 53.237782625265226
30.26342613855928, 53.240444351188174
30.314118644654016, 53.24310607711112
30.364811150748757, 53.24576780303406
30.415503656843494, 53.24842952895701
30.466196162938235, 53.25109125487995
30.516888669032973, 53.2537529808029
30.567581175127714, 53.25641470672584
30.61827368122245, 53.25907643264879
30.668966187317192, 53.26173815857173
30.71965869341193, 53.26439988449468
30.77035119950667, 53.26706161041763
30.821043705601408, 53.26972333634057
30.87173621169615, 53.27238506226352
30.922428717790886, 53.27504678818646
30.973121223885627, 53.277708514109406
31.023813729980365, 53.28037024003235
31.074506236075106, 53.283031965955296
31.125198742169843, 53.28569369187824
31.175891248264584, 53.288355417801185
31.22658375435932, 53.291017143724126
31.277276260454062, 53.293678869647074
31.3279687665488, 53.29634059557002
31.37866127264354, 53.299002321492964
31.429353778738278, 53.30166404741591
31.48004628483302, 53.30432577333885
31.530738790927757, 53.3069874992618
31.581431297022498, 53.30964922518474
31.632123803117235, 53.31231095110769
31.682816309211976, 53.31497267703063
31.733508815306713, 53.31763440295358
31.784201321401454, 53.32029612887653
31.83489382749619, 53.32295785479947
31.885586333590933, 53.32561958072242
31.93627883968567, 53.32828130664536
31.98697134578041, 53.33094303256831
32.03766385187515, 53.33360475849125
32.088356357969886, 53.336266484414196
32.13904886406463, 53.33892821033714
32.18974137015937, 53.341589936260085
32.24043387625411, 53.344251662183034
32.29112638234884, 53.346913388105975
32.34181888844358, 53.34957511402892
32.392511394538325, 53.352236839951864
32.443203900633065, 53.35489856587481
32.4938964067278, 53.35756029179775
32.54458891282254, 53.3602220177207
32.59528141891728, 53.36288374364364
32.645973925012015, 53.36554546956659
32.696666431106756, 53.36820719548953
32.7473589372015, 53.37086892141248
32.79805144329624, 53.37353064733543
32.84874394939097, 53.37619237325837
32.89943645548571, 53.37885409918132
32.950128961580454, 53.38151582510426
33.000821467675195, 53.38417755102721
33.05151397376993, 53.38683927695015
33.10220647986467, 53.3895010028731
33.15289898595941, 53.39216272879604
33.20359149205415, 53.394824454718986
33.254283998148885, 53.397486180641934
33.304976504243626, 53.400147906564875
33.35566901033837, 53.40280963248782
33.40636151643311, 53.405471358410765
33.45705402252784, 53.40813308433371
33.50774652862258, 53.410794810256654
33.558439034717324, 53.4134565361796
33.609131540812065, 53.41611826210254
33.6598240469068, 53.41877998802549
33.71051655300154, 53.42144171394844
33.76120905909628, 53.42410343987138
33.81190156519102, 53.42676516579433
33.862594071285756, 53.42942689171727
33.9132865773805, 53.43208861764022
33.96397908347524, 53.43475034356316
34.01467158956998, 53.43741206948611
34.06536409566471, 53.44007379540905
34.11605660175945, 53.442735521332
34.166749107854194, 53.44539724725494
34.217441613948935, 53.448058973177886
34.26813412004367, 53.450720699100835
34.31882662613841, 53.453382425023776
34.36951913223315, 53.456044150946724
34.42021163832789, 53.458705876869665
34.470904144422626, 53.46136760279261
34.52159665051737, 53.464029328715554
34.57228915661211, 53.4666910546385
34.62298166270685, 53.469352780561444
34.67367416880158, 53.47201450648439
34.724366674896324, 53.47467623240734
34.775059180991065, 53.47733795833028
34.825751687085805, 53.47999968425323
34.87644419318054, 53.48266141017617
34.92713669927528, 53.48532313609912
34.97782920537002, 53.48798486202206
35.02852171146476, 53.49064658794501
35.079214217559496, 53.49330831386795
35.12990672365424, 53.4959700397909
35.18059922974898, 53.49863176571384
35.23129173584372, 53.50129349163679
35.28198424193845, 53.503955217559735
35.332676748033194, 53.506616943482676
35.383369254127935, 53.509278669405624
35.434061760222676, 53.511940395328566
35.48475426631741, 53.514602121251514
35.53544677241215, 53.517263847174455
35.58613927850689, 53.5199255730974
35.63683178460163, 53.522587299020344
35.687524290696366, 53.52524902494329
35.73821679679111, 53.52791075086624
35.78890930288585, 53.53057247678918
35.83960180898058, 53.53323420271213
35.89029431507532, 53.53589592863507
35.940986821170064, 53.53855765455802
35.991679327264805, 53.54121938048096
36.04237183335954, 53.54388110640391
36.09306433945428, 53.54654283232685
36.14375684554902, 53.5492045582498
36.19444935164376, 53.551866284172746
36.245141857738496, 53.55452801009569
36.29583436383324, 53.557189736018636
36.34652686992798, 53.55985146194158
36.39721937602272, 53.562513187864525
36.44791188211745, 53.565174913787466
36.49860438821219, 53.567836639710414
36.549296894306934, 53.570498365633355
36.599989400401675, 53.5731600915563
36.65068190649641, 53.57582181747925
36.70137441259115, 53.57848354340219
36.75206691868589, 53.58114526932514
36.80275942478063, 53.58380699524808
36.853451930875366, 53.58646872117103
36.90414443697011, 53.58913044709397
36.95483694306485, 53.59179217301692
37.00552944915959, 53.59445389893986
37.05622195525432, 53.59711562486281
37.106914461349064, 53.59977735078575
37.157606967443805, 53.6024390767087
37.208299473538545, 53.60510080263165
37.25899197963328, 53.60776252855459
37.30968448572802, 53.610424254477536
37.36037699182276, 53.61308598040048
37.4110694979175, 53.615747706323425
37.461762004012236, 53.61840943224637
37.51245451010698, 53.55852146692157
37.56314701620172, 53.39463731785223
37.61383952229646, 53.2307531687829
37.66453202839119, 53.06686901971358
37.715224534485934, 52.90298487064424
37.765917040580675, 52.73910072157491
37.816609546675416, 52.57521657250557
37.86730205277015, 52.41133242343626
37.91799455886489, 52.24744827436692
37.96868706495963, 52.08356412529758
38.01937957105437, 51.919679976228245
38.070072077149106, 51.75579582715893
38.12076458324385, 51.59191167808959
38.17145708933859, 51.428027529020255
38.22214959543333, 51.264143379950916
38.27284210152806, 51.100259230881605
38.323534607622804, 50.936375081812265
38.374227113717545, 50.772490932742926
38.424919619812286, 50.608606783673594
38.47561212590702, 50.444722634604275
38.52630463200176, 50.280838485534936
38.5769971380965, 50.116954336465604
38.62768964419124, 49.953070187396264
38.67838215028598, 49.78918603832695
38.72907465638072, 49.625301889257614
38.77976716247546, 49.461417740188274
38.8304596685702, 49.297533591118935
38.88115217466493, 49.133649442049624
38.931844680759674, 48.969765292980284
38.982537186854415, 48.80588114391095
39.03322969294915, 48.641996994841634
39.08392219904389, 48.4781128457723
39.13461470513863, 48.31422869670296
39.18530721123337, 48.15034454763362
39.235999717328106, 47.98646039856431
39.28669222342285, 47.82257624949497
39.33738472951759, 47.65869210042563
39.38807723561233, 47.4948079513563
39.43876974170706, 47.33092380228698
39.489462247801804, 47.16703965321764
39.540154753896545, 47.00315550414831
39.590847259991286, 46.83927135507897
39.64153976608602, 46.67538720600966
39.69223227218076, 46.51150305694032
39.7429247782755, 46.34761890787098
39.79361728437024, 46.18373475880165
39.844309790464976, 46.01985060973233
39.89500229655972, 45.855966460663
39.94569480265446, 45.69208231159366
39.9963873087492, 45.52819816252432
40.04707981484393, 45.36431401345501
40.097772320938674, 45.20042986438567
40.148464827033415, 45.03654571531633
40.199157333128156, 44.87266156624699
40.24984983922289, 44.70877741717768
40.30054234531763, 44.54489326810834
40.35123485141237, 44.38100911903901
40.40192735750711, 44.21712496996967
40.452619863601846, 44.053240820900356
40.50331236969659, 43.88935667183102
40.55400487579133, 43.72547252276168
40.60469738188607, 43.561588373692345
40.6553898879808, 43.39770422462303
40.706082394075544, 43.233820075553695
40.756774900170285, 43.069935926484355
40.807467406265026, 42.906051777415016
40.85815991235976, 42.7421676283457
40.9088524184545, 42.578283479276365
40.95954492454924, 42.414399330207026
41.01023743064398, 42.250515181137686
41.06092993673872, 42.086631032068375
41.11162244283346, 41.922746882999036
41.1623149489282, 41.7588627339297
41.21300745502294, 41.594978584860364
41.26369996111767, 41.43109443579105
41.314392467212414, 41.26721028672171
41.365084973307155, 41.103326137652374
41.415777479401896, 40.93944198858304
41.46646998549663, 40.77555783951372
41.51716249159137, 40.61167369044439
41.56785499768611, 40.44778954137505
41.61854750378085, 40.28390539230571
41.66924000987559, 40.120021243236394
41.71993251597033, 39.95613709416706
41.77062502206507, 39.79225294509772
41.82131752815981, 39.62836879602838
41.872010034254544, 39.46448464695907
41.922702540349285, 39.30060049788973
41.973395046444026, 39.1367163488204
42.02408755253877, 38.97283219975106
42.0747800586335, 38.80894805068175
42.12547256472824, 38.64506390161241
42.17616507082298, 38.48117975254307
42.226857576917716, 38.31729560347376
42.27755008301246, 38.15341145440442
42.3282425891072, 37.98952730533508
42.37893509520194, 37.82564315626575
42.42962760129667, 37.66175900719643
42.480320107391414, 37.49787485812709
42.531012613486155, 37.33399070905776
42.581705119580896, 37.17010655998842
42.63239762567563, 37.00622241091911
42.68309013177037, 36.84233826184977
42.73378263786511, 36.67845411278043
42.78447514395985, 36.5145699637111
42.835167650054586, 36.35068581464178
42.88586015614933, 36.186801665572446
42.93655266224407, 36.02291751650311
42.98724516833881, 35.85903336743377
43.03793767443354, 35.69514921836445
43.088630180528284, 35.53126506929512
43.139322686623025, 35.367380920225784
43.190015192717766, 35.20349677115644
43.2407076988125, 35.03961262208713
43.29140020490724, 34.87572847301779
43.34209271100198, 34.711844323948455
43.39278521709672, 34.547960174879115
43.44347772319146, 34.384076025809804
43.4941702292862, 34.220191876740465
43.54486273538094, 34.056307727671125
43.59555524147568, 33.89242357860179
43.64624774757041, 33.728539429532475
43.696940253665154, 33.56465528046314
43.747632759759895, 33.4007711313938
43.798325265854636, 33.236886982324464
43.84901777194937, 33.073002833255146
43.89971027804411, 32.90911868418581
43.95040278413885, 32.745234535116474
44.00109529023359, 32.581350386047134
44.05178779632833, 32.41746623697782
44.10248030242307, 32.253582087908484
44.15317280851781, 32.08969793883915
44.20386531461255, 31.925813789769812
44.254557820707284, 31.761929640700497
44.305250326802025, 31.59804549163116
44.355942832896766, 31.434161342561822
44.40663533899151, 31.270277193492486
44.45732784508624, 31.10639304442317
44.50802035118098, 30.942508895353836
44.55871285727572, 30.778624746284496
44.60940536337046, 30.61474059721516
44.6600978694652, 30.450856448145846
44.71079037555994, 30.28697229907651
44.76148288165468, 30.12308815000717
44.81217538774942, 29.959204000937834
44.862867893844154, 29.79531985186852
44.913560399938895, 29.631435702799184
44.964252906033636, 29.467551553729844
45.01494541212838, 29.30366740466051
45.06563791822311, 29.139783255591194
45.11633042431785, 28.975899106521858
45.16702293041259, 28.81201495745252
45.21771543650733, 28.648130808383183
45.26840794260207, 28.484246659313868
45.31910044869681, 28.320362510244532
45.36979295479155, 28.156478361175193
45.42048546088628, 27.992594212105878
45.471177966981024, 27.828710063036542
45.521870473075765, 27.664825913967206
45.572562979170506, 27.500941764897867
45.62325548526524, 27.337057615828552
45.67394799135998, 27.173173466759216
45.72464049745472, 27.00928931768988
45.77533300354946, 26.84540516862054
45.8260255096442, 26.681521019551226
45.87671801573894, 26.51763687048189
45.92741052183368, 26.353752721412555
45.97810302792842, 26.189868572343215
46.02879553402315, 26.0259844232739
46.079488040117894, 25.862100274204565
46.130180546212635, 25.69821612513523
46.180873052307376, 25.53433197606589
46.23156555840211, 25.370447826996575
46.28225806449685, 25.20656367792724
46.33295057059159, 25.042679528857903
46.38364307668633, 24.878795379788563
46.43433558278107, 24.71491123071925
46.48502808887581, 24.551027081649913
46.53572059497055, 24.387142932580577
46.58641310106529, 24.223258783511238
46.637105607160024, 24.059374634441923
46.687798113254765, 23.895490485372587
46.738490619349506, 23.73160633630325
46.78918312544425, 23.56772218723391
46.83987563153898, 23.403838038164597
46.89056813763372, 23.23995388909526
46.94126064372846, 23.076069740025925
46.9919531498232, 22.912185590956586
47.04264565591794, 22.74830144188727
47.09333816201268, 22.584417292817935
47.14403066810742, 22.420533143748596
47.19472317420216, 22.25664899467926
47.245415680296894, 22.092764845609945
47.296108186391635, 21.92888069654061
47.346800692486376, 21.76499654747127
47.39749319858112, 21.601112398401938
47.44818570467585, 21.43722824933262
47.49887821077059, 21.27334410026328
47.54957071686533, 21.109459951193948
47.60026322296007, 20.94557580212461
47.65095572905481, 20.781691653055297
47.70164823514955, 20.617807503985958
47.75234074124429, 20.45392335491662
47.80303324733903, 20.290039205847286
47.853725753433764, 20.126155056777968
47.904418259528505, 19.96227090770863
47.955110765623246, 19.798386758639296
48.00580327171799, 19.634502609569957
48.05649577781272, 19.470618460500646
48.10718828390746, 19.306734311431306
48.1578807900022, 19.142850162361967
48.208573296096944, 18.978966013292634
48.25926580219168, 18.815081864223316
48.30995830828642, 18.651197715153977
48.36065081438116, 18.487313566084644
48.4113433204759, 18.323429417015305
48.462035826570634, 18.159545267945994
48.512728332665375, 17.995661118876654
48.563420838760116, 17.831776969807315
48.61411334485486, 17.667892820737976
48.66480585094959, 17.504008671668664
48.71549835704433, 17.340124522599325
48.76619086313907, 17.176240373529993
48.81688336923381, 17.012356224460675
48.86757587532855, 16.848472075391342
48.91826838142329, 16.684587926322003
48.96896088751803, 16.520703777252663
49.019653393612764, 16.356819628183352
49.070345899707505, 16.192935479114013
49.121038405802246, 16.029051330044673
49.17173091189699, 15.865167180975341
49.22242341799172, 15.701283031906023
49.27311592408646, 15.537398882836683
49.3238084301812, 15.373514733767351
49.37450093627594, 15.209630584698012
49.42519344237068, 15.0457464356287
49.47588594846542, 14.881862286559361
49.52657845456016, 14.717978137490022
49.5772709606549, 14.55409398842069
49.627963466749634, 14.390209839351371
49.678655972844375, 14.226325690282032
49.729348478939116, 14.0624415412127
49.78004098503386, 13.89855739214336
49.83073349112859, 13.734673243074049
49.88142599722333, 13.57078909400471
49.93211850331807, 13.40690494493537
49.98281100941281, 13.243020795866038
50.03350351550755, 13.07913664679672
50.08419602160229, 12.91525249772738
50.13488852769703, 12.751368348658048
50.18558103379177, 12.587484199588708
50.236273539886504, 12.423600050519397
50.286966045981245, 12.259715901450058
50.337658552075986, 12.095831752380718
50.38835105817073, 11.931947603311386
50.43904356426546, 11.768063454242068
50.4897360703602, 11.604179305172728
50.54042857645494, 11.440295156103396
50.591121082549684, 11.276411007034056
50.64181358864442, 11.112526857964745
