Parameters: [46.408404579838255, 15.852216108484129, 7.47586126042188, 39.96179596916227, 4.320108424496514, -0.08070313951683211, -3.374639636268422]
Points:
0.0, 15.852216108484129
0.04645485943927753, 16.052906138106554
0.09290971887855506, 16.253596167728976
0.1393645783178326, 16.4542861973514
0.18581943775711013, 16.654976226973826
0.23227429719638765, 16.85566625659625
0.2787291566356652, 17.056356286218673
0.32518401607494274, 17.257046315841098
0.37163887551422026, 17.457736345463523
0.4180937349534978, 17.65842637508595
0.4645485943927753, 17.85911640470837
0.5110034538320528, 18.059806434330795
0.5574583132713304, 18.26049646395322
0.603913172710608, 18.461186493575646
0.6503680321498855, 18.661876523198067
0.696822891589163, 18.862566552820493
0.7432777510284405, 19.063256582442918
0.789732610467718, 19.26394661206534
0.8361874699069956, 19.464636641687765
0.8826423293462731, 19.66532667131019
0.9290971887855506, 19.86601670093261
0.9755520482248282, 20.06670673055504
1.0220069076641056, 20.267396760177462
1.0684617671033831, 20.468086789799887
1.1149166265426609, 20.668776819422312
1.1613714859819384, 20.869466849044734
1.207826345421216, 21.07015687866716
1.2542812048604934, 21.270846908289585
1.300736064299771, 21.471536937912006
1.3471909237390485, 21.67222696753443
1.393645783178326, 21.872916997156857
1.4401006426176035, 22.073607026779282
1.486555502056881, 22.274297056401707
1.5330103614961585, 22.47498708602413
1.579465220935436, 22.675677115646554
1.6259200803747136, 22.87636714526898
1.672374939813991, 23.0770571748914
1.7188297992532686, 23.277747204513826
1.7652846586925461, 23.47843723413625
1.8117395181318237, 23.679127263758673
1.8581943775711012, 23.879817293381098
1.904649237010379, 24.080507323003523
1.9511040964496564, 24.28119735262595
1.997558955888934, 24.481887382248374
2.0440138153282112, 24.682577411870795
2.090468674767489, 24.88326744149322
2.1369235342067663, 25.083957471115646
2.183378393646044, 25.284647500738068
2.2298332530853218, 25.485337530360496
2.276288112524599, 25.686027559982918
2.322742971963877, 25.886717589605343
2.369197831403154, 26.08740761922777
2.415652690842432, 26.28809764885019
2.462107550281709, 26.48878767847261
2.508562409720987, 26.68947770809504
2.555017269160264, 26.890167737717462
2.601472128599542, 27.090857767339887
2.647926988038819, 27.291547796962313
2.694381847478097, 27.492237826584734
2.7408367069173742, 27.69292785620716
2.787291566356652, 27.893617885829585
2.8337464257959293, 28.094307915452006
2.880201285235207, 28.294997945074435
2.9266561446744843, 28.495687974696857
2.973111004113762, 28.696378004319282
3.01956586355304, 28.897068033941707
3.066020722992317, 29.09775806356413
3.112475582431595, 29.298448093186554
3.158930441870872, 29.49913812280898
3.20538530131015, 29.6998281524314
3.251840160749427, 29.900518182053826
3.298295020188705, 30.10120821167625
3.344749879627982, 30.301898241298673
3.39120473906726, 30.502588270921102
3.4376595985065372, 30.703278300543523
3.484114457945815, 30.90396833016595
3.5305693173850923, 31.104658359788374
3.57702417682437, 31.305348389410796
3.6234790362636473, 31.50603841903322
3.669933895702925, 31.706728448655646
3.7163887551422023, 31.907418478278068
3.76284361458148, 32.108108507900496
3.809298474020758, 32.30879853752292
3.855753333460035, 32.50948856714534
3.902208192899313, 32.71017859676777
3.94866305233859, 32.91086862639019
3.995117911777868, 33.11155865601262
4.041572771217146, 33.31224868563504
4.0880276306564225, 33.51293871525746
4.1344824900957, 33.713628744879884
4.180937349534978, 33.91431877450231
4.227392208974256, 34.11500880412474
4.273847068413533, 34.31569883374716
4.32030192785281, 34.516388863369585
4.366756787292088, 34.717078892992006
4.413211646731366, 34.917768922614435
4.4596665061706435, 35.118458952236864
4.50612136560992, 35.319148981859286
4.552576225049198, 35.51983901148171
4.599031084488476, 35.72052904110413
4.645485943927754, 35.92121907072656
4.6919408033670305, 36.12190910034898
4.738395662806308, 36.32259912997141
4.784850522245586, 36.52328915959383
4.831305381684864, 36.72397918921625
4.8777602411241405, 36.92466921883867
4.924215100563418, 37.125359248461095
4.970669960002696, 37.326049278083524
5.017124819441974, 37.52673930770595
5.063579678881251, 37.727429337328374
5.110034538320528, 37.928119366950796
5.156489397759806, 38.12880939657322
5.202944257199084, 38.329499426195646
5.249399116638362, 38.530189455818075
5.295853976077638, 38.7308794854405
5.342308835516916, 38.93156951506292
5.388763694956194, 39.13225954468534
5.435218554395472, 39.33294957430777
5.4816734138347485, 39.53363960393019
5.528128273274026, 39.73432963355262
5.574583132713304, 39.93501966317504
5.621037992152582, 40.13570969279746
5.667492851591859, 40.336399722419884
5.713947711031136, 40.53708975204231
5.760402570470414, 40.73777978166474
5.806857429909692, 40.93846981128716
5.853312289348969, 41.139159840909585
5.899767148788246, 41.33984987053201
5.946222008227524, 41.540539900154435
5.992676867666802, 41.741229929776864
6.03913172710608, 41.941919959399286
6.0855865865453564, 42.14260998902171
6.132041445984634, 42.34330001864413
6.178496305423912, 42.54399004826655
6.22495116486319, 42.74468007788898
6.2714060243024665, 42.9453701075114
6.317860883741744, 43.14606013713383
6.364315743181022, 43.34675016675625
6.4107706026203, 43.54744019637867
6.457225462059577, 43.748130226001095
6.503680321498854, 43.948820255623524
6.550135180938132, 44.14951028524595
6.59659004037741, 44.350200314868374
6.643044899816687, 44.550890344490796
6.689499759255964, 44.75158037411322
6.735954618695242, 44.952270403735646
6.78240947813452, 45.152960433358075
6.828864337573798, 45.3536504629805
6.8753191970130745, 45.55434049260292
6.921774056452352, 45.75503052222534
6.96822891589163, 45.95572055184777
7.014683775330908, 46.1564105814702
7.0611386347701846, 46.35710061109262
7.107593494209462, 46.55779064071504
7.15404835364874, 46.75848067033746
7.200503213088018, 46.95917069995989
7.246958072527295, 47.15986072958231
7.293412931966572, 47.36055075920474
7.33986779140585, 47.56124078882716
7.386322650845128, 47.761930818449585
7.432777510284405, 47.96262084807201
7.479232369723682, 48.14847526089551
7.52568722916296, 48.14472620789295
7.572142088602238, 48.140977154890386
7.618596948041516, 48.13722810188782
7.6650518074807925, 48.133479048885256
7.71150666692007, 48.1297299958827
7.757961526359348, 48.12598094288013
7.804416385798626, 48.12223188987757
7.850871245237903, 48.11848283687501
7.89732610467718, 48.114733783872445
7.943780964116458, 48.11098473086988
7.990235823555736, 48.10723567786732
8.036690682995014, 48.10348662486476
8.083145542434291, 48.09973757186219
8.129600401873567, 48.095988518859635
8.176055261312845, 48.09223946585707
8.222510120752123, 48.088490412854505
8.2689649801914, 48.08474135985194
8.315419839630678, 48.08099230684938
8.361874699069956, 48.07724325384682
8.408329558509234, 48.07349420084425
8.454784417948511, 48.069745147841694
8.50123927738779, 48.06599609483913
8.547694136827065, 48.062247041836564
8.594148996266343, 48.058497988834006
8.64060385570562, 48.05474893583144
8.687058715144898, 48.050999882828876
8.733513574584176, 48.04725082982631
8.779968434023454, 48.04350177682375
8.826423293462732, 48.03975272382119
8.87287815290201, 48.03600367081862
8.919333012341287, 48.032254617816065
8.965787871780563, 48.0285055648135
9.01224273121984, 48.024756511810935
9.058697590659119, 48.02100745880838
9.105152450098396, 48.01725840580581
9.151607309537674, 48.01350935280325
9.198062168976952, 48.00976029980069
9.24451702841623, 48.006011246798124
9.290971887855507, 48.00226219379556
9.337426747294783, 47.998513140792994
9.383881606734061, 47.994764087790436
9.430336466173339, 47.99101503478787
9.476791325612616, 47.987265981785306
9.523246185051894, 47.98351692878275
9.569701044491172, 47.97976787578018
9.61615590393045, 47.97601882277762
9.662610763369727, 47.97226976977506
9.709065622809005, 47.968520716772495
9.755520482248281, 47.96477166376993
9.801975341687559, 47.961022610767365
9.848430201126837, 47.95727355776481
9.894885060566114, 47.95352450476224
9.941339920005392, 47.94977545175968
9.98779477944467, 47.94602639875712
10.034249638883947, 47.942277345754555
10.080704498323225, 47.93852829275199
10.127159357762501, 47.93477923974943
10.173614217201779, 47.93103018674687
10.220069076641057, 47.9272811337443
10.266523936080334, 47.923532080741744
10.312978795519612, 47.91978302773918
10.35943365495889, 47.916033974736614
10.405888514398168, 47.91228492173405
10.452343373837445, 47.90853586873149
10.498798233276723, 47.904786815728926
10.545253092715999, 47.90103776272636
10.591707952155277, 47.8972887097238
10.638162811594555, 47.89353965672124
10.684617671033832, 47.88979060371867
10.73107253047311, 47.886041550716115
10.777527389912388, 47.88229249771355
10.823982249351666, 47.878543444710985
10.870437108790943, 47.87479439170842
10.91689196823022, 47.87104533870586
10.963346827669497, 47.8672962857033
11.009801687108775, 47.86354723270073
11.056256546548052, 47.859798179698174
11.10271140598733, 47.85604912669561
11.149166265426608, 47.852300073693044
11.195621124865886, 47.848551020690486
11.242075984305163, 47.84480196768792
11.288530843744441, 47.841052914685356
11.334985703183717, 47.8373038616828
11.381440562622995, 47.83355480868023
11.427895422062273, 47.82980575567767
11.47435028150155, 47.8260567026751
11.520805140940828, 47.822307649672545
11.567260000380106, 47.81855859666998
11.613714859819384, 47.814809543667415
11.660169719258661, 47.81106049066486
11.706624578697937, 47.80731143766229
11.753079438137215, 47.80356238465973
11.799534297576493, 47.79981333165717
11.84598915701577, 47.796064278654605
11.892444016455048, 47.79231522565204
11.938898875894326, 47.788566172649475
11.985353735333604, 47.78481711964692
12.031808594772881, 47.78106806664435
12.07826345421216, 47.77731901364179
12.124718313651435, 47.77356996063923
12.171173173090713, 47.769820907636664
12.21762803252999, 47.7660718546341
12.264082891969268, 47.76232280163154
12.310537751408546, 47.758573748628976
12.356992610847824, 47.75482469562641
12.403447470287102, 47.75107564262385
12.44990232972638, 47.74732658962129
12.496357189165655, 47.74357753661872
12.542812048604933, 47.73982848361616
12.58926690804421, 47.7360794306136
12.635721767483489, 47.732330377611035
12.682176626922766, 47.72858132460847
12.728631486362044, 47.72483227160591
12.775086345801322, 47.72108321860335
12.8215412052406, 47.71733416560078
12.867996064679877, 47.713585112598224
12.914450924119153, 47.70983605959566
12.960905783558431, 47.706087006593094
13.007360642997709, 47.702337953590536
13.053815502436986, 47.69858890058797
13.100270361876264, 47.694839847585406
13.146725221315542, 47.69109079458284
13.19318008075482, 47.68734174158028
13.239634940194097, 47.68359268857772
13.286089799633373, 47.67984363557515
13.332544659072651, 47.676094582572595
13.378999518511929, 47.67234552957003
13.425454377951207, 47.668596476567465
13.471909237390484, 47.66484742356491
13.518364096829762, 47.66109837056234
13.56481895626904, 47.65734931755978
13.611273815708318, 47.65360026455721
13.657728675147595, 47.649851211554655
13.704183534586871, 47.64610215855209
13.750638394026149, 47.642353105549525
13.797093253465427, 47.63860405254697
13.843548112904704, 47.6348549995444
13.890002972343982, 47.63110594654184
13.93645783178326, 47.62735689353928
13.982912691222538, 47.623607840536714
14.029367550661815, 47.61985878753415
14.075822410101091, 47.61610973453159
14.122277269540369, 47.612360681529026
14.168732128979647, 47.60861162852646
14.215186988418925, 47.604862575523896
14.261641847858202, 47.60111352252134
14.30809670729748, 47.59736446951877
14.354551566736758, 47.59361541651621
14.401006426176036, 47.58986636351365
14.447461285615313, 47.586117310511085
14.49391614505459, 47.58236825750852
14.540371004493867, 47.57861920450596
14.586825863933145, 47.5748701515034
14.633280723372422, 47.57112109850083
14.6797355828117, 47.56737204549827
14.726190442250978, 47.56362299249571
14.772645301690256, 47.559873939493144
14.819100161129533, 47.55612488649058
14.86555502056881, 47.55237583348802
14.912009880008087, 47.548626780485456
14.958464739447365, 47.54487772748289
15.004919598886643, 47.54112867448033
15.05137445832592, 47.53737962147777
15.097829317765198, 47.5336305684752
15.144284177204476, 47.529881515472646
15.190739036643754, 47.52613246247008
15.237193896083031, 47.522383409467515
15.283648755522307, 47.51863435646495
15.330103614961585, 47.51488530346239
15.376558474400863, 47.51113625045983
15.42301333384014, 47.50738719745726
15.469468193279418, 47.503638144454705
15.515923052718696, 47.49988909145214
15.562377912157974, 47.496140038449575
15.608832771597251, 47.49239098544702
15.65528763103653, 47.48864193244445
15.701742490475805, 47.48489287944189
15.748197349915083, 47.48114382643932
15.79465220935436, 47.477394773436764
15.841107068793638, 47.4736457204342
15.887561928232916, 47.469896667431634
15.934016787672194, 47.466147614429076
15.980471647111472, 47.46239856142651
16.026926506550748, 47.458649508423946
16.073381365990027, 47.45490045542139
16.119836225429303, 47.45115140241882
16.166291084868583, 47.44740234941626
16.21274594430786, 47.4436532964137
16.259200803747135, 47.439904243411135
16.305655663186414, 47.43615519040857
16.35211052262569, 47.432406137406005
16.39856538206497, 47.42865708440345
16.445020241504245, 47.42490803140088
16.491475100943525, 47.42115897839832
16.5379299603828, 47.41740992539576
16.58438481982208, 47.413660872393194
16.630839679261356, 47.40991181939063
16.677294538700632, 47.40616276638807
16.723749398139912, 47.402413713385506
16.770204257579188, 47.39866466038294
16.816659117018467, 47.394915607380376
16.863113976457743, 47.39116655437782
16.909568835897023, 47.38741750137525
16.9560236953363, 47.38366844837269
17.00247855477558, 47.37991939537013
17.048933414214854, 47.376170342367566
17.09538827365413, 47.372421289365
17.14184313309341, 47.36867223636244
17.188297992532686, 47.36492318335988
17.234752851971965, 47.36117413035731
17.28120771141124, 47.357425077354755
17.32766257085052, 47.35367602435219
17.374117430289797, 47.349926971349625
17.420572289729076, 47.34617791834706
17.467027149168352, 47.3424288653445
17.513482008607628, 47.33867981234194
17.559936868046908, 47.33493075933937
17.606391727486184, 47.331181706336814
17.652846586925463, 47.32743265333425
17.69930144636474, 47.323683600331684
17.74575630580402, 47.319934547329126
17.792211165243295, 47.31618549432656
17.838666024682574, 47.312436441323996
17.88512088412185, 47.30868738832144
17.931575743561126, 47.30493833531887
17.978030603000406, 47.30118928231631
18.02448546243968, 47.29744022931374
18.07094032187896, 47.293691176311185
18.117395181318237, 47.28994212330862
18.163850040757517, 47.286193070306055
18.210304900196792, 47.2824440173035
18.25675975963607, 47.27869496430093
18.303214619075348, 47.27494591129837
18.349669478514624, 47.27119685829581
18.396124337953903, 47.267447805293244
18.44257919739318, 47.26369875229068
18.48903405683246, 47.259949699288114
18.535488916271735, 47.256200646285556
18.581943775711014, 47.25245159328299
18.62839863515029, 47.248702540280426
18.674853494589566, 47.24495348727787
18.721308354028846, 47.2412044342753
18.767763213468122, 47.23745538127274
18.8142180729074, 47.23370632827018
18.860672932346677, 47.229957275267616
18.907127791785957, 47.22620822226505
18.953582651225233, 47.22245916926249
19.000037510664512, 47.21871011625993
19.04649237010379, 47.21496106325736
19.092947229543064, 47.2112120102548
19.139402088982344, 47.20746295725224
19.18585694842162, 47.203713904249675
19.2323118078609, 47.19996485124711
19.278766667300175, 47.19621579824455
19.325221526739455, 47.19246674524199
19.37167638617873, 47.18871769223942
19.41813124561801, 47.184968639236864
19.464586105057286, 47.1812195862343
19.511040964496562, 47.177470533231734
19.55749582393584, 47.17372148022917
19.603950683375118, 47.16997242722661
19.650405542814397, 47.166223374224046
19.696860402253673, 47.16247432122148
19.743315261692953, 47.15872526821892
19.78977012113223, 47.15497621521636
19.836224980571505, 47.15122716221379
19.882679840010784, 47.147478109211235
19.92913469945006, 47.14372905620867
19.97558955888934, 47.139980003206105
20.022044418328615, 47.13623095020355
20.068499277767895, 47.13248189720098
20.11495413720717, 47.12873284419842
20.16140899664645, 47.12498379119585
20.207863856085726, 47.121234738193294
20.254318715525002, 47.11748568519073
20.300773574964282, 47.113736632188164
20.347228434403558, 47.109987579185606
20.393683293842837, 47.10623852618304
20.440138153282113, 47.102489473180476
20.486593012721393, 47.09874042017792
20.53304787216067, 47.09499136717535
20.57950273159995, 47.09124231417279
20.625957591039224, 47.08749326117022
20.6724124504785, 47.083744208167666
20.71886730991778, 47.0799951551651
20.765322169357056, 47.076246102162536
20.811777028796335, 47.07249704915998
20.85823188823561, 47.06874799615741
20.90468674767489, 47.06499894315485
20.951141607114167, 47.06124989015229
20.997596466553446, 47.057500837149725
21.044051325992722, 47.05375178414716
21.090506185431998, 47.0500027311446
21.136961044871278, 47.04625367814204
21.183415904310554, 47.04250462513947
21.229870763749833, 47.03875557213691
21.27632562318911, 47.03500651913435
21.32278048262839, 47.031257466131784
21.369235342067665, 47.02750841312922
21.41569020150694, 47.02375936012666
21.46214506094622, 47.020010307124096
21.508599920385496, 47.01626125412153
21.555054779824776, 47.01251220111897
21.60150963926405, 47.00876314811641
21.64796449870333, 47.00501409511384
21.694419358142607, 47.001265042111285
21.740874217581887, 46.99751598910872
21.787329077021163, 46.993766936106155
21.83378393646044, 46.99001788310359
21.880238795899718, 46.98626883010103
21.926693655338994, 46.98251977709847
21.973148514778273, 46.9787707240959
22.01960337421755, 46.975021671093344
22.06605823365683, 46.97127261809078
22.112513093096105, 46.967523565088214
22.158967952535384, 46.96377451208566
22.20542281197466, 46.96002545908309
22.251877671413936, 46.956276406080526
22.298332530853216, 46.95252735307796
22.344787390292492, 46.9487783000754
22.39124224973177, 46.94502924707284
22.437697109171047, 46.94128019407027
22.484151968610327, 46.937531141067716
22.530606828049603, 46.93378208806515
22.577061687488882, 46.930033035062586
22.62351654692816, 46.92628398206003
22.669971406367434, 46.92253492905746
22.716426265806714, 46.9187858760549
22.76288112524599, 46.91503682305234
22.80933598468527, 46.911287770049775
22.855790844124545, 46.90753871704721
22.902245703563825, 46.903789664044645
22.9487005630031, 46.90004061104209
22.995155422442377, 46.89629155803952
23.041610281881656, 46.89254250503696
23.088065141320932, 46.8887934520344
23.13452000076021, 46.885044399031834
23.180974860199488, 46.88129534602927
23.227429719638767, 46.87754629302671
23.273884579078043, 46.873797240024146
23.320339438517323, 46.87004818702158
23.3667942979566, 46.866299134019016
23.413249157395875, 46.86255008101646
23.459704016835154, 46.85880102801389
23.50615887627443, 46.85505197501133
23.55261373571371, 46.85130292200877
23.599068595152985, 46.847553869006205
23.645523454592265, 46.84380481600364
23.69197831403154, 46.84005576300108
23.73843317347082, 46.83630670999852
23.784888032910096, 46.83255765699595
23.831342892349372, 46.828808603993394
23.877797751788652, 46.82505955099083
23.924252611227928, 46.821310497988264
23.970707470667207, 46.8175614449857
24.017162330106483, 46.81381239198314
24.063617189545763, 46.81006333898058
24.11007204898504, 46.80631428597801
24.15652690842432, 46.802565232975454
24.202981767863594, 46.79881617997289
24.24943662730287, 46.795067126970324
24.29589148674215, 46.791318073967766
24.342346346181426, 46.7875690209652
24.388801205620705, 46.783819967962636
24.43525606505998, 46.78007091496008
24.48171092449926, 46.77632186195751
24.528165783938537, 46.77257280895495
24.574620643377816, 46.76882375595238
24.621075502817092, 46.765074702949825
24.667530362256368, 46.76132564994726
24.713985221695648, 46.757576596944695
24.760440081134924, 46.75382754394214
24.806894940574203, 46.75007849093957
24.85334980001348, 46.74632943793701
24.89980465945276, 46.74258038493445
24.946259518892035, 46.738831331931884
24.99271437833131, 46.73508227892932
25.03916923777059, 46.731333225926754
25.085624097209866, 46.727584172924196
25.132078956649146, 46.72383511992163
25.17853381608842, 46.720086066919066
25.2249886755277, 46.71633701391651
25.271443534966977, 46.71258796091394
25.317898394406257, 46.70883890791138
25.364353253845533, 46.70508985490882
25.41080811328481, 46.701340801906255
25.457262972724088, 46.69759174890369
25.503717832163364, 46.69384269590113
25.550172691602643, 46.69009364289857
25.59662755104192, 46.686344589896
25.6430824104812, 46.68259553689344
25.689537269920475, 46.67884648389088
25.735992129359754, 46.675097430888314
25.78244698879903, 46.67134837788575
25.828901848238306, 46.66759932488319
25.875356707677586, 46.66385027188063
25.921811567116862, 46.66010121887806
25.96826642655614, 46.656352165875504
26.014721285995417, 46.65260311287294
26.061176145434697, 46.648854059870374
26.107631004873973, 46.64510500686781
26.154085864313252, 46.64135595386525
26.20054072375253, 46.637606900862686
26.246995583191804, 46.63385784786012
26.293450442631084, 46.63010879485756
26.33990530207036, 46.626359741855
26.38636016150964, 46.62261068885243
26.432815020948915, 46.618861635849875
26.479269880388195, 46.61511258284731
26.52572473982747, 46.611363529844745
26.572179599266747, 46.60761447684219
26.618634458706026, 46.60386542383962
26.665089318145302, 46.60011637083706
26.71154417758458, 46.59636731783449
26.757999037023858, 46.592618264831934
26.804453896463137, 46.58886921182937
26.850908755902413, 46.585120158826804
26.897363615341693, 46.581371105824246
26.94381847478097, 46.57762205282168
26.990273334220245, 46.573872999819116
27.036728193659524, 46.57012394681656
27.0831830530988, 46.56637489381399
27.12963791253808, 46.56262584081143
27.176092771977356, 46.55887678780887
27.222547631416635, 46.555127734806305
27.26900249085591, 46.55137868180374
27.31545735029519, 46.547629628801175
27.361912209734466, 46.54388057579862
27.408367069173742, 46.54013152279605
27.454821928613022, 46.53638246979349
27.501276788052298, 46.53263341679093
27.547731647491577, 46.528884363788364
27.594186506930853, 46.5251353107858
27.640641366370133, 46.52138625778324
27.68709622580941, 46.51763720478068
27.73355108524869, 46.51388815177811
27.780005944687964, 46.51013909877555
27.82646080412724, 46.50639004577299
27.87291566356652, 46.502640992770424
27.919370523005796, 46.49889193976786
27.965825382445075, 46.4951428867653
28.01228024188435, 46.491393833762736
28.05873510132363, 46.48764478076017
28.105189960762907, 46.48389572775761
28.151644820202183, 46.48014667475505
28.198099679641462, 46.47639762175248
28.244554539080738, 46.47264856874992
28.291009398520018, 46.46889951574736
28.337464257959294, 46.465150462744795
28.383919117398573, 46.46140140974223
28.43037397683785, 46.45765235673967
28.47682883627713, 46.45390330373711
28.523283695716405, 46.45015425073454
28.56973855515568, 46.446405197731984
28.61619341459496, 46.44265614472942
28.662648274034236, 46.438907091726854
28.709103133473516, 46.435158038724296
28.75555799291279, 46.43140898572173
28.80201285235207, 46.427659932719166
28.848467711791347, 46.4239108797166
28.894922571230627, 46.42016182671404
28.941377430669903, 46.41641277371148
28.98783229010918, 46.41266372070891
29.034287149548458, 46.408914667706355
29.080742008987734, 46.40516561470379
29.127196868427013, 46.401416561701225
29.17365172786629, 46.39766750869867
29.22010658730557, 46.3939184556961
29.266561446744845, 46.39016940269354
29.313016306184124, 46.38642034969098
29.3594711656234, 46.382671296688414
29.405926025062676, 46.37892224368585
29.452380884501956, 46.375173190683284
29.498835743941232, 46.37142413768073
29.54529060338051, 46.36767508467816
29.591745462819787, 46.3639260316756
29.638200322259067, 46.36017697867304
29.684655181698343, 46.356427925670474
29.73111004113762, 46.35267887266791
29.7775649005769, 46.34892981966535
29.824019760016174, 46.345180766662786
29.870474619455454, 46.34143171366022
29.91692947889473, 46.337682660657656
29.96338433833401, 46.3339336076551
30.009839197773285, 46.33018455465253
30.056294057212565, 46.32643550164997
30.10274891665184, 46.32268644864741
30.149203776091117, 46.318937395644845
30.195658635530396, 46.31518834264228
30.242113494969672, 46.31143928963972
30.28856835440895, 46.30769023663716
30.335023213848228, 46.30394118363459
30.381478073287507, 46.30019213063203
30.427932932726783, 46.29644307762947
30.474387792166063, 46.292694024626904
30.52084265160534, 46.28894497162434
30.567297511044615, 46.28519591862178
30.613752370483894, 46.281446865619216
30.66020722992317, 46.27769781261665
30.70666208936245, 46.27394875961409
30.753116948801726, 46.27019970661153
30.799571808241005, 46.26645065360896
30.84602666768028, 46.262701600606405
30.89248152711956, 46.25895254760384
30.938936386558836, 46.255203494601275
30.985391245998112, 46.25145444159871
31.031846105437392, 46.24770538859615
31.078300964876668, 46.24395633559359
31.124755824315947, 46.24020728259102
31.171210683755223, 46.236458229588465
31.217665543194503, 46.2327091765859
31.26412040263378, 46.228960123583335
31.31057526207306, 46.22521107058078
31.357030121512334, 46.22146201757821
31.40348498095161, 46.21771296457565
31.44993984039089, 46.21396391157309
31.496394699830166, 46.210214858570524
31.542849559269445, 46.20646580556796
31.58930441870872, 46.202716752565394
31.635759278148, 46.198967699562836
31.682214137587277, 46.19521864656027
31.728668997026553, 46.191469593557706
31.775123856465832, 46.18772054055515
31.82157871590511, 46.18397148755258
31.868033575344388, 46.18022243455002
31.914488434783664, 46.17647338154746
31.960943294222943, 46.172724328544895
32.00739815366222, 46.16897527554233
32.053853013101495, 46.16522622253977
32.100307872540775, 46.16147716953721
32.146762731980054, 46.15772811653464
32.19321759141933, 46.15397906353208
32.239672450858606, 46.15023001052952
32.286127310297886, 46.146480957526954
32.332582169737165, 46.14273190452439
32.37903702917644, 46.13898285152183
32.42549188861572, 46.135233798519266
32.471946748055, 46.1314847455167
32.51840160749427, 46.12773569251414
32.56485646693355, 46.12398663951158
32.61131132637283, 46.12023758650901
32.65776618581211, 46.11648853350645
32.70422104525138, 46.11273948050389
32.75067590469066, 46.108990427501325
32.79713076412994, 46.10524137449876
32.84358562356922, 46.1014923214962
32.89004048300849, 46.09774326849364
32.93649534244777, 46.09399421549107
32.98295020188705, 46.090245162488515
33.02940506132632, 46.08649610948595
33.0758599207656, 46.082747056483385
33.12231478020488, 46.07899800348082
33.16876963964416, 46.07524895047826
33.21522449908343, 46.0714998974757
33.26167935852271, 46.06775084447313
33.30813421796199, 46.064001791470574
33.354589077401265, 46.06025273846801
33.401043936840544, 46.056503685465444
33.447498796279824, 46.052754632462886
33.4939536557191, 46.04900557946032
33.540408515158376, 46.045256526457756
33.586863374597655, 46.0415074734552
33.633318234036935, 46.03775842045263
33.679773093476214, 46.03400936745007
33.72622795291549, 46.0302603144475
33.772682812354766, 46.026511261444945
33.819137671794046, 46.02276220844238
33.86559253123332, 46.019013155439815
33.9120473906726, 46.01526410243726
33.95850225011188, 46.01151504943469
34.00495710955116, 46.00776599643213
34.05141196899043, 46.00401694342957
34.09786682842971, 46.000267890427004
34.14432168786899, 45.99651883742444
34.19077654730826, 45.99276978442188
34.23723140674754, 45.989020731419316
34.28368626618682, 45.98527167841675
34.3301411256261, 45.981522625414186
34.37659598506537, 45.97777357241163
34.42305084450465, 45.97402451940906
34.46950570394393, 45.9702754664065
34.5159605633832, 45.96652641340394
34.56241542282248, 45.962777360401375
34.60887028226176, 45.95902830739881
34.65532514170104, 45.95527925439625
34.701780001140314, 45.95153020139369
34.74823486057959, 45.94778114839112
34.79468972001887, 45.94403209538856
34.84114457945815, 45.940283042386
34.887599438897425, 45.936533989383435
34.934054298336704, 45.93278493638087
34.980509157775984, 45.92903588337831
35.026964017215256, 45.92528683037575
35.073418876654536, 45.92153777737318
35.119873736093815, 45.917788724370624
35.166328595533095, 45.91403967136806
35.21278345497237, 45.910290618365494
35.25923831441165, 45.90654156536293
35.305693173850926, 45.90279251236037
35.3521480332902, 45.899043459357806
35.39860289272948, 45.89529440635524
35.44505775216876, 45.89154535335268
35.49151261160804, 45.88779630035012
35.53796747104731, 45.88404724734755
35.58442233048659, 45.880298194344995
35.63087718992587, 45.87654914134243
35.67733204936515, 45.872800088339865
35.72378690880442, 45.86905103533731
35.7702417682437, 45.86530198233474
35.81669662768298, 45.86155292933218
35.86315148712225, 45.85780387632961
35.90960634656153, 45.854054823327054
35.95606120600081, 45.85030577032449
36.00251606544009, 45.846556717321924
36.04897092487936, 45.842807664319366
36.09542578431864, 45.8390586113168
36.14188064375792, 45.835309558314236
36.188335503197194, 45.83156050531168
36.234790362636474, 45.82781145230911
36.28124522207575, 45.82406239930655
36.32770008151503, 45.82031334630399
36.374154940954305, 45.816564293301425
36.420609800393585, 45.81281524029886
36.467064659832864, 45.809066187296295
36.51351951927214, 45.80531713429374
36.559974378711416, 45.80156808129117
36.606429238150696, 45.79781902828861
36.652884097589975, 45.79406997528605
36.69933895702925, 45.790320922283485
36.74579381646853, 45.78657186928092
36.79224867590781, 45.78282281627836
36.838703535347086, 45.7790737632758
36.88515839478636, 45.77532471027323
36.93161325422564, 45.771575657270674
36.97806811366492, 45.76782660426811
37.02452297310419, 45.764077551265544
37.07097783254347, 45.76032849826298
37.11743269198275, 45.75657944526042
37.16388755142203, 45.752830392257856
37.2103424108613, 45.74908133925529
37.25679727030058, 45.74533228625273
37.30325212973986, 45.74158323325017
37.34970698917913, 45.7378341802476
37.39616184861841, 45.734085127245045
37.44261670805769, 45.73033607424248
37.48907156749697, 45.726587021239915
37.535526426936244, 45.72283796823736
37.58198128637552, 45.71908891523479
37.6284361458148, 45.71533986223223
37.674891005254075, 45.71159080922966
37.721345864693355, 45.707841756227104
37.767800724132634, 45.70409270322454
37.814255583571914, 45.700343650221974
37.860710443011186, 45.696594597219416
37.907165302450466, 45.69284554421685
37.953620161889745, 45.689096491214286
38.000075021329025, 45.68534743821172
38.0465298807683, 45.68159838520916
38.09298474020758, 45.6778493322066
38.139439599646856, 45.67410027920403
38.18589445908613, 45.670351226201475
38.23234931852541, 45.66660217319891
38.27880417796469, 45.662853120196345
38.32525903740397, 45.65910406719379
38.37171389684324, 45.65535501419122
38.41816875628252, 45.65160596118866
38.4646236157218, 45.6478569081861
38.51107847516107, 45.644107855183535
38.55753333460035, 45.64035880218097
38.60398819403963, 45.636609749178405
38.65044305347891, 45.63286069617585
38.69689791291818, 45.62911164317328
38.74335277235746, 45.62536259017072
38.78980763179674, 45.62161353716816
38.83626249123602, 45.617864484165594
38.88271735067529, 45.61411543116303
38.92917221011457, 45.61036637816047
38.97562706955385, 45.606617325157906
39.022081928993124, 45.60286827215534
39.068536788432404, 45.59911921915278
39.11499164787168, 45.59537016615022
39.16144650731096, 45.59162111314765
39.207901366750235, 45.58787206014509
39.254356226189515, 45.58412300714253
39.300811085628794, 45.580373954139965
39.34726594506807, 45.5766249011374
39.393720804507346, 45.57287584813484
39.440175663946626, 45.56912679513228
39.486630523385905, 45.56537774212971
39.53308538282518, 45.561628689127154
39.57954024226446, 45.55787963612459
39.62599510170374, 45.554130583122024
39.67244996114301, 45.550381530119466
39.71890482058229, 45.5466324771169
39.76535968002157, 45.542883424114336
39.81181453946085, 45.53913437111177
39.85826939890012, 45.53538531810921
39.9047242583394, 45.53163626510665
39.95117911777868, 45.52788721210408
39.99763397721796, 45.40609003639601
40.04408883665723, 45.249321626434956
40.09054369609651, 45.09255321647389
40.13699855553579, 44.935784806512814
40.18345341497506, 44.77901639655177
40.22990827441434, 44.6222479865907
40.27636313385362, 44.465479576629626
40.3228179932929, 44.30871116666856
40.36927285273217, 44.15194275670751
40.41572771217145, 43.99517434674644
40.46218257161073, 43.83840593678537
40.508637431050005, 43.68163752682432
40.555092290489284, 43.52486911686325
40.601547149928564, 43.36810070690218
40.64800200936784, 43.21133229694111
40.694456868807116, 43.05456388698006
40.740911728246395, 42.89779547701899
40.787366587685675, 42.74102706705792
40.83382144712495, 42.584258657096875
40.88027630656423, 42.4274902471358
40.926731166003506, 42.27072183717473
40.973186025442786, 42.11395342721366
41.01964088488206, 41.95718501725261
41.06609574432134, 41.800416607291545
41.11255060376062, 41.64364819733047
41.1590054631999, 41.4868797873694
41.20546032263917, 41.33011137740836
41.25191518207845, 41.17334296744728
41.29837004151773, 41.01657455748621
41.344824900957, 40.85980614752516
41.39127976039628, 40.703037737564095
41.43773461983556, 40.54626932760302
41.48418947927484, 40.38950091764195
41.53064433871411, 40.23273250768091
41.57709919815339, 40.07596409771983
41.62355405759267, 39.919195687758766
41.67000891703194, 39.76242727779771
41.71646377647122, 39.605658867836645
41.7629186359105, 39.44889045787558
41.80937349534978, 39.2921220479145
41.855828354789054, 39.13535363795346
41.90228321422833, 38.97858522799238
41.94873807366761, 38.821816818031316
41.99519293310689, 38.66504840807024
42.041647792546165, 38.508279998109195
42.088102651985444, 38.35151158814813
42.134557511424724, 38.19474317818705
42.181012370863996, 38.03797476822601
42.227467230303276, 37.88120635826494
42.273922089742555, 37.724437948303866
42.320376949181835, 37.5676695383428
42.36683180862111, 37.41090112838175
42.41328666806039, 37.25413271842068
42.459741527499666, 37.0973643084596
42.50619638693894, 36.94059589849856
42.55265124637822, 36.78382748853749
42.5991061058175, 36.627059078576416
42.64556096525678, 36.47029066861535
42.69201582469605, 36.3135222586543
42.73847068413533, 36.15675384869323
42.78492554357461, 35.99998543873216
42.83138040301388, 35.84321702877111
42.87783526245316, 35.68644861881004
42.92429012189244, 35.52968020884897
42.97074498133172, 35.3729117988879
43.01719984077099, 35.21614338892685
43.06365470021027, 35.05937497896578
43.11010955964955, 34.90260656900471
43.15656441908883, 34.74583815904364
43.2030192785281, 34.58906974908259
43.24947413796738, 34.43230133912152
43.29592899740666, 34.27553292916045
43.342383856845935, 34.1187645191994
43.388838716285214, 33.961996109238335
43.435293575724494, 33.80522769927726
43.48174843516377, 33.64845928931619
43.528203294603045, 33.49169087935515
43.574658154042325, 33.33492246939407
43.621113013481605, 33.178154059433
43.66756787292088, 33.02138564947195
43.71402273236016, 32.864617239510885
43.760477591799436, 32.70784882954982
43.806932451238715, 32.55108041958874
43.85338731067799, 32.3943120096277
43.89984217011727, 32.23754359966662
43.94629702955655, 32.080775189705555
43.99275188899583, 31.92400677974448
44.0392067484351, 31.767238369783435
44.08566160787438, 31.610469959822368
44.13211646731366, 31.453701549861293
44.17857132675293, 31.296933139900247
44.22502618619221, 31.140164729939176
44.27148104563149, 30.983396319978105
44.31793590507077, 30.826627910017034
44.36439076451004, 30.66985950005599
44.41084562394932, 30.513091090094917
44.4573004833886, 30.356322680133847
44.50375534282787, 30.199554270172797
44.55021020226715, 30.04278586021173
44.59666506170643, 29.886017450250655
44.64311992114571, 29.729249040289588
44.689574780584984, 29.572480630328542
44.73602964002426, 29.415712220367467
44.78248449946354, 29.258943810406397
44.828939358902815, 29.10217540044535
44.875394218342095, 28.94540699048428
44.921849077781374, 28.78863858052321
44.968303937220654, 28.631870170562138
45.014758796659926, 28.475101760601092
45.061213656099206, 28.31833335064002
45.107668515538485, 28.16156494067895
45.154123374977765, 28.00479653071788
45.20057823441704, 27.84802812075683
45.24703309385632, 27.69125971079576
45.293487953295596, 27.534491300834688
45.33994281273487, 27.377722890873642
45.38639767217415, 27.22095448091257
45.43285253161343, 27.0641860709515
45.47930739105271, 26.90741766099043
45.52576225049198, 26.750649251029383
45.57221710993126, 26.593880841068312
45.61867196937054, 26.43711243110724
45.66512682880981, 26.280344021146195
45.71158168824909, 26.123575611185125
45.75803654768837, 25.966807201224054
45.80449140712765, 25.810038791262983
45.85094626656692, 25.653270381301933
45.8974011260062, 25.496501971340862
45.94385598544548, 25.33973356137979
45.99031084488475, 25.182965151418745
46.03676570432403, 25.026196741457674
46.08322056376331, 24.869428331496604
46.12967542320259, 24.712659921535533
46.176130282641864, 24.555891511574487
46.222585142081144, 24.399123101613416
46.26904000152042, 24.242354691652345
46.3154948609597, 24.085586281691274
46.361949720398975, 23.928817871730228
46.408404579838255, 23.772049461769157
