Parameters: [51.08183842831751, 15.934545250315942, 14.68190839381711, 40.479422672084034, 3.538769465363857, -0.0705960879543718, -3.2527893849689624]
Points:
0.0, 15.934545250315942
0.05113297139971723, 16.115493048178585
0.10226594279943446, 16.29644084604123
0.1533989141991517, 16.477388643903872
0.20453188559886892, 16.65833644176651
0.25566485699858615, 16.839284239629155
0.3067978283983034, 17.020232037491798
0.3579307997980206, 17.20117983535444
0.40906377119773785, 17.382127633217085
0.4601967425974551, 17.563075431079728
0.5113297139971723, 17.74402322894237
0.5624626853968895, 17.92497102680501
0.6135956567966068, 18.105918824667654
0.6647286281963241, 18.286866622530297
0.7158615995960412, 18.46781442039294
0.7669945709957584, 18.648762218255584
0.8181275423954757, 18.829710016118227
0.869260513795193, 19.01065781398087
0.9203934851949102, 19.19160561184351
0.9715264565946273, 19.372553409706153
1.0226594279943446, 19.553501207568797
1.073792399394062, 19.73444900543144
1.124925370793779, 19.915396803294083
1.1760583421934963, 20.096344601156723
1.2271913135932135, 20.277292399019366
1.2783242849929308, 20.45824019688201
1.3294572563926481, 20.639187994744653
1.3805902277923652, 20.820135792607296
1.4317231991920825, 21.00108359046994
1.4828561705917997, 21.182031388332582
1.5339891419915168, 21.362979186195226
1.585122113391234, 21.54392698405787
1.6362550847909514, 21.72487478192051
1.6873880561906687, 21.905822579783152
1.738521027590386, 22.086770377645795
1.789653998990103, 22.26771817550844
1.8407869703898203, 22.44866597337108
1.8919199417895376, 22.629613771233725
1.9430529131892547, 22.810561569096365
1.994185884588972, 22.991509366959008
2.0453188559886892, 23.17245716482165
2.0964518273884063, 23.353404962684294
2.147584798788124, 23.534352760546938
2.198717770187841, 23.71530055840958
2.249850741587558, 23.89624835627222
2.3009837129872754, 24.077196154134867
2.3521166843869925, 24.258143951997507
2.40324965578671, 24.439091749860154
2.454382627186427, 24.620039547722794
2.505515598586144, 24.800987345585433
2.5566485699858617, 24.98193514344808
2.6077815413855787, 25.16288294131072
2.6589145127852962, 25.343830739173363
2.7100474841850133, 25.524778537036006
2.7611804555847304, 25.70572633489865
2.812313426984448, 25.886674132761293
2.863446398384165, 26.067621930623936
2.914579369783882, 26.24856972848658
2.9657123411835995, 26.429517526349223
3.0168453125833166, 26.610465324211866
3.0679782839830336, 26.791413122074506
3.119111255382751, 26.97236091993715
3.170244226782468, 27.153308717799792
3.2213771981821857, 27.334256515662435
3.2725101695819028, 27.515204313525075
3.32364314098162, 27.69615211138772
3.3747761123813373, 27.87709990925036
3.4259090837810544, 28.058047707113005
3.477042055180772, 28.238995504975648
3.528175026580489, 28.41994330283829
3.579307997980206, 28.600891100700935
3.6304409693799236, 28.781838898563578
3.6815739407796406, 28.96278669642622
3.7327069121793577, 29.14373449428886
3.783839883579075, 29.324682292151508
3.8349728549787923, 29.505630090014147
3.8861058263785093, 29.686577887876787
3.937238797778227, 29.867525685739434
3.988371769177944, 30.048473483602073
4.039504740577661, 30.229421281464717
4.0906377119773785, 30.41036907932736
4.1417706833770955, 30.591316877190003
4.192903654776813, 30.772264675052647
4.2440366261765305, 30.95321247291529
4.295169597576248, 31.134160270777933
4.346302568975965, 31.315108068640576
4.397435540375682, 31.49605586650322
4.448568511775399, 31.67700366436586
4.499701483175116, 31.8579514622285
4.550834454574834, 32.03889926009114
4.601967425974551, 32.219847057953785
4.653100397374268, 32.40079485581643
4.704233368773985, 32.58174265367907
4.755366340173702, 32.762690451541715
4.80649931157342, 32.94363824940436
4.857632282973137, 33.124586047267
4.908765254372854, 33.305533845129645
4.959898225772571, 33.48648164299229
5.011031197172288, 33.66742944085493
5.062164168572006, 33.848377238717575
5.113297139971723, 34.02932503658022
5.16443011137144, 34.21027283444286
5.215563082771157, 34.391220632305505
5.2666960541708745, 34.57216843016815
5.3178290255705924, 34.75311622803079
5.3689619969703095, 34.934064025893434
5.420094968370027, 35.11501182375608
5.471227939769744, 35.295959621618714
5.522360911169461, 35.47690741948136
5.573493882569178, 35.657855217344
5.624626853968896, 35.83880301520664
5.675759825368613, 36.01975081306929
5.72689279676833, 36.20069861093193
5.778025768168047, 36.381646408794566
5.829158739567764, 36.56259420665721
5.880291710967482, 36.74354200451986
5.931424682367199, 36.924489802382496
5.982557653766916, 37.10543760024514
6.033690625166633, 37.28638539810778
6.08482359656635, 37.467333195970426
6.135956567966067, 37.64828099383307
6.187089539365785, 37.82922879169571
6.238222510765502, 38.010176589558355
6.289355482165219, 38.191124387421
6.340488453564936, 38.37207218528364
6.3916214249646535, 38.553019983146285
6.442754396364371, 38.73396778100893
6.4938873677640885, 38.91491557887157
6.5450203391638055, 39.095863376734215
6.596153310563523, 39.27681117459686
6.64728628196324, 39.4577589724595
6.698419253362958, 39.638706770322145
6.749552224762675, 39.81965456818479
6.800685196162392, 40.00060236604743
6.851818167562109, 40.18155016391007
6.902951138961826, 40.36249796177271
6.954084110361544, 40.54344575963536
7.005217081761261, 40.724393557498
7.056350053160978, 40.90534135536064
7.107483024560695, 41.086289153223284
7.158615995960412, 41.26723695108592
7.209748967360129, 41.44818474894856
7.260881938759847, 41.62913254681121
7.312014910159564, 41.81008034467385
7.363147881559281, 41.99102814253649
7.414280852958998, 42.171975940399136
7.465413824358715, 42.35292373826178
7.516546795758433, 42.53387153612442
7.56767976715815, 42.714819333987066
7.6188127385578674, 42.89576713184971
7.6699457099575845, 43.07671492971235
7.721078681357302, 43.257662727574996
7.772211652757019, 43.43861052543764
7.823344624156737, 43.61955832330028
7.874477595556454, 43.800506121162925
7.925610566956171, 43.98145391902557
7.976743538355888, 44.16240171688821
8.027876509755606, 44.343349514750855
8.079009481155323, 44.5242973126135
8.13014245255504, 44.70524511047614
8.181275423954757, 44.886192908338785
8.232408395354474, 45.06714070620142
8.283541366754191, 45.248088504064064
8.334674338153908, 45.42903630192671
8.385807309553625, 45.609984099789344
8.436940280953342, 45.79093189765199
8.488073252353061, 45.971879695514644
8.539206223752778, 46.15282749337728
8.590339195152495, 46.333775291239924
8.641472166552212, 46.51472308910257
8.69260513795193, 46.6956708869652
8.743738109351646, 46.87661868482785
8.794871080751363, 47.05756648269049
8.84600405215108, 47.23851428055313
8.897137023550798, 47.419462078415776
8.948269994950515, 47.60040987627842
8.999402966350232, 47.78135767414106
9.05053593774995, 47.962305472003706
9.101668909149668, 48.14325326986635
9.152801880549385, 48.32420106772899
9.203934851949102, 48.505148865591636
9.255067823348819, 48.68609666345428
9.306200794748536, 48.86704446131692
9.357333766148253, 49.047992259179566
9.40846673754797, 49.2289400570422
9.459599708947687, 49.409887854904845
9.510732680347404, 49.59083565276749
9.561865651747123, 49.77178345063014
9.61299862314684, 49.95273124849278
9.664131594546557, 50.13367904635542
9.715264565946274, 50.31462684421806
9.766397537345991, 50.495574642080705
9.817530508745708, 50.67652243994335
9.868663480145425, 50.85747023780599
9.919796451545142, 51.038418035668634
9.97092942294486, 51.21936583353128
10.022062394344577, 51.400313631393914
10.073195365744294, 51.58126142925656
10.124328337144012, 51.76220922711921
10.17546130854373, 51.94315702498185
10.226594279943447, 52.124104822844494
10.277727251343164, 52.30505262070714
10.32886022274288, 52.48600041856977
10.379993194142598, 52.66694821643242
10.431126165542315, 52.84789601429506
10.482259136942032, 53.0288438121577
10.533392108341749, 53.209791610020346
10.584525079741466, 53.39073940788299
10.635658051141185, 53.57168720574563
10.686791022540902, 53.752635003608276
10.737923993940619, 53.93358280147092
10.789056965340336, 54.11453059933356
10.840189936740053, 54.295478397196206
10.89132290813977, 54.47642619505885
10.942455879539487, 54.657373992921485
10.993588850939204, 54.83832179078413
11.044721822338921, 55.01926958864677
11.095854793738638, 55.200217386509415
11.146987765138356, 55.38116518437206
11.198120736538074, 55.5621129822347
11.249253707937791, 55.743060780097345
11.300386679337509, 55.92400857795999
11.351519650737226, 56.10495637582263
11.402652622136943, 56.285904173685275
11.45378559353666, 56.46685197154792
11.504918564936377, 56.64779976941056
11.556051536336094, 56.8287475672732
11.607184507735811, 57.00969536513584
11.658317479135528, 57.190643162998484
11.709450450535245, 57.37159096086113
11.760583421934964, 57.55253875872378
11.811716393334681, 57.73348655658641
11.862849364734398, 57.91443435444906
11.913982336134115, 58.0953821523117
11.965115307533832, 58.27632995017434
12.01624827893355, 58.45727774803699
12.067381250333266, 58.63822554589963
12.118514221732983, 58.81917334376227
12.1696471931327, 59.00012114162491
12.220780164532417, 59.18106893948755
12.271913135932135, 59.362016737350196
12.323046107331853, 59.542964535212846
12.37417907873157, 59.72391233307549
12.425312050131287, 59.90486013093813
12.476445021531005, 60.08580792880077
12.527577992930722, 60.26675572666341
12.578710964330439, 60.447703524526055
12.629843935730156, 60.6286513223887
12.680976907129873, 60.80959912025134
12.73210987852959, 60.990546918113985
12.783242849929307, 61.17149471597662
12.834375821329026, 61.35244251383927
12.885508792728743, 61.533390311701915
12.93664176412846, 61.71433810956456
12.987774735528177, 61.8952859074272
13.038907706927894, 62.076233705289845
13.090040678327611, 62.25718150315248
13.141173649727328, 62.438129301015124
13.192306621127045, 62.61907709887777
13.243439592526762, 62.80002489674041
13.29457256392648, 62.980972694603054
13.345705535326196, 63.1619204924657
13.396838506725915, 63.34286829032834
13.447971478125632, 63.52381608819098
13.49910444952535, 63.70476388605363
13.550237420925066, 63.88571168391627
13.601370392324784, 64.06665948177891
13.6525033637245, 64.24760727964156
13.703636335124218, 64.4285550775042
13.754769306523935, 64.60950287536684
13.805902277923652, 64.79045067322949
13.857035249323369, 64.97139847109213
13.908168220723088, 65.15234626895477
13.959301192122805, 65.33329406681742
14.010434163522522, 65.51424186468006
14.061567134922239, 65.6951896625427
14.112700106321956, 65.87613746040535
14.163833077721673, 66.05708525826799
14.21496604912139, 66.23803305613063
14.266099020521107, 66.41898085399328
14.317231991920824, 66.5999286518559
14.368364963320541, 66.78087644971855
14.419497934720258, 66.96182424758119
14.470630906119977, 67.14277204544385
14.521763877519694, 67.32371984330649
14.572896848919411, 67.50466764116912
14.624029820319128, 67.68561543903176
14.675162791718845, 67.86656323689441
14.726295763118562, 67.88730079299798
14.77742873451828, 67.88369100525168
14.828561705917997, 67.88008121750538
14.879694677317714, 67.87647142975906
14.93082764871743, 67.87286164201277
14.981960620117148, 67.86925185426647
15.033093591516867, 67.86564206652017
15.084226562916584, 67.86203227877385
15.1353595343163, 67.85842249102755
15.186492505716018, 67.85481270328125
15.237625477115735, 67.85120291553496
15.288758448515452, 67.84759312778864
15.339891419915169, 67.84398334004234
15.391024391314886, 67.84037355229604
15.442157362714603, 67.83676376454974
15.49329033411432, 67.83315397680343
15.544423305514037, 67.82954418905713
15.595556276913756, 67.82593440131083
15.646689248313473, 67.82232461356453
15.69782221971319, 67.81871482581822
15.748955191112907, 67.81510503807192
15.800088162512624, 67.81149525032562
15.851221133912341, 67.80788546257932
15.902354105312059, 67.80427567483301
15.953487076711776, 67.80066588708671
16.004620048111494, 67.79705609934041
16.05575301951121, 67.79344631159411
16.10688599091093, 67.7898365238478
16.158018962310646, 67.7862267361015
16.209151933710363, 67.7826169483552
16.26028490511008, 67.7790071606089
16.311417876509797, 67.77539737286259
16.362550847909514, 67.77178758511629
16.41368381930923, 67.76817779736999
16.464816790708948, 67.76456800962369
16.515949762108665, 67.76095822187737
16.567082733508382, 67.75734843413107
16.6182157049081, 67.75373864638478
16.669348676307816, 67.75012885863848
16.720481647707533, 67.74651907089216
16.77161461910725, 67.74290928314586
16.822747590506967, 67.73929949539956
16.873880561906685, 67.73568970765326
16.925013533306405, 67.73207991990695
16.976146504706122, 67.72847013216065
17.02727947610584, 67.72486034441435
17.078412447505556, 67.72125055666805
17.129545418905273, 67.71764076892174
17.18067839030499, 67.71403098117544
17.231811361704708, 67.71042119342914
17.282944333104425, 67.70681140568284
17.33407730450414, 67.70320161793653
17.38521027590386, 67.69959183019023
17.436343247303576, 67.69598204244393
17.487476218703293, 67.69237225469763
17.53860919010301, 67.68876246695132
17.589742161502727, 67.68515267920502
17.640875132902444, 67.68154289145872
17.69200810430216, 67.67793310371242
17.743141075701878, 67.6743233159661
17.794274047101595, 67.6707135282198
17.845407018501312, 67.66710374047351
17.89653998990103, 67.66349395272721
17.947672961300746, 67.6598841649809
17.998805932700463, 67.6562743772346
18.049938904100184, 67.6526645894883
18.1010718754999, 67.649054801742
18.152204846899618, 67.64544501399568
18.203337818299335, 67.64183522624938
18.254470789699052, 67.63822543850308
18.30560376109877, 67.63461565075679
18.356736732498486, 67.63100586301047
18.407869703898204, 67.62739607526417
18.45900267529792, 67.62378628751787
18.510135646697638, 67.62017649977157
18.561268618097355, 67.61656671202526
18.612401589497072, 67.61295692427896
18.66353456089679, 67.60934713653266
18.714667532296506, 67.60573734878636
18.765800503696223, 67.60212756104005
18.81693347509594, 67.59851777329375
18.868066446495657, 67.59490798554745
18.919199417895374, 67.59129819780115
18.97033238929509, 67.58768841005484
19.02146536069481, 67.58407862230854
19.072598332094525, 67.58046883456224
19.123731303494246, 67.57685904681594
19.174864274893963, 67.57324925906963
19.22599724629368, 67.56963947132333
19.277130217693397, 67.56602968357703
19.328263189093114, 67.56241989583073
19.37939616049283, 67.55881010808442
19.43052913189255, 67.55520032033812
19.481662103292265, 67.55159053259182
19.532795074691983, 67.54798074484552
19.5839280460917, 67.5443709570992
19.635061017491417, 67.5407611693529
19.686193988891134, 67.5371513816066
19.73732696029085, 67.5335415938603
19.788459931690568, 67.52993180611399
19.839592903090285, 67.5263220183677
19.890725874490002, 67.5227122306214
19.94185884588972, 67.5191024428751
19.992991817289436, 67.51549265512878
20.044124788689153, 67.51188286738248
20.09525776008887, 67.50827307963618
20.146390731488587, 67.50466329188988
20.197523702888308, 67.50105350414357
20.248656674288025, 67.49744371639727
20.299789645687742, 67.49383392865097
20.35092261708746, 67.49022414090467
20.402055588487176, 67.48661435315836
20.453188559886893, 67.48300456541206
20.50432153128661, 67.47939477766576
20.555454502686327, 67.47578498991946
20.606587474086044, 67.47217520217315
20.65772044548576, 67.46856541442685
20.70885341688548, 67.46495562668055
20.759986388285196, 67.46134583893425
20.811119359684913, 67.45773605118794
20.86225233108463, 67.45412626344164
20.913385302484347, 67.45051647569534
20.964518273884064, 67.44690668794904
21.01565124528378, 67.44329690020272
21.066784216683498, 67.43968711245643
21.117917188083215, 67.43607732471013
21.169050159482932, 67.43246753696383
21.22018313088265, 67.42885774921751
21.27131610228237, 67.42524796147121
21.322449073682087, 67.42163817372492
21.373582045081804, 67.41802838597862
21.42471501648152, 67.4144185982323
21.475847987881238, 67.410808810486
21.526980959280955, 67.4071990227397
21.578113930680672, 67.4035892349934
21.62924690208039, 67.39997944724709
21.680379873480106, 67.39636965950079
21.731512844879823, 67.39275987175449
21.78264581627954, 67.3891500840082
21.833778787679258, 67.3855402962619
21.884911759078975, 67.38193050851558
21.93604473047869, 67.37832072076928
21.98717770187841, 67.37471093302298
22.038310673278126, 67.37110114527668
22.089443644677843, 67.36749135753037
22.14057661607756, 67.36388156978407
22.191709587477277, 67.36027178203777
22.242842558876994, 67.35666199429147
22.29397553027671, 67.35305220654516
22.345108501676428, 67.34944241879886
22.39624147307615, 67.34583263105256
22.447374444475866, 67.34222284330625
22.498507415875583, 67.33861305555995
22.5496403872753, 67.33500326781365
22.600773358675017, 67.33139348006735
22.651906330074734, 67.32778369232105
22.70303930147445, 67.32417390457474
22.754172272874168, 67.32056411682844
22.805305244273885, 67.31695432908214
22.856438215673602, 67.31334454133584
22.90757118707332, 67.30973475358952
22.958704158473036, 67.30612496584322
23.009837129872754, 67.30251517809693
23.06097010127247, 67.29890539035063
23.112103072672188, 67.29529560260431
23.163236044071905, 67.29168581485801
23.214369015471622, 67.28807602711171
23.26550198687134, 67.28446623936541
23.316634958271056, 67.2808564516191
23.367767929670773, 67.2772466638728
23.41890090107049, 67.2736368761265
23.47003387247021, 67.2700270883802
23.521166843869928, 67.26641730063389
23.572299815269645, 67.26280751288759
23.623432786669362, 67.25919772514129
23.67456575806908, 67.25558793739499
23.725698729468796, 67.25197814964868
23.776831700868513, 67.24836836190238
23.82796467226823, 67.24475857415608
23.879097643667947, 67.24114878640978
23.930230615067664, 67.23753899866347
23.98136358646738, 67.23392921091717
24.0324965578671, 67.23031942317087
24.083629529266815, 67.22670963542457
24.134762500666533, 67.22309984767826
24.18589547206625, 67.21949005993196
24.237028443465967, 67.21588027218566
24.288161414865684, 67.21227048443936
24.3392943862654, 67.20866069669304
24.390427357665118, 67.20505090894675
24.441560329064835, 67.20144112120045
24.492693300464552, 67.19783133345415
24.54382627186427, 67.19422154570783
24.59495924326399, 67.19061175796153
24.646092214663707, 67.18700197021523
24.697225186063424, 67.18339218246894
24.74835815746314, 67.17978239472262
24.799491128862858, 67.17617260697632
24.850624100262575, 67.17256281923002
24.901757071662292, 67.16895303148372
24.95289004306201, 67.16534324373741
25.004023014461726, 67.16173345599111
25.055155985861443, 67.15812366824481
25.10628895726116, 67.15451388049851
25.157421928660877, 67.1509040927522
25.208554900060594, 67.1472943050059
25.25968787146031, 67.1436845172596
25.31082084286003, 67.1400747295133
25.361953814259746, 67.13646494176699
25.413086785659463, 67.13285515402069
25.46421975705918, 67.12924536627439
25.515352728458897, 67.12563557852809
25.566485699858614, 67.12202579078178
25.61761867125833, 67.11841600303548
25.66875164265805, 67.11480621528918
25.71988461405777, 67.11119642754288
25.771017585457486, 67.10758663979657
25.822150556857203, 67.10397685205027
25.87328352825692, 67.10036706430397
25.924416499656637, 67.09675727655767
25.975549471056354, 67.09314748881135
26.02668244245607, 67.08953770106505
26.077815413855788, 67.08592791331876
26.128948385255505, 67.08231812557246
26.180081356655222, 67.07870833782614
26.23121432805494, 67.07509855007984
26.282347299454656, 67.07148876233354
26.333480270854373, 67.06787897458725
26.38461324225409, 67.06426918684093
26.435746213653808, 67.06065939909463
26.486879185053525, 67.05704961134833
26.53801215645324, 67.05343982360203
26.58914512785296, 67.04983003585572
26.640278099252676, 67.04622024810942
26.691411070652393, 67.04261046036312
26.742544042052113, 67.03900067261682
26.79367701345183, 67.03539088487051
26.844809984851548, 67.03178109712421
26.895942956251265, 67.02817130937791
26.94707592765098, 67.02456152163161
26.9982088990507, 67.0209517338853
27.049341870450416, 67.017341946139
27.100474841850133, 67.0137321583927
27.15160781324985, 67.0101223706464
27.202740784649567, 67.00651258290009
27.253873756049284, 67.00290279515379
27.305006727449, 66.99929300740749
27.356139698848718, 66.99568321966119
27.407272670248435, 66.99207343191487
27.458405641648152, 66.98846364416858
27.50953861304787, 66.98485385642228
27.560671584447586, 66.98124406867598
27.611804555847304, 66.97763428092966
27.66293752724702, 66.97402449318336
27.714070498646738, 66.97041470543707
27.765203470046455, 66.96680491769077
27.816336441446175, 66.96319512994445
27.867469412845892, 66.95958534219815
27.91860238424561, 66.95597555445185
27.969735355645327, 66.95236576670555
28.020868327045044, 66.94875597895924
28.07200129844476, 66.94514619121294
28.123134269844478, 66.94153640346664
28.174267241244195, 66.93792661572034
28.225400212643912, 66.93431682797403
28.27653318404363, 66.93070704022773
28.327666155443346, 66.92709725248143
28.378799126843063, 66.92348746473513
28.42993209824278, 66.91987767698882
28.481065069642497, 66.91626788924252
28.532198041042214, 66.91265810149622
28.58333101244193, 66.90904831374992
28.63446398384165, 66.9054385260036
28.685596955241365, 66.90182873825731
28.736729926641082, 66.89821895051101
28.7878628980408, 66.89460916276471
28.838995869440517, 66.8909993750184
28.890128840840234, 66.8873895872721
28.941261812239954, 66.8837797995258
28.99239478363967, 66.8801700117795
29.04352775503939, 66.87656022403318
29.094660726439106, 66.87295043628689
29.145793697838823, 66.86934064854059
29.19692666923854, 66.86573086079429
29.248059640638257, 66.86212107304797
29.299192612037974, 66.85851128530167
29.35032558343769, 66.85490149755537
29.401458554837408, 66.85129170980908
29.452591526237125, 66.84768192206276
29.503724497636842, 66.84407213431646
29.55485746903656, 66.84046234657016
29.605990440436276, 66.83685255882386
29.657123411835993, 66.83324277107755
29.70825638323571, 66.82963298333125
29.759389354635427, 66.82602319558495
29.810522326035144, 66.82241340783865
29.86165529743486, 66.81880362009234
29.91278826883458, 66.81519383234604
29.963921240234296, 66.81158404459974
30.015054211634016, 66.80797425685344
30.066187183033733, 66.80436446910713
30.11732015443345, 66.80075468136083
30.168453125833167, 66.79714489361453
30.219586097232884, 66.79353510586823
30.2707190686326, 66.78992531812192
30.32185204003232, 66.78631553037562
30.372985011432036, 66.78270574262932
30.424117982831753, 66.77909595488302
30.47525095423147, 66.7754861671367
30.526383925631187, 66.7718763793904
30.577516897030904, 66.7682665916441
30.62864986843062, 66.76465680389781
30.679782839830338, 66.7610470161515
30.730915811230055, 66.7574372284052
30.782048782629772, 66.7538274406589
30.83318175402949, 66.7502176529126
30.884314725429206, 66.74660786516628
30.935447696828923, 66.74299807741998
30.98658066822864, 66.73938828967368
31.037713639628357, 66.73577850192738
31.088846611028075, 66.73216871418107
31.139979582427795, 66.72855892643477
31.191112553827512, 66.72494913868847
31.24224552522723, 66.72133935094217
31.293378496626946, 66.71772956319586
31.344511468026663, 66.71411977544956
31.39564443942638, 66.71050998770326
31.446777410826098, 66.70690019995696
31.497910382225815, 66.70329041221065
31.54904335362553, 66.69968062446435
31.60017632502525, 66.69607083671805
31.651309296424966, 66.69246104897175
31.702442267824683, 66.68885126122544
31.7535752392244, 66.68524147347914
31.804708210624117, 66.68163168573284
31.855841182023834, 66.67802189798654
31.90697415342355, 66.67441211024023
31.958107124823268, 66.67080232249393
32.00924009622299, 66.66719253474763
32.060373067622706, 66.66358274700133
32.11150603902242, 66.65997295925501
32.16263901042214, 66.65636317150872
32.21377198182186, 66.65275338376242
32.264904953221574, 66.64914359601612
32.31603792462129, 66.6455338082698
32.36717089602101, 66.6419240205235
32.418303867420725, 66.6383142327772
32.46943683882044, 66.6347044450309
32.52056981022016, 66.63109465728459
32.57170278161988, 66.62748486953829
32.622835753019594, 66.623875081792
32.67396872441931, 66.6202652940457
32.72510169581903, 66.61665550629938
32.776234667218745, 66.61304571855308
32.82736763861846, 66.60943593080678
32.87850061001818, 66.60582614306048
32.929633581417896, 66.60221635531417
32.98076655281761, 66.59860656756787
33.03189952421733, 66.59499677982157
33.08303249561705, 66.59138699207527
33.134165467016764, 66.58777720432896
33.18529843841648, 66.58416741658266
33.2364314098162, 66.58055762883636
33.287564381215915, 66.57694784109006
33.33869735261563, 66.57333805334375
33.38983032401535, 66.56972826559745
33.44096329541507, 66.56611847785115
33.492096266814784, 66.56250869010485
33.5432292382145, 66.55889890235854
33.59436220961422, 66.55528911461224
33.645495181013935, 66.55167932686594
33.69662815241365, 66.54806953911964
33.74776112381337, 66.54445975137332
33.798894095213086, 66.54084996362702
33.85002706661281, 66.53724017588073
33.90116003801253, 66.53363038813443
33.952293009412244, 66.53002060038811
34.00342598081196, 66.52641081264181
34.05455895221168, 66.52280102489551
34.105691923611396, 66.51919123714922
34.15682489501111, 66.5155814494029
34.20795786641083, 66.5119716616566
34.25909083781055, 66.5083618739103
34.310223809210264, 66.504752086164
34.36135678060998, 66.50114229841769
34.4124897520097, 66.49753251067139
34.463622723409415, 66.49392272292509
34.51475569480913, 66.49031293517879
34.56588866620885, 66.48670314743248
34.617021637608566, 66.48309335968618
34.66815460900828, 66.47948357193988
34.719287580408, 66.47587378419358
34.77042055180772, 66.47226399644727
34.821553523207434, 66.46865420870097
34.87268649460715, 66.46504442095467
34.92381946600687, 66.46143463320837
34.974952437406586, 66.45782484546206
35.0260854088063, 66.45421505771576
35.07721838020602, 66.45060526996946
35.12835135160574, 66.44699548222316
35.179484323005454, 66.44338569447685
35.23061729440517, 66.43977590673055
35.28175026580489, 66.43616611898425
35.332883237204605, 66.43255633123795
35.38401620860432, 66.42894654349163
35.43514918000404, 66.42533675574533
35.486282151403756, 66.42172696799904
35.53741512280347, 66.41811718025274
35.58854809420319, 66.41450739250644
35.63968106560291, 66.41089760476012
35.690814037002625, 66.40728781701382
35.74194700840234, 66.40367802926752
35.79307997980206, 66.40006824152121
35.844212951201776, 66.39645845377491
35.89534592260149, 66.39284866602861
35.94647889400121, 66.38923887828231
35.99761186540093, 66.38562909053601
36.04874483680065, 66.3820193027897
36.09987780820037, 66.3784095150434
36.151010779600085, 66.3747997272971
36.2021437509998, 66.37118993955079
36.25327672239952, 66.36758015180449
36.304409693799236, 66.36397036405819
36.35554266519895, 66.36036057631189
36.40667563659867, 66.35675078856558
36.45780860799839, 66.35314100081928
36.508941579398105, 66.34953121307298
36.56007455079782, 66.34592142532668
36.61120752219754, 66.34231163758037
36.662340493597256, 66.33870184983407
36.71347346499697, 66.33509206208777
36.76460643639669, 66.33148227434147
36.81573940779641, 66.32787248659517
36.866872379196124, 66.32426269884886
36.91800535059584, 66.32065291110256
36.96913832199556, 66.31704312335626
37.020271293395275, 66.31343333560996
37.07140426479499, 66.30982354786364
37.12253723619471, 66.30621376011734
37.17367020759443, 66.30260397237105
37.224803178994144, 66.29899418462475
37.27593615039386, 66.29538439687843
37.32706912179358, 66.29177460913213
37.378202093193295, 66.28816482138583
37.42933506459301, 66.28455503363953
37.48046803599273, 66.28094524589322
37.531601007392446, 66.27733545814692
37.58273397879216, 66.27372567040062
37.63386695019188, 66.27011588265432
37.6849999215916, 66.26650609490801
37.736132892991314, 66.26289630716171
37.78726586439103, 66.25928651941541
37.83839883579075, 66.25567673166911
37.889531807190465, 66.2520669439228
37.94066477859018, 66.2484571561765
37.9917977499899, 66.2448473684302
38.04293072138962, 66.2412375806839
38.094063692789334, 66.23762779293759
38.14519666418905, 66.23401800519129
38.196329635588775, 66.23040821744499
38.24746260698849, 66.22679842969869
38.29859557838821, 66.22318864195238
38.349728549787926, 66.21957885420608
38.40086152118764, 66.21596906645978
38.45199449258736, 66.21235927871348
38.50312746398708, 66.20874949096716
38.554260435386794, 66.20513970322087
38.60539340678651, 66.20152991547457
38.65652637818623, 66.19792012772827
38.707659349585946, 66.19431033998195
38.75879232098566, 66.19070055223565
38.80992529238538, 66.18709076448935
38.8610582637851, 66.18348097674306
38.912191235184814, 66.17987118899674
38.96332420658453, 66.17626140125044
39.01445717798425, 66.17265161350414
39.065590149383965, 66.16904182575784
39.11672312078368, 66.16543203801153
39.1678560921834, 66.16182225026523
39.218989063583116, 66.15821246251893
39.27012203498283, 66.15460267477263
39.32125500638255, 66.15099288702632
39.37238797778227, 66.14738309928002
39.423520949181984, 66.14377331153372
39.4746539205817, 66.14016352378742
39.52578689198142, 66.13655373604111
39.576919863381136, 66.13294394829481
39.62805283478085, 66.12933416054851
39.67918580618057, 66.12572437280221
39.73031877758029, 66.1221145850559
39.781451748980004, 66.1185047973096
39.83258472037972, 66.1148950095633
39.88371769177944, 66.111285221817
39.934850663179155, 66.10767543407069
39.98598363457887, 66.10406564632439
40.03711660597859, 66.10045585857809
40.088249577378306, 66.09684607083179
40.13938254877802, 66.09323628308547
40.19051552017774, 66.08962649533917
40.24164849157746, 66.08601670759288
40.292781462977175, 66.08240691984658
40.34391443437689, 66.07879713210026
40.395047405776616, 66.07518734435396
40.44618037717633, 66.07157755660766
40.49731334857605, 66.01103617804941
40.54844631997577, 65.84471139145849
40.599579291375484, 65.67838660486757
40.6507122627752, 65.51206181827665
40.70184523417492, 65.34573703168573
40.752978205574635, 65.17941224509481
40.80411117697435, 65.01308745850388
40.85524414837407, 64.84676267191296
40.906377119773786, 64.68043788532204
40.9575100911735, 64.51411309873112
41.00864306257322, 64.3477883121402
41.05977603397294, 64.18146352554928
41.110909005372655, 64.01513873895836
41.16204197677237, 63.848813952367436
41.21317494817209, 63.68248916577651
41.264307919571806, 63.51616437918559
41.31544089097152, 63.34983959259467
41.36657386237124, 63.18351480600375
41.41770683377096, 63.01719001941283
41.468839805170674, 62.8508652328219
41.51997277657039, 62.68454044623098
41.57110574797011, 62.51821565964006
41.622238719369825, 62.35189087304914
41.67337169076954, 62.18556608645822
41.72450466216926, 62.0192412998673
41.77563763356898, 61.85291651327638
41.826770604968694, 61.68659172668546
41.87790357636841, 61.52026694009454
41.92903654776813, 61.35394215350362
41.980169519167845, 61.1876173669127
42.03130249056756, 61.02129258032177
42.08243546196728, 60.85496779373085
42.133568433366996, 60.68864300713993
42.18470140476671, 60.52231822054901
42.23583437616643, 60.35599343395809
42.28696734756615, 60.189668647367164
42.338100318965864, 60.023343860776244
42.38923329036558, 59.857019074185324
42.4403662617653, 59.690694287594404
42.491499233165015, 59.524369501003484
42.54263220456474, 59.358044714412536
42.59376517596446, 59.191719927821616
42.644898147364174, 59.025395141230696
42.69603111876389, 58.859070354639776
42.74716409016361, 58.69274556804885
42.798297061563325, 58.52642078145793
42.84943003296304, 58.36009599486701
42.90056300436276, 58.19377120827609
42.951695975762476, 58.02744642168517
43.00282894716219, 57.86112163509425
43.05396191856191, 57.69479684850332
43.10509488996163, 57.5284720619124
43.156227861361344, 57.36214727532148
43.20736083276106, 57.19582248873056
43.25849380416078, 57.029497702139636
43.309626775560496, 56.863172915548716
43.36075974696021, 56.6968481289578
43.41189271835993, 56.53052334236688
43.46302568975965, 56.36419855577596
43.514158661159364, 56.19787376918504
43.56529163255908, 56.03154898259412
43.6164246039588, 55.86522419600319
43.667557575358515, 55.69889940941227
43.71869054675823, 55.53257462282135
43.76982351815795, 55.36624983623043
43.820956489557666, 55.1999250496395
43.87208946095738, 55.033600263048584
43.9232224323571, 54.867275476457664
43.97435540375682, 54.700950689866744
44.025488375156534, 54.534625903275824
44.07662134655625, 54.368301116684904
44.12775431795597, 54.20197633009398
44.178887289355686, 54.03565154350306
44.2300202607554, 53.86932675691214
44.28115323215512, 53.70300197032122
44.33228620355484, 53.53667718373029
44.383419174954554, 53.37035239713937
44.43455214635427, 53.20402761054845
44.48568511775399, 53.03770282395753
44.536818089153705, 52.87137803736661
44.58795106055342, 52.70505325077569
44.63908403195314, 52.53872846418477
44.690217003352856, 52.372403677593844
44.74134997475258, 52.2060788910029
44.7924829461523, 52.03975410441198
44.843615917552015, 51.87342931782106
44.89474888895173, 51.70710453123014
44.94588186035145, 51.54077974463922
44.997014831751166, 51.3744549580483
45.04814780315088, 51.20813017145738
45.0992807745506, 51.04180538486645
45.15041374595032, 50.87548059827553
45.201546717350034, 50.70915581168461
45.25267968874975, 50.54283102509369
45.30381266014947, 50.37650623850277
45.354945631549185, 50.21018145191185
45.4060786029489, 50.04385666532093
45.45721157434862, 49.877531878730004
45.508344545748336, 49.711207092139084
45.55947751714805, 49.544882305548164
45.61061048854777, 49.37855751895724
45.66174345994749, 49.21223273236632
45.712876431347205, 49.0459079457754
45.76400940274692, 48.87958315918448
45.81514237414664, 48.71325837259356
45.866275345546356, 48.54693358600264
45.91740831694607, 48.38060879941172
45.96854128834579, 48.2142840128208
46.01967425974551, 48.04795922622987
46.070807231145224, 47.88163443963895
46.12194020254494, 47.715309653048024
46.17307317394466, 47.548984866457104
46.224206145344375, 47.382660079866184
46.27533911674409, 47.216335293275264
46.32647208814381, 47.050010506684345
46.37760505954353, 46.883685720093425
46.428738030943244, 46.717360933502505
46.47987100234296, 46.551036146911585
46.53100397374268, 46.38471136032066
46.582136945142395, 46.21838657372974
46.63326991654211, 46.05206178713882
46.68440288794183, 45.88573700054789
46.735535859341546, 45.71941221395697
46.78666883074126, 45.55308742736605
46.83780180214098, 45.38676264077513
46.8889347735407, 45.22043785418421
46.94006774494042, 45.05411306759326
46.99120071634014, 44.887788281002344
47.042333687739855, 44.721463494411424
47.09346665913957, 44.555138707820504
47.14459963053929, 44.388813921229584
47.19573260193901, 44.222489134638664
47.246865573338724, 44.056164348047744
47.29799854473844, 43.88983956145682
47.34913151613816, 43.7235147748659
47.400264487537875, 43.55718998827498
47.45139745893759, 43.39086520168405
47.50253043033731, 43.22454041509313
47.553663401737026, 43.05821562850221
47.60479637313674, 42.89189084191129
47.65592934453646, 42.72556605532037
47.70706231593618, 42.55924126872945
47.758195287335894, 42.39291648213853
47.80932825873561, 42.226591695547604
47.86046123013533, 42.060266908956685
47.911594201535046, 41.893942122365765
47.96272717293476, 41.72761733577484
48.01386014433448, 41.56129254918392
48.0649931157342, 41.394967762593
48.116126087133914, 41.22864297600208
48.16725905853363, 41.06231818941116
48.21839202993335, 40.89599340282024
48.269525001333065, 40.72966861622932
48.32065797273278, 40.5633438296384
48.3717909441325, 40.39701904304747
48.422923915532216, 40.23069425645655
48.47405688693193, 40.06436946986563
48.52518985833165, 39.898044683274705
48.57632282973137, 39.731719896683785
48.627455801131084, 39.565395110092865
48.6785887725308, 39.399070323501945
48.72972174393052, 39.232745536911025
48.780854715330236, 39.066420750320106
48.83198768672995, 38.900095963729186
48.88312065812967, 38.733771177138266
48.93425362952939, 38.56744639054734
48.985386600929104, 38.40112160395642
49.03651957232882, 38.23479681736549
49.08765254372854, 38.06847203077457
49.13878551512826, 37.90214724418363
49.18991848652798, 37.73582245759271
49.241051457927696, 37.569497671001784
49.29218442932741, 37.403172884410864
49.34331740072713, 37.236848097819944
49.39445037212685, 37.070523311229024
49.445583343526565, 36.904198524638105
49.49671631492628, 36.737873738047185
49.547849286326, 36.571548951456265
49.598982257725716, 36.405224164865345
49.65011522912543, 36.23889937827442
49.70124820052515, 36.0725745916835
49.75238117192487, 35.90624980509258
49.803514143324584, 35.73992501850165
49.8546471147243, 35.57360023191073
49.90578008612402, 35.40727544531981
49.956913057523735, 35.24095065872889
50.00804602892345, 35.07462587213797
50.05917900032317, 34.90830108554705
50.110311971722886, 34.74197629895613
50.1614449431226, 34.57565151236521
50.21257791452232, 34.409326725774285
50.26371088592204, 34.243001939183365
50.314843857321755, 34.07667715259244
50.36597682872147, 33.910352366001526
50.41710980012119, 33.7440275794106
50.468242771520906, 33.57770279281968
50.51937574292062, 33.41137800622876
50.57050871432034, 33.24505321963784
50.62164168572006, 33.07872843304692
50.672774657119774, 32.91240364645599
50.72390762851949, 32.74607885986507
50.77504059991921, 32.57975407327415
50.826173571318925, 32.41342928668323
50.87730654271864, 32.24710450009231
50.92843951411836, 32.080779713501386
50.97957248551808, 31.914454926910466
51.030705456917794, 31.748130140319546
51.08183842831751, 31.581805353728626
