Parameters: [54.61457656580281, 18.114642620167785, 9.533112027327018, 35.92032224337556, 3.8165980714316317, 0.07537912269131031, -2.6254437548272618]
Points:
0.0, 18.114642620167785
0.05466924581161442, 18.323293158299016
0.10933849162322884, 18.531943696430243
0.16400773743484326, 18.740594234561474
0.21867698324645768, 18.949244772692705
0.2733462290580721, 19.157895310823932
0.3280154748696865, 19.366545848955163
0.38268472068130094, 19.57519638708639
0.43735396649291536, 19.78384692521762
0.4920232123045298, 19.99249746334885
0.5466924581161442, 20.201148001480078
0.6013617039277586, 20.40979853961131
0.656030949739373, 20.61844907774254
0.7107001955509875, 20.827099615873767
0.7653694413626019, 21.035750154004997
0.8200386871742162, 21.244400692136225
0.8747079329858307, 21.453051230267455
0.9293771787974452, 21.661701768398686
0.9840464246090596, 21.870352306529917
1.038715670420674, 22.079002844661144
1.0933849162322884, 22.287653382792374
1.1480541620439029, 22.4963039209236
1.2027234078555171, 22.704954459054832
1.2573926536671316, 22.913604997186063
1.312061899478746, 23.12225553531729
1.3667311452903605, 23.33090607344852
1.421400391101975, 23.53955661157975
1.4760696369135893, 23.74820714971098
1.5307388827252038, 23.95685768784221
1.5854081285368182, 24.16550822597344
1.6400773743484325, 24.374158764104667
1.694746620160047, 24.582809302235898
1.7494158659716614, 24.791459840367125
1.804085111783276, 25.000110378498356
1.8587543575948904, 25.208760916629586
1.9134236034065046, 25.417411454760813
1.9680928492181191, 25.626061992892044
2.0227620950297336, 25.834712531023275
2.077431340841348, 26.043363069154502
2.1321005866529625, 26.252013607285733
2.186769832464577, 26.460664145416963
2.241439078276191, 26.66931468354819
2.2961083240878057, 26.87796522167942
2.35077756989942, 27.08661575981065
2.4054468157110342, 27.29526629794188
2.460116061522649, 27.50391683607311
2.514785307334263, 27.712567374204337
2.569454553145878, 27.921217912335567
2.624123798957492, 28.129868450466795
2.6787930447691064, 28.338518988598025
2.733462290580721, 28.547169526729256
2.7881315363923354, 28.755820064860487
2.84280078220395, 28.964470602991717
2.8974700280155643, 29.173121141122945
2.9521392738271786, 29.38177167925417
3.0068085196387933, 29.590422217385402
3.0614777654504075, 29.799072755516633
3.1161470112620218, 30.00772329364786
3.1708162570736365, 30.21637383177909
3.2254855028852507, 30.425024369910318
3.280154748696865, 30.63367490804155
3.3348239945084797, 30.84232544617278
3.389493240320094, 31.05097598430401
3.4441624861317086, 31.25962652243524
3.498831731943323, 31.468277060566468
3.553500977754937, 31.676927598697695
3.608170223566552, 31.885578136828926
3.662839469378166, 32.094228674960156
3.7175087151897808, 32.30287921309139
3.772177961001395, 32.51152975122261
3.8268472068130093, 32.72018028935384
3.881516452624624, 32.92883082748507
3.9361856984362382, 33.1374813656163
3.9908549442478525, 33.34613190374753
4.045524190059467, 33.554782441878764
4.100193435871081, 33.76343298000999
4.154862681682696, 33.97208351814122
4.20953192749431, 34.18073405627245
4.264201173305925, 34.38938459440368
4.318870419117539, 34.59803513253491
4.373539664929154, 34.80668567066614
4.428208910740768, 35.015336208797365
4.482878156552382, 35.223986746928595
4.537547402363997, 35.432637285059826
4.5922166481756115, 35.64128782319106
4.646885893987226, 35.84993836132229
4.70155513979884, 36.05858889945351
4.756224385610454, 36.26723943758474
4.8108936314220685, 36.47588997571597
4.865562877233684, 36.6845405138472
4.920232123045298, 36.893191051978434
4.974901368856912, 37.10184159010966
5.029570614668526, 37.31049212824089
5.084239860480141, 37.51914266637212
5.138909106291756, 37.72779320450335
5.19357835210337, 37.93644374263458
5.248247597914984, 38.145094280765804
5.3029168437265986, 38.35374481889704
5.357586089538213, 38.562395357028265
5.412255335349828, 38.7710458951595
5.466924581161442, 38.97969643329073
5.5215938269730565, 39.18834697142195
5.576263072784671, 39.39699750955319
5.630932318596285, 39.60564804768441
5.6856015644079, 39.81429858581565
5.740270810219514, 40.02294912394687
5.794940056031129, 40.231599662078104
5.849609301842743, 40.440250200209334
5.904278547654357, 40.64890073834056
5.958947793465971, 40.85755127647179
6.0136170392775865, 41.06620181460302
6.068286285089201, 41.27485235273425
6.122955530900815, 41.48350289086548
6.177624776712429, 41.692153428996704
6.2322940225240435, 41.900803967127935
6.286963268335659, 42.109454505259166
6.341632514147273, 42.318105043390396
6.396301759958887, 42.52675558152163
6.450971005770501, 42.73540611965285
6.505640251582116, 42.94405665778409
6.56030949739373, 43.15270719591531
6.614978743205345, 43.36135773404654
6.669647989016959, 43.57000827217777
6.724317234828574, 43.778658810309
6.778986480640188, 43.987309348440235
6.833655726451802, 44.19595988657146
6.888324972263417, 44.404610424702696
6.9429942180750315, 44.61326096283392
6.997663463886646, 44.82191150096515
7.05233270969826, 45.03056203909638
7.107001955509874, 45.239212577227605
7.161671201321489, 45.44786311535884
7.216340447133104, 45.656513653490066
7.271009692944718, 45.8651641916213
7.325678938756332, 46.07381472975253
7.380348184567946, 46.28246526788375
7.4350174303795615, 46.49111580601499
7.489686676191176, 46.69976634414621
7.54435592200279, 46.90841688227744
7.599025167814404, 47.117067420408674
7.6536944136260185, 47.3257179585399
7.708363659437633, 47.53436849667113
7.763032905249248, 47.74301903480236
7.817702151060862, 47.95166957293359
7.8723713968724764, 48.16032011106482
7.927040642684091, 48.368970649196044
7.981709888495705, 48.57762118732728
8.03637913430732, 48.786271725458505
8.091048380118934, 48.99492226358974
8.145717625930548, 49.203572801720966
8.200386871742163, 49.41222333985219
8.255056117553778, 49.62087387798343
8.309725363365391, 49.82952441611465
8.364394609177007, 50.03817495424589
8.41906385498862, 50.24682549237711
8.473733100800235, 50.45547603050834
8.52840234661185, 50.664126568639574
8.583071592423464, 50.8727771067708
8.637740838235079, 51.081427644902035
8.692410084046692, 51.29007818303326
8.747079329858307, 51.49872872116449
8.801748575669922, 51.70737925929572
8.856417821481536, 51.916029797426944
8.91108706729315, 52.12468033555818
8.965756313104764, 52.333330873689405
9.02042555891638, 52.541981411820636
9.075094804727994, 52.75063194995187
9.129764050539608, 52.9592824880831
9.184433296351223, 53.16793302621433
9.239102542162836, 53.37658356434555
9.293771787974451, 53.58523410247678
9.348441033786067, 53.79388464060801
9.40311027959768, 54.002535178739244
9.457779525409295, 54.211185716870474
9.512448771220908, 54.4198362550017
9.567118017032524, 54.501262940076025
9.621787262844137, 54.5053838598635
9.676456508655752, 54.509504779650975
9.731125754467367, 54.51362569943845
9.78579500027898, 54.517746619225925
9.840464246090596, 54.5218675390134
9.89513349190221, 54.525988458800875
9.949802737713824, 54.53010937858835
10.00447198352544, 54.534230298375824
10.059141229337053, 54.5383512181633
10.113810475148668, 54.542472137950774
10.168479720960281, 54.54659305773825
10.223148966771896, 54.550713977525724
10.277818212583512, 54.5548348973132
10.332487458395125, 54.558955817100674
10.38715670420674, 54.56307673688815
10.441825950018353, 54.567197656675624
10.496495195829969, 54.5713185764631
10.551164441641584, 54.575439496250574
10.605833687453197, 54.57956041603805
10.660502933264812, 54.583681335825524
10.715172179076426, 54.587802255613
10.76984142488804, 54.591923175400474
10.824510670699656, 54.59604409518795
10.87917991651127, 54.600165014975424
10.933849162322884, 54.6042859347629
10.988518408134498, 54.608406854550374
11.043187653946113, 54.61252777433785
11.097856899757728, 54.616648694125324
11.152526145569341, 54.6207696139128
11.207195391380957, 54.624890533700274
11.26186463719257, 54.62901145348775
11.316533883004185, 54.633132373275224
11.3712031288158, 54.6372532930627
11.425872374627414, 54.641374212850174
11.480541620439029, 54.64549513263765
11.535210866250642, 54.649616052425124
11.589880112062257, 54.6537369722126
11.64454935787387, 54.657857892000074
11.699218603685486, 54.66197881178755
11.7538878494971, 54.666099731575024
11.808557095308714, 54.6702206513625
11.86322634112033, 54.674341571149974
11.917895586931943, 54.67846249093745
11.972564832743558, 54.682583410724924
12.027234078555173, 54.6867043305124
12.081903324366786, 54.69082525029987
12.136572570178402, 54.69494617008735
12.191241815990015, 54.69906708987482
12.24591106180163, 54.7031880096623
12.300580307613245, 54.70730892944977
12.355249553424859, 54.71142984923725
12.409918799236474, 54.71555076902472
12.464588045048087, 54.7196716888122
12.519257290859702, 54.72379260859967
12.573926536671317, 54.727913528387155
12.62859578248293, 54.73203444817463
12.683265028294546, 54.736155367962105
12.73793427410616, 54.74027628774958
12.792603519917774, 54.744397207537055
12.84727276572939, 54.74851812732453
12.901942011541003, 54.752639047112005
12.956611257352618, 54.75675996689948
13.011280503164231, 54.760880886686955
13.065949748975846, 54.76500180647443
13.12061899478746, 54.769122726261905
13.175288240599075, 54.77324364604938
13.22995748641069, 54.777364565836855
13.284626732222304, 54.78148548562433
13.339295978033919, 54.785606405411805
13.393965223845532, 54.78972732519928
13.448634469657147, 54.793848244986755
13.503303715468762, 54.79796916477423
13.557972961280376, 54.802090084561705
13.61264220709199, 54.80621100434918
13.667311452903604, 54.810331924136655
13.72198069871522, 54.81445284392413
13.776649944526834, 54.818573763711605
13.831319190338448, 54.82269468349908
13.885988436150063, 54.826815603286555
13.940657681961676, 54.83093652307403
13.995326927773291, 54.835057442861505
14.049996173584907, 54.83917836264898
14.10466541939652, 54.843299282436455
14.159334665208135, 54.84742020222393
14.214003911019748, 54.851541122011405
14.268673156831364, 54.85566204179888
14.323342402642979, 54.859782961586355
14.378011648454592, 54.86390388137383
14.432680894266207, 54.868024801161305
14.48735014007782, 54.87214572094878
14.542019385889436, 54.876266640736254
14.596688631701051, 54.88038756052373
14.651357877512664, 54.884508480311204
14.70602712332428, 54.88862940009868
14.760696369135893, 54.892750319886154
14.815365614947508, 54.89687123967363
14.870034860759123, 54.900992159461104
14.924704106570736, 54.90511307924858
14.979373352382352, 54.909233999036054
15.034042598193965, 54.91335491882353
15.08871184400558, 54.917475838611004
15.143381089817193, 54.92159675839848
15.198050335628809, 54.925717678185954
15.252719581440424, 54.92983859797343
15.307388827252037, 54.933959517760904
15.362058073063652, 54.93808043754838
15.416727318875266, 54.942201357335854
15.47139656468688, 54.94632227712333
15.526065810498496, 54.950443196910804
15.58073505631011, 54.95456411669828
15.635404302121724, 54.958685036485754
15.690073547933338, 54.96280595627323
15.744742793744953, 54.966926876060704
15.799412039556568, 54.97104779584818
15.854081285368181, 54.975168715635654
15.908750531179797, 54.97928963542313
15.96341977699141, 54.983410555210604
16.018089022803025, 54.98753147499808
16.07275826861464, 54.991652394785554
16.127427514426255, 54.995773314573036
16.18209676023787, 54.99989423436051
16.236766006049482, 55.004015154147986
16.291435251861095, 55.00813607393546
16.346104497672712, 55.012256993722936
16.400773743484326, 55.01637791351041
16.45544298929594, 55.020498833297886
16.510112235107556, 55.02461975308536
16.56478148091917, 55.028740672872836
16.619450726730783, 55.03286159266031
16.6741199725424, 55.036982512447786
16.728789218354013, 55.04110343223526
16.783458464165626, 55.045224352022736
16.83812770997724, 55.04934527181021
16.892796955788857, 55.053466191597686
16.94746620160047, 55.05758711138516
17.002135447412083, 55.061708031172635
17.0568046932237, 55.06582895096011
17.111473939035314, 55.069949870747585
17.166143184846927, 55.07407079053506
17.220812430658544, 55.078191710322535
17.275481676470157, 55.08231263011001
17.33015092228177, 55.086433549897485
17.384820168093384, 55.09055446968496
17.439489413905, 55.094675389472435
17.494158659716614, 55.09879630925991
17.548827905528228, 55.102917229047385
17.603497151339845, 55.10703814883486
17.658166397151458, 55.111159068622335
17.71283564296307, 55.11527998840981
17.767504888774685, 55.119400908197285
17.8221741345863, 55.12352182798476
17.876843380397915, 55.127642747772235
17.93151262620953, 55.13176366755971
17.986181872021145, 55.135884587347185
18.04085111783276, 55.14000550713466
18.095520363644372, 55.144126426922135
18.15018960945599, 55.14824734670961
18.204858855267602, 55.152368266497085
18.259528101079216, 55.15648918628456
18.31419734689083, 55.160610106072035
18.368866592702446, 55.16473102585951
18.42353583851406, 55.168851945646985
18.478205084325673, 55.17297286543446
18.53287433013729, 55.177093785221935
18.587543575948903, 55.18121470500941
18.642212821760516, 55.185335624796885
18.696882067572133, 55.18945654458436
18.751551313383747, 55.193577464371835
18.80622055919536, 55.19769838415931
18.860889805006973, 55.201819303946785
18.91555905081859, 55.20594022373426
18.970228296630204, 55.210061143521735
19.024897542441817, 55.21418206330921
19.079566788253434, 55.218302983096684
19.134236034065047, 55.22242390288416
19.18890527987666, 55.226544822671634
19.243574525688274, 55.23066574245911
19.29824377149989, 55.234786662246584
19.352913017311504, 55.23890758203406
19.407582263123118, 55.243028501821534
19.462251508934735, 55.24714942160901
19.516920754746348, 55.251270341396484
19.57159000055796, 55.25539126118396
19.626259246369578, 55.25951218097144
19.68092849218119, 55.263633100758916
19.735597737992805, 55.26775402054639
19.79026698380442, 55.271874940333866
19.844936229616035, 55.27599586012134
19.89960547542765, 55.280116779908816
19.954274721239262, 55.28423769969629
20.00894396705088, 55.288358619483766
20.063613212862492, 55.29247953927124
20.118282458674106, 55.296600459058716
20.172951704485723, 55.30072137884619
20.227620950297336, 55.304842298633666
20.28229019610895, 55.30896321842114
20.336959441920563, 55.313084138208616
20.39162868773218, 55.31720505799609
20.446297933543793, 55.321325977783566
20.500967179355406, 55.32544689757104
20.555636425167023, 55.329567817358516
20.610305670978637, 55.33368873714599
20.66497491679025, 55.337809656933466
20.719644162601867, 55.34193057672094
20.77431340841348, 55.346051496508416
20.828982654225094, 55.35017241629589
20.883651900036707, 55.354293336083366
20.938321145848324, 55.35841425587084
20.992990391659937, 55.362535175658316
21.04765963747155, 55.36665609544579
21.102328883283167, 55.370777015233266
21.15699812909478, 55.37489793502074
21.211667374906394, 55.379018854808216
21.266336620718008, 55.38313977459569
21.321005866529624, 55.387260694383166
21.375675112341238, 55.39138161417064
21.43034435815285, 55.395502533958116
21.485013603964468, 55.39962345374559
21.53968284977608, 55.403744373533065
21.594352095587695, 55.40786529332054
21.649021341399312, 55.411986213108015
21.703690587210925, 55.41610713289549
21.75835983302254, 55.420228052682965
21.813029078834152, 55.42434897247044
21.86769832464577, 55.428469892257915
21.922367570457382, 55.43259081204539
21.977036816268996, 55.436711731832865
22.031706062080612, 55.44083265162034
22.086375307892226, 55.444953571407815
22.14104455370384, 55.44907449119529
22.195713799515456, 55.453195410982765
22.25038304532707, 55.45731633077024
22.305052291138683, 55.461437250557715
22.359721536950296, 55.46555817034519
22.414390782761913, 55.469679090132665
22.469060028573526, 55.47380000992014
22.52372927438514, 55.477920929707615
22.578398520196757, 55.48204184949509
22.63306776600837, 55.486162769282565
22.687737011819983, 55.49028368907004
22.7424062576316, 55.494404608857515
22.797075503443214, 55.49852552864499
22.851744749254827, 55.502646448432465
22.90641399506644, 55.50676736821994
22.961083240878057, 55.510888288007415
23.01575248668967, 55.51500920779489
23.070421732501284, 55.519130127582365
23.1250909783129, 55.52325104736985
23.179760224124514, 55.52737196715732
23.234429469936128, 55.5314928869448
23.28909871574774, 55.53561380673227
23.343767961559358, 55.53973472651975
23.39843720737097, 55.54385564630722
23.453106453182585, 55.5479765660947
23.5077756989942, 55.55209748588217
23.562444944805815, 55.55621840566965
23.61711419061743, 55.56033932545712
23.671783436429045, 55.5644602452446
23.72645268224066, 55.56858116503207
23.781121928052272, 55.57270208481955
23.835791173863885, 55.57682300460702
23.890460419675502, 55.5809439243945
23.945129665487116, 55.58506484418197
23.99979891129873, 55.589185763969446
24.054468157110346, 55.59330668375692
24.10913740292196, 55.597427603544396
24.163806648733573, 55.60154852333187
24.21847589454519, 55.605669443119346
24.273145140356803, 55.60979036290682
24.327814386168416, 55.613911282694296
24.38248363198003, 55.61803220248177
24.437152877791647, 55.622153122269246
24.49182212360326, 55.62627404205672
24.546491369414873, 55.630394961844196
24.60116061522649, 55.63451588163167
24.655829861038104, 55.638636801419146
24.710499106849717, 55.64275772120662
24.76516835266133, 55.646878640994096
24.819837598472947, 55.65099956078157
24.87450684428456, 55.655120480569046
24.929176090096174, 55.65924140035652
24.98384533590779, 55.663362320143996
25.038514581719404, 55.66748323993147
25.093183827531018, 55.671604159718946
25.147853073342635, 55.67572507950642
25.202522319154248, 55.679845999293896
25.25719156496586, 55.68396691908137
25.311860810777475, 55.688087838868846
25.36653005658909, 55.69220875865632
25.421199302400705, 55.696329678443796
25.47586854821232, 55.70045059823127
25.530537794023935, 55.704571518018746
25.58520703983555, 55.70869243780622
25.639876285647162, 55.712813357593696
25.69454553145878, 55.71693427738117
25.749214777270392, 55.721055197168646
25.803884023082006, 55.72517611695612
25.85855326889362, 55.729297036743596
25.913222514705236, 55.73341795653107
25.96789176051685, 55.737538876318546
26.022561006328463, 55.74165979610602
26.07723025214008, 55.745780715893495
26.131899497951693, 55.74990163568097
26.186568743763306, 55.754022555468445
26.24123798957492, 55.75814347525592
26.295907235386537, 55.762264395043395
26.35057648119815, 55.76638531483087
26.405245727009763, 55.770506234618345
26.45991497282138, 55.77462715440582
26.514584218632994, 55.778748074193295
26.569253464444607, 55.78286899398077
26.623922710256224, 55.78698991376825
26.678591956067837, 55.79111083355573
26.73326120187945, 55.7952317533432
26.787930447691064, 55.79935267313068
26.84259969350268, 55.80347359291815
26.897268939314294, 55.80759451270563
26.951938185125908, 55.8117154324931
27.006607430937525, 55.81583635228058
27.061276676749138, 55.81995727206805
27.11594592256075, 55.82407819185553
27.17061516837237, 55.828199111643
27.22528441418398, 55.83232003143048
27.279953659995595, 55.83644095121795
27.33462290580721, 55.84056187100543
27.389292151618825, 55.8446827907929
27.44396139743044, 55.84880371058038
27.498630643242052, 55.85292463036785
27.55329988905367, 55.85704555015533
27.607969134865282, 55.8611664699428
27.662638380676896, 55.86528738973028
27.717307626488513, 55.86940830951775
27.771976872300126, 55.87352922930523
27.82664611811174, 55.8776501490927
27.881315363923353, 55.88177106888018
27.93598460973497, 55.88589198866765
27.990653855546583, 55.89001290845513
28.045323101358196, 55.8941338282426
28.099992347169813, 55.89825474803008
28.154661592981427, 55.90237566781755
28.20933083879304, 55.90649658760503
28.264000084604653, 55.9106175073925
28.31866933041627, 55.91473842717998
28.373338576227884, 55.91885934696745
28.428007822039497, 55.92298026675493
28.482677067851114, 55.9271011865424
28.537346313662727, 55.93122210632988
28.59201555947434, 55.93534302611735
28.646684805285958, 55.939463945904826
28.70135405109757, 55.9435848656923
28.756023296909184, 55.947705785479776
28.810692542720798, 55.95182670526725
28.865361788532415, 55.955947625054726
28.920031034344028, 55.9600685448422
28.97470028015564, 55.964189464629676
29.029369525967258, 55.96831038441715
29.08403877177887, 55.972431304204626
29.138708017590485, 55.9765522239921
29.193377263402102, 55.980673143779576
29.248046509213715, 55.98479406356705
29.30271575502533, 55.988914983354526
29.357385000836942, 55.993035903142
29.41205424664856, 55.997156822929476
29.466723492460172, 56.00127774271695
29.521392738271786, 56.005398662504426
29.576061984083402, 56.0095195822919
29.630731229895016, 56.013640502079376
29.68540047570663, 56.01776142186685
29.740069721518246, 56.021882341654326
29.79473896732986, 56.0260032614418
29.849408213141473, 56.030124181229276
29.904077458953086, 56.03424510101675
29.958746704764703, 56.038366020804226
30.013415950576317, 56.0424869405917
30.06808519638793, 56.046607860379176
30.122754442199547, 56.05072878016665
30.17742368801116, 56.05484969995413
30.232092933822774, 56.05897061974161
30.286762179634387, 56.06309153952908
30.341431425446004, 56.06721245931656
30.396100671257617, 56.07133337910403
30.45076991706923, 56.07545429889151
30.505439162880847, 56.07957521867898
30.56010840869246, 56.08369613846646
30.614777654504074, 56.08781705825393
30.66944690031569, 56.09193797804141
30.724116146127304, 56.09605889782888
30.778785391938918, 56.10017981761636
30.83345463775053, 56.10430073740383
30.888123883562148, 56.10842165719131
30.94279312937376, 56.11254257697878
30.997462375185375, 56.11666349676626
31.05213162099699, 56.12078441655373
31.106800866808605, 56.12490533634121
31.16147011262022, 56.12902625612868
31.216139358431835, 56.13314717591616
31.27080860424345, 56.13726809570363
31.325477850055062, 56.14138901549111
31.380147095866675, 56.14550993527858
31.434816341678292, 56.14963085506606
31.489485587489906, 56.15375177485353
31.54415483330152, 56.15787269464101
31.598824079113136, 56.16199361442848
31.65349332492475, 56.16611453421596
31.708162570736363, 56.17023545400343
31.762831816547976, 56.17435637379091
31.817501062359593, 56.17847729357838
31.872170308171206, 56.18259821336586
31.92683955398282, 56.18671913315333
31.981508799794437, 56.19084005294081
32.03617804560605, 56.19496097272828
32.09084729141767, 56.19908189251576
32.14551653722928, 56.20320281230323
32.200185783040894, 56.20732373209071
32.25485502885251, 56.21144465187818
32.30952427466412, 56.21556557166566
32.36419352047574, 56.21968649145313
32.418862766287354, 56.22380741124061
32.473532012098964, 56.22792833102808
32.52820125791058, 56.23204925081556
32.58287050372219, 56.23617017060303
32.63753974953381, 56.24029109039051
32.692208995345425, 56.24441201017798
32.746878241157034, 56.24853292996546
32.80154748696865, 56.25265384975293
32.85621673278027, 56.25677476954041
32.91088597859188, 56.26089568932788
32.965555224403495, 56.26501660911536
33.02022447021511, 56.26913752890283
33.07489371602672, 56.27325844869031
33.12956296183834, 56.27737936847778
33.184232207649956, 56.281500288265256
33.238901453461565, 56.28562120805273
33.29357069927318, 56.289742127840206
33.3482399450848, 56.29386304762768
33.40290919089641, 56.297983967415156
33.457578436708026, 56.30210488720263
33.512247682519636, 56.306225806990106
33.56691692833125, 56.31034672677758
33.62158617414287, 56.31446764656506
33.67625541995448, 56.31858856635253
33.730924665766096, 56.32270948614001
33.78559391157771, 56.32683040592749
33.84026315738932, 56.33095132571496
33.89493240320094, 56.33507224550244
33.94960164901256, 56.33919316528991
34.00427089482417, 56.34331408507739
34.058940140635784, 56.34743500486486
34.1136093864474, 56.35155592465234
34.16827863225901, 56.35567684443981
34.22294787807063, 56.35979776422729
34.277617123882244, 56.36391868401476
34.332286369693854, 56.36803960380224
34.38695561550547, 56.37216052358971
34.44162486131709, 56.37628144337719
34.4962941071287, 56.38040236316466
34.550963352940315, 56.38452328295214
34.605632598751924, 56.38864420273961
34.66030184456354, 56.39276512252709
34.71497109037516, 56.39688604231456
34.76964033618677, 56.40100696210204
34.824309581998385, 56.40512788188951
34.87897882781, 56.40924880167699
34.93364807362161, 56.41336972146446
34.98831731943323, 56.41749064125194
35.042986565244846, 56.42161156103941
35.097655811056455, 56.42573248082689
35.15232505686807, 56.42985340061436
35.20699430267969, 56.43397432040184
35.2616635484913, 56.43809524018931
35.316332794302916, 56.44221615997679
35.37100204011453, 56.44633707976426
35.42567128592614, 56.45045799955174
35.48034053173776, 56.45457891933921
35.53500977754937, 56.45869983912669
35.589679023360986, 56.46282075891416
35.6443482691726, 56.46694167870164
35.69901751498421, 56.47106259848911
35.75368676079583, 56.47518351827659
35.80835600660745, 56.47930443806406
35.86302525241906, 56.48342535785154
35.917694498230674, 56.48754627763901
35.97236374404229, 56.35111232184538
36.0270329898539, 56.20758129184817
36.08170223566552, 56.064050261850944
36.136371481477134, 55.92051923185372
36.191040727288744, 55.77698820185651
36.24570997310036, 55.633457171859284
36.30037921891198, 55.48992614186206
36.35504846472359, 55.34639511186485
36.409717710535205, 55.202864081867624
36.46438695634682, 55.059333051870404
36.51905620215843, 54.91580202187319
36.57372544797005, 54.77227099187597
36.62839469378166, 54.62873996187876
36.683063939593275, 54.48520893188153
36.73773318540489, 54.34167790188431
36.7924024312165, 54.1981468718871
36.84707167702812, 54.05461584188988
36.901740922839736, 53.91108481189265
36.956410168651345, 53.767553781895444
37.01107941446296, 53.62402275189822
37.06574866027458, 53.48049172190099
37.12041790608619, 53.33696069190378
37.175087151897806, 53.193429661906556
37.22975639770942, 53.04989863190933
37.28442564352103, 52.90636760191212
37.33909488933265, 52.762836571914896
37.393764135144266, 52.61930554191767
37.448433380955876, 52.47577451192046
37.50310262676749, 52.332243481923236
37.5577718725791, 52.18871245192603
37.61244111839072, 52.0451814219288
37.66711036420234, 51.901650391931575
37.72177961001395, 51.75811936193437
37.776448855825564, 51.61458833193714
37.83111810163718, 51.471057301939915
37.88578734744879, 51.32752627194271
37.94045659326041, 51.18399524194548
37.995125839072024, 51.040464211948255
38.049795084883634, 50.89693318195105
38.10446433069525, 50.75340215195382
38.15913357650687, 50.609871121956594
38.21380282231848, 50.46634009195939
38.268472068130094, 50.32280906196216
38.32314131394171, 50.17927803196494
38.37781055975332, 50.03574700196773
38.43247980556494, 49.8922159719705
38.48714905137655, 49.748684941973295
38.541818297188165, 49.605153911976075
38.59648754299978, 49.46162288197885
38.65115678881139, 49.318091851981634
38.70582603462301, 49.174560821984414
38.760495280434625, 49.03102979198719
38.815164526246235, 48.887498761989974
38.86983377205785, 48.743967731992754
38.92450301786947, 48.60043670199553
38.97917226368108, 48.456905671998314
39.033841509492696, 48.313374642001094
39.08851075530431, 48.169843612003866
39.14318000111592, 48.02631258200666
39.19784924692754, 47.88278155200943
39.252518492739156, 47.739250522012206
39.307187738550766, 47.595719492015
39.36185698436238, 47.45218846201777
39.416526230174, 47.308657432020546
39.47119547598561, 47.16512640202334
39.52586472179723, 47.02159537202611
39.58053396760884, 46.87806434202891
39.63520321342045, 46.73453331203168
39.68987245923207, 46.59100228203445
39.74454170504368, 46.447471252037246
39.7992109508553, 46.30394022204002
39.853880196666914, 46.16040919204279
39.908549442478524, 46.016878162045586
39.96321868829014, 45.87334713204836
40.01788793410176, 45.72981610205113
40.07255717991337, 45.586285072053926
40.127226425724984, 45.442754042056706
40.1818956715366, 45.29922301205947
40.23656491734821, 45.155691982062265
40.29123416315983, 45.012160952065045
40.345903408971445, 44.86862992206782
40.400572654783055, 44.725098892070605
40.45524190059467, 44.581567862073385
40.50991114640628, 44.43803683207618
40.5645803922179, 44.294505802078945
40.619249638029515, 44.150974772081724
40.673918883841125, 44.00744374208452
40.72858812965274, 43.86391271208729
40.78325737546436, 43.720381682090064
40.83792662127597, 43.57685065209286
40.892595867087586, 43.43331962209563
40.9472651128992, 43.289788592098404
41.00193435871081, 43.1462575621012
41.05660360452243, 43.00272653210397
41.111272850334046, 42.85919550210674
41.165942096145656, 42.71566447210954
41.22061134195727, 42.57213344211231
41.27528058776889, 42.42860241211508
41.3299498335805, 42.28507138211788
41.38461907939212, 42.14154035212065
41.439288325203734, 41.99800932212342
41.49395757101534, 41.85447829212622
41.54862681682696, 41.71094726212899
41.60329606263857, 41.567416232131784
41.65796530845019, 41.42388520213456
41.712634554261804, 41.28035417213733
41.767303800073414, 41.13682314214012
41.82197304588503, 40.993292112142896
41.87664229169665, 40.849761082145676
41.93131153750826, 40.70623005214846
41.985980783319874, 40.562699022151236
42.04065002913149, 40.419167992154016
42.0953192749431, 40.27563696215681
42.14998852075472, 40.132105932159575
42.204657766566335, 39.988574902162355
42.259327012377945, 39.84504387216515
42.31399625818956, 39.701512842167915
42.36866550400118, 39.557981812170695
42.42333474981279, 39.41445078217349
42.478003995624405, 39.270919752176255
42.532673241436015, 39.12738872217905
42.58734248724763, 38.98385769218183
42.64201173305925, 38.8403266621846
42.69668097887086, 38.69679563218739
42.751350224682476, 38.55326460219017
42.80601947049409, 38.40973357219294
42.8606887163057, 38.26620254219573
42.91535796211732, 38.12267151219851
42.970027207928936, 37.97914048220128
43.024696453740546, 37.835609452204075
43.07936569955216, 37.69207842220685
43.13403494536378, 37.54854739220962
43.18870419117539, 37.405016362212415
43.24337343698701, 37.26148533221519
43.298042682798624, 37.11795430221796
43.35271192861023, 36.974423272220754
43.40738117442185, 36.83089224222353
43.46205042023347, 36.68736121222631
43.51671966604508, 36.543830182229094
43.571388911856694, 36.40029915223187
43.626058157668304, 36.25676812223466
43.68072740347992, 36.11323709223744
43.73539664929154, 35.969706062240206
43.79006589510315, 35.826175032243
43.844735140914764, 35.68264400224578
43.89940438672638, 35.539112972248546
43.95407363253799, 35.39558194225134
44.00874287834961, 35.25205091225412
44.063412124161225, 35.108519882256886
44.118081369972835, 34.96498885225968
44.17275061578445, 34.82145782226246
44.22741986159607, 34.677926792265225
44.28208910740768, 34.53439576226802
44.336758353219295, 34.3908647322708
44.39142759903091, 34.24733370227357
44.44609684484252, 34.10380267227636
44.50076609065414, 33.96027164227914
44.55543533646575, 33.81674061228193
44.610104582277366, 33.673209582284706
44.66477382808898, 33.52967855228748
44.71944307390059, 33.38614752229027
44.77411231971221, 33.242616492293045
44.828781565523826, 33.09908546229582
44.883450811335436, 32.95555443229861
44.93812005714705, 32.812023402301385
44.99278930295867, 32.66849237230416
45.04745854877028, 32.52496134230695
45.1021277945819, 32.381430312309725
45.15679704039351, 32.2378992823125
45.21146628620512, 32.09436825231529
45.26613553201674, 31.950837222318064
45.32080477782836, 31.80730619232084
45.37547402363997, 31.66377516232363
45.430143269451584, 31.520244132326408
45.4848125152632, 31.37671310232918
45.53948176107481, 31.23318207233197
45.59415100688643, 31.089651042334747
45.64882025269804, 30.946120012337538
45.703489498509654, 30.802588982340314
45.75815874432127, 30.659057952343087
45.81282799013288, 30.51552692234588
45.8674972359445, 30.371995892348654
45.922166481756115, 30.228464862351426
45.976835727567725, 30.08493383235422
46.03150497337934, 29.941402802356993
46.08617421919096, 29.797871772359766
46.14084346500257, 29.65434074236256
46.195512710814185, 29.510809712365333
46.2501819566258, 29.36727868236811
46.30485120243741, 29.2237476523709
46.35952044824903, 29.080216622373676
46.414189694060646, 28.93668559237645
46.468858939872256, 28.79315456237924
46.52352818568387, 28.649623532382016
46.57819743149548, 28.506092502384806
46.6328666773071, 28.362561472387583
46.687535923118716, 28.219030442390356
46.742205168930326, 28.07549941239315
46.79687441474194, 27.931968382395922
46.85154366055356, 27.788437352398695
46.90621290636517, 27.64490632240149
46.96088215217679, 27.501375292404262
47.0155513979884, 27.357844262407035
47.07022064380001, 27.21431323240983
47.12488988961163, 27.0707822024126
47.17955913542325, 26.927251172415378
47.23422838123486, 26.78372014241817
47.288897627046474, 26.640189112420945
47.34356687285809, 26.496658082423718
47.3982361186697, 26.353127052426508
47.45290536448132, 26.209596022429285
47.50757461029293, 26.066064992432075
47.562243856104544, 25.92253396243485
47.61691310191616, 25.779002932437624
47.67158234772777, 25.63547190244042
47.72625159353939, 25.49194087244319
47.780920839351005, 25.348409842445964
47.835590085162615, 25.204878812448758
47.89025933097423, 25.06134778245153
47.94492857678585, 24.917816752454303
47.99959782259746, 24.774285722457098
48.054267068409075, 24.63075469245987
48.10893631422069, 24.487223662462647
48.1636055600323, 24.34369263246544
48.21827480584392, 24.200161602468214
48.272944051655536, 24.056630572470986
48.327613297467146, 23.91309954247378
48.38228254327876, 23.769568512476553
48.43695178909038, 23.626037482479326
48.49162103490199, 23.48250645248212
48.546290280713606, 23.338975422484893
48.600959526525216, 23.195444392487687
48.65562877233683, 23.05191336249046
48.71029801814845, 22.908382332493233
48.76496726396006, 22.764851302496027
48.81963650977168, 22.6213202724988
48.87430575558329, 22.477789242501572
48.9289750013949, 22.334258212504366
48.98364424720652, 22.19072718250714
49.03831349301814, 22.047196152509912
49.09298273882975, 21.903665122512706
49.147651984641364, 21.76013409251548
49.20232123045298, 21.61660306251825
49.25699047626459, 21.473072032521046
49.31165972207621, 21.32954100252382
49.366328967887824, 21.1860099725266
49.420998213699434, 21.042478942529385
49.47566745951105, 20.898947912532165
49.53033670532266, 20.755416882534952
49.58500595113428, 20.611885852537725
49.639675196945895, 20.468354822540505
49.694344442757505, 20.32482379254329
49.74901368856912, 20.18129276254607
49.80368293438074, 20.037761732548844
49.85835218019235, 19.89423070255164
49.913021426003965, 19.75069967255441
49.96769067181558, 19.607168642557184
50.02235991762719, 19.463637612559978
50.07702916343881, 19.32010658256275
50.131698409250426, 19.176575552565524
50.186367655062035, 19.033044522568318
50.24103690087365, 18.88951349257109
50.29570614668527, 18.745982462573863
50.35037539249688, 18.602451432576657
50.405044638308496, 18.45892040257943
50.45971388412011, 18.315389372582203
50.51438312993172, 18.171858342584997
50.56905237574334, 18.02832731258777
50.62372162155495, 17.884796282590564
50.678390867366566, 17.741265252593337
50.73306011317818, 17.59773422259611
50.78772935898979, 17.454203192598904
50.84239860480141, 17.310672162601676
50.89706785061303, 17.16714113260445
50.95173709642464, 17.023610102607243
51.006406342236254, 16.880079072610016
51.06107558804787, 16.73654804261279
51.11574483385948, 16.593017012615583
51.1704140796711, 16.449485982618356
51.225083325482714, 16.305954952621136
51.279752571294324, 16.162423922623923
51.33442181710594, 16.018892892626702
51.38909106291756, 15.875361862629475
51.44376030872917, 15.731830832632262
51.498429554540785, 15.588299802635042
51.553098800352394, 15.444768772637829
51.60776804616401, 15.301237742640609
51.66243729197563, 15.157706712643382
51.71710653778724, 15.014175682646176
51.771775783598855, 14.870644652648949
51.82644502941047, 14.727113622651721
51.88111427522208, 14.583582592654516
51.9357835210337, 14.440051562657288
51.990452766845316, 14.296520532660061
52.045122012656925, 14.152989502662855
52.09979125846854, 14.009458472665628
52.15446050428016, 13.8659274426684
52.20912975009177, 13.722396412671195
52.263798995903386, 13.578865382673968
52.318468241715, 13.43533435267674
52.37313748752661, 13.291803322679534
52.42780673333823, 13.148272292682307
52.48247597914984, 13.004741262685101
52.537145224961456, 12.861210232687874
52.59181447077307, 12.717679202690647
52.64648371658468, 12.574148172693441
52.7011529623963, 12.430617142696214
52.75582220820792, 12.287086112698987
52.81049145401953, 12.14355508270178
52.865160699831144, 12.000024052704553
52.91982994564276, 11.856493022707326
52.97449919145437, 11.71296199271012
53.02916843726599, 11.569430962712893
53.083837683077604, 11.425899932715673
53.138506928889214, 11.28236890271846
53.19317617470083, 11.138837872721233
53.24784542051245, 10.995306842724013
53.30251466632406, 10.8517758127268
53.357183912135675, 10.70824478272958
53.41185315794729, 10.564713752732352
53.4665224037589, 10.421182722735146
53.52119164957052, 10.27765169273792
53.57586089538213, 10.134120662740713
53.630530141193745, 9.990589632743486
53.68519938700536, 9.847058602746259
53.73986863281697, 9.703527572749053
53.79453787862859, 9.559996542751826
53.849207124440206, 9.416465512754598
53.903876370251815, 9.272934482757393
53.95854561606343, 9.129403452760165
54.01321486187505, 8.985872422762938
54.06788410768666, 8.842341392765732
54.122553353498276, 8.698810362768505
54.17722259930989, 8.555279332771278
54.2318918451215, 8.411748302774072
54.28656109093312, 8.268217272776845
54.34123033674474, 8.124686242779617
54.395899582556346, 7.9811552127824115
54.45056882836796, 7.837624182785184
54.50523807417957, 7.694093152787978
54.55990731999119, 7.550562122790751
54.61457656580281, 7.407031092793524
