Parameters: [53.706866784625, 18.60195739765851, 8.977869052709902, 40.590089059849205, 4.243518062032375, 0.17771347746348115, -3.2535196966604274]
Points:
0.0, 18.60195739765851
0.053760627412037035, 18.83009159110768
0.10752125482407407, 19.058225784556853
0.16128188223611112, 19.286359978006026
0.21504250964814814, 19.514494171455198
0.26880313706018516, 19.74262836490437
0.32256376447222224, 19.97076255835354
0.37632439188425926, 20.198896751802714
0.4300850192962963, 20.427030945251886
0.4838456467083333, 20.655165138701058
0.5376062741203703, 20.88329933215023
0.5913669015324073, 21.111433525599402
0.6451275289444445, 21.339567719048574
0.6988881563564815, 21.567701912497746
0.7526487837685185, 21.79583610594692
0.8064094111805555, 22.02397029939609
0.8601700385925926, 22.252104492845262
0.9139306660046296, 22.48023868629443
0.9676912934166666, 22.708372879743607
1.0214519208287036, 22.936507073192775
1.0752125482407406, 23.164641266641947
1.1289731756527777, 23.39277546009112
1.1827338030648147, 23.62090965354029
1.2364944304768517, 23.849043846989463
1.290255057888889, 24.077178040438636
1.344015685300926, 24.305312233887808
1.397776312712963, 24.53344642733698
1.451536940125, 24.76158062078615
1.505297567537037, 24.989714814235324
1.559058194949074, 25.217849007684496
1.612818822361111, 25.445983201133668
1.666579449773148, 25.67411739458284
1.7203400771851851, 25.902251588032012
1.7741007045972221, 26.130385781481184
1.8278613320092592, 26.358519974930356
1.8816219594212962, 26.58665416837953
1.9353825868333332, 26.8147883618287
1.9891432142453702, 27.04292255527787
2.0429038416574072, 27.27105674872704
2.0966644690694443, 27.499190942176213
2.1504250964814813, 27.727325135625385
2.2041857238935183, 27.955459329074557
2.2579463513055553, 28.18359352252373
2.3117069787175923, 28.4117277159729
2.3654676061296294, 28.639861909422073
2.4192282335416664, 28.867996102871246
2.4729888609537034, 29.096130296320418
2.5267494883657404, 29.32426448976959
2.580510115777778, 29.55239868321876
2.634270743189815, 29.780532876667934
2.688031370601852, 30.008667070117106
2.741791998013889, 30.236801263566278
2.795552625425926, 30.46493545701545
2.849313252837963, 30.693069650464622
2.90307388025, 30.921203843913794
2.956834507662037, 31.149338037362966
3.010595135074074, 31.37747223081214
3.064355762486111, 31.60560642426131
3.118116389898148, 31.833740617710482
3.171877017310185, 32.061874811159655
3.225637644722222, 32.29000900460883
3.279398272134259, 32.518143198058
3.333158899546296, 32.74627739150717
3.386919526958333, 32.97441158495634
3.4406801543703702, 33.202545778405515
3.4944407817824072, 33.43067997185469
3.5482014091944443, 33.65881416530386
3.6019620366064813, 33.88694835875303
3.6557226640185183, 34.1150825522022
3.7094832914305553, 34.343216745651375
3.7632439188425924, 34.57135093910055
3.8170045462546294, 34.79948513254972
3.8707651736666664, 35.02761932599889
3.9245258010787034, 35.255753519448064
3.9782864284907404, 35.48388771289723
4.032047055902778, 35.71202190634641
4.0858076833148145, 35.94015609979557
4.139568310726852, 36.16829029324475
4.1933289381388885, 36.39642448669392
4.247089565550926, 36.624558680143096
4.300850192962963, 36.85269287359226
4.354610820375, 37.08082706704144
4.408371447787037, 37.308961260490605
4.462132075199074, 37.537095453939784
4.515892702611111, 37.76522964738895
4.569653330023148, 37.99336384083813
4.623413957435185, 38.22149803428729
4.677174584847222, 38.44963222773647
4.730935212259259, 38.67776642118564
4.784695839671296, 38.90590061463482
4.838456467083333, 39.13403480808398
4.89221709449537, 39.36216900153316
4.945977721907407, 39.590303194982326
4.999738349319444, 39.818437388431505
5.053498976731481, 40.04657158188067
5.107259604143518, 40.27470577532985
5.161020231555556, 40.502839968779014
5.214780858967592, 40.73097416222819
5.26854148637963, 40.95910835567736
5.322302113791666, 41.18724254912654
5.376062741203704, 41.4153767425757
5.42982336861574, 41.64351093602488
5.483583996027778, 41.87164512947405
5.5373446234398145, 42.099779322923226
5.591105250851852, 42.32791351637239
5.6448658782638885, 42.55604770982156
5.698626505675926, 42.784181903270735
5.752387133087963, 43.01231609671991
5.8061477605, 43.24045029016908
5.859908387912037, 43.46858448361825
5.913669015324074, 43.69671867706742
5.967429642736111, 43.924852870516595
6.021190270148148, 44.15298706396577
6.074950897560185, 44.38112125741494
6.128711524972222, 44.60925545086411
6.182472152384259, 44.837389644313284
6.236232779796296, 45.065523837762456
6.289993407208333, 45.29365803121163
6.34375403462037, 45.5217922246608
6.397514662032407, 45.74992641810997
6.451275289444444, 45.978060611559144
6.505035916856481, 46.206194805008316
6.558796544268518, 46.43432899845749
6.612557171680555, 46.66246319190666
6.666317799092592, 46.89059738535583
6.720078426504629, 47.118731578805
6.773839053916666, 47.346865772254176
6.827599681328703, 47.57499996570334
6.8813603087407405, 47.80313415915252
6.935120936152778, 48.03126835260169
6.9888815635648145, 48.259402546050865
7.042642190976852, 48.48753673950004
7.0964028183888885, 48.71567093294921
7.150163445800926, 48.94380512639838
7.203924073212963, 49.17193931984755
7.257684700625, 49.400073513296725
7.311445328037037, 49.6282077067459
7.365205955449074, 49.85634190019507
7.418966582861111, 50.08447609364424
7.472727210273148, 50.31261028709341
7.526487837685185, 50.540744480542585
7.580248465097222, 50.76887867399176
7.634009092509259, 50.99701286744093
7.687769719921296, 51.2251470608901
7.741530347333333, 51.453281254339274
7.79529097474537, 51.681415447788446
7.849051602157407, 51.90954964123761
7.902812229569444, 52.13768383468679
7.956572856981481, 52.365818028135955
8.010333484393518, 52.593952221585134
8.064094111805556, 52.822086415034306
8.117854739217591, 53.05022060848347
8.171615366629629, 53.27835480193264
8.225375994041666, 53.50648899538182
8.279136621453704, 53.734623188830994
8.33289724886574, 53.96275738228016
8.386657876277777, 54.19089157572933
8.440418503689815, 54.4190257691785
8.494179131101852, 54.64715996262768
8.547939758513888, 54.87529415607685
8.601700385925925, 55.10342834952602
8.655461013337963, 55.33156254297519
8.70922164075, 55.55969673642437
8.762982268162038, 55.78783092987354
8.816742895574073, 56.01596512332271
8.87050352298611, 56.24409931677188
8.924264150398148, 56.47223351022105
8.978024777810186, 56.69973455584356
9.031785405222221, 56.709288543891574
9.085546032634259, 56.718842531939586
9.139306660046296, 56.7283965199876
9.193067287458334, 56.73795050803561
9.24682791487037, 56.74750449608362
9.300588542282407, 56.75705848413163
9.354349169694444, 56.766612472179645
9.408109797106482, 56.77616646022766
9.461870424518517, 56.78572044827567
9.515631051930555, 56.79527443632368
9.569391679342592, 56.80482842437169
9.62315230675463, 56.814382412419704
9.676912934166666, 56.823936400467716
9.730673561578703, 56.83349038851573
9.78443418899074, 56.84304437656374
9.838194816402778, 56.85259836461175
9.891955443814814, 56.86215235265976
9.945716071226851, 56.871706340707775
9.999476698638889, 56.881260328755786
10.053237326050926, 56.8908143168038
10.106997953462962, 56.90036830485181
10.160758580875, 56.909922292899815
10.214519208287037, 56.919476280947826
10.268279835699074, 56.92903026899584
10.322040463111112, 56.93858425704385
10.375801090523147, 56.94813824509186
10.429561717935185, 56.95769223313987
10.483322345347222, 56.967246221187885
10.53708297275926, 56.9768002092359
10.590843600171295, 56.98635419728391
10.644604227583333, 56.99590818533192
10.69836485499537, 57.00546217337993
10.752125482407408, 57.015016161427944
10.805886109819443, 57.024570149475956
10.85964673723148, 57.03412413752397
10.913407364643518, 57.04367812557198
10.967167992055556, 57.05323211361999
11.020928619467592, 57.062786101668
11.074689246879629, 57.072340089716015
11.128449874291666, 57.08189407776403
11.182210501703704, 57.09144806581204
11.23597112911574, 57.10100205386005
11.289731756527777, 57.11055604190806
11.343492383939815, 57.120110029956074
11.397253011351852, 57.129664018004085
11.451013638763888, 57.1392180060521
11.504774266175925, 57.14877199410011
11.558534893587963, 57.15832598214812
11.612295521, 57.16787997019613
11.666056148412036, 57.177433958244144
11.719816775824073, 57.186987946292156
11.77357740323611, 57.19654193434017
11.827338030648148, 57.20609592238818
11.881098658060184, 57.21564991043619
11.934859285472221, 57.2252038984842
11.988619912884259, 57.234757886532215
12.042380540296296, 57.24431187458023
12.096141167708334, 57.25386586262824
12.14990179512037, 57.26341985067625
12.203662422532407, 57.27297383872426
12.257423049944444, 57.282527826772274
12.311183677356482, 57.292081814820286
12.364944304768517, 57.3016358028683
12.418704932180555, 57.31118979091631
12.472465559592592, 57.32074377896432
12.52622618700463, 57.33029776701233
12.579986814416666, 57.339851755060344
12.633747441828703, 57.349405743108356
12.68750806924074, 57.35895973115637
12.741268696652778, 57.36851371920438
12.795029324064814, 57.37806770725239
12.848789951476851, 57.3876216953004
12.902550578888889, 57.397175683348415
12.956311206300926, 57.40672967139643
13.010071833712962, 57.41628365944444
13.063832461125, 57.42583764749245
13.117593088537037, 57.43539163554046
13.171353715949074, 57.444945623588474
13.22511434336111, 57.45449961163648
13.278874970773147, 57.46405359968449
13.332635598185185, 57.4736075877325
13.386396225597222, 57.483161575780514
13.440156853009258, 57.492715563828526
13.493917480421295, 57.50226955187654
13.547678107833333, 57.51182353992455
13.60143873524537, 57.52137752797256
13.655199362657406, 57.53093151602057
13.708959990069443, 57.540485504068585
13.762720617481481, 57.550039492116596
13.816481244893518, 57.55959348016461
13.870241872305556, 57.56914746821262
13.924002499717592, 57.57870145626063
13.977763127129629, 57.58825544430864
14.031523754541666, 57.597809432356655
14.085284381953704, 57.60736342040467
14.13904500936574, 57.61691740845268
14.192805636777777, 57.62647139650069
14.246566264189815, 57.6360253845487
14.300326891601852, 57.645579372596714
14.354087519013888, 57.655133360644726
14.407848146425925, 57.66468734869274
14.461608773837963, 57.67424133674075
14.51536940125, 57.68379532478876
14.569130028662036, 57.69334931283677
14.622890656074073, 57.702903300884785
14.67665128348611, 57.7124572889328
14.730411910898148, 57.72201127698081
14.784172538310184, 57.73156526502882
14.837933165722221, 57.74111925307683
14.891693793134259, 57.750673241124844
14.945454420546296, 57.760227229172855
14.999215047958332, 57.76978121722087
15.05297567537037, 57.77933520526888
15.106736302782407, 57.78888919331689
15.160496930194444, 57.7984431813649
15.21425755760648, 57.807997169412914
15.268018185018517, 57.817551157460926
15.321778812430555, 57.82710514550894
15.375539439842592, 57.83665913355695
15.429300067254628, 57.84621312160496
15.483060694666666, 57.85576710965297
15.536821322078703, 57.865321097700985
15.59058194949074, 57.874875085749
15.644342576902778, 57.88442907379701
15.698103204314814, 57.89398306184502
15.751863831726851, 57.90353704989303
15.805624459138889, 57.913091037941044
15.859385086550926, 57.922645025989056
15.913145713962962, 57.93219901403707
15.966906341375, 57.94175300208508
16.020666968787037, 57.95130699013309
16.074427596199072, 57.9608609781811
16.12818822361111, 57.970414966229114
16.181948851023147, 57.979968954277126
16.235709478435183, 57.98952294232514
16.289470105847222, 57.99907693037315
16.343230733259258, 58.008630918421154
16.396991360671297, 58.01818490646917
16.450751988083333, 58.02773889451718
16.50451261549537, 58.03729288256519
16.558273242907408, 58.0468468706132
16.612033870319443, 58.05640085866121
16.66579449773148, 58.065954846709225
16.71955512514352, 58.07550883475724
16.773315752555554, 58.08506282280525
16.827076379967593, 58.09461681085326
16.88083700737963, 58.10417079890127
16.934597634791665, 58.113724786949284
16.988358262203704, 58.123278774997296
17.04211888961574, 58.13283276304531
17.095879517027775, 58.14238675109332
17.149640144439815, 58.15194073914133
17.20340077185185, 58.16149472718934
17.25716139926389, 58.171048715237355
17.310922026675925, 58.180602703285366
17.36468265408796, 58.19015669133338
17.4184432815, 58.19971067938139
17.472203908912036, 58.2092646674294
17.525964536324075, 58.21881865547741
17.57972516373611, 58.228372643525425
17.633485791148146, 58.23792663157344
17.687246418560186, 58.24748061962145
17.74100704597222, 58.25703460766946
17.794767673384257, 58.26658859571747
17.848528300796296, 58.276142583765484
17.902288928208332, 58.285696571813496
17.95604955562037, 58.29525055986151
18.009810183032407, 58.30480454790952
18.063570810444443, 58.31435853595753
18.117331437856482, 58.32391252400554
18.171092065268518, 58.333466512053555
18.224852692680553, 58.34302050010157
18.278613320092592, 58.35257448814958
18.332373947504628, 58.36212847619759
18.386134574916667, 58.3716824642456
18.439895202328703, 58.381236452293614
18.49365582974074, 58.390790440341625
18.547416457152778, 58.40034442838964
18.601177084564814, 58.40989841643765
18.65493771197685, 58.41945240448566
18.70869833938889, 58.42900639253367
18.762458966800924, 58.438560380581684
18.816219594212964, 58.448114368629696
18.869980221625, 58.45766835667771
18.923740849037035, 58.46722234472572
18.977501476449074, 58.47677633277373
19.03126210386111, 58.48633032082174
19.08502273127315, 58.495884308869755
19.138783358685185, 58.50543829691777
19.19254398609722, 58.51499228496578
19.24630461350926, 58.52454627301379
19.300065240921295, 58.5341002610618
19.35382586833333, 58.54365424910981
19.40758649574537, 58.553208237157826
19.461347123157406, 58.56276222520583
19.515107750569445, 58.57231621325384
19.56886837798148, 58.581870201301854
19.622629005393517, 58.591424189349866
19.676389632805556, 58.60097817739788
19.73015026021759, 58.61053216544589
19.783910887629627, 58.6200861534939
19.837671515041666, 58.62964014154191
19.891432142453702, 58.639194129589924
19.94519276986574, 58.648748117637936
19.998953397277777, 58.65830210568595
20.052714024689813, 58.66785609373396
20.106474652101852, 58.67741008178197
20.160235279513888, 58.68696406982998
20.213995906925923, 58.696518057877995
20.267756534337963, 58.70607204592601
20.32151716175, 58.71562603397402
20.375277789162038, 58.72518002202203
20.429038416574073, 58.73473401007004
20.48279904398611, 58.744287998118054
20.536559671398148, 58.753841986166066
20.590320298810184, 58.76339597421408
20.644080926222223, 58.77294996226209
20.69784155363426, 58.7825039503101
20.751602181046295, 58.79205793835811
20.805362808458334, 58.801611926406125
20.85912343587037, 58.811165914454136
20.912884063282405, 58.82071990250215
20.966644690694444, 58.83027389055016
21.02040531810648, 58.83982787859817
21.07416594551852, 58.84938186664618
21.127926572930555, 58.858935854694195
21.18168720034259, 58.86848984274221
21.23544782775463, 58.87804383079022
21.289208455166666, 58.88759781883823
21.3429690825787, 58.89715180688624
21.39672970999074, 58.906705794934254
21.450490337402776, 58.916259782982266
21.504250964814815, 58.92581377103028
21.55801159222685, 58.93536775907829
21.611772219638887, 58.9449217471263
21.665532847050926, 58.95447573517431
21.71929347446296, 58.964029723222325
21.773054101874997, 58.97358371127034
21.826814729287037, 58.98313769931835
21.880575356699072, 58.99269168736636
21.93433598411111, 59.00224567541437
21.988096611523147, 59.011799663462384
22.041857238935183, 59.021353651510395
22.095617866347222, 59.03090763955841
22.149378493759258, 59.04046162760642
22.203139121171294, 59.05001561565443
22.256899748583333, 59.05956960370244
22.31066037599537, 59.069123591750454
22.364421003407408, 59.078677579798466
22.418181630819443, 59.08823156784648
22.47194225823148, 59.09778555589449
22.52570288564352, 59.1073395439425
22.579463513055554, 59.116893531990506
22.633224140467593, 59.126447520038525
22.68698476787963, 59.13600150808653
22.740745395291665, 59.14555549613454
22.794506022703704, 59.15510948418255
22.84826665011574, 59.164663472230565
22.902027277527775, 59.17421746027858
22.955787904939815, 59.18377144832659
23.00954853235185, 59.1933254363746
23.06330915976389, 59.20287942442261
23.117069787175925, 59.212433412470624
23.17083041458796, 59.221987400518636
23.224591042, 59.23154138856665
23.278351669412036, 59.24109537661466
23.33211229682407, 59.25064936466267
23.38587292423611, 59.26020335271068
23.439633551648146, 59.269757340758694
23.493394179060186, 59.279311328806706
23.54715480647222, 59.28886531685472
23.600915433884257, 59.29841930490273
23.654676061296296, 59.30797329295074
23.708436688708332, 59.31752728099875
23.762197316120368, 59.327081269046765
23.815957943532407, 59.33663525709478
23.869718570944443, 59.34618924514279
23.923479198356482, 59.3557432331908
23.977239825768518, 59.36529722123881
24.031000453180553, 59.374851209286824
24.084761080592592, 59.384405197334836
24.138521708004628, 59.39395918538285
24.192282335416667, 59.40351317343086
24.246042962828703, 59.41306716147887
24.29980359024074, 59.42262114952688
24.353564217652778, 59.432175137574895
24.407324845064814, 59.441729125622906
24.46108547247685, 59.45128311367092
24.51484609988889, 59.46083710171893
24.568606727300924, 59.47039108976694
24.622367354712964, 59.47994507781495
24.676127982125, 59.489499065862965
24.729888609537035, 59.49905305391098
24.783649236949074, 59.50860704195899
24.83740986436111, 59.518161030007
24.891170491773146, 59.52771501805501
24.944931119185185, 59.537269006103024
24.99869174659722, 59.546822994151036
25.05245237400926, 59.55637698219905
25.106213001421295, 59.56593097024706
25.15997362883333, 59.57548495829507
25.21373425624537, 59.58503894634308
25.267494883657406, 59.594592934391095
25.32125551106944, 59.60414692243911
25.37501613848148, 59.61370091048712
25.428776765893517, 59.62325489853513
25.482537393305556, 59.63280888658314
25.53629802071759, 59.64236287463115
25.590058648129627, 59.65191686267916
25.643819275541667, 59.66147085072717
25.697579902953702, 59.67102483877518
25.751340530365738, 59.680578826823194
25.805101157777777, 59.690132814871205
25.858861785189813, 59.69968680291922
25.912622412601852, 59.70924079096723
25.966383040013888, 59.71879477901524
26.020143667425923, 59.72834876706325
26.073904294837963, 59.737902755111264
26.12766492225, 59.747456743159276
26.181425549662038, 59.75701073120729
26.235186177074073, 59.7665647192553
26.28894680448611, 59.77611870730331
26.34270743189815, 59.78567269535132
26.396468059310184, 59.795226683399335
26.45022868672222, 59.80478067144735
26.50398931413426, 59.81433465949536
26.557749941546295, 59.82388864754337
26.611510568958334, 59.83344263559138
26.66527119637037, 59.842996623639394
26.719031823782405, 59.852550611687406
26.772792451194444, 59.86210459973542
26.82655307860648, 59.87165858778343
26.880313706018516, 59.88121257583144
26.934074333430555, 59.89076656387945
26.98783496084259, 59.900320551927464
27.04159558825463, 59.909874539975476
27.095356215666666, 59.91942852802349
27.1491168430787, 59.9289825160715
27.20287747049074, 59.93853650411951
27.256638097902776, 59.94809049216752
27.310398725314812, 59.957644480215535
27.36415935272685, 59.96719846826355
27.417919980138887, 59.97675245631156
27.471680607550926, 59.98630644435957
27.525441234962962, 59.99586043240758
27.579201862374997, 60.005414420455594
27.632962489787037, 60.014968408503606
27.686723117199072, 60.02452239655162
27.74048374461111, 60.03407638459963
27.794244372023147, 60.04363037264764
27.848004999435183, 60.05318436069565
27.901765626847222, 60.062738348743665
27.955526254259258, 60.072292336791676
28.009286881671294, 60.08184632483969
28.063047509083333, 60.0914003128877
28.11680813649537, 60.10095430093571
28.170568763907408, 60.11050828898372
28.224329391319444, 60.120062277031735
28.27809001873148, 60.12961626507975
28.33185064614352, 60.13917025312776
28.385611273555554, 60.14872424117577
28.43937190096759, 60.15827822922378
28.49313252837963, 60.167832217271794
28.546893155791665, 60.177386205319806
28.600653783203704, 60.18694019336782
28.65441441061574, 60.19649418141583
28.708175038027775, 60.206048169463834
28.761935665439815, 60.21560215751185
28.81569629285185, 60.22515614555986
28.869456920263886, 60.23471013360787
28.923217547675925, 60.24426412165588
28.97697817508796, 60.25381810970389
29.0307388025, 60.263372097751905
29.084499429912036, 60.27292608579992
29.13826005732407, 60.28248007384793
29.19202068473611, 60.29203406189594
29.245781312148146, 60.30158804994395
29.299541939560186, 60.311142037991964
29.35330256697222, 60.320696026039975
29.407063194384257, 60.33025001408799
29.460823821796296, 60.339804002136
29.514584449208332, 60.34935799018401
29.568345076620368, 60.35891197823202
29.622105704032407, 60.368465966280034
29.675866331444443, 60.378019954328046
29.729626958856482, 60.38757394237606
29.783387586268518, 60.39712793042407
29.837148213680553, 60.40668191847208
29.890908841092592, 60.41623590652009
29.944669468504628, 60.425789894568105
29.998430095916664, 60.43534388261612
30.052190723328703, 60.44489787066413
30.10595135074074, 60.45445185871214
30.159711978152778, 60.46400584676015
30.213472605564814, 60.473559834808164
30.26723323297685, 60.483113822856176
30.32099386038889, 60.49266781090419
30.374754487800924, 60.5022217989522
30.42851511521296, 60.51177578700021
30.482275742625, 60.52132977504822
30.536036370037035, 60.530883763096234
30.589796997449074, 60.540437751144246
30.64355762486111, 60.54999173919226
30.697318252273146, 60.55954572724027
30.751078879685185, 60.56909971528828
30.80483950709722, 60.57865370333629
30.858600134509256, 60.588207691384305
30.912360761921295, 60.59776167943232
30.96612138933333, 60.60731566748033
31.01988201674537, 60.61686965552834
31.073642644157406, 60.62642364357635
31.12740327156944, 60.635977631624364
31.18116389898148, 60.645531619672376
31.234924526393517, 60.65508560772039
31.288685153805556, 60.6646395957684
31.34244578121759, 60.67419358381641
31.396206408629627, 60.68374757186442
31.449967036041667, 60.693301559912435
31.503727663453702, 60.702855547960446
31.557488290865738, 60.71240953600845
31.611248918277777, 60.72196352405647
31.665009545689813, 60.731517512104475
31.718770173101852, 60.741071500152486
31.772530800513888, 60.7506254882005
31.826291427925923, 60.76017947624851
31.880052055337963, 60.76973346429652
31.93381268275, 60.77928745234453
31.987573310162034, 60.788841440392545
32.04133393757407, 60.79839542844056
32.09509456498611, 60.80794941648857
32.148855192398145, 60.81750340453658
32.202615819810184, 60.82705739258459
32.25637644722222, 60.836611380632604
32.310137074634255, 60.846165368680616
32.363897702046295, 60.85571935672863
32.417658329458334, 60.86527334477664
32.471418956870366, 60.87482733282465
32.525179584282405, 60.88438132087266
32.578940211694444, 60.893935308920675
32.63270083910648, 60.90348929696869
32.686461466518516, 60.9130432850167
32.740222093930555, 60.92259727306471
32.793982721342594, 60.93215126111272
32.847743348754626, 60.941705249160734
32.901503976166666, 60.951259237208745
32.955264603578705, 60.96081322525676
33.00902523099074, 60.97036721330477
33.062785858402776, 60.97992120135278
33.116546485814816, 60.98947518940079
33.17030711322685, 60.999029177448804
33.22406774063889, 61.008583165496816
33.277828368050926, 61.01813715354483
33.33158899546296, 61.02769114159284
33.385349622875, 61.03724512964085
33.43911025028704, 61.04679911768886
33.492870877699076, 61.056353105736875
33.54663150511111, 61.06590709378489
33.60039213252315, 61.0754610818329
33.65415275993519, 61.08501506988091
33.70791338734722, 61.09456905792892
33.76167401475926, 61.104123045976934
33.8154346421713, 61.113677034024946
33.86919526958333, 61.12323102207296
33.92295589699537, 61.13278501012097
33.97671652440741, 61.14233899816898
34.03047715181944, 61.15189298621699
34.08423777923148, 61.161446974265004
34.13799840664352, 61.171000962313016
34.19175903405555, 61.18055495036103
34.24551966146759, 61.19010893840904
34.29928028887963, 61.19966292645705
34.35304091629167, 61.20921691450506
34.4068015437037, 61.218770902553075
34.46056217111574, 61.22832489060109
34.51432279852778, 61.2378788786491
34.56808342593981, 61.24743286669711
34.62184405335185, 61.25698685474512
34.67560468076389, 61.266540842793134
34.72936530817592, 61.276094830841146
34.78312593558796, 61.28564881888916
34.836886563, 61.29520280693717
34.89064719041203, 61.304756794985174
34.94440781782407, 61.31431078303319
34.99816844523611, 61.323864771081205
35.05192907264815, 61.333418759129216
35.10568970006018, 61.34297274717722
35.15945032747222, 61.35252673522523
35.21321095488426, 61.36208072327325
35.26697158229629, 61.371634711321256
35.32073220970833, 61.38118869936927
35.37449283712037, 61.39074268741728
35.4282534645324, 61.40029667546529
35.48201409194444, 61.4098506635133
35.53577471935648, 61.419404651561315
35.589535346768514, 61.42895863960933
35.64329597418055, 61.43851262765734
35.69705660159259, 61.44806661570535
35.750817229004625, 61.45762060375336
35.804577856416664, 61.467174591801374
35.8583384838287, 61.476728579849386
35.91209911124074, 61.4862825678974
35.965859738652775, 61.49583655594541
36.019620366064814, 61.50539054399342
36.07338099347685, 61.51494453204143
36.127141620888885, 61.524498520089445
36.180902248300924, 61.53405250813746
36.234662875712964, 61.54360649618547
36.288423503124996, 61.55316048423348
36.342184130537035, 61.56271447228149
36.395944757949074, 61.572268460329504
36.449705385361106, 61.581822448377515
36.503466012773146, 61.59137643642553
36.557226640185185, 61.60093042447354
36.610987267597224, 61.61048441252155
36.664747895009256, 61.62003840056956
36.718508522421295, 61.629592388617574
36.772269149833335, 61.639146376665586
36.82602977724537, 61.6487003647136
36.879790404657406, 61.65825435276161
36.933551032069445, 61.66780834080962
36.98731165948148, 61.67736232885763
37.04107228689352, 61.686916316905645
37.094832914305556, 61.69647030495366
37.14859354171759, 61.70602429300167
37.20235416912963, 61.71557828104968
37.25611479654167, 61.72513226909769
37.3098754239537, 61.734686257145704
37.36363605136574, 61.744240245193716
37.41739667877778, 61.75379423324173
37.471157306189816, 61.76334822128974
37.52491793360185, 61.77290220933775
37.57867856101389, 61.78245619738576
37.63243918842593, 61.792010185433774
37.68619981583796, 61.80156417348178
37.73996044325, 61.81111816152979
37.79372107066204, 61.82067214957781
37.84748169807407, 61.830226137625814
37.90124232548611, 61.839780125673826
37.95500295289815, 61.84933411372184
38.00876358031018, 61.85888810176985
38.06252420772222, 61.86844208981786
38.11628483513426, 61.87799607786587
38.1700454625463, 61.887550065913885
38.22380608995833, 61.8971040539619
38.27756671737037, 61.90665804200991
38.33132734478241, 61.91621203005792
38.38508797219444, 61.92576601810593
38.43884859960648, 61.935320006153944
38.49260922701852, 61.944873994201956
38.54636985443055, 61.95442798224997
38.60013048184259, 61.96398197029798
38.65389110925463, 61.97353595834599
38.70765173666666, 61.983089946394
38.7614123640787, 61.992643934442015
38.81517299149074, 62.002197922490026
38.86893361890277, 62.01175191053804
38.92269424631481, 62.02130589858605
38.97645487372685, 62.03085988663406
39.03021550113889, 62.04041387468207
39.08397612855092, 62.049967862730085
39.13773675596296, 62.0595218507781
39.191497383375, 62.06907583882611
39.24525801078703, 62.07862982687412
39.29901863819907, 62.08818381492213
39.35277926561111, 62.097737802970144
39.406539893023144, 62.107291791018156
39.46030052043518, 62.11684577906617
39.51406114784722, 62.12639976711418
39.567821775259254, 62.13595375516219
39.621582402671294, 62.1455077432102
39.67534303008333, 62.155061731258215
39.72910365749537, 62.16461571930623
39.782864284907404, 62.17416970735424
39.836624912319444, 62.18372369540225
39.89038553973148, 62.19327768345026
39.944146167143515, 62.202831671498274
39.997906794555554, 62.212385659546285
40.05166742196759, 62.2219396475943
40.105428049379626, 62.23149363564231
40.159188676791665, 62.24104762369032
40.212949304203704, 62.25060161173833
40.266709931615736, 62.260155599786344
40.320470559027775, 62.269709587834356
40.374231186439815, 62.27926357588237
40.42799181385185, 62.28881756393038
40.481752441263886, 62.29837155197839
40.535513068675925, 62.3079255400264
40.589273696087965, 62.317479528074415
40.6430343235, 62.14536597107109
40.696794950912036, 61.9704547108812
40.750555578324075, 61.795543450691305
40.80431620573611, 61.62063219050144
40.85807683314815, 61.445720930311545
40.911837460560186, 61.27080967012165
40.96559808797222, 61.095898409931785
41.01935871538426, 60.92098714974189
41.073119342796296, 60.746075889551996
41.12687997020833, 60.57116462936213
41.18064059762037, 60.396253369172236
41.23440122503241, 60.22134210898234
41.288161852444446, 60.046430848792454
41.34192247985648, 59.87151958860258
41.39568310726852, 59.696608328412694
41.44944373468056, 59.5216970682228
41.50320436209259, 59.346785808032934
41.55696498950463, 59.17187454784304
41.61072561691667, 58.996963287653145
41.6644862443287, 58.82205202746328
41.71824687174074, 58.647140767273385
41.77200749915278, 58.47222950708349
41.82576812656481, 58.297318246893624
41.87952875397685, 58.12240698670373
41.93328938138889, 57.947495726513836
41.98705000880092, 57.77258446632397
42.04081063621296, 57.597673206134075
42.094571263625, 57.42276194594419
42.14833189103704, 57.247850685754294
42.20209251844907, 57.07293942556443
42.25585314586111, 56.898028165374534
42.30961377327315, 56.72311690518464
42.36337440068518, 56.54820564499477
42.41713502809722, 56.37329438480488
42.47089565550926, 56.198383124614985
42.52465628292129, 56.02347186442512
42.57841691033333, 55.848560604235225
42.63217753774537, 55.67364934404533
42.6859381651574, 55.498738083855464
42.73969879256944, 55.32382682366557
42.79345941998148, 55.14891556347568
42.84722004739351, 54.97400430328581
42.90098067480555, 54.79909304309592
42.95474130221759, 54.62418178290603
43.00850192962963, 54.449270522716134
43.06226255704166, 54.27435926252626
43.1160231844537, 54.09944800233637
43.16978381186574, 53.92453674214648
43.223544439277774, 53.74962548195661
43.27730506668981, 53.57471422176672
43.33106569410185, 53.399802961576825
43.384826321513884, 53.22489170138696
43.43858694892592, 53.049980441197064
43.49234757633796, 52.87506918100718
43.546108203749995, 52.700157920817304
43.599868831162034, 52.52524666062742
43.65362945857407, 52.35033540043752
43.70739008598611, 52.17542414024763
43.761150713398145, 52.000512880057755
43.814911340810184, 51.82560161986787
43.86867196822222, 51.650690359677974
43.922432595634255, 51.47577909948811
43.976193223046295, 51.30086783929821
44.029953850458334, 51.12595657910832
44.083714477870366, 50.95104531891845
44.137475105282405, 50.77613405872856
44.191235732694444, 50.60122279853867
44.24499636010648, 50.4263115383488
44.298756987518516, 50.25140027815891
44.352517614930555, 50.07648901796902
44.40627824234259, 49.901577757779144
44.46003886975463, 49.72666649758925
44.513799497166666, 49.55175523739936
44.567560124578705, 49.37684397720947
44.62132075199074, 49.2019327170196
44.675081379402776, 49.02702145682971
44.728842006814816, 48.85211019663981
44.78260263422685, 48.67719893644995
44.83636326163889, 48.50228767626005
44.890123889050926, 48.327376416070166
44.94388451646296, 48.15246515588029
44.997645143875, 47.9775538956904
45.05140577128704, 47.80264263550051
45.10516639869907, 47.62773137531064
45.15892702611111, 47.452820115120744
45.21268765352315, 47.27790885493086
45.26644828093519, 47.10299759474096
45.32020890834722, 46.9280863345511
45.37396953575926, 46.7531750743612
45.4277301631713, 46.57826381417131
45.48149079058333, 46.40335255398144
45.53525141799537, 46.22844129379155
45.58901204540741, 46.05353003360166
45.64277267281944, 45.87861877341179
45.69653330023148, 45.7037075132219
45.75029392764352, 45.528796253032
45.80405455505555, 45.35388499284213
45.85781518246759, 45.17897373265224
45.91157580987963, 45.00406247246235
45.96533643729166, 44.82915121227248
46.0190970647037, 44.65423995208259
46.07285769211574, 44.4793286918927
46.12661831952778, 44.3044174317028
46.18037894693981, 44.129506171512936
46.23413957435185, 43.95459491132304
46.28790020176389, 43.779683651133155
46.34166082917592, 43.60477239094328
46.39542145658796, 43.429861130753395
46.449182084, 43.25494987056349
46.50294271141203, 43.08003861037363
46.55670333882407, 42.90512735018373
46.61046396623611, 42.730216089993846
46.66422459364814, 42.55530482980397
46.71798522106018, 42.380393569614085
46.77174584847222, 42.20548230942419
46.82550647588426, 42.0305710492343
46.87926710329629, 41.85565978904443
46.93302773070833, 41.68074852885454
46.98678835812037, 41.50583726866465
47.0405489855324, 41.330926008474776
47.09430961294444, 41.15601474828489
47.14807024035648, 40.98110348809499
47.201830867768514, 40.80619222790512
47.25559149518055, 40.63128096771523
47.30935212259259, 40.45636970752534
47.363112750004625, 40.28145844733547
47.416873377416664, 40.10654718714558
47.4706340048287, 39.931635926955686
47.524394632240735, 39.75672466676582
47.578155259652775, 39.581813406575925
47.631915887064814, 39.40690214638603
47.68567651447685, 39.231990886196144
47.739437141888885, 39.05707962600627
47.793197769300924, 38.88216836581638
47.846958396712964, 38.70725710562648
47.900719024124996, 38.532345845436616
47.954479651537035, 38.35743458524672
48.008240278949074, 38.182523325056835
48.062000906361106, 38.00761206486696
48.115761533773146, 37.832700804677074
48.169522161185185, 37.65778954448718
48.22328278859722, 37.482878284297314
48.277043416009256, 37.30796702410742
48.330804043421296, 37.133055763917525
48.384564670833335, 36.95814450372764
48.43832529824537, 36.783233243537765
48.492085925657406, 36.60832198334787
48.545846553069445, 36.43341072315798
48.59960718048148, 36.25849946296811
48.65336780789352, 36.083588202778216
48.707128435305556, 35.90867694258833
48.76088906271759, 35.733765682398456
48.81464969012963, 35.55885442220857
48.86841031754167, 35.383943162018674
48.9221709449537, 35.20903190182881
48.97593157236574, 35.03412064163891
49.02969219977778, 34.85920938144902
49.08345282718981, 34.68429812125915
49.13721345460185, 34.50938686106926
49.19097408201389, 34.334475600879365
49.24473470942593, 34.15956434068947
49.29849533683796, 33.984653080499605
49.35225596425, 33.80974182030971
49.40601659166204, 33.63483056011982
49.45977721907407, 33.45991929992995
49.51353784648611, 33.28500803974006
49.56729847389815, 33.11009677955017
49.62105910131018, 32.9351855193603
49.67481972872222, 32.7602742591704
49.72858035613426, 32.585362998980514
49.78234098354629, 32.41045173879064
49.83610161095833, 32.235540478600754
49.88986223837037, 32.06062921841086
49.94362286578241, 31.88571795822097
49.99738349319444, 31.7108066980311
50.05114412060648, 31.53589543784121
50.10490474801852, 31.360984177651314
50.15866537543055, 31.186072917461445
50.21242600284259, 31.011161657271554
50.26618663025463, 30.836250397081663
50.31994725766666, 30.661339136891794
50.3737078850787, 30.4864278767019
50.42746851249074, 30.31151661651201
50.48122913990277, 30.136605356322143
50.53498976731481, 29.96169409613225
50.58875039472685, 29.786782835942354
50.64251102213888, 29.611871575752488
50.69627164955092, 29.436960315562594
50.75003227696296, 29.2620490553727
50.803792904375, 29.087137795182812
50.85755353178703, 28.91222653499294
50.91131415919907, 28.737315274803052
50.96507478661111, 28.562404014613158
51.018835414023144, 28.387492754423285
51.07259604143518, 28.212581494233397
51.12635666884722, 28.037670234043503
51.180117296259255, 27.862758973853637
51.233877923671294, 27.687847713663743
51.28763855108333, 27.51293645347385
51.341399178495365, 27.338025193283983
51.395159805907404, 27.16311393309409
51.448920433319444, 26.988202672904194
51.502681060731476, 26.813291412714328
51.556441688143515, 26.638380152524434
51.610202315555554, 26.46346889233454
51.66396294296759, 26.288557632144652
51.717723570379626, 26.11364637195478
51.771484197791665, 25.938735111764892
51.825244825203704, 25.763823851574998
51.879005452615736, 25.58891259138513
51.932766080027776, 25.414001331195237
51.986526707439815, 25.239090071005343
52.04028733485185, 25.064178810815477
52.094047962263886, 24.889267550625583
52.147808589675925, 24.71435629043569
52.20156921708796, 24.539445030245822
52.2553298445, 24.364533770055928
52.309090471912036, 24.189622509866034
52.362851099324075, 24.014711249676147
52.41661172673611, 23.839799989486274
52.47037235414815, 23.664888729296386
52.524132981560186, 23.489977469106492
52.57789360897222, 23.31506620891662
52.63165423638426, 23.14015494872673
52.6854148637963, 22.965243688536837
52.73917549120833, 22.79033242834697
52.79293611862037, 22.615421168157077
52.84669674603241, 22.440509907967183
52.90045737344444, 22.265598647777317
52.95421800085648, 22.090687387587423
53.00797862826852, 21.91577612739753
53.06173925568055, 21.740864867207662
53.11549988309259, 21.565953607017768
53.16926051050463, 21.39104234682788
53.22302113791667, 21.216131086637986
53.2767817653287, 21.041219826448113
53.33054239274074, 20.866308566258226
53.38430302015278, 20.691397306068332
53.43806364756481, 20.516486045878466
53.49182427497685, 20.34157478568857
53.54558490238889, 20.166663525498677
53.59934552980092, 19.99175226530881
53.65310615721296, 19.816841005118917
53.706866784625, 19.641929744929023
