Parameters: [45.28563071954526, 18.15901450683341, 5.80345250741071, 41.97764760860385, 4.089700946275442, 0.13620933273159797, -3.3095312006802655]
Points:
0.0, 18.15901450683341
0.04533096168122649, 18.3444045837167
0.09066192336245298, 18.529794660599986
0.13599288504367946, 18.715184737483273
0.18132384672490595, 18.900574814366564
0.22665480840613245, 19.08596489124985
0.2719857700873589, 19.27135496813314
0.31731673176858544, 19.456745045016426
0.3626476934498119, 19.642135121899713
0.40797865513103837, 19.827525198783
0.4533096168122649, 20.012915275666288
0.49864057849349136, 20.19830535254958
0.5439715401747178, 20.383695429432866
0.5893025018559443, 20.569085506316153
0.6346334635371709, 20.75447558319944
0.6799644252183973, 20.939865660082727
0.7252953868996238, 21.125255736966015
0.7706263485808503, 21.310645813849305
0.8159573102620767, 21.496035890732593
0.8612882719433033, 21.68142596761588
0.9066192336245298, 21.866816044499167
0.9519501953057562, 22.052206121382454
0.9972811569869827, 22.23759619826574
1.0426121186682091, 22.42298627514903
1.0879430803494357, 22.608376352032316
1.1332740420306622, 22.793766428915603
1.1786050037118887, 22.979156505798894
1.2239359653931152, 23.16454658268218
1.2692669270743417, 23.34993665956547
1.314597888755568, 23.535326736448756
1.3599288504367946, 23.720716813332043
1.405259812118021, 23.906106890215334
1.4505907737992476, 24.09149696709862
1.4959217354804741, 24.276887043981908
1.5412526971617007, 24.462277120865195
1.5865836588429272, 24.647667197748483
1.6319146205241535, 24.83305727463177
1.67724558220538, 25.018447351515057
1.7225765438866065, 25.203837428398344
1.767907505567833, 25.389227505281635
1.8132384672490596, 25.574617582164922
1.858569428930286, 25.76000765904821
1.9039003906115124, 25.945397735931497
1.949231352292739, 26.130787812814784
1.9945623139739654, 26.316177889698075
2.0398932756551917, 26.501567966581362
2.0852242373364183, 26.68695804346465
2.130555199017645, 26.872348120347937
2.1758861606988713, 27.057738197231224
2.221217122380098, 27.24312827411451
2.2665480840613244, 27.4285183509978
2.311879045742551, 27.613908427881086
2.3572100074237774, 27.799298504764373
2.402540969105004, 27.984688581647664
2.4478719307862304, 28.17007865853095
2.493202892467457, 28.355468735414238
2.5385338541486835, 28.54085881229753
2.58386481582991, 28.726248889180816
2.629195777511136, 28.9116389660641
2.6745267391923626, 29.09702904294739
2.719857700873589, 29.282419119830678
2.7651886625548157, 29.467809196713965
2.810519624236042, 29.653199273597252
2.8558505859172687, 29.83858935048054
2.9011815475984952, 30.023979427363827
2.9465125092797217, 30.209369504247114
2.9918434709609483, 30.3947595811304
3.037174432642175, 30.580149658013692
3.0825053943234013, 30.76553973489698
3.127836356004628, 30.95092981178027
3.1731673176858544, 31.136319888663557
3.2184982793670804, 31.32170996554684
3.263829241048307, 31.50710004243013
3.3091602027295335, 31.69249011931342
3.35449116441076, 31.877880196196706
3.3998221260919865, 32.06327027307999
3.445153087773213, 32.24866034996328
3.4904840494544396, 32.43405042684657
3.535815011135666, 32.619440503729855
3.5811459728168926, 32.80483058061314
3.626476934498119, 32.99022065749644
3.6718078961793457, 33.17561073437972
3.717138857860572, 33.36100081126301
3.7624698195417987, 33.5463908881463
3.807800781223025, 33.731780965029586
3.8531317429042513, 33.917171041912866
3.898462704585478, 34.10256111879616
3.9437936662667044, 34.28795119567945
3.989124627947931, 34.473341272562735
4.034455589629157, 34.65873134944602
4.0797865513103835, 34.84412142632931
4.1251175129916104, 35.029511503212596
4.1704484746728365, 35.214901580095884
4.2157794363540635, 35.40029165697918
4.26111039803529, 35.58568173386246
4.3064413597165165, 35.77107181074575
4.351772321397743, 35.95646188762903
4.39710328307897, 36.14185196451233
4.442434244760196, 36.32724204139561
4.487765206441423, 36.5126321182789
4.533096168122649, 36.69802219516218
4.578427129803876, 36.883412272045476
4.623758091485102, 37.06880234892876
4.669089053166328, 37.25419242581205
4.714420014847555, 37.43958250269534
4.759750976528781, 37.624972579578625
4.805081938210008, 37.81036265646192
4.850412899891234, 37.9957527333452
4.895743861572461, 38.18114281022849
4.941074823253687, 38.366532887111774
4.986405784934914, 38.55192296399507
5.03173674661614, 38.73731304087835
5.077067708297367, 38.92270311776164
5.122398669978593, 39.10809319464492
5.16772963165982, 39.29348327152822
5.213060593341046, 39.478873348411504
5.258391555022272, 39.66426342529479
5.303722516703499, 39.84965350217808
5.349053478384725, 40.035043579061366
5.394384440065952, 40.22043365594466
5.439715401747178, 40.40582373282794
5.485046363428405, 40.591213809711235
5.530377325109631, 40.776603886594515
5.575708286790858, 40.96199396347781
5.621039248472084, 41.14738404036109
5.666370210153311, 41.332774117244384
5.711701171834537, 41.518164194127664
5.757032133515764, 41.70355427101096
5.8023630951969905, 41.888944347894245
5.8476940568782165, 41.89942582998756
5.8930250185594435, 41.90560033003024
5.93835598024067, 41.91177483007292
5.9836869419218965, 41.917949330115604
6.029017903603123, 41.92412383015829
6.07434886528435, 41.93029833020096
6.119679826965576, 41.936472830243645
6.165010788646803, 41.94264733028633
6.210341750328029, 41.94882183032901
6.255672712009256, 41.95499633037169
6.301003673690482, 41.961170830414375
6.346334635371709, 41.96734533045706
6.391665597052935, 41.97351983049973
6.436996558734161, 41.979694330542415
6.482327520415388, 41.9858688305851
6.527658482096614, 41.99204333062778
6.572989443777841, 41.99821783067046
6.618320405459067, 42.004392330713145
6.663651367140294, 42.01056683075583
6.70898232882152, 42.0167413307985
6.754313290502747, 42.022915830841185
6.799644252183973, 42.02909033088387
6.8449752138652, 42.03526483092655
6.890306175546426, 42.04143933096923
6.935637137227653, 42.047613831011915
6.980968098908879, 42.0537883310546
7.026299060590105, 42.05996283109727
7.071630022271332, 42.066137331139956
7.116960983952558, 42.07231183118264
7.162291945633785, 42.07848633122532
7.207622907315011, 42.084660831268
7.252953868996238, 42.090835331310686
7.298284830677464, 42.09700983135337
7.343615792358691, 42.103184331396044
7.388946754039917, 42.109358831438726
7.434277715721144, 42.11553333148141
7.4796086774023705, 42.12170783152409
7.524939639083597, 42.127882331566774
7.5702706007648235, 42.134056831609456
7.61560156244605, 42.14023133165214
7.6609325241272765, 42.146405831694814
7.706263485808503, 42.1525803317375
7.75159444748973, 42.15875483178018
7.796925409170956, 42.16492933182286
7.842256370852183, 42.171103831865544
7.887587332533409, 42.17727833190823
7.932918294214636, 42.18345283195091
7.978249255895862, 42.189627331993584
8.023580217577088, 42.19580183203627
8.068911179258315, 42.20197633207895
8.114242140939542, 42.20815083212163
8.159573102620767, 42.214325332164314
8.204904064301994, 42.220499832207
8.250235025983221, 42.22667433224968
8.295565987664448, 42.23284883229236
8.340896949345673, 42.23902333233504
8.3862279110269, 42.24519783237772
8.431558872708127, 42.2513723324204
8.476889834389354, 42.257546832463085
8.52222079607058, 42.26372133250577
8.567551757751806, 42.26989583254845
8.612882719433033, 42.27607033259113
8.65821368111426, 42.28224483263381
8.703544642795485, 42.28841933267649
8.748875604476712, 42.29459383271917
8.79420656615794, 42.300768332761855
8.839537527839164, 42.30694283280454
8.884868489520391, 42.31311733284722
8.930199451201618, 42.3192918328899
8.975530412882845, 42.32546633293258
9.02086137456407, 42.33164083297526
9.066192336245297, 42.33781533301794
9.111523297926524, 42.343989833060625
9.156854259607751, 42.35016433310331
9.202185221288977, 42.35633883314599
9.247516182970204, 42.36251333318867
9.29284714465143, 42.36868783323135
9.338178106332656, 42.37486233327403
9.383509068013883, 42.38103683331671
9.42884002969511, 42.387211333359396
9.474170991376337, 42.39338583340208
9.519501953057562, 42.39956033344476
9.564832914738789, 42.40573483348744
9.610163876420016, 42.41190933353012
9.655494838101243, 42.4180838335728
9.700825799782468, 42.424258333615484
9.746156761463695, 42.430432833658166
9.791487723144922, 42.43660733370085
9.836818684826149, 42.44278183374353
9.882149646507374, 42.448956333786214
9.927480608188601, 42.45513083382889
9.972811569869828, 42.46130533387157
10.018142531551053, 42.467479833914254
10.06347349323228, 42.47365433395694
10.108804454913507, 42.47982883399962
10.154135416594734, 42.4860033340423
10.19946637827596, 42.492177834084984
10.244797339957186, 42.49835233412766
10.290128301638413, 42.50452683417034
10.33545926331964, 42.510701334213024
10.380790225000865, 42.51687583425571
10.426121186682092, 42.52305033429839
10.47145214836332, 42.52922483434107
10.516783110044544, 42.535399334383754
10.562114071725771, 42.54157383442643
10.607445033406998, 42.54774833446911
10.652775995088225, 42.553922834511795
10.69810695676945, 42.56009733455448
10.743437918450677, 42.56627183459716
10.788768880131904, 42.57244633463984
10.834099841813131, 42.578620834682525
10.879430803494357, 42.5847953347252
10.924761765175584, 42.59096983476788
10.97009272685681, 42.597144334810565
11.015423688538037, 42.60331883485325
11.060754650219263, 42.60949333489593
11.10608561190049, 42.61566783493861
11.151416573581717, 42.621842334981295
11.196747535262942, 42.62801683502397
11.242078496944169, 42.63419133506665
11.287409458625396, 42.640365835109336
11.332740420306623, 42.64654033515202
11.378071381987848, 42.6527148351947
11.423402343669075, 42.65888933523738
11.468733305350302, 42.665063835280066
11.514064267031529, 42.67123833532275
11.559395228712754, 42.67741283536542
11.604726190393981, 42.683587335408106
11.650057152075208, 42.68976183545079
11.695388113756433, 42.69593633549347
11.74071907543766, 42.70211083553615
11.786050037118887, 42.708285335578836
11.831380998800114, 42.71445983562152
11.87671196048134, 42.720634335664194
11.922042922162566, 42.726808835706876
11.967373883843793, 42.73298333574956
12.01270484552502, 42.73915783579224
12.058035807206245, 42.745332335834924
12.103366768887472, 42.751506835877606
12.1486977305687, 42.75768133592029
12.194028692249924, 42.763855835962964
12.239359653931151, 42.77003033600565
12.284690615612378, 42.77620483604833
12.330021577293605, 42.78237933609101
12.37535253897483, 42.788553836133694
12.420683500656057, 42.79472833617638
12.466014462337284, 42.80090283621906
12.511345424018511, 42.807077336261735
12.556676385699737, 42.81325183630442
12.602007347380964, 42.8194263363471
12.64733830906219, 42.82560083638978
12.692669270743417, 42.831775336432464
12.738000232424643, 42.83794983647515
12.78333119410587, 42.84412433651783
12.828662155787097, 42.850298836560505
12.873993117468322, 42.85647333660319
12.919324079149549, 42.86264783664587
12.964655040830776, 42.86882233668855
13.009986002512003, 42.874996836731235
13.055316964193228, 42.88117133677392
13.100647925874455, 42.8873458368166
13.145978887555682, 42.893520336859275
13.191309849236909, 42.89969483690196
13.236640810918134, 42.90586933694464
13.281971772599361, 42.91204383698732
13.327302734280588, 42.918218337030005
13.372633695961813, 42.92439283707269
13.41796465764304, 42.93056733711537
13.463295619324267, 42.936741837158046
13.508626581005494, 42.94291633720073
13.55395754268672, 42.94909083724341
13.599288504367946, 42.95526533728609
13.644619466049173, 42.961439837328776
13.6899504277304, 42.96761433737146
13.735281389411625, 42.97378883741414
13.780612351092852, 42.979963337456816
13.82594331277408, 42.9861378374995
13.871274274455306, 42.99231233754218
13.916605236136531, 42.99848683758486
13.961936197817758, 43.004661337627546
14.007267159498985, 43.01083583767023
14.05259812118021, 43.01701033771291
14.097929082861437, 43.023184837755586
14.143260044542664, 43.02935933779827
14.188591006223891, 43.03553383784095
14.233921967905117, 43.041708337883634
14.279252929586344, 43.047882837926316
14.32458389126757, 43.054057337969
14.369914852948797, 43.06023183801168
14.415245814630023, 43.06640633805436
14.46057677631125, 43.07258083809704
14.505907737992477, 43.07875533813972
14.551238699673702, 43.084929838182404
14.596569661354929, 43.09110433822509
14.641900623036156, 43.09727883826777
14.687231584717383, 43.10345333831045
14.732562546398608, 43.109627838353134
14.777893508079835, 43.11580233839581
14.823224469761062, 43.12197683843849
14.868555431442289, 43.128151338481175
14.913886393123514, 43.13432583852386
14.959217354804741, 43.14050033856654
15.004548316485968, 43.14667483860922
15.049879278167195, 43.152849338651905
15.09521023984842, 43.15902383869458
15.140541201529647, 43.16519833873726
15.185872163210874, 43.171372838779945
15.2312031248921, 43.17754733882263
15.276534086573326, 43.18372183886531
15.321865048254553, 43.18989633890799
15.36719600993578, 43.196070838950675
15.412526971617005, 43.20224533899335
15.457857933298232, 43.20841983903603
15.50318889497946, 43.214594339078715
15.548519856660686, 43.2207688391214
15.593850818341911, 43.22694333916408
15.639181780023138, 43.23311783920676
15.684512741704365, 43.239292339249445
15.72984370338559, 43.24546683929212
15.775174665066817, 43.2516413393348
15.820505626748044, 43.257815839377486
15.865836588429271, 43.26399033942017
15.911167550110497, 43.27016483946285
15.956498511791724, 43.27633933950553
16.00182947347295, 43.282513839548216
16.047160435154176, 43.28868833959089
16.092491396835403, 43.29486283963357
16.13782235851663, 43.301037339676256
16.183153320197857, 43.30721183971894
16.228484281879084, 43.31338633976162
16.27381524356031, 43.3195608398043
16.319146205241534, 43.325735339846986
16.36447716692276, 43.33190983988966
16.409808128603988, 43.338084339932344
16.455139090285215, 43.344258839975026
16.500470051966442, 43.35043334001771
16.54580101364767, 43.35660784006039
16.591131975328896, 43.362782340103074
16.636462937010123, 43.368956840145756
16.681793898691346, 43.37513134018843
16.727124860372573, 43.381305840231114
16.7724558220538, 43.3874803402738
16.817786783735027, 43.39365484031648
16.863117745416254, 43.39982934035916
16.90844870709748, 43.406003840401844
16.953779668778708, 43.41217834044453
16.99911063045993, 43.4183528404872
17.04444159214116, 43.424527340529885
17.089772553822385, 43.43070184057257
17.135103515503612, 43.43687634061525
17.18043447718484, 43.44305084065793
17.225765438866066, 43.449225340700615
17.271096400547293, 43.4553998407433
17.31642736222852, 43.46157434078597
17.361758323909743, 43.467748840828655
17.40708928559097, 43.47392334087134
17.452420247272197, 43.48009784091402
17.497751208953424, 43.4862723409567
17.54308217063465, 43.492446840999385
17.58841313231588, 43.49862134104207
17.633744093997105, 43.50479584108475
17.67907505567833, 43.510970341127425
17.724406017359556, 43.51714484117011
17.769736979040783, 43.52331934121279
17.81506794072201, 43.52949384125547
17.860398902403237, 43.535668341298155
17.905729864084464, 43.54184284134084
17.95106082576569, 43.54801734138352
17.996391787446914, 43.554191841426196
18.04172274912814, 43.56036634146888
18.087053710809368, 43.56654084151156
18.132384672490595, 43.57271534155424
18.177715634171822, 43.578889841596926
18.22304659585305, 43.58506434163961
18.268377557534276, 43.59123884168229
18.313708519215503, 43.597413341724966
18.359039480896726, 43.60358784176765
18.404370442577953, 43.60976234181033
18.44970140425918, 43.615936841853014
18.495032365940407, 43.622111341895696
18.540363327621634, 43.62828584193838
18.58569428930286, 43.63446034198106
18.631025250984088, 43.640634842023736
18.67635621266531, 43.64680934206642
18.72168717434654, 43.6529838421091
18.767018136027765, 43.659158342151784
18.812349097708992, 43.665332842194466
18.85768005939022, 43.67150734223715
18.903011021071446, 43.67768184227983
18.948341982752673, 43.68385634232251
18.9936729444339, 43.69003084236519
19.039003906115123, 43.69620534240787
19.08433486779635, 43.702379842450554
19.129665829477577, 43.70855434249324
19.174996791158804, 43.71472884253592
19.22032775284003, 43.7209033425786
19.26565871452126, 43.72707784262128
19.310989676202485, 43.73325234266396
19.35632063788371, 43.73942684270664
19.401651599564936, 43.745601342749325
19.446982561246163, 43.75177584279201
19.49231352292739, 43.75795034283469
19.537644484608617, 43.76412484287737
19.582975446289844, 43.77029934292005
19.62830640797107, 43.77647384296273
19.673637369652297, 43.78264834300541
19.71896833133352, 43.788822843048095
19.764299293014748, 43.79499734309078
19.809630254695975, 43.80117184313346
19.854961216377202, 43.80734634317614
19.90029217805843, 43.81352084321882
19.945623139739656, 43.8196953432615
19.990954101420883, 43.82586984330418
20.036285063102106, 43.832044343346865
20.081616024783333, 43.83821884338955
20.12694698646456, 43.84439334343223
20.172277948145787, 43.85056784347491
20.217608909827014, 43.856742343517595
20.26293987150824, 43.86291684356027
20.308270833189468, 43.86909134360295
20.35360179487069, 43.875265843645636
20.39893275655192, 43.88144034368832
20.444263718233145, 43.887614843731
20.489594679914372, 43.89378934377368
20.5349256415956, 43.899963843816366
20.580256603276826, 43.90613834385904
20.625587564958053, 43.912312843901724
20.67091852663928, 43.918487343944406
20.716249488320504, 43.92466184398709
20.76158045000173, 43.93083634402977
20.806911411682957, 43.937010844072454
20.852242373364184, 43.943185344115136
20.89757333504541, 43.94935984415781
20.94290429672664, 43.955534344200494
20.988235258407865, 43.96170884424318
21.03356622008909, 43.96788334428586
21.078897181770316, 43.97405784432854
21.124228143451543, 43.980232344371224
21.16955910513277, 43.98640684441391
21.214890066813997, 43.99258134445658
21.260221028495224, 43.998755844499264
21.30555199017645, 44.00493034454195
21.350882951857677, 44.01110484458463
21.3962139135389, 44.01727934462731
21.441544875220128, 44.023453844669994
21.486875836901355, 44.02962834471268
21.532206798582582, 44.03580284475535
21.57753776026381, 44.041977344798035
21.622868721945036, 44.04815184484072
21.668199683626263, 44.0543263448834
21.713530645307486, 44.06050084492608
21.758861606988713, 44.066675344968765
21.80419256866994, 44.07284984501145
21.849523530351167, 44.07902434505412
21.894854492032394, 44.085198845096805
21.94018545371362, 44.09137334513949
21.985516415394848, 44.09754784518217
22.030847377076075, 44.10372234522485
22.0761783387573, 44.109896845267535
22.121509300438525, 44.11607134531022
22.166840262119752, 44.12224584535289
22.21217122380098, 44.128420345395575
22.257502185482206, 44.13459484543826
22.302833147163433, 44.14076934548094
22.34816410884466, 44.14694384552362
22.393495070525884, 44.153118345566305
22.43882603220711, 44.15929284560899
22.484156993888337, 44.16546734565166
22.529487955569564, 44.171641845694346
22.57481891725079, 44.17781634573703
22.62014987893202, 44.18399084577971
22.665480840613245, 44.19016534582239
22.71081180229447, 44.196339845865076
22.756142763975696, 44.20251434590776
22.801473725656923, 44.208688845950434
22.84680468733815, 44.214863345993116
22.892135649019377, 44.2210378460358
22.937466610700604, 44.22721234607848
22.98279757238183, 44.233386846121164
23.028128534063057, 44.239561346163846
23.07345949574428, 44.24573584620653
23.118790457425508, 44.251910346249204
23.164121419106735, 44.25808484629189
23.209452380787962, 44.26425934633457
23.25478334246919, 44.27043384637725
23.300114304150416, 44.276608346419934
23.345445265831643, 44.28278284646262
23.390776227512866, 44.2889573465053
23.436107189194093, 44.295131846547974
23.48143815087532, 44.30130634659066
23.526769112556547, 44.30748084663334
23.572100074237774, 44.31365534667602
23.617431035919, 44.319829846718704
23.662761997600228, 44.32600434676139
23.708092959281455, 44.33217884680407
23.75342392096268, 44.338353346846745
23.798754882643905, 44.34452784688943
23.844085844325132, 44.35070234693211
23.88941680600636, 44.35687684697479
23.934747767687586, 44.363051347017475
23.980078729368813, 44.36922584706016
24.02540969105004, 44.37540034710284
24.070740652731264, 44.381574847145515
24.11607161441249, 44.3877493471882
24.161402576093717, 44.39392384723088
24.206733537774944, 44.40009834727356
24.25206449945617, 44.406272847316245
24.2973954611374, 44.41244734735893
24.342726422818625, 44.41862184740161
24.38805738449985, 44.424796347444286
24.433388346181076, 44.43097084748697
24.478719307862303, 44.43714534752965
24.52405026954353, 44.44331984757233
24.569381231224757, 44.449494347615015
24.614712192905984, 44.4556688476577
24.66004315458721, 44.46184334770038
24.705374116268437, 44.46801784774306
24.75070507794966, 44.47419234778574
24.796036039630888, 44.48036684782842
24.841367001312115, 44.4865413478711
24.886697962993342, 44.492715847913786
24.93202892467457, 44.49889034795647
24.977359886355796, 44.50506484799915
25.022690848037023, 44.51123934804183
25.068021809718246, 44.51741384808451
25.113352771399473, 44.52358834812719
25.1586837330807, 44.529762848169874
25.204014694761927, 44.535937348212556
25.249345656443154, 44.54211184825524
25.29467661812438, 44.54828634829792
25.340007579805608, 44.554460848340604
25.385338541486835, 44.560635348383286
25.43066950316806, 44.56680984842596
25.476000464849285, 44.572984348468644
25.521331426530512, 44.57915884851133
25.56666238821174, 44.58533334855401
25.611993349892966, 44.59150784859669
25.657324311574193, 44.597682348639374
25.70265527325542, 44.60385684868206
25.747986234936644, 44.61003134872473
25.79331719661787, 44.616205848767414
25.838648158299097, 44.6223803488101
25.883979119980324, 44.62855484885278
25.92931008166155, 44.63472934889546
25.97464104334278, 44.640903848938144
26.019972005024005, 44.64707834898083
26.065302966705232, 44.6532528490235
26.110633928386456, 44.659427349066185
26.155964890067683, 44.66560184910887
26.20129585174891, 44.67177634915155
26.246626813430137, 44.67795084919423
26.291957775111364, 44.684125349236915
26.33728873679259, 44.6902998492796
26.382619698473817, 44.69647434932227
26.42795066015504, 44.702648849364955
26.473281621836268, 44.70882334940764
26.518612583517495, 44.71499784945032
26.563943545198722, 44.721172349493
26.60927450687995, 44.727346849535685
26.654605468561176, 44.73352134957837
26.699936430242403, 44.73969584962104
26.745267391923626, 44.745870349663726
26.790598353604853, 44.75204484970641
26.83592931528608, 44.75821934974909
26.881260276967307, 44.76439384979177
26.926591238648534, 44.770568349834456
26.97192220032976, 44.77674284987714
27.017253162010988, 44.78291734991981
27.062584123692215, 44.789091849962496
27.10791508537344, 44.79526635000518
27.153246047054665, 44.80144085004786
27.198577008735892, 44.80761535009054
27.24390797041712, 44.813789850133226
27.289238932098346, 44.81996435017591
27.334569893779573, 44.826138850218584
27.3799008554608, 44.832313350261266
27.425231817142024, 44.83848785030395
27.47056277882325, 44.84466235034663
27.515893740504477, 44.850836850389314
27.561224702185704, 44.857011350431996
27.60655566386693, 44.86318585047468
27.65188662554816, 44.869360350517354
27.697217587229385, 44.87553485056004
27.742548548910612, 44.88170935060272
27.787879510591836, 44.8878838506454
27.833210472273063, 44.894058350688084
27.87854143395429, 44.90023285073077
27.923872395635517, 44.90640735077345
27.969203357316744, 44.912581850816125
28.01453431899797, 44.91875635085881
28.059865280679197, 44.92493085090149
28.10519624236042, 44.93110535094417
28.150527204041648, 44.937279850986855
28.195858165722875, 44.94345435102954
28.241189127404102, 44.94962885107222
28.28652008908533, 44.955803351114895
28.331851050766556, 44.96197785115758
28.377182012447783, 44.96815235120026
28.42251297412901, 44.97432685124294
28.467843935810233, 44.980501351285625
28.51317489749146, 44.98667585132831
28.558505859172687, 44.99285035137099
28.603836820853914, 44.999024851413665
28.64916778253514, 45.00519935145635
28.694498744216368, 45.01137385149903
28.739829705897595, 45.01754835154171
28.78516066757882, 45.023722851584395
28.830491629260045, 45.02989735162708
28.875822590941272, 45.03607185166976
28.9211535526225, 45.042246351712436
28.966484514303726, 45.04842085175512
29.011815475984953, 45.0545953517978
29.05714643766618, 45.06076985184048
29.102477399347404, 45.066944351883166
29.14780836102863, 45.07311885192585
29.193139322709857, 45.07929335196853
29.238470284391084, 45.085467852011206
29.28380124607231, 45.09164235205389
29.32913220775354, 45.09781685209657
29.374463169434765, 45.10399135213925
29.419794131115992, 45.110165852181936
29.465125092797216, 45.11634035222462
29.510456054478443, 45.1225148522673
29.55578701615967, 45.128689352309976
29.601117977840897, 45.13486385235266
29.646448939522124, 45.14103835239534
29.69177990120335, 45.147212852438024
29.737110862884578, 45.153387352480706
29.7824418245658, 45.15956185252339
29.827772786247028, 45.16573635256607
29.873103747928255, 45.17191085260875
29.918434709609482, 45.17808535265143
29.96376567129071, 45.18425985269411
30.009096632971936, 45.190434352736794
30.054427594653163, 45.19660885277948
30.09975855633439, 45.20278335282216
30.145089518015613, 45.20895785286484
30.19042047969684, 45.21513235290752
30.235751441378067, 45.2213068529502
30.281082403059294, 45.22748135299288
30.32641336474052, 45.233655853035565
30.371744326421748, 45.23983035307825
30.417075288102975, 45.24600485312093
30.4624062497842, 45.25217935316361
30.507737211465425, 45.25835385320629
30.553068173146652, 45.26452835324897
30.59839913482788, 45.27070285329165
30.643730096509106, 45.276877353334335
30.689061058190333, 45.28305185337702
30.73439201987156, 45.2892263534197
30.779722981552784, 45.29540085346238
30.82505394323401, 45.301575353505065
30.870384904915237, 45.30774985354774
30.915715866596464, 45.31392435359042
30.96104682827769, 45.320098853633105
31.00637778995892, 45.32627335367579
31.051708751640145, 45.33244785371847
31.097039713321372, 45.33862235376115
31.142370675002596, 45.344796853803835
31.187701636683823, 45.35097135384651
31.23303259836505, 45.35714585388919
31.278363560046277, 45.363320353931876
31.323694521727504, 45.36949485397456
31.36902548340873, 45.37566935401724
31.414356445089958, 45.38184385405992
31.45968740677118, 45.388018354102606
31.505018368452408, 45.39419285414528
31.550349330133635, 45.40036735418796
31.595680291814862, 45.406541854230646
31.64101125349609, 45.41271635427333
31.686342215177316, 45.41889085431601
31.731673176858543, 45.42506535435869
31.77700413853977, 45.431239854401376
31.822335100220993, 45.43741435444405
31.86766606190222, 45.443588854486734
31.912997023583447, 45.449763354529416
31.958327985264674, 45.4559378545721
32.0036589469459, 45.46211235461478
32.04898990862713, 45.468286854657464
32.09432087030835, 45.474461354700146
32.13965183198958, 45.48063585474283
32.184982793670805, 45.486810354785504
32.230313755352036, 45.49298485482819
32.27564471703326, 45.49915935487087
32.32097567871448, 45.50533385491355
32.36630664039571, 45.511508354956234
32.41163760207694, 45.51768285499892
32.45696856375817, 45.5238573550416
32.50229952543939, 45.530031855084275
32.54763048712062, 45.53620635512696
32.592961448801844, 45.54238085516964
32.63829241048307, 45.54855535521232
32.6836233721643, 45.554729855255005
32.72895433384552, 45.56090435529769
32.77428529552675, 45.56707885534037
32.819616257207976, 45.573253355383045
32.864947218889206, 45.57942785542573
32.91027818057043, 45.58560235546841
32.95560914225166, 45.59177685551109
33.000940103932884, 45.597951355553775
33.04627106561411, 45.60412585559646
33.09160202729534, 45.61030035563914
33.13693298897656, 45.616474855681815
33.18226395065779, 45.6226493557245
33.227594912339015, 45.62882385576718
33.272925874020245, 45.63499835580986
33.31825683570147, 45.641172855852545
33.36358779738269, 45.64734735589523
33.40891875906392, 45.65352185593791
33.454249720745146, 45.659696355980586
33.49958068242638, 45.66587085602327
33.5449116441076, 45.67204535606595
33.59024260578883, 45.67821985610863
33.635573567470054, 45.684394356151316
33.68090452915128, 45.690568856194
33.72623549083251, 45.69674335623668
33.77156645251373, 45.702917856279356
33.81689741419496, 45.70909235632204
33.862228375876185, 45.71526685636472
33.907559337557416, 45.721441356407404
33.95289029923864, 45.727615856450086
33.99822126091986, 45.73379035649277
34.04355222260109, 45.73996485653545
34.08888318428232, 45.74613935657813
34.13421414596355, 45.75231385662081
34.17954510764477, 45.75848835666349
34.224876069326, 45.764662856706174
34.270207031007224, 45.77083735674886
34.31553799268845, 45.77701185679154
34.36086895436968, 45.78318635683422
34.4061999160509, 45.7893608568769
34.45153087773213, 45.79553535691958
34.496861839413356, 45.80170985696226
34.542192801094586, 45.807884357004944
34.58752376277581, 45.81405885704763
34.63285472445704, 45.82023335709031
34.678185686138264, 45.82640785713299
34.72351664781949, 45.83258235717567
34.76884760950072, 45.83875685721835
34.81417857118194, 45.84493135726103
34.85950953286317, 45.851105857303715
34.904840494544395, 45.8572803573464
34.950171456225625, 45.86345485738908
34.99550241790685, 45.86962935743176
35.04083337958807, 45.87580385747444
35.0861643412693, 45.88197835751712
35.131495302950526, 45.8881528575598
35.17682626463176, 45.894327357602485
35.22215722631298, 45.90050185764517
35.26748818799421, 45.90667635768785
35.312819149675434, 45.91285085773053
35.35815011135666, 45.91902535777321
35.40348107303789, 45.92519985781589
35.44881203471911, 45.93137435785857
35.49414299640034, 45.937548857901255
35.539473958081565, 45.94372335794394
35.584804919762796, 45.94989785798662
35.63013588144402, 45.9560723580293
35.67546684312524, 45.96224685807198
35.72079780480647, 45.96842135811466
35.7661287664877, 45.97459585815734
35.81145972816893, 45.980770358200026
35.85679068985015, 45.98694485824271
35.90212165153138, 45.99311935828539
35.947452613212604, 45.99929385832807
35.99278357489383, 46.00546835837075
36.03811453657506, 46.01164285841343
36.08344549825628, 46.017817358456114
36.12877645993751, 46.023991858498796
36.174107421618736, 46.03016635854148
36.219438383299966, 46.03634085858416
36.26476934498119, 46.042515358626844
36.31010030666242, 46.048689858669526
36.355431268343644, 46.0548643587122
36.40076223002487, 46.061038858754884
36.4460931917061, 46.06721335879757
36.49142415338732, 46.07338785884025
36.53675511506855, 46.07956235888293
36.582086076749775, 46.085736858925614
36.627417038431005, 46.0919113589683
36.67274800011223, 46.09808585901097
36.71807896179345, 46.104260359053654
36.76340992347468, 46.11043485909634
36.808740885155906, 46.11660935913902
36.85407184683714, 46.1227838591817
36.89940280851836, 46.128958359224384
36.94473377019959, 46.13513285926707
36.990064731880814, 46.14130735930974
37.03539569356204, 46.147481859352425
37.08072665524327, 46.15365635939511
37.12605761692449, 46.15983085943779
37.17138857860572, 46.16600535948047
37.216719540286945, 46.172179859523155
37.262050501968176, 46.17835435956584
37.3073814636494, 46.18452885960851
37.35271242533062, 46.190703359651195
37.39804338701185, 46.19687785969388
37.44337434869308, 46.20305235973656
37.48870531037431, 46.20922685977924
37.53403627205553, 46.215401359821925
37.57936723373676, 46.22157585986461
37.624698195417984, 46.22775035990729
37.670029157099215, 46.233924859949965
37.71536011878044, 46.24009935999265
37.76069108046166, 46.24627386003533
37.80602204214289, 46.25244836007801
37.851353003824116, 46.258622860120695
37.896683965505346, 46.26479736016338
37.94201492718657, 46.27097186020606
37.9873458888678, 46.277146360248736
38.032676850549024, 46.28332086029142
38.07800781223025, 46.2894953603341
38.12333877391148, 46.29566986037678
38.1686697355927, 46.301844360419466
38.21400069727393, 46.30801886046215
38.259331658955155, 46.31419336050483
38.304662620636385, 46.320367860547506
38.34999358231761, 46.32654236059019
38.39532454399883, 46.33271686063287
38.44065550568006, 46.338891360675554
38.485986467361286, 46.345065860718236
38.53131742904252, 46.35124036076092
38.57664839072374, 46.3574148608036
38.62197935240497, 46.36358936084628
38.667310314086194, 46.36976386088896
38.71264127576742, 46.37593836093164
38.75797223744865, 46.382112860974324
38.80330319912987, 46.38828736101701
38.8486341608111, 46.39446186105969
38.893965122492325, 46.40063636110237
38.939296084173556, 46.40681086114505
38.98462704585478, 46.41298536118773
39.029958007536, 46.41915986123041
39.07528896921723, 46.425334361273094
39.12061993089846, 46.43150886131578
39.16595089257969, 46.43768336135846
39.21128185426091, 46.44385786140114
39.25661281594214, 46.45003236144382
39.301943777623364, 46.4562068614865
39.347274739304595, 46.46238136152918
39.39260570098582, 46.468555861571865
39.43793666266704, 46.47473036161455
39.48326762434827, 46.48090486165723
39.528598586029496, 46.48707936169991
39.573929547710726, 46.49325386174259
39.61926050939195, 46.49942836178527
39.66459147107318, 46.50560286182795
39.709922432754404, 46.511777361870635
39.75525339443563, 46.51795186191332
39.80058435611686, 46.524126361956
39.84591531779808, 46.53030086199868
39.89124627947931, 46.53647536204136
39.936577241160535, 46.54264986208404
39.981908202841765, 46.54882436212672
40.02723916452299, 46.554998862169406
40.07257012620421, 46.56117336221209
40.11790108788544, 46.56734786225477
40.163232049566666, 46.57352236229745
40.2085630112479, 46.57969686234013
40.25389397292912, 46.58587136238281
40.29922493461035, 46.59204586242549
40.344555896291574, 46.598220362468176
40.3898868579728, 46.60439486251086
40.43521781965403, 46.61056936255354
40.48054878133525, 46.61674386259622
40.52587974301648, 46.6229183626389
40.571210704697705, 46.62909286268158
40.616541666378936, 46.635267362724264
40.66187262806016, 46.641441862766946
40.70720358974138, 46.64761636280963
40.75253455142261, 46.65379086285231
40.79786551310384, 46.659965362894994
40.84319647478507, 46.66613986293767
40.88852743646629, 46.67231436298035
40.93385839814752, 46.678488863023034
40.979189359828744, 46.68466336306572
41.024520321509975, 46.6908378631084
41.0698512831912, 46.69701236315108
41.11518224487242, 46.703186863193764
41.16051320655365, 46.70936136323644
41.205844168234876, 46.71553586327912
41.251175129916106, 46.721710363321804
41.29650609159733, 46.72788486336449
41.34183705327856, 46.73405936340717
41.387168014959784, 46.74023386344985
41.43249897664101, 46.746408363492534
41.47782993832224, 46.75258286353521
41.52316090000346, 46.75875736357789
41.56849186168469, 46.764931863620575
41.613822823365915, 46.77110636366326
41.659153785047145, 46.77728086370594
41.70448474672837, 46.78345536374862
41.74981570840959, 46.789629863791305
41.79514667009082, 46.79580436383398
41.840477631772046, 46.80197886387666
41.88580859345328, 46.808153363919345
41.9311395551345, 46.81432786396203
41.97647051681573, 46.82050236400471
42.021801478496954, 46.67453408484974
42.06713244017818, 46.52450985280889
42.11246340185941, 46.37448562076802
42.15779436354063, 46.224461388727164
42.20312532522186, 46.074437156686294
42.248456286903085, 45.924412924645445
42.293787248584316, 45.77438869260457
42.33911821026554, 45.62436446056372
42.38444917194676, 45.47434022852287
42.42978013362799, 45.32431599648199
42.47511109530922, 45.17429176444114
42.52044205699045, 45.02426753240027
42.56577301867167, 44.87424330035942
42.6111039803529, 44.72421906831855
42.656434942034124, 44.5741948362777
42.701765903715355, 44.42417060423682
42.74709686539658, 44.27414637219597
42.7924278270778, 44.12412214015512
42.83775878875903, 43.974097908114246
42.883089750440256, 43.8240736760734
42.928420712121486, 43.67404944403252
42.97375167380271, 43.52402521199167
43.01908263548394, 43.3740009799508
43.064413597165164, 43.223976747909944
43.10974455884639, 43.073952515869095
43.15507552052762, 42.923928283828225
43.20040648220884, 42.77390405178737
43.24573744389007, 42.6238798197465
43.291068405571295, 42.47385558770565
43.336399367252525, 42.32383135566477
43.38173032893375, 42.173807123623924
43.42706129061497, 42.023782891583075
43.4723922522962, 41.8737586595422
43.517723213977426, 41.72373442750135
43.56305417565866, 41.57371019546048
43.60838513733988, 41.42368596341962
43.65371609902111, 41.27366173137875
43.699047060702334, 41.1236374993379
43.74437802238356, 40.97361326729705
43.78970898406479, 40.82358903525618
43.83503994574601, 40.67356480321533
43.88037090742724, 40.52354057117445
43.925701869108465, 40.3735163391336
43.971032830789696, 40.223492107092724
44.01636379247092, 40.073467875051875
44.06169475415215, 39.923443643011005
44.10702571583337, 39.77341941097015
44.1523566775146, 39.6233951789293
44.19768763919583, 39.47337094688843
44.24301860087705, 39.323346714847574
44.28834956255828, 39.173322482806704
44.333680524239504, 39.023298250765855
44.379011485920735, 38.87327401872498
44.42434244760196, 38.72324978668413
44.46967340928318, 38.57322555464328
44.51500437096441, 38.4232013226024
44.560335332645636, 38.27317709056155
44.605666294326866, 38.12315285852068
44.65099725600809, 37.97312862647983
44.69632821768932, 37.82310439443896
44.741659179370544, 37.67308016239811
44.78699014105177, 37.52305593035725
44.832321102733, 37.37303169831638
44.87765206441422, 37.22300746627553
44.92298302609545, 37.072983234234655
44.968313987776675, 36.92295900219381
45.013644949457905, 36.77293477015293
45.05897591113913, 36.62291053811208
45.10430687282035, 36.47288630607123
45.14963783450158, 36.322862074030354
45.194968796182806, 36.172837841989505
45.24029975786404, 36.022813609948635
45.28563071954526, 35.87278937790778
