Parameters: [51.89316125442173, 19.925740275974906, 8.95846541794171, 35.18814328772034, 4.479104301807875, -0.08822010602003778, -2.7233455491491396]
Points:
0.0, 19.925740275974906
0.05194510636078251, 20.158407825333356
0.10389021272156503, 20.391075374691802
0.15583531908234755, 20.62374292405025
0.20778042544313005, 20.8564104734087
0.25972553180391256, 21.08907802276715
0.3116706381646951, 21.321745572125597
0.36361574452547757, 21.554413121484046
0.4155608508862601, 21.787080670842496
0.46750595724704264, 22.019748220200945
0.5194510636078251, 22.25241576955939
0.5713961699686076, 22.48508331891784
0.6233412763293902, 22.71775086827629
0.6752863826901727, 22.950418417634737
0.7272314890509551, 23.183085966993186
0.7791765954117377, 23.415753516351636
0.8311217017725202, 23.64842106571008
0.8830668081333027, 23.88108861506853
0.9350119144940853, 24.11375616442698
0.9869570208548677, 24.346423713785427
1.0389021272156502, 24.579091263143876
1.0908472335764328, 24.811758812502326
1.1427923399372153, 25.044426361860776
1.1947374462979978, 25.277093911219225
1.2466825526587804, 25.50976146057767
1.298627659019563, 25.74242900993612
1.3505727653803454, 25.97509655929457
1.4025178717411277, 26.207764108653016
1.4544629781019103, 26.440431658011466
1.5064080844626928, 26.673099207369916
1.5583531908234753, 26.90576675672836
1.6102982971842579, 27.13843430608681
1.6622434035450404, 27.37110185544526
1.714188509905823, 27.60376940480371
1.7661336162666055, 27.83643695416216
1.818078722627388, 28.069104503520606
1.8700238289881705, 28.301772052879056
1.921968935348953, 28.534439602237505
1.9739140417097354, 28.76710715159595
2.025859148070518, 28.9997747009544
2.0778042544313005, 29.23244225031285
2.129749360792083, 29.465109799671296
2.1816944671528655, 29.697777349029746
2.233639573513648, 29.930444898388195
2.2855846798744306, 30.16311244774664
2.337529786235213, 30.39577999710509
2.3894748925959957, 30.62844754646354
2.441419998956778, 30.861115095821987
2.4933651053175607, 31.09378264518044
2.545310211678343, 31.326450194538886
2.597255318039126, 31.559117743897335
2.649200424399908, 31.791785293255785
2.701145530760691, 32.02445284261423
2.753090637121473, 32.25712039197268
2.8050357434822555, 32.48978794133113
2.8569808498430382, 32.722455490689576
2.9089259562038206, 32.95512304004802
2.9608710625646033, 33.187790589406475
3.0128161689253856, 33.42045813876492
3.0647612752861684, 33.653125688123374
3.1167063816469507, 33.88579323748182
3.1686514880077334, 34.118460786840274
3.2205965943685158, 34.35112833619872
3.2725417007292985, 34.583795885557166
3.324486807090081, 34.81646343491562
3.376431913450863, 35.049130984274065
3.428377019811646, 35.28179853363251
3.480322126172428, 35.514466082990964
3.532267232533211, 35.74713363234941
3.5842123388939933, 35.979801181707856
3.636157445254776, 36.21246873106631
3.6881025516155583, 36.445136280424755
3.740047657976341, 36.6778038297832
3.7919927643371234, 36.910471379141654
3.843937870697906, 37.1431389285001
3.8958829770586885, 37.375806477858546
3.947828083419471, 37.608474027217
3.9997731897802535, 37.841141576575446
4.051718296141036, 38.07380912593389
4.103663402501819, 38.306476675292345
4.155608508862601, 38.53914422465079
4.207553615223383, 38.77181177400924
4.259498721584166, 39.00447932336769
4.311443827944949, 39.23714687272614
4.363388934305731, 39.46981442208458
4.415334040666513, 39.702481971443035
4.467279147027296, 39.93514952080148
4.519224253388079, 40.167817070159934
4.571169359748861, 40.40048461951838
4.6231144661096435, 40.63315216887683
4.675059572470426, 40.86581971823527
4.727004678831209, 41.098487267593725
4.778949785191991, 41.33115481695218
4.830894891552774, 41.563822366310625
4.882839997913556, 41.79648991566907
4.934785104274339, 42.029157465027524
4.9867302106351215, 42.26182501438597
5.038675316995904, 42.494492563744416
5.090620423356686, 42.72716011310287
5.142565529717468, 42.95982766246131
5.194510636078252, 43.19249521181976
5.246455742439034, 43.425162761178214
5.298400848799816, 43.65783031053666
5.3503459551605985, 43.890497859895106
5.402291061521382, 44.12316540925356
5.454236167882164, 44.355832958612005
5.506181274242946, 44.58850050797045
5.558126380603729, 44.821168057328904
5.610071486964511, 45.05383560668735
5.662016593325294, 45.2865031560458
5.7139616996860765, 45.51917070540425
5.765906806046859, 45.751838254762696
5.817851912407641, 45.98450580412114
5.869797018768424, 46.217173353479595
5.921742125129207, 46.44984090283805
5.973687231489989, 46.68250845219649
6.025632337850771, 46.91517600155494
6.077577444211554, 47.14784355091339
6.129522550572337, 47.38051110027184
6.181467656933119, 47.613178649630285
6.233412763293901, 47.84584619898874
6.285357869654684, 48.07851374834718
6.337302976015467, 48.31118129770563
6.389248082376249, 48.54384884706408
6.4411931887370315, 48.77651639642253
6.493138295097814, 49.009183945780975
6.545083401458597, 49.24185149513943
6.597028507819379, 49.474519044497875
6.648973614180162, 49.70718659385632
6.700918720540944, 49.939854143214774
6.752863826901726, 50.17252169257322
6.8048089332625095, 50.405189241931666
6.856754039623292, 50.63785679129012
6.908699145984074, 50.870524340648565
6.960644252344856, 51.10319189000701
7.01258935870564, 51.335859439365464
7.064534465066422, 51.56852698872392
7.116479571427204, 51.801194538082356
7.1684246777879865, 52.03386208744081
7.220369784148769, 52.26652963679926
7.272314890509552, 52.4991971861577
7.324259996870334, 52.731864735516154
7.376205103231117, 52.96453228487461
7.428150209591899, 53.19719983423305
7.480095315952682, 53.4298673835915
7.5320404223134645, 53.66253493294995
7.583985528674247, 53.89520248230839
7.635930635035029, 54.127870031666845
7.687875741395812, 54.3605375810253
7.739820847756595, 54.59320513038375
7.791765954117377, 54.82587267974219
7.843711060478159, 55.05854022910064
7.895656166838942, 55.29120777845908
7.947601273199725, 55.523875327817535
7.999546379560507, 55.75654287717599
8.05149148592129, 55.98921042653443
8.103436592282073, 56.22187797589288
8.155381698642854, 56.45454552525133
8.207326805003637, 56.68721307460979
8.25927191136442, 56.91988062396824
8.311217017725202, 57.15254817332668
8.363162124085985, 57.38521572268513
8.415107230446766, 57.61788327204357
8.46705233680755, 57.850550821402024
8.518997443168333, 58.08321837076048
8.570942549529114, 58.315885920118916
8.622887655889897, 58.54855346947737
8.674832762250679, 58.78122101883581
8.726777868611462, 59.01388856819426
8.778722974972245, 59.246556117552714
8.830668081333027, 59.47922366691117
8.88261318769381, 59.711891216269606
8.934558294054591, 59.94455876562806
8.986503400415375, 60.04916775328829
9.038448506776158, 60.044585150497916
9.09039361313694, 60.040002547707545
9.142338719497722, 60.03541994491717
9.194283825858506, 60.0308373421268
9.246228932219287, 60.02625473933644
9.29817403858007, 60.021672136546066
9.350119144940852, 60.017089533755694
9.402064251301635, 60.01250693096532
9.454009357662418, 60.00792432817495
9.5059544640232, 60.00334172538458
9.557899570383983, 59.99875912259421
9.609844676744764, 59.994176519803844
9.661789783105547, 59.98959391701347
9.71373488946633, 59.9850113142231
9.765679995827112, 59.98042871143273
9.817625102187895, 59.97584610864236
9.869570208548678, 59.97126350585199
9.92151531490946, 59.96668090306162
9.973460421270243, 59.96209830027125
10.025405527631024, 59.95751569748088
10.077350633991808, 59.95293309469051
10.12929574035259, 59.948350491900136
10.181240846713372, 59.943767889109765
10.233185953074155, 59.93918528631939
10.285131059434937, 59.93460268352903
10.33707616579572, 59.93002008073866
10.389021272156503, 59.925437477948286
10.440966378517285, 59.920854875157914
10.492911484878068, 59.91627227236754
10.54485659123885, 59.91168966957717
10.596801697599632, 59.90710706678681
10.648746803960416, 59.902524463996436
10.700691910321197, 59.897941861206064
10.75263701668198, 59.89335925841569
10.804582123042763, 59.88877665562532
10.856527229403545, 59.88419405283495
10.908472335764328, 59.87961145004458
10.96041744212511, 59.875028847254214
11.012362548485893, 59.87044624446384
11.064307654846676, 59.86586364167347
11.116252761207457, 59.8612810388831
11.16819786756824, 59.85669843609273
11.220142973929022, 59.852115833302356
11.272088080289805, 59.84753323051199
11.324033186650588, 59.84295062772162
11.37597829301137, 59.83836802493125
11.427923399372153, 59.83378542214088
11.479868505732936, 59.829202819350506
11.531813612093718, 59.824620216560135
11.5837587184545, 59.82003761376977
11.635703824815282, 59.8154550109794
11.687648931176065, 59.81087240818903
11.739594037536849, 59.806289805398656
11.79153914389763, 59.801707202608284
11.843484250258413, 59.79712459981791
11.895429356619195, 59.79254199702754
11.947374462979978, 59.78795939423718
11.999319569340761, 59.783376791446805
12.051264675701542, 59.778794188656434
12.103209782062326, 59.77421158586606
12.155154888423109, 59.76962898307569
12.20709999478389, 59.76504638028532
12.259045101144673, 59.760463777494955
12.310990207505455, 59.755881174704584
12.362935313866238, 59.75129857191421
12.414880420227021, 59.74671596912384
12.466825526587803, 59.74213336633347
12.518770632948586, 59.7375507635431
12.570715739309367, 59.73296816075273
12.62266084567015, 59.72838555796236
12.674605952030934, 59.72380295517199
12.726551058391715, 59.71922035238162
12.778496164752498, 59.71463774959125
12.83044127111328, 59.710055146800876
12.882386377474063, 59.705472544010505
12.934331483834846, 59.70088994122014
12.986276590195628, 59.69630733842977
13.03822169655641, 59.6917247356394
13.090166802917194, 59.687142132849026
13.142111909277975, 59.682559530058654
13.194057015638759, 59.67797692726828
13.24600212199954, 59.67339432447792
13.297947228360323, 59.66881172168755
13.349892334721106, 59.664229118897175
13.401837441081888, 59.659646516106804
13.453782547442671, 59.65506391331643
13.505727653803453, 59.65048131052606
13.557672760164236, 59.64589870773569
13.609617866525019, 59.641316104945325
13.6615629728858, 59.636733502154954
13.713508079246584, 59.63215089936458
13.765453185607367, 59.62756829657421
13.817398291968148, 59.62298569378384
13.869343398328931, 59.61840309099347
13.921288504689713, 59.6138204882031
13.973233611050496, 59.60923788541273
14.02517871741128, 59.60465528262236
14.07712382377206, 59.60007267983199
14.129068930132844, 59.59549007704162
14.181014036493625, 59.590907474251246
14.232959142854408, 59.586324871460874
14.284904249215192, 59.58174226867051
14.336849355575973, 59.57715966588014
14.388794461936756, 59.57257706308977
14.440739568297538, 59.567994460299396
14.49268467465832, 59.563411857509024
14.544629781019104, 59.55882925471865
14.596574887379886, 59.55424665192829
14.648519993740669, 59.54966404913792
14.700465100101452, 59.545081446347545
14.752410206462233, 59.540498843557174
14.804355312823017, 59.5359162407668
14.856300419183798, 59.53133363797643
14.908245525544581, 59.52675103518607
14.960190631905364, 59.522168432395695
15.012135738266146, 59.51758582960532
15.064080844626929, 59.51300322681495
15.11602595098771, 59.50842062402458
15.167971057348494, 59.50383802123421
15.219916163709277, 59.49925541844384
15.271861270070058, 59.49467281565347
15.323806376430841, 59.4900902128631
15.375751482791625, 59.48550761007273
15.427696589152406, 59.48092500728236
15.47964169551319, 59.47634240449199
15.53158680187397, 59.471759801701616
15.583531908234754, 59.46717719891125
15.635477014595537, 59.46259459612088
15.687422120956318, 59.45801199333051
15.739367227317102, 59.45342939054014
15.791312333677883, 59.448846787749765
15.843257440038666, 59.444264184959394
15.89520254639945, 59.43968158216902
15.947147652760231, 59.43509897937866
15.999092759121014, 59.43051637658829
16.051037865481796, 59.425933773797915
16.10298297184258, 59.421351171007544
16.154928078203362, 59.41676856821717
16.206873184564145, 59.4121859654268
16.258818290924925, 59.407603362636436
16.310763397285708, 59.403020759846065
16.36270850364649, 59.39843815705569
16.414653610007274, 59.39385555426532
16.466598716368058, 59.38927295147495
16.51854382272884, 59.38469034868458
16.57048892908962, 59.380107745894215
16.622434035450404, 59.37552514310384
16.674379141811187, 59.37094254031347
16.72632424817197, 59.3663599375231
16.778269354532753, 59.36177733473273
16.830214460893533, 59.35719473194236
16.882159567254316, 59.352612129151986
16.9341046736151, 59.34802952636162
16.986049779975883, 59.34344692357125
17.037994886336666, 59.33886432078088
17.089939992697445, 59.33428171799051
17.14188509905823, 59.329699115200135
17.19383020541901, 59.325116512409764
17.245775311779795, 59.3205339096194
17.297720418140578, 59.31595130682903
17.349665524501358, 59.31136870403866
17.40161063086214, 59.306786101248285
17.453555737222924, 59.302203498457914
17.505500843583707, 59.29762089566754
17.55744594994449, 59.29303829287717
17.60939105630527, 59.288455690086806
17.661336162666053, 59.283873087296435
17.713281269026837, 59.27929048450606
17.76522637538762, 59.27470788171569
17.817171481748403, 59.27012527892532
17.869116588109183, 59.26554267613495
17.921061694469966, 59.260960073344584
17.97300680083075, 59.25637747055421
18.024951907191532, 59.25179486776384
18.076897013552315, 59.24721226497347
18.1288421199131, 59.2426296621831
18.18078722627388, 59.23804705939273
18.23273233263466, 59.23346445660236
18.284677438995445, 59.22888185381199
18.336622545356228, 59.22429925102162
18.38856765171701, 59.21971664823125
18.44051275807779, 59.21513404544088
18.492457864438574, 59.210551442650505
18.544402970799357, 59.205968839860134
18.59634807716014, 59.20138623706977
18.648293183520924, 59.1968036342794
18.700238289881703, 59.19222103148903
18.752183396242486, 59.187638428698655
18.80412850260327, 59.18305582590828
18.856073608964053, 59.17847322311791
18.908018715324836, 59.17389062032755
18.959963821685616, 59.169308017537176
19.0119089280464, 59.164725414746805
19.063854034407182, 59.16014281195643
19.115799140767965, 59.15556020916606
19.16774424712875, 59.15097760637569
19.219689353489528, 59.146395003585326
19.27163445985031, 59.141812400794954
19.323579566211095, 59.13722979800458
19.375524672571878, 59.13264719521421
19.42746977893266, 59.12806459242384
19.47941488529344, 59.12348198963347
19.531359991654224, 59.1188993868431
19.583305098015007, 59.11431678405273
19.63525020437579, 59.10973418126236
19.687195310736573, 59.10515157847199
19.739140417097357, 59.10056897568162
19.791085523458136, 59.09598637289125
19.84303062981892, 59.091403770100875
19.894975736179703, 59.086821167310504
19.946920842540486, 59.08223856452014
19.99886594890127, 59.07765596172977
20.05081105526205, 59.073073358939396
20.102756161622832, 59.068490756149025
20.154701267983615, 59.06390815335865
20.2066463743444, 59.05932555056828
20.25859148070518, 59.05474294777792
20.31053658706596, 59.050160344987546
20.362481693426744, 59.045577742197175
20.414426799787528, 59.0409951394068
20.46637190614831, 59.03641253661643
20.518317012509094, 59.03182993382606
20.570262118869874, 59.027247331035696
20.622207225230657, 59.022664728245324
20.67415233159144, 59.01808212545495
20.726097437952223, 59.01349952266458
20.778042544313006, 59.00891691987421
20.829987650673786, 59.00433431708384
20.88193275703457, 58.99975171429347
20.933877863395352, 58.9951691115031
20.985822969756136, 58.99058650871273
21.03776807611692, 58.98600390592236
21.0897131824777, 58.98142130313199
21.14165828883848, 58.97683870034162
21.193603395199265, 58.972256097551245
21.245548501560048, 58.96767349476088
21.29749360792083, 58.96309089197051
21.349438714281614, 58.95850828918014
21.401383820642394, 58.953925686389766
21.453328927003177, 58.949343083599395
21.50527403336396, 58.94476048080902
21.557219139724744, 58.94017787801866
21.609164246085527, 58.93559527522829
21.661109352446307, 58.931012672437916
21.71305445880709, 58.926430069647544
21.764999565167873, 58.92184746685717
21.816944671528656, 58.9172648640668
21.86888977788944, 58.91268226127643
21.92083488425022, 58.908099658486066
21.972779990611002, 58.903517055695694
22.024725096971785, 58.89893445290532
22.07667020333257, 58.89435185011495
22.12861530969335, 58.88976924732458
22.18056041605413, 58.88518664453421
22.232505522414915, 58.880604041743844
22.284450628775698, 58.87602143895347
22.33639573513648, 58.8714388361631
22.388340841497264, 58.86685623337273
22.440285947858044, 58.86227363058236
22.492231054218827, 58.85769102779199
22.54417616057961, 58.853108425001615
22.596121266940393, 58.84852582221125
22.648066373301177, 58.84394321942088
22.70001147966196, 58.83936061663051
22.75195658602274, 58.834778013840136
22.803901692383523, 58.830195411049765
22.855846798744306, 58.82561280825939
22.90779190510509, 58.82103020546903
22.959737011465872, 58.81644760267866
23.011682117826652, 58.811864999888286
23.063627224187435, 58.807282397097914
23.11557233054822, 58.80269979430754
23.167517436909, 58.79811719151717
23.219462543269785, 58.7935345887268
23.271407649630564, 58.788951985936436
23.323352755991348, 58.784369383146064
23.37529786235213, 58.77978678035569
23.427242968712914, 58.77520417756532
23.479188075073697, 58.77062157477495
23.531133181434477, 58.76603897198458
23.58307828779526, 58.761456369194214
23.635023394156043, 58.75687376640384
23.686968500516826, 58.75229116361347
23.73891360687761, 58.7477085608231
23.79085871323839, 58.74312595803273
23.842803819599172, 58.738543355242356
23.894748925959956, 58.73396075245199
23.94669403232074, 58.72937814966162
23.998639138681522, 58.72479554687125
24.0505842450423, 58.72021294408088
24.102529351403085, 58.715630341290506
24.154474457763868, 58.711047738500135
24.20641956412465, 58.70646513570976
24.258364670485435, 58.7018825329194
24.310309776846218, 58.69729993012903
24.362254883206997, 58.692717327338656
24.41419998956778, 58.688134724548284
24.466145095928564, 58.68355212175791
24.518090202289347, 58.67896951896754
24.57003530865013, 58.67438691617718
24.62198041501091, 58.669804313386805
24.673925521371693, 58.665221710596434
24.725870627732476, 58.66063910780606
24.77781573409326, 58.65605650501569
24.829760840454043, 58.65147390222532
24.881705946814822, 58.646891299434955
24.933651053175605, 58.642308696644584
24.98559615953639, 58.63772609385421
25.037541265897172, 58.63314349106384
25.089486372257955, 58.62856088827347
25.141431478618735, 58.6239782854831
25.193376584979518, 58.619395682692726
25.2453216913403, 58.61481307990236
25.297266797701084, 58.61023047711199
25.349211904061868, 58.60564787432162
25.401157010422647, 58.60106527153125
25.45310211678343, 58.596482668740876
25.505047223144214, 58.591900065950504
25.556992329504997, 58.58731746316014
25.60893743586578, 58.58273486036977
25.66088254222656, 58.5781522575794
25.712827648587343, 58.573569654789026
25.764772754948126, 58.568987051998654
25.81671786130891, 58.56440444920828
25.868662967669692, 58.55982184641791
25.920608074030476, 58.55523924362755
25.972553180391255, 58.550656640837175
26.02449828675204, 58.546074038046804
26.07644339311282, 58.54149143525643
26.128388499473605, 58.53690883246606
26.180333605834388, 58.53232622967569
26.232278712195168, 58.527743626885325
26.28422381855595, 58.523161024094954
26.336168924916734, 58.51857842130458
26.388114031277517, 58.51399581851421
26.4400591376383, 58.50941321572384
26.49200424399908, 58.50483061293347
26.543949350359863, 58.500248010143096
26.595894456720647, 58.49566540735273
26.64783956308143, 58.49108280456236
26.699784669442213, 58.48650020177199
26.751729775802993, 58.48191759898162
26.803674882163776, 58.477334996191246
26.85561998852456, 58.472752393400874
26.907565094885342, 58.46816979061051
26.959510201246125, 58.46358718782014
27.011455307606905, 58.45900458502977
27.06340041396769, 58.454421982239396
27.11534552032847, 58.449839379449024
27.167290626689255, 58.44525677665865
27.219235733050038, 58.44067417386829
27.271180839410817, 58.43609157107792
27.3231259457716, 58.431508968287545
27.375071052132384, 58.426926365497174
27.427016158493167, 58.4223437627068
27.47896126485395, 58.41776115991643
27.530906371214733, 58.41317855712606
27.582851477575513, 58.408595954335695
27.634796583936296, 58.40401335154532
27.68674169029708, 58.39943074875495
27.738686796657863, 58.39484814596458
27.790631903018646, 58.39026554317421
27.842577009379426, 58.38568294038384
27.89452211574021, 58.38110033759347
27.946467222100992, 58.3765177348031
27.998412328461775, 58.37193513201273
28.05035743482256, 58.36735252922236
28.102302541183338, 58.36276992643199
28.15424764754412, 58.358187323641616
28.206192753904904, 58.35360472085125
28.258137860265688, 58.34902211806088
28.31008296662647, 58.34443951527051
28.36202807298725, 58.33985691248014
28.413973179348034, 58.335274309689765
28.465918285708817, 58.330691706899394
28.5178633920696, 58.32610910410902
28.569808498430383, 58.32152650131866
28.621753604791163, 58.31694389852829
28.673698711151946, 58.312361295737915
28.72564381751273, 58.307778692947544
28.777588923873513, 58.30319609015717
28.829534030234296, 58.2986134873668
28.881479136595075, 58.294030884576436
28.93342424295586, 58.289448281786065
28.98536934931664, 58.28486567899569
29.037314455677425, 58.28028307620532
29.089259562038208, 58.27570047341495
29.14120466839899, 58.27111787062458
29.19314977475977, 58.26653526783421
29.245094881120554, 58.26195266504384
29.297039987481337, 58.25737006225347
29.34898509384212, 58.2527874594631
29.400930200202904, 58.24820485667273
29.452875306563683, 58.24362225388236
29.504820412924467, 58.239039651091986
29.55676551928525, 58.23445704830162
29.608710625646033, 58.22987444551125
29.660655732006816, 58.22529184272088
29.712600838367596, 58.22070923993051
29.76454594472838, 58.216126637140135
29.816491051089162, 58.211544034349764
29.868436157449946, 58.20696143155939
29.92038126381073, 58.20237882876903
29.97232637017151, 58.19779622597866
30.02427147653229, 58.193213623188285
30.076216582893075, 58.188631020397914
30.128161689253858, 58.18404841760754
30.18010679561464, 58.17946581481717
30.23205190197542, 58.174883212026806
30.283997008336204, 58.170300609236435
30.335942114696987, 58.16571800644606
30.38788722105777, 58.16113540365569
30.439832327418554, 58.15655280086532
30.491777433779333, 58.15197019807495
30.543722540140116, 58.147387595284584
30.5956676465009, 58.14280499249421
30.647612752861683, 58.13822238970384
30.699557859222466, 58.13363978691347
30.75150296558325, 58.1290571841231
30.80344807194403, 58.12447458133273
30.855393178304812, 58.119891978542356
30.907338284665595, 58.11530937575199
30.95928339102638, 58.11072677296162
31.01122849738716, 58.10614417017125
31.06317360374794, 58.10156156738088
31.115118710108725, 58.096978964590505
31.167063816469508, 58.092396361800134
31.21900892283029, 58.08781375900977
31.270954029191074, 58.0832311562194
31.322899135551854, 58.078648553429026
31.374844241912637, 58.074065950638655
31.42678934827342, 58.06948334784828
31.478734454634203, 58.06490074505791
31.530679560994987, 58.06031814226754
31.582624667355766, 58.055735539477176
31.63456977371655, 58.051152936686805
31.686514880077333, 58.04657033389643
31.738459986438116, 58.04198773110606
31.7904050927989, 58.03740512831569
31.84235019915968, 58.03282252552532
31.894295305520462, 58.028239922734954
31.946240411881245, 58.02365731994458
31.99818551824203, 58.01907471715421
32.05013062460281, 58.01449211436384
32.10207573096359, 58.00990951157347
32.154020837324374, 58.0053269087831
32.20596594368516, 58.000744305992725
32.25791105004594, 57.99616170320236
32.309856156406724, 57.99157910041199
32.36180126276751, 57.98699649762162
32.41374636912829, 57.98241389483125
32.46569147548907, 57.977831292040875
32.51763658184985, 57.97324868925051
32.56958168821063, 57.96866608646014
32.621526794571416, 57.96408348366977
32.6734719009322, 57.959500880879396
32.72541700729298, 57.954918278089025
32.777362113653766, 57.95033567529865
32.82930722001455, 57.94575307250828
32.88125232637533, 57.94117046971792
32.933197432736115, 57.936587866927546
32.9851425390969, 57.932005264137175
33.03708764545768, 57.9274226613468
33.08903275181846, 57.92284005855643
33.14097785817924, 57.91825745576606
33.192922964540024, 57.91367485297569
33.24486807090081, 57.909092250185324
33.29681317726159, 57.90450964739495
33.348758283622374, 57.89992704460458
33.40070338998316, 57.89534444181421
33.45264849634394, 57.89076183902384
33.50459360270472, 57.88617923623347
33.55653870906551, 57.881596633443095
33.60848381542628, 57.87701403065273
33.660428921787066, 57.87243142786236
33.71237402814785, 57.86784882507199
33.76431913450863, 57.86326622228162
33.816264240869415, 57.858683619491245
33.8682093472302, 57.85410101670088
33.92015445359098, 57.84951841391051
33.972099559951765, 57.84493581112014
34.02404466631255, 57.840353208329766
34.07598977267333, 57.835770605539395
34.12793487903411, 57.83118800274902
34.17987998539489, 57.82660539995865
34.231825091755674, 57.82202279716829
34.28377019811646, 57.817440194377916
34.33571530447724, 57.812857591587544
34.38766041083802, 57.80827498879717
34.43960551719881, 57.8036923860068
34.49155062355959, 57.79910978321643
34.54349572992037, 57.79452718042606
34.595440836281156, 57.789944577635694
34.64738594264194, 57.78536197484532
34.699331049002716, 57.78077937205495
34.7512761553635, 57.77619676926458
34.80322126172428, 57.77161416647421
34.855166368085065, 57.767031563683844
34.90711147444585, 57.76244896089347
34.95905658080663, 57.7578663581031
35.011001687167415, 57.75328375531273
35.0629467935282, 57.74870115252236
35.11489189988898, 57.744118549731986
35.166837006249764, 57.739535946941615
35.21878211261054, 57.6542161971355
35.270727218971324, 57.512751722927774
35.32267232533211, 57.37128724872006
35.37461743169289, 57.22982277451234
35.42656253805367, 57.08835830030463
35.47850764441446, 56.946893826096904
35.53045275077524, 56.80542935188919
35.58239785713602, 56.66396487768147
35.634342963496806, 56.52250040347376
35.68628806985759, 56.381035929266034
35.738233176218365, 56.23957145505834
35.79017828257915, 56.09810698085062
35.84212338893993, 55.9566425066429
35.894068495300715, 55.815178032435185
35.9460136016615, 55.67371355822747
35.99795870802228, 55.53224908401975
36.049903814383065, 55.39078460981203
36.10184892074385, 55.249320135604314
36.15379402710463, 55.1078556613966
36.205739133465414, 54.96639118718888
36.2576842398262, 54.82492671298116
36.30962934618697, 54.683462238773465
36.36157445254776, 54.54199776456575
36.41351955890854, 54.40053329035803
36.46546466526932, 54.25906881615031
36.517409771630106, 54.117604341942595
36.56935487799089, 53.97613986773488
36.62129998435167, 53.83467539352716
36.673245090712456, 53.69321091931944
36.72519019707324, 53.551746445111725
36.77713530343402, 53.41028197090401
36.8290804097948, 53.26881749669631
36.88102551615558, 53.12735302248859
36.932970622516365, 52.98588854828087
36.98491572887715, 52.84442407407315
37.03686083523793, 52.70295959986544
37.088805941598714, 52.56149512565772
37.1407510479595, 52.420030651450006
37.19269615432028, 52.27856617724228
37.244641260681064, 52.13710170303457
37.29658636704185, 51.99563722882685
37.34853147340262, 51.85417275461915
37.40047657976341, 51.712708280411434
37.45242168612419, 51.57124380620372
37.50436679248497, 51.429779331996
37.556311898845756, 51.28831485778828
37.60825700520654, 51.14685038358056
37.66020211156732, 51.00538590937285
37.712147217928106, 50.863921435165125
37.76409232428889, 50.72245696095741
37.81603743064967, 50.58099248674969
37.867982537010455, 50.43952801254198
37.91992764337123, 50.298063538334276
37.971872749732015, 50.15659906412656
38.0238178560928, 50.015134589918844
38.07576296245358, 49.87367011571112
38.127708068814364, 49.732205641503406
38.17965317517515, 49.59074116729569
38.23159828153593, 49.449276693087974
38.283543387896714, 49.30781221888026
38.3354884942575, 49.166347744672535
38.38743360061828, 49.02488327046482
38.439378706979056, 48.88341879625712
38.49132381333984, 48.7419543220494
38.54326891970062, 48.600489847841686
38.595214026061406, 48.45902537363397
38.64715913242219, 48.31756089942625
38.69910423878297, 48.17609642521853
38.751049345143755, 48.034631951010816
38.80299445150454, 47.8931674768031
38.85493955786532, 47.75170300259538
38.906884664226105, 47.61023852838766
38.95882977058688, 47.46877405417996
39.010774876947664, 47.327309579972244
39.06271998330845, 47.18584510576453
39.11466508966923, 47.04438063155681
39.166610196030014, 46.9029161573491
39.2185553023908, 46.761451683141374
39.27050040875158, 46.61998720893366
39.32244551511236, 46.47852273472594
39.37439062147315, 46.33705826051822
39.42633572783393, 46.1955937863105
39.47828083419471, 46.05412931210279
39.53022594055549, 45.91266483789509
39.58217104691627, 45.77120036368737
39.634116153277056, 45.629735889479655
39.68606125963784, 45.48827141527194
39.73800636599862, 45.346806941064216
39.789951472359405, 45.2053424668565
39.84189657872019, 45.063877992648784
39.89384168508097, 44.92241351844107
39.945786791441755, 44.78094904423335
39.99773189780254, 44.63948457002563
40.049677004163314, 44.498020095817935
40.1016221105241, 44.35655562161021
40.15356721688488, 44.2150911474025
40.205512323245664, 44.07362667319478
40.25745742960645, 43.932162198987065
40.30940253596723, 43.79069772477935
40.36134764232801, 43.649233250571626
40.4132927486888, 43.50776877636391
40.46523785504958, 43.366304302156195
40.51718296141036, 43.22483982794847
40.56912806777114, 43.08337535374078
40.62107317413192, 42.94191087953306
40.673018280492705, 42.800446405325346
40.72496338685349, 42.65898193111762
40.77690849321427, 42.51751745690991
40.828853599575055, 42.37605298270219
40.88079870593584, 42.23458850849447
40.93274381229662, 42.09312403428675
40.984688918657405, 41.95165956007904
41.03663402501819, 41.81019508587132
41.08857913137897, 41.668730611663605
41.14052423773975, 41.527266137455904
41.19246934410053, 41.38580166324819
41.24441445046131, 41.244337189040465
41.2963595568221, 41.10287271483275
41.34830466318288, 40.96140824062503
41.40024976954366, 40.81994376641731
41.452194875904446, 40.6784792922096
41.50413998226523, 40.53701481800188
41.55608508862601, 40.39555034379416
41.608030194986796, 40.25408586958645
41.65997530134757, 40.112621395378746
41.711920407708355, 39.97115692117103
41.76386551406914, 39.82969244696331
41.81581062042992, 39.6882279727556
41.867755726790705, 39.546763498547875
41.91970083315149, 39.40529902434016
41.97164593951227, 39.263834550132444
42.023591045873054, 39.12237007592472
42.07553615223384, 38.980905601717005
42.12748125859462, 38.83944112750929
42.1794263649554, 38.697976653301595
42.23137147131618, 38.55651217909387
42.28331657767696, 38.415047704886156
42.33526168403775, 38.27358323067844
42.38720679039853, 38.13211875647072
42.43915189675931, 37.990654282263
42.491097003120096, 37.849189808055286
42.54304210948088, 37.70772533384756
42.59498721584166, 37.566260859639854
42.646932322202446, 37.42479638543213
42.69887742856323, 37.283331911224415
42.750822534924005, 37.141867437016714
42.80276764128479, 37.000402962809
42.85471274764557, 36.85893848860128
42.906657854006355, 36.71747401439356
42.95860296036714, 36.576009540185844
43.01054806672792, 36.43454506597813
43.062493173088704, 36.293080591770405
43.11443827944949, 36.151616117562696
43.16638338581027, 36.01015164335497
43.218328492171054, 35.86868716914726
43.27027359853183, 35.727222694939556
43.32221870489261, 35.58575822073184
43.374163811253396, 35.444293746524124
43.42610891761418, 35.3028292723164
43.47805402397496, 35.16136479810869
43.529999130335746, 35.01990032390097
43.58194423669653, 34.878435849693254
43.63388934305731, 34.73697137548554
43.685834449418095, 34.595506901277815
43.73777955577888, 34.4540424270701
43.789724662139655, 34.3125779528624
43.84166976850044, 34.17111347865469
43.89361487486122, 34.029649004446966
43.945559981222004, 33.88818453023925
43.99750508758279, 33.746720056031535
44.04945019394357, 33.60525558182381
44.101395300304354, 33.463791107616096
44.15334040666514, 33.32232663340838
44.20528551302592, 33.18086215920066
44.2572306193867, 33.03939768499295
44.30917572574749, 32.897933210785226
44.36112083210826, 32.75646873657753
44.413065938469046, 32.61500426236981
44.46501104482983, 32.47353978816209
44.51695615119061, 32.33207531395438
44.568901257551396, 32.190610839746654
44.62084636391218, 32.049146365538945
44.67279147027296, 31.907681891331222
44.724736576633745, 31.766217417123507
44.77668168299453, 31.624752942915787
44.82862678935531, 31.48328846870807
44.88057189571609, 31.341823994500373
44.93251700207687, 31.200359520292654
44.984462108437654, 31.05889504608494
45.03640721479844, 30.91743057187722
45.08835232115922, 30.775966097669503
45.140297427520004, 30.634501623461784
45.19224253388079, 30.493037149254068
45.24418764024157, 30.35157267504635
45.29613274660235, 30.210108200838633
45.34807785296314, 30.068643726630913
45.40002295932392, 29.927179252423194
45.451968065684696, 29.785714778215496
45.50391317204548, 29.64425030400778
45.55585827840626, 29.50278582980006
45.607803384767045, 29.361321355592345
45.65974849112783, 29.219856881384626
45.71169359748861, 29.07839240717691
45.763638703849395, 28.93692793296919
45.81558381021018, 28.795463458761475
45.86752891657096, 28.653998984553755
45.919474022931745, 28.51253451034604
45.97141912929252, 28.37107003613834
46.023364235653304, 28.229605561930622
46.07530934201409, 28.088141087722907
46.12725444837487, 27.946676613515187
46.17919955473565, 27.80521213930747
46.23114466109644, 27.663747665099752
46.28308976745722, 27.522283190892036
46.335034873818, 27.380818716684317
46.386979980178786, 27.2393542424766
46.43892508653957, 27.09788976826888
46.490870192900346, 26.956425294061184
46.54281529926113, 26.814960819853468
46.59476040562191, 26.67349634564575
46.646705511982695, 26.532031871438033
46.69865061834348, 26.390567397230313
46.75059572470426, 26.249102923022598
46.802540831065045, 26.10763844881488
46.85448593742583, 25.966173974607162
46.90643104378661, 25.824709500399443
46.958376150147394, 25.683245026191727
47.01032125650818, 25.54178055198401
47.062266362868954, 25.40031607777631
47.11421146922974, 25.258851603568594
47.16615657559052, 25.11738712936088
47.2181016819513, 24.975922655153155
47.27004678831209, 24.83445818094544
47.32199189467287, 24.692993706737724
47.37393700103365, 24.551529232530008
47.425882107394436, 24.410064758322285
47.47782721375522, 24.26860028411457
47.529772320116, 24.127135809906854
47.58171742647678, 23.985671335699152
47.63366253283756, 23.844206861491436
47.685607639198345, 23.70274238728372
47.73755274555913, 23.561277913076005
47.78949785191991, 23.41981343886828
47.841442958280695, 23.278348964660566
47.89338806464148, 23.13688449045285
47.94533317100226, 22.995420016245134
47.997278277363044, 22.85395554203741
48.04922338372383, 22.712491067829696
48.1011684900846, 22.571026593621994
48.15311359644539, 22.42956211941428
48.20505870280617, 22.288097645206562
48.25700380916695, 22.146633170998847
48.308948915527736, 22.005168696791124
48.36089402188852, 21.863704222583408
48.4128391282493, 21.722239748375692
48.464784234610086, 21.580775274167976
48.51672934097087, 21.439310799960253
48.56867444733165, 21.297846325752538
48.620619553692435, 21.156381851544822
48.67256466005321, 21.01491737733712
48.724509766413995, 20.873452903129404
48.77645487277478, 20.73198842892169
48.82839997913556, 20.590523954713973
48.880345085496344, 20.44905948050625
48.93229019185713, 20.307595006298534
48.98423529821791, 20.16613053209082
49.036180404578694, 20.024666057883103
49.08812551093948, 19.88320158367538
49.14007061730026, 19.741737109467664
49.19201572366104, 19.60027263525997
49.24396083002182, 19.458808161052247
49.2959059363826, 19.31734368684453
49.347851042743386, 19.175879212636815
49.39979614910417, 19.0344147384291
49.45174125546495, 18.892950264221376
49.503686361825736, 18.75148579001366
49.55563146818652, 18.610021315805945
49.6075765745473, 18.46855684159823
49.659521680908085, 18.327092367390506
49.71146678726886, 18.18562789318281
49.763411893629645, 18.044163418975096
49.81535699999043, 17.902698944767373
49.86730210635121, 17.761234470559657
49.919247212711994, 17.61976999635194
49.97119231907278, 17.478305522144225
50.02313742543356, 17.336841047936502
50.075082531794344, 17.195376573728787
50.12702763815513, 17.05391209952107
50.17897274451591, 16.912447625313355
50.23091785087669, 16.770983151105632
50.28286295723747, 16.629518676897938
50.33480806359825, 16.488054202690222
50.386753169959036, 16.3465897284825
50.43869827631982, 16.205125254274783
50.4906433826806, 16.063660780067067
50.542588489041385, 15.922196305859352
50.59453359540217, 15.780731831651629
50.64647870176295, 15.639267357443913
50.698423808123735, 15.497802883236197
50.75036891448452, 15.356338409028474
50.802314020845294, 15.21487393482078
50.85425912720608, 15.073409460613064
50.90620423356686, 14.931944986405341
50.958149339927644, 14.790480512197625
51.01009444628843, 14.64901603798991
51.06203955264921, 14.507551563782194
51.11398465900999, 14.36608708957447
51.16592976537078, 14.224622615366755
51.21787487173156, 14.08315814115904
51.26981997809234, 13.941693666951323
51.32176508445312, 13.800229192743622
51.3737101908139, 13.658764718535906
51.425655297174686, 13.51730024432819
51.47760040353547, 13.375835770120467
51.52954550989625, 13.234371295912752
51.581490616257035, 13.092906821705036
51.63343572261782, 12.95144234749732
51.6853808289786, 12.809977873289597
51.737325935339385, 12.668513399081881
51.78927104170017, 12.527048924874165
51.84121614806095, 12.38558445066645
51.89316125442173, 12.244119976458748
