Parameters: [48.97838742684807, 20.566995057893728, 5.585216629040609, 39.80419537573792, 3.5973287239667195, 0.0028513002398397602, -3.286389885310718]
Points:
0.0, 20.566995057893728
0.049027414841689765, 20.74336278556557
0.09805482968337953, 20.919730513237415
0.1470822445250693, 21.096098240909257
0.19610965936675906, 21.2724659685811
0.24513707420844882, 21.44883369625294
0.2941644890501386, 21.625201423924786
0.34319190389182835, 21.801569151596627
0.3922193187335181, 21.97793687926847
0.4412467335752079, 22.154304606940315
0.49027414841689765, 22.330672334612157
0.5393015632585874, 22.507040062284
0.5883289781002772, 22.68340778995584
0.637356392941967, 22.859775517627686
0.6863838077836567, 23.036143245299527
0.7354112226253464, 23.21251097297137
0.7844386374670362, 23.388878700643215
0.8334660523087261, 23.565246428315056
0.8824934671504158, 23.7416141559869
0.9315208819921055, 23.91798188365874
0.9805482968337953, 24.094349611330586
1.0295757116754851, 24.270717339002427
1.0786031265171747, 24.44708506667427
1.1276305413588645, 24.623452794346115
1.1766579562005544, 24.799820522017956
1.2256853710422442, 24.9761882496898
1.274712785883934, 25.152555977361644
1.3237402007256236, 25.328923705033485
1.3727676155673134, 25.505291432705327
1.4217950304090032, 25.68165916037717
1.4708224452506928, 25.85802688804901
1.5198498600923827, 26.034394615720856
1.5688772749340725, 26.210762343392698
1.6179046897757623, 26.38713007106454
1.6669321046174521, 26.563497798736385
1.7159595194591417, 26.739865526408227
1.7649869343008315, 26.91623325408007
1.8140143491425214, 27.092600981751914
1.863041763984211, 27.268968709423756
1.9120691788259008, 27.445336437095598
1.9610965936675906, 27.621704164767444
2.01012400850928, 27.798071892439282
2.0591514233509702, 27.974439620111127
2.10817883819266, 28.15080734778297
2.1572062530343494, 28.32717507545481
2.2062336678760395, 28.503542803126656
2.255261082717729, 28.679910530798498
2.304288497559419, 28.85627825847034
2.3533159124011087, 29.032645986142185
2.4023433272427983, 29.209013713814027
2.4513707420844884, 29.38538144148587
2.500398156926178, 29.561749169157714
2.549425571767868, 29.738116896829556
2.5984529866095576, 29.914484624501398
2.647480401451247, 30.090852352173243
2.6965078162929372, 30.267220079845085
2.745535231134627, 30.443587807516927
2.7945626459763164, 30.61995553518877
2.8435900608180065, 30.79632326286061
2.892617475659696, 30.972690990532456
2.9416448905013857, 31.149058718204298
2.9906723053430757, 31.32542644587614
3.0396997201847653, 31.501794173547985
3.0887271350264554, 31.678161901219827
3.137754549868145, 31.85452962889167
3.1867819647098345, 32.030897356563514
3.2358093795515246, 32.20726508423536
3.284836794393214, 32.3836328119072
3.3338642092349042, 32.56000053957904
3.382891624076594, 32.73636826725088
3.4319190389182834, 32.91273599492273
3.4809464537599735, 33.08910372259457
3.529973868601663, 33.26547145026641
3.5790012834433527, 33.441839177938256
3.6280286982850427, 33.6182069056101
3.6770561131267323, 33.79457463328194
3.726083527968422, 33.970942360953785
3.775110942810112, 34.14731008862563
3.8241383576518015, 34.32367781629747
3.8731657724934916, 34.500045543969314
3.922193187335181, 34.67641327164115
3.971220602176871, 34.852780999313
4.02024801701856, 35.02914872698484
4.069275431860251, 35.20551645465669
4.1183028467019405, 35.38188418232853
4.16733026154363, 35.55825191000037
4.21635767638532, 35.73461963767221
4.265385091227009, 35.910987365344056
4.314412506068699, 36.087355093015894
4.363439920910389, 36.26372282068774
4.412467335752079, 36.440090548359585
4.4614947505937685, 36.61645827603142
4.510522165435458, 36.79282600370327
4.559549580277148, 36.969193731375114
4.608576995118838, 37.14556145904696
4.657604409960528, 37.3219291867188
4.706631824802217, 37.498296914390636
4.755659239643907, 37.67466464206248
4.804686654485597, 37.85103236973433
4.853714069327287, 38.02740009740617
4.902741484168977, 38.20376782507802
4.951768899010666, 38.380135552749856
5.000796313852356, 38.556503280421694
5.0498237286940455, 38.73287100809354
5.098851143535736, 38.909238735765385
5.147878558377426, 39.08560646343723
5.196905973219115, 39.26197419110907
5.245933388060805, 39.438341918780914
5.294960802902494, 39.61470964645275
5.343988217744184, 39.7910773741246
5.3930156325858745, 39.96744510179644
5.442043047427564, 40.14381282946829
5.491070462269254, 40.32018055714013
5.540097877110943, 40.496548284811965
5.589125291952633, 40.65886641188958
5.638152706794323, 40.65900620376928
5.687180121636013, 40.65914599564898
5.7362075364777025, 40.659285787528674
5.785234951319392, 40.65942557940837
5.834262366161082, 40.65956537128807
5.883289781002771, 40.659705163167764
5.932317195844462, 40.65984495504746
5.981344610686151, 40.65998474692716
6.030372025527841, 40.660124538806855
6.079399440369531, 40.66026433068655
6.12842685521122, 40.66040412256625
6.177454270052911, 40.660543914445945
6.2264816848946, 40.66068370632564
6.27550909973629, 40.66082349820534
6.3245365145779795, 40.660963290085036
6.373563929419669, 40.66110308196473
6.42259134426136, 40.66124287384443
6.471618759103049, 40.661382665724126
6.520646173944739, 40.66152245760382
6.569673588786428, 40.66166224948352
6.618701003628118, 40.66180204136322
6.6677284184698085, 40.66194183324291
6.716755833311498, 40.66208162512261
6.765783248153188, 40.66222141700231
6.814810662994877, 40.662361208882004
6.863838077836567, 40.6625010007617
6.9128654926782565, 40.6626407926414
6.961892907519947, 40.662780584521094
7.0109203223616365, 40.66292037640079
7.059947737203326, 40.66306016828049
7.108975152045016, 40.663199960160185
7.158002566886705, 40.66333975203988
7.207029981728396, 40.66347954391958
7.256057396570085, 40.663619335799275
7.305084811411775, 40.66375912767897
7.354112226253465, 40.66389891955867
7.403139641095154, 40.664038711438366
7.452167055936844, 40.66417850331806
7.501194470778534, 40.66431829519776
7.550221885620224, 40.664458087077456
7.5992493004619135, 40.66459787895715
7.648276715303603, 40.66473767083685
7.697304130145293, 40.66487746271655
7.746331544986983, 40.66501725459624
7.795358959828673, 40.66515704647594
7.844386374670362, 40.66529683835564
7.893413789512052, 40.665436630235334
7.942441204353742, 40.66557642211503
7.991468619195432, 40.66571621399473
8.04049603403712, 40.665856005874424
8.089523448878811, 40.66599579775412
8.138550863720502, 40.66613558963382
8.18757827856219, 40.666275381513515
8.236605693403881, 40.66641517339321
8.28563310824557, 40.66655496527291
8.33466052308726, 40.666694757152605
8.38368793792895, 40.6668345490323
8.43271535277064, 40.666974340912
8.48174276761233, 40.667114132791696
8.530770182454019, 40.66725392467139
8.579797597295709, 40.66739371655109
8.628825012137398, 40.667533508430786
8.677852426979088, 40.66767330031048
8.726879841820779, 40.66781309219018
8.775907256662467, 40.66795288406988
8.824934671504158, 40.66809267594957
8.873962086345847, 40.66823246782927
8.922989501187537, 40.66837225970897
8.972016916029228, 40.668512051588664
9.021044330870916, 40.66865184346836
9.070071745712607, 40.66879163534806
9.119099160554295, 40.668931427227754
9.168126575395986, 40.66907121910745
9.217153990237676, 40.66921101098715
9.266181405079365, 40.669350802866845
9.315208819921056, 40.66949059474654
9.364236234762744, 40.66963038662624
9.413263649604435, 40.669770178505935
9.462291064446125, 40.66990997038563
9.511318479287814, 40.67004976226533
9.560345894129505, 40.670189554145026
9.609373308971193, 40.67032934602472
9.658400723812884, 40.67046913790442
9.707428138654574, 40.670608929784116
9.756455553496263, 40.67074872166381
9.805482968337953, 40.67088851354351
9.854510383179642, 40.67102830542321
9.903537798021333, 40.6711680973029
9.952565212863023, 40.6713078891826
10.001592627704712, 40.6714476810623
10.050620042546402, 40.671587472941994
10.099647457388091, 40.67172726482169
10.148674872229781, 40.67186705670139
10.197702287071472, 40.672006848581084
10.24672970191316, 40.67214664046078
10.295757116754851, 40.67228643234048
10.34478453159654, 40.672426224220175
10.39381194643823, 40.67256601609987
10.442839361279919, 40.67270580797957
10.49186677612161, 40.672845599859265
10.5408941909633, 40.67298539173896
10.589921605804989, 40.67312518361866
10.63894902064668, 40.673264975498356
10.687976435488368, 40.67340476737805
10.737003850330058, 40.67354455925775
10.786031265171749, 40.673684351137446
10.835058680013438, 40.67382414301714
10.884086094855128, 40.67396393489684
10.933113509696817, 40.674103726776536
10.982140924538507, 40.67424351865623
11.031168339380198, 40.67438331053593
11.080195754221887, 40.67452310241563
11.129223169063577, 40.674662894295324
11.178250583905266, 40.67480268617502
11.227277998746956, 40.67494247805472
11.276305413588647, 40.675082269934414
11.325332828430335, 40.67522206181411
11.374360243272026, 40.67536185369381
11.423387658113715, 40.675501645573505
11.472415072955405, 40.6756414374532
11.521442487797096, 40.6757812293329
11.570469902638784, 40.675921021212595
11.619497317480475, 40.67606081309229
11.668524732322163, 40.67620060497199
11.717552147163854, 40.676340396851685
11.766579562005543, 40.67648018873138
11.815606976847233, 40.67661998061108
11.864634391688924, 40.676759772490776
11.913661806530612, 40.67689956437047
11.962689221372303, 40.67703935625017
12.011716636213992, 40.677179148129866
12.060744051055682, 40.67731894000956
12.109771465897373, 40.67745873188926
12.158798880739061, 40.67759852376896
12.207826295580752, 40.677738315648654
12.25685371042244, 40.67787810752835
12.305881125264131, 40.67801789940805
12.354908540105821, 40.678157691287744
12.40393595494751, 40.67829748316744
12.4529633697892, 40.67843727504714
12.50199078463089, 40.678577066926835
12.55101819947258, 40.67871685880653
12.60004561431427, 40.67885665068623
12.649073029155959, 40.678996442565925
12.69810044399765, 40.67913623444562
12.747127858839338, 40.67927602632532
12.796155273681029, 40.679415818205015
12.84518268852272, 40.67955561008471
12.894210103364408, 40.67969540196441
12.943237518206098, 40.679835193844106
12.992264933047787, 40.6799749857238
13.041292347889478, 40.6801147776035
13.090319762731168, 40.680254569483196
13.139347177572857, 40.68039436136289
13.188374592414547, 40.68053415324259
13.237402007256236, 40.68067394512229
13.286429422097926, 40.680813737001984
13.335456836939617, 40.68095352888168
13.384484251781306, 40.68109332076138
13.433511666622996, 40.681233112641074
13.482539081464685, 40.68137290452077
13.531566496306375, 40.68151269640047
13.580593911148064, 40.681652488280164
13.629621325989755, 40.68179228015986
13.678648740831445, 40.68193207203956
13.727676155673134, 40.682071863919255
13.776703570514824, 40.68221165579895
13.825730985356513, 40.68235144767865
13.874758400198203, 40.682491239558345
13.923785815039894, 40.68263103143804
13.972813229881583, 40.68277082331774
14.021840644723273, 40.682910615197436
14.070868059564962, 40.68305040707713
14.119895474406652, 40.68319019895683
14.168922889248343, 40.683329990836526
14.217950304090031, 40.68346978271622
14.266977718931722, 40.68360957459592
14.31600513377341, 40.68374936647562
14.365032548615101, 40.68388915835531
14.414059963456792, 40.68402895023501
14.46308737829848, 40.68416874211471
14.51211479314017, 40.684308533994404
14.56114220798186, 40.6844483258741
14.61016962282355, 40.6845881177538
14.65919703766524, 40.684727909633494
14.70822445250693, 40.68486770151319
14.75725186734862, 40.68500749339289
14.806279282190308, 40.685147285272585
14.855306697031999, 40.68528707715228
14.904334111873688, 40.68542686903198
14.953361526715378, 40.685566660911675
15.002388941557069, 40.68570645279137
15.051416356398757, 40.68584624467107
15.100443771240448, 40.685986036550766
15.149471186082136, 40.68612582843046
15.198498600923827, 40.68626562031016
15.247526015765517, 40.686405412189856
15.296553430607206, 40.68654520406955
15.345580845448897, 40.68668499594925
15.394608260290585, 40.68682478782895
15.443635675132276, 40.68696457970864
15.492663089973966, 40.68710437158835
15.541690504815655, 40.687244163468044
15.590717919657346, 40.68738395534774
15.639745334499034, 40.68752374722744
15.688772749340725, 40.687663539107135
15.737800164182415, 40.68780333098683
15.786827579024104, 40.68794312286653
15.835854993865794, 40.688082914746225
15.884882408707483, 40.68822270662592
15.933909823549174, 40.68836249850562
15.982937238390864, 40.688502290385316
16.031964653232553, 40.68864208226501
16.08099206807424, 40.68878187414471
16.130019482915934, 40.688921666024406
16.179046897757623, 40.6890614579041
16.22807431259931, 40.6892012497838
16.277101727441003, 40.689341041663496
16.326129142282692, 40.68948083354319
16.37515655712438, 40.68962062542289
16.42418397196607, 40.68976041730259
16.473211386807762, 40.689900209182284
16.52223880164945, 40.69004000106198
16.57126621649114, 40.69017979294168
16.62029363133283, 40.690319584821374
16.66932104617452, 40.69045937670107
16.71834846101621, 40.69059916858077
16.7673758758579, 40.690738960460465
16.81640329069959, 40.69087875234016
16.86543070554128, 40.69101854421986
16.914458120382967, 40.691158336099555
16.96348553522466, 40.69129812797925
17.01251295006635, 40.69143791985895
17.061540364908037, 40.691577711738645
17.11056777974973, 40.69171750361834
17.159595194591418, 40.69185729549804
17.208622609433107, 40.691997087377736
17.257650024274795, 40.69213687925743
17.306677439116488, 40.69227667113713
17.355704853958176, 40.692416463016826
17.404732268799865, 40.69255625489652
17.453759683641557, 40.69269604677622
17.502787098483246, 40.69283583865592
17.551814513324935, 40.692975630535614
17.600841928166627, 40.69311542241531
17.649869343008316, 40.69325521429501
17.698896757850004, 40.693395006174704
17.747924172691693, 40.6935347980544
17.796951587533385, 40.6936745899341
17.845979002375074, 40.693814381813795
17.895006417216763, 40.69395417369349
17.944033832058455, 40.69409396557319
17.993061246900144, 40.694233757452885
18.042088661741833, 40.69437354933258
18.091116076583525, 40.69451334121228
18.140143491425214, 40.694653133091975
18.189170906266902, 40.69479292497167
18.23819832110859, 40.69493271685137
18.287225735950283, 40.695072508731066
18.336253150791972, 40.69521230061076
18.38528056563366, 40.69535209249046
18.434307980475353, 40.695491884370156
18.48333539531704, 40.69563167624985
18.53236281015873, 40.69577146812955
18.581390225000423, 40.69591126000925
18.63041763984211, 40.696051051888944
18.6794450546838, 40.69619084376864
18.72847246952549, 40.69633063564834
18.77749988436718, 40.696470427528034
18.82652729920887, 40.69661021940773
18.87555471405056, 40.69675001128743
18.92458212889225, 40.696889803167124
18.97360954373394, 40.69702959504682
19.022636958575628, 40.69716938692652
19.071664373417317, 40.697309178806215
19.12069178825901, 40.69744897068591
19.169719203100698, 40.69758876256561
19.218746617942386, 40.697728554445305
19.26777403278408, 40.697868346325
19.316801447625767, 40.6980081382047
19.365828862467456, 40.698147930084396
19.41485627730915, 40.69828772196409
19.463883692150837, 40.69842751384379
19.512911106992526, 40.698567305723486
19.561938521834215, 40.69870709760318
19.610965936675907, 40.69884688948288
19.659993351517596, 40.69898668136258
19.709020766359284, 40.69912647324227
19.758048181200977, 40.69926626512197
19.807075596042665, 40.69940605700167
19.856103010884354, 40.699545848881364
19.905130425726046, 40.69968564076106
19.954157840567735, 40.69982543264076
20.003185255409424, 40.699965224520454
20.052212670251112, 40.70010501640015
20.101240085092805, 40.70024480827985
20.150267499934493, 40.700384600159545
20.199294914776182, 40.70052439203924
20.248322329617874, 40.70066418391894
20.297349744459563, 40.700803975798635
20.34637715930125, 40.70094376767833
20.395404574142944, 40.70108355955803
20.444431988984633, 40.701223351437726
20.49345940382632, 40.70136314331742
20.54248681866801, 40.70150293519712
20.591514233509702, 40.701642727076816
20.64054164835139, 40.70178251895651
20.68956906319308, 40.70192231083621
20.738596478034772, 40.70206210271591
20.78762389287646, 40.7022018945956
20.83665130771815, 40.7023416864753
20.885678722559838, 40.702481478355
20.93470613740153, 40.702621270234694
20.98373355224322, 40.70276106211439
21.032760967084908, 40.70290085399409
21.0817883819266, 40.703040645873784
21.13081579676829, 40.70318043775348
21.179843211609978, 40.70332022963318
21.22887062645167, 40.703460021512875
21.27789804129336, 40.70359981339257
21.326925456135047, 40.70373960527227
21.375952870976736, 40.703879397151965
21.424980285818428, 40.70401918903166
21.474007700660117, 40.70415898091136
21.523035115501806, 40.704298772791056
21.572062530343498, 40.70443856467075
21.621089945185187, 40.70457835655045
21.670117360026875, 40.704718148430146
21.719144774868568, 40.70485794030984
21.768172189710256, 40.70499773218954
21.817199604551945, 40.70513752406924
21.866227019393634, 40.70527731594893
21.915254434235326, 40.70541710782863
21.964281849077015, 40.70555689970833
22.013309263918703, 40.705696691588024
22.062336678760396, 40.70583648346772
22.111364093602084, 40.70597627534742
22.160391508443773, 40.706116067227114
22.20941892328546, 40.70625585910681
22.258446338127154, 40.70639565098651
22.307473752968843, 40.706535442866205
22.35650116781053, 40.7066752347459
22.405528582652224, 40.7068150266256
22.454555997493912, 40.706954818505295
22.5035834123356, 40.70709461038499
22.552610827177293, 40.70723440226469
22.601638242018982, 40.707374194144386
22.65066565686067, 40.70751398602408
22.69969307170236, 40.70765377790378
22.74872048654405, 40.707793569783476
22.79774790138574, 40.70793336166317
22.84677531622743, 40.70807315354287
22.89580273106912, 40.70821294542257
22.94483014591081, 40.70835273730226
22.9938575607525, 40.70849252918196
23.04288497559419, 40.70863232106166
23.09191239043588, 40.708772112941354
23.14093980527757, 40.70891190482105
23.189967220119257, 40.70905169670075
23.23899463496095, 40.709191488580444
23.28802204980264, 40.70933128046014
23.337049464644327, 40.70947107233984
23.38607687948602, 40.709610864219535
23.435104294327708, 40.70975065609923
23.484131709169397, 40.70989044797893
23.533159124011085, 40.710030239858625
23.582186538852778, 40.71017003173832
23.631213953694466, 40.71030982361802
23.680241368536155, 40.710449615497716
23.729268783377847, 40.71058940737741
23.778296198219536, 40.71072919925711
23.827323613061225, 40.710868991136806
23.876351027902917, 40.7110087830165
23.925378442744606, 40.7111485748962
23.974405857586294, 40.7112883667759
24.023433272427983, 40.71142815865559
24.072460687269675, 40.71156795053529
24.121488102111364, 40.71170774241499
24.170515516953053, 40.711847534294684
24.219542931794745, 40.71198732617438
24.268570346636434, 40.71212711805408
24.317597761478122, 40.712266909933774
24.366625176319815, 40.71240670181347
24.415652591161503, 40.71254649369317
24.464680006003192, 40.712686285572865
24.51370742084488, 40.71282607745256
24.562734835686573, 40.71296586933226
24.611762250528262, 40.713105661211955
24.66078966536995, 40.71324545309165
24.709817080211643, 40.71338524497135
24.75884449505333, 40.713525036851046
24.80787190989502, 40.71366482873074
24.856899324736712, 40.71380462061044
24.9059267395784, 40.713944412490136
24.95495415442009, 40.71408420436983
25.00398156926178, 40.71422399624953
25.05300898410347, 40.714363788129226
25.10203639894516, 40.71450358000892
25.15106381378685, 40.71464337188862
25.20009122862854, 40.71478316376832
25.24911864347023, 40.714922955648014
25.298146058311918, 40.71506274752771
25.347173473153607, 40.71520253940741
25.3962008879953, 40.715342331287104
25.445228302836988, 40.7154821231668
25.494255717678676, 40.7156219150465
25.54328313252037, 40.715761706926195
25.592310547362057, 40.71590149880589
25.641337962203746, 40.71604129068559
25.69036537704544, 40.716181082565285
25.739392791887127, 40.71632087444498
25.788420206728816, 40.71646066632468
25.837447621570504, 40.716600458204375
25.886475036412197, 40.71674025008407
25.935502451253885, 40.71688004196377
25.984529866095574, 40.717019833843466
26.033557280937266, 40.71715962572316
26.082584695778955, 40.71729941760286
26.131612110620644, 40.717439209482556
26.180639525462336, 40.71757900136225
26.229666940304025, 40.71771879324195
26.278694355145714, 40.71785858512165
26.327721769987402, 40.717998377001344
26.376749184829094, 40.71813816888104
26.425776599670783, 40.71827796076074
26.474804014512472, 40.718417752640434
26.523831429354164, 40.71855754452013
26.572858844195853, 40.71869733639983
26.62188625903754, 40.718837128279525
26.670913673879234, 40.71897692015922
26.719941088720923, 40.71911671203892
26.76896850356261, 40.719256503918615
26.8179959184043, 40.71939629579831
26.867023333245992, 40.71953608767801
26.91605074808768, 40.719675879557705
26.96507816292937, 40.7198156714374
27.014105577771062, 40.7199554633171
27.06313299261275, 40.720095255196796
27.11216040745444, 40.72023504707649
27.161187822296128, 40.72037483895619
27.21021523713782, 40.720514630835886
27.25924265197951, 40.72065442271558
27.308270066821198, 40.72079421459528
27.35729748166289, 40.72093400647498
27.40632489650458, 40.721073798354674
27.455352311346267, 40.72121359023437
27.50437972618796, 40.72135338211407
27.55340714102965, 40.721493173993764
27.602434555871337, 40.72163296587346
27.651461970713026, 40.72177275775316
27.700489385554718, 40.721912549632854
27.749516800396407, 40.72205234151255
27.798544215238095, 40.72219213339225
27.847571630079788, 40.722331925271945
27.896599044921476, 40.72247171715164
27.945626459763165, 40.72261150903134
27.994653874604857, 40.722751300911035
28.043681289446546, 40.72289109279073
28.092708704288235, 40.72303088467043
28.141736119129924, 40.723170676550126
28.190763533971616, 40.72331046842982
28.239790948813305, 40.72345026030952
28.288818363654993, 40.723590052189216
28.337845778496686, 40.72372984406891
28.386873193338374, 40.72386963594861
28.435900608180063, 40.72400942782831
28.48492802302175, 40.724149219708
28.533955437863444, 40.7242890115877
28.582982852705133, 40.7244288034674
28.63201026754682, 40.724568595347094
28.681037682388514, 40.72470838722679
28.730065097230202, 40.72484817910649
28.77909251207189, 40.724987970986184
28.828119926913583, 40.72512776286588
28.877147341755272, 40.72526755474558
28.92617475659696, 40.725407346625275
28.97520217143865, 40.72554713850497
29.02422958628034, 40.72568693038467
29.07325700112203, 40.725826722264365
29.12228441596372, 40.72596651414406
29.17131183080541, 40.72610630602376
29.2203392456471, 40.726246097903456
29.26936666048879, 40.72638588978315
29.31839407533048, 40.72652568166285
29.36742149017217, 40.726665473542546
29.41644890501386, 40.72680526542224
29.465476319855547, 40.72694505730194
29.51450373469724, 40.72708484918164
29.563531149538928, 40.72722464106133
29.612558564380617, 40.72736443294103
29.66158597922231, 40.72750422482073
29.710613394063998, 40.727644016700424
29.759640808905687, 40.72778380858012
29.808668223747375, 40.72792360045982
29.857695638589067, 40.728063392339514
29.906723053430756, 40.72820318421921
29.955750468272445, 40.72834297609891
30.004777883114137, 40.728482767978605
30.053805297955826, 40.7286225598583
30.102832712797515, 40.728762351738
30.151860127639207, 40.728902143617695
30.200887542480896, 40.72904193549739
30.249914957322584, 40.72918172737709
30.298942372164273, 40.729321519256786
30.347969787005965, 40.72946131113648
30.396997201847654, 40.72960110301618
30.446024616689343, 40.729740894895876
30.495052031531035, 40.72988068677557
30.544079446372724, 40.73002047865527
30.593106861214412, 40.73016027053497
30.642134276056105, 40.73030006241466
30.691161690897793, 40.73043985429436
30.740189105739482, 40.73057964617406
30.78921652058117, 40.730719438053754
30.838243935422863, 40.73085922993345
30.88727135026455, 40.73099902181315
30.93629876510624, 40.731138813692844
30.985326179947933, 40.73127860557254
31.03435359478962, 40.73141839745224
31.08338100963131, 40.731558189331935
31.132408424473002, 40.73169798121163
31.18143583931469, 40.73183777309133
31.23046325415638, 40.731977564971025
31.27949066899807, 40.73211735685072
31.32851808383976, 40.73225714873042
31.37754549868145, 40.732396940610116
31.426572913523138, 40.73253673248981
31.47560032836483, 40.73267652436951
31.52462774320652, 40.732816316249206
31.573655158048208, 40.7329561081289
31.622682572889897, 40.7330959000086
31.67170998773159, 40.7332356918883
31.720737402573278, 40.73337548376799
31.769764817414966, 40.73351527564769
31.81879223225666, 40.73365506752739
31.867819647098347, 40.733794859407084
31.916847061940036, 40.73393465128678
31.965874476781728, 40.73407444316648
32.01490189162342, 40.734214235046174
32.063929306465106, 40.73435402692587
32.112956721306794, 40.73449381880557
32.16198413614848, 40.734633610685265
32.21101155099018, 40.73477340256496
32.26003896583187, 40.73491319444466
32.309066380673556, 40.735052986324355
32.358093795515245, 40.73519277820405
32.407121210356934, 40.73533257008375
32.45614862519862, 40.735472361963446
32.50517604004031, 40.73561215384314
32.55420345488201, 40.73575194572284
32.603230869723696, 40.735891737602536
32.652258284565384, 40.73603152948223
32.70128569940707, 40.73617132136193
32.75031311424876, 40.73631111324163
32.79934052909045, 40.73645090512132
32.84836794393214, 40.73659069700102
32.897395358773835, 40.73673048888072
32.946422773615524, 40.736870280760414
32.99545018845721, 40.73701007264011
33.0444776032989, 40.73714986451981
33.09350501814059, 40.737289656399504
33.14253243298228, 40.7374294482792
33.19155984782397, 40.7375692401589
33.24058726266566, 40.737709032038595
33.28961467750735, 40.73784882391829
33.33864209234904, 40.73798861579799
33.38766950719073, 40.738128407677685
33.43669692203242, 40.73826819955738
33.48572433687411, 40.73840799143708
33.5347517517158, 40.738547783316776
33.58377916655749, 40.73868757519647
33.63280658139918, 40.73882736707617
33.68183399624087, 40.738967158955866
33.73086141108256, 40.73910695083556
33.779888825924246, 40.73924674271526
33.828916240765935, 40.739386534594956
33.87794365560763, 40.73952632647465
33.92697107044932, 40.73966611835435
33.97599848529101, 40.73980591023405
34.0250259001327, 40.739945702113744
34.074053314974385, 40.74008549399344
34.123080729816074, 40.74022528587314
34.17210814465776, 40.740365077752834
34.22113555949946, 40.74050486963253
34.27016297434115, 40.74064466151223
34.319190389182836, 40.740784453391925
34.368217804024525, 40.74092424527162
34.41724521886621, 40.74106403715132
34.4662726337079, 40.741203829031015
34.51530004854959, 40.74134362091071
34.56432746339129, 40.74148341279041
34.613354878232975, 40.741623204670105
34.662382293074664, 40.7417629965498
34.71140970791635, 40.7419027884295
34.76043712275804, 40.742042580309196
34.80946453759973, 40.74218237218889
34.858491952441426, 40.74232216406859
34.907519367283115, 40.742461955948286
34.9565467821248, 40.74260174782798
35.00557419696649, 40.74274153970768
35.05460161180818, 40.742881331587384
35.10362902664987, 40.74302112346708
35.15265644149156, 40.74316091534678
35.201683856333254, 40.743300707226474
35.25071127117494, 40.74344049910617
35.29973868601663, 40.74358029098587
35.34876610085832, 40.743720082865565
35.39779351570001, 40.74385987474526
35.4468209305417, 40.74399966662496
35.495848345383386, 40.744139458504655
35.54487576022508, 40.74427925038435
35.59390317506677, 40.74441904226405
35.64293058990846, 40.744558834143746
35.69195800475015, 40.74469862602344
35.74098541959184, 40.74483841790314
35.790012834433526, 40.744978209782836
35.83904024927522, 40.74511800166253
35.88806766411691, 40.74525779354223
35.9370950789586, 40.74539758542193
35.98612249380029, 40.74553737730162
36.035149908641976, 40.74567716918132
36.084177323483665, 40.74581696106102
36.133204738325354, 40.745956752940714
36.18223215316705, 40.74609654482041
36.23125956800874, 40.74623633670011
36.28028698285043, 40.746376128579804
36.329314397692116, 40.7465159204595
36.378341812533805, 40.7466557123392
36.42736922737549, 40.746795504218895
36.47639664221718, 40.74693529609859
36.52542405705888, 40.74707508797829
36.574451471900566, 40.747214879857985
36.623478886742255, 40.74735467173768
36.672506301583944, 40.74749446361738
36.72153371642563, 40.747634255497076
36.77056113126732, 40.74777404737677
36.81958854610901, 40.74791383925647
36.868615960950706, 40.748053631136166
36.917643375792395, 40.74819342301586
36.96667079063408, 40.74833321489556
37.01569820547577, 40.74847300677526
37.06472562031746, 40.74861279865495
37.11375303515915, 40.74875259053465
37.162780450000845, 40.74889238241435
37.211807864842534, 40.749032174294044
37.26083527968422, 40.74917196617374
37.30986269452591, 40.74931175805344
37.3588901093676, 40.749451549933134
37.40791752420929, 40.74959134181283
37.45694493905098, 40.74973113369253
37.50597235389267, 40.749870925572225
37.55499976873436, 40.75001071745192
37.60402718357605, 40.75015050933162
37.65305459841774, 40.750290301211315
37.70208201325943, 40.75043009309101
37.75110942810112, 40.75056988497071
37.800136842942806, 40.750709676850406
37.8491642577845, 40.7508494687301
37.89819167262619, 40.7509892606098
37.94721908746788, 40.751129052489496
37.99624650230957, 40.75126884436919
38.045273917151256, 40.75140863624889
38.094301331992945, 40.75154842812859
38.143328746834634, 40.75168822000828
38.19235616167633, 40.75182801188798
38.24138357651802, 40.75196780376768
38.29041099135971, 40.752107595647374
38.339438406201396, 40.75224738752707
38.388465821043084, 40.75238717940677
38.43749323588477, 40.752526971286464
38.48652065072647, 40.75266676316616
38.53554806556816, 40.75280655504586
38.584575480409846, 40.752946346925555
38.633602895251535, 40.75308613880525
38.682630310093224, 40.75322593068495
38.73165772493491, 40.753365722564645
38.7806851397766, 40.75350551444434
38.8297125546183, 40.75364530632404
38.878739969459986, 40.753785098203736
38.927767384301674, 40.75392489008343
38.97679479914336, 40.75406468196313
39.02582221398505, 40.754204473842826
39.07484962882674, 40.75434426572252
39.12387704366843, 40.75448405760222
39.172904458510125, 40.754623849481916
39.221931873351814, 40.75476364136161
39.2709592881935, 40.75490343324131
39.31998670303519, 40.75504322512101
39.36901411787688, 40.755183017000704
39.41804153271857, 40.7553228088804
39.46706894756026, 40.7554626007601
39.51609636240195, 40.755602392639794
39.56512377724364, 40.75574218451949
39.61415119208533, 40.75588197639919
39.66317860692702, 40.756021768278885
39.71220602176871, 40.75616156015858
39.7612334366104, 40.75630135203828
39.81026085145209, 40.73649033138896
39.85928826629378, 40.5753671311503
39.90831568113547, 40.414243930911645
39.95734309597716, 40.25312073067298
40.00637051081885, 40.09199753043433
40.055397925660536, 39.930874330195664
40.104425340502225, 39.76975112995701
40.15345275534392, 39.608627929718324
40.20248017018561, 39.44750472947967
40.2515075850273, 39.28638152924101
40.30053499986899, 39.12525832900235
40.349562414710675, 38.964135128763694
40.398589829552364, 38.80301192852504
40.44761724439405, 38.641888728286375
40.49664465923575, 38.4807655280477
40.54567207407744, 38.319642327809035
40.594699488919126, 38.15851912757038
40.643726903760815, 37.99739592733172
40.6927543186025, 37.83627272709306
40.74178173344419, 37.675149526854405
40.79080914828589, 37.51402632661572
40.83983656312758, 37.352903126377065
40.888863977969265, 37.1917799261384
40.937891392810954, 37.030656725899746
40.98691880765264, 36.86953352566109
41.03594622249433, 36.70841032542243
41.08497363733602, 36.54728712518377
41.134001052177716, 36.38616392494509
41.183028467019405, 36.22504072470643
41.23205588186109, 36.063917524467776
41.28108329670278, 35.90279432422911
41.33011071154447, 35.74167112399046
41.37913812638616, 35.580547923751794
41.42816554122785, 35.41942472351314
41.477192956069544, 35.258301523274454
41.52622037091123, 35.0971783230358
41.57524778575292, 34.93605512279714
41.62427520059461, 34.77493192255848
41.6733026154363, 34.613808722319824
41.72233003027799, 34.45268552208117
41.771357445119676, 34.291562321842505
41.82038485996137, 34.13043912160383
41.86941227480306, 33.969315921365165
41.91843968964475, 33.80819272112651
41.96746710448644, 33.647069520887854
42.01649451932813, 33.48594632064919
42.065521934169816, 33.324823120410535
42.11454934901151, 33.16369992017185
42.1635767638532, 33.002576719933195
42.21260417869489, 32.84145351969454
42.26163159353658, 32.68033031945588
42.310659008378266, 32.51920711921722
42.359686423219955, 32.358083918978565
42.408713838061644, 32.1969607187399
42.45774125290334, 32.035837518501225
42.50676866774503, 31.874714318262562
42.55579608258672, 31.713591118023906
42.604823497428406, 31.552467917785247
42.653850912270094, 31.391344717546588
42.70287832711178, 31.230221517307932
42.75190574195347, 31.06909831706927
42.80093315679517, 30.907975116830592
42.849960571636856, 30.74685191659193
42.898987986478545, 30.585728716353273
42.948015401320234, 30.424605516114614
42.99704281616192, 30.263482315875954
43.04607023100361, 30.1023591156373
43.0950976458453, 29.94123591539864
43.144125060686996, 29.78011271515996
43.193152475528684, 29.6189895149213
43.24217989037037, 29.45786631468264
43.29120730521206, 29.296743114443984
43.34023472005375, 29.135619914205325
43.38926213489544, 28.974496713966666
43.438289549737135, 28.813373513727985
43.487316964578824, 28.652250313489326
43.53634437942051, 28.49112711325067
43.5853717942622, 28.330003913012007
43.63439920910389, 28.16888071277335
43.68342662394558, 28.007757512534692
43.73245403878727, 27.846634312296032
43.78148145362896, 27.685511112057352
43.83050886847065, 27.524387911818692
43.87953628331234, 27.363264711580037
43.92856369815403, 27.202141511341377
43.97759111299572, 27.041018311102718
44.02661852783741, 26.879895110864062
44.075645942679095, 26.718771910625403
44.12467335752079, 26.557648710386722
44.17370077236248, 26.396525510148063
44.22272818720417, 26.235402309909404
44.27175560204586, 26.074279109670748
44.320783016887546, 25.913155909432085
44.369810431729235, 25.75203270919343
44.41883784657092, 25.59090950895477
44.46786526141262, 25.42978630871609
44.51689267625431, 25.26866310847743
44.565920091096, 25.10753990823877
44.614947505937685, 24.946416708000115
44.663974920779374, 24.785293507761455
44.71300233562106, 24.624170307522796
44.76202975046276, 24.463047107284115
44.81105716530445, 24.301923907045456
44.860084580146136, 24.1408007068068
44.909111994987825, 23.97967750656814
44.95813940982951, 23.81855430632948
45.0071668246712, 23.657431106090822
45.05619423951289, 23.496307905852166
45.10522165435459, 23.335184705613482
45.154249069196275, 23.174061505374826
45.203276484037964, 23.012938305136167
45.25230389887965, 22.851815104897508
45.30133131372134, 22.690691904658852
45.35035872856303, 22.529568704420193
45.39938614340472, 22.368445504181533
45.448413558246415, 22.207322303942853
45.4974409730881, 22.046199103704193
45.54646838792979, 21.885075903465534
45.59549580277148, 21.723952703226878
45.64452321761317, 21.56282950298822
45.69355063245486, 21.40170630274956
45.74257804729655, 21.2405831025109
45.79160546213824, 21.07945990227222
45.84063287697993, 20.91833670203356
45.88966029182162, 20.757213501794904
45.93868770666331, 20.596090301556245
45.987715121505, 20.434967101317586
46.03674253634669, 20.27384390107893
46.08576995118838, 20.112720700840246
46.13479736603007, 19.95159750060159
46.18382478087176, 19.79047430036293
46.23285219571345, 19.62935110012427
46.28187961055514, 19.468227899885612
46.330907025396826, 19.307104699646956
46.379934440238515, 19.145981499408297
46.42896185508021, 18.984858299169616
46.4779892699219, 18.823735098930957
46.52701668476359, 18.662611898692298
46.57604409960528, 18.501488698453638
46.625071514446965, 18.340365498214982
46.674098929288654, 18.179242297976323
46.72312634413034, 18.018119097737664
46.77215375897204, 17.856995897498983
46.82118117381373, 17.695872697260324
46.870208588655416, 17.534749497021668
46.919236003497105, 17.37362629678301
46.96826341833879, 17.21250309654435
47.01729083318048, 17.05137989630569
47.06631824802217, 16.890256696067034
47.11534566286387, 16.72913349582835
47.164373077705555, 16.568010295589694
47.213400492547244, 16.406887095351035
47.26242790738893, 16.245763895112376
47.31145532223062, 16.08464069487372
47.36048273707231, 15.92351749463506
47.409510151914006, 15.76239429439638
47.458537566755695, 15.60127109415772
47.50756498159738, 15.440147893919061
47.55659239643907, 15.279024693680402
47.60561981128076, 15.117901493441746
47.65464722612245, 14.956778293203087
47.70367464096414, 14.795655092964427
47.752702055805834, 14.634531892725747
47.80172947064752, 14.473408692487087
47.85075688548921, 14.312285492248428
47.8997843003309, 14.151162292009772
47.94881171517259, 13.990039091771113
47.99783913001428, 13.828915891532453
48.046866544855966, 13.667792691293798
48.09589395969766, 13.506669491055113
48.14492137453935, 13.345546290816458
48.19394878938104, 13.184423090577798
48.24297620422273, 13.023299890339139
48.29200361906442, 12.86217669010048
48.341031033906106, 12.701053489861824
48.3900584487478, 12.53993028962314
48.43908586358949, 12.378807089384484
48.48811327843118, 12.217683889145825
48.53714069327287, 12.056560688907165
48.586168108114556, 11.895437488668506
48.635195522956245, 11.73431428842985
48.684222937797934, 11.57319108819119
48.73325035263963, 11.41206788795251
48.78227776748132, 11.25094468771385
48.83130518232301, 11.089821487475191
48.880332597164696, 10.928698287236536
48.929360012006384, 10.767575086997876
48.97838742684807, 10.606451886759217
