Parameters: [45.43757297235263, 24.691212574565313, 10.632834190552645, 40.34396205340004, 3.774670311853477, -0.02342312994011006, -2.8056543002366503]
Points:
0.0, 24.691212574565313
0.045483056028381014, 24.86289611584801
0.09096611205676203, 25.03457965713071
0.13644916808514304, 25.206263198413406
0.18193222411352405, 25.377946739696107
0.22741528014190507, 25.549630280978803
0.2728983361702861, 25.7213138222615
0.3183813921986671, 25.8929973635442
0.3638644482270481, 26.064680904826897
0.4093475042554291, 26.236364446109597
0.45483056028381014, 26.408047987392294
0.5003136163121912, 26.57973152867499
0.5457966723405722, 26.75141506995769
0.5912797283689532, 26.923098611240388
0.6367627843973342, 27.094782152523088
0.6822458404257152, 27.266465693805785
0.7277288964540962, 27.43814923508848
0.7732119524824772, 27.60983277637118
0.8186950085108582, 27.781516317653878
0.8641780645392393, 27.95319985893658
0.9096611205676203, 28.124883400219275
0.9551441765960013, 28.296566941501972
1.0006272326243824, 28.468250482784672
1.0461102886527633, 28.63993402406737
1.0915933446811443, 28.81161756535007
1.1370764007095253, 28.983301106632766
1.1825594567379063, 29.154984647915462
1.2280425127662873, 29.326668189198163
1.2735255687946685, 29.49835173048086
1.3190086248230495, 29.67003527176356
1.3644916808514305, 29.841718813046256
1.4099747368798115, 30.013402354328953
1.4554577929081924, 30.185085895611653
1.5009408489365734, 30.35676943689435
1.5464239049649544, 30.52845297817705
1.5919069609933354, 30.700136519459747
1.6373900170217164, 30.871820060742444
1.6828730730500976, 31.043503602025144
1.7283561290784786, 31.21518714330784
1.7738391851068596, 31.38687068459054
1.8193222411352405, 31.558554225873237
1.8648052971636215, 31.730237767155934
1.9102883531920025, 31.901921308438634
1.9557714092203835, 32.073604849721335
2.0012544652487647, 32.24528839100403
2.0467375212771457, 32.41697193228673
2.0922205773055267, 32.588655473569425
2.1377036333339077, 32.76033901485212
2.1831866893622887, 32.932022556134825
2.2286697453906696, 33.10370609741752
2.2741528014190506, 33.27538963870022
2.3196358574474316, 33.447073179982915
2.3651189134758126, 33.61875672126561
2.4106019695041936, 33.790440262548316
2.4560850255325746, 33.96212380383101
2.5015680815609556, 34.13380734511371
2.547051137589337, 34.305490886396406
2.592534193617718, 34.4771744276791
2.638017249646099, 34.648857968961806
2.68350030567448, 34.8205415102445
2.728983361702861, 34.9922250515272
2.774466417731242, 35.1639085928099
2.819949473759623, 35.33559213409259
2.865432529788004, 35.5072756753753
2.910915585816385, 35.678959216657994
2.956398641844766, 35.85064275794069
3.001881697873147, 36.02232629922339
3.047364753901528, 36.194009840506084
3.092847809929909, 36.36569338178879
3.13833086595829, 36.537376923071484
3.183813921986671, 36.70906046435418
3.2292969780150518, 36.88074400563688
3.2747800340434328, 37.052427546919574
3.320263090071814, 37.22411108820228
3.365746146100195, 37.395794629484975
3.411229202128576, 37.56747817076767
3.456712258156957, 37.73916171205037
3.502195314185338, 37.910845253333065
3.547678370213719, 38.08252879461577
3.5931614262421, 38.254212335898465
3.638644482270481, 38.42589587718116
3.684127538298862, 38.59757941846386
3.729610594327243, 38.769262959746555
3.775093650355624, 38.94094650102926
3.820576706384005, 39.112630042311956
3.866059762412386, 39.28431358359465
3.911542818440767, 39.45599712487735
3.957025874469148, 39.627680666160046
4.002508930497529, 39.79936420744275
4.04799198652591, 39.97104774872545
4.093475042554291, 40.14273129000814
4.138958098582672, 40.31441483129084
4.184441154611053, 40.48609837257354
4.229924210639434, 40.65778191385624
4.275407266667815, 40.82946545513894
4.320890322696196, 41.001148996421634
4.366373378724577, 41.17283253770433
4.411856434752958, 41.34451607898703
4.457339490781339, 41.51619962026973
4.50282254680972, 41.68788316155243
4.548305602838101, 41.859566702835124
4.593788658866482, 42.03125024411782
4.639271714894863, 42.20293378540052
4.684754770923244, 42.37461732668322
4.730237826951625, 42.54630086796591
4.775720882980006, 42.717984409248615
4.821203939008387, 42.88966795053131
4.866686995036768, 43.06135149181401
4.912170051065149, 43.23303503309671
4.95765310709353, 43.4047185743794
5.003136163121911, 43.576402115662106
5.048619219150292, 43.7480856569448
5.094102275178674, 43.9197691982275
5.139585331207055, 44.0914527395102
5.185068387235436, 44.2631362807929
5.230551443263817, 44.434819822075596
5.276034499292198, 44.6065033633583
5.321517555320579, 44.77818690464099
5.36700061134896, 44.94987044592369
5.412483667377341, 45.12155398720639
5.457966723405722, 45.29323752848909
5.503449779434103, 45.46492106977179
5.548932835462484, 45.63660461105448
5.594415891490865, 45.808288152337184
5.639898947519246, 45.97997169361988
5.685382003547627, 46.15165523490258
5.730865059576008, 46.32333877618528
5.776348115604389, 46.49502231746797
5.82183117163277, 46.666705858750674
5.867314227661151, 46.83838940003337
5.912797283689532, 47.01007294131607
5.958280339717913, 47.181756482598765
6.003763395746294, 47.35344002388146
6.049246451774675, 47.525123565164165
6.094729507803056, 47.69680710644686
6.140212563831437, 47.86849064772956
6.185695619859818, 48.040174189012255
6.231178675888199, 48.21185773029495
6.27666173191658, 48.383541271577656
6.322144787944961, 48.555224812860345
6.367627843973342, 48.72690835414305
6.413110900001723, 48.898591895425746
6.4585939560301036, 49.07027543670844
6.5040770120584845, 49.241958977991146
6.5495600680868655, 49.413642519273836
6.595043124115247, 49.58532606055654
6.640526180143628, 49.75700960183924
6.686009236172009, 49.92869314312193
6.73149229220039, 50.10037668440464
6.776975348228771, 50.27206022568733
6.822458404257152, 50.44374376697003
6.867941460285533, 50.615427308252734
6.913424516313914, 50.78711084953542
6.958907572342295, 50.95879439081813
7.004390628370676, 51.130477932100824
7.049873684399057, 51.30216147338352
7.095356740427438, 51.473845014666225
7.140839796455819, 51.645528555948914
7.1863228524842, 51.81721209723162
7.231805908512581, 51.988895638514315
7.277288964540962, 52.16057917979701
7.322772020569343, 52.332262721079715
7.368255076597724, 52.503946262362405
7.413738132626105, 52.67562980364511
7.459221188654486, 52.847313344927805
7.504704244682867, 53.0189968862105
7.550187300711248, 53.1906804274932
7.595670356739629, 53.362363968775895
7.64115341276801, 53.5340475100586
7.686636468796391, 53.70573105134129
7.732119524824772, 53.87741459262399
7.777602580853153, 54.04909813390669
7.823085636881534, 54.220781675189386
7.868568692909915, 54.39246521647209
7.914051748938296, 54.56414875775478
7.959534804966677, 54.73583229903748
8.005017860995059, 54.90751584032019
8.05050091702344, 55.079199381602876
8.09598397305182, 55.25088292288558
8.141467029080202, 55.42256646416828
8.186950085108583, 55.594250005450974
8.232433141136964, 55.76593354673368
8.277916197165345, 55.93761708801637
8.323399253193726, 56.10930062929907
8.368882309222107, 56.28098417058177
8.414365365250488, 56.452667711864464
8.459848421278869, 56.62435125314717
8.50533147730725, 56.796034794429865
8.55081453333563, 56.96771833571256
8.596297589364012, 57.13940187699526
8.641780645392393, 57.311085418277955
8.687263701420774, 57.48276895956065
8.732746757449155, 57.65445250084335
8.778229813477536, 57.82613604212605
8.823712869505917, 57.99781958340875
8.869195925534298, 58.169503124691445
8.914678981562679, 58.34118666597414
8.96016203759106, 58.51287020725684
9.00564509361944, 58.68455374853954
9.051128149647822, 58.85623728982224
9.096611205676203, 59.027920831104936
9.142094261704584, 59.19960437238763
9.187577317732964, 59.37128791367033
9.233060373761345, 59.54297145495303
9.278543429789726, 59.71465499623573
9.324026485818107, 59.88633853751843
9.369509541846488, 60.05802207880112
9.41499259787487, 60.22970562008382
9.46047565390325, 60.40138916136652
9.505958709931631, 60.57307270264922
9.551441765960012, 60.74475624393192
9.596924821988393, 60.916439785214614
9.642407878016774, 61.08812332649731
9.687890934045155, 61.25980686778001
9.733373990073536, 61.43149040906271
9.778857046101917, 61.60317395034541
9.824340102130298, 61.774857491628104
9.86982315815868, 61.9465410329108
9.91530621418706, 62.1182245741935
9.960789270215441, 62.289908115476194
10.006272326243822, 62.4615916567589
10.051755382272203, 62.633275198041595
10.097238438300584, 62.80495873932429
10.142721494328965, 62.97664228060699
10.188204550357348, 63.14832582188969
10.233687606385729, 63.320009363172396
10.27917066241411, 63.49169290445509
10.324653718442491, 63.66337644573779
10.370136774470872, 63.835059987020486
10.415619830499253, 64.00674352830319
10.461102886527634, 64.17842706958588
10.506585942556015, 64.35011061086858
10.552068998584396, 64.52179415215127
10.597552054612777, 64.69347769343398
10.643035110641158, 64.82641718702824
10.688518166669539, 64.82535183149682
10.73400122269792, 64.82428647596538
10.7794842787263, 64.82322112043396
10.824967334754682, 64.82215576490253
10.870450390783063, 64.82109040937111
10.915933446811444, 64.82002505383969
10.961416502839825, 64.81895969830825
11.006899558868206, 64.81789434277682
11.052382614896587, 64.8168289872454
11.097865670924968, 64.81576363171398
11.143348726953349, 64.81469827618255
11.18883178298173, 64.81363292065113
11.23431483901011, 64.81256756511969
11.279797895038492, 64.81150220958827
11.325280951066873, 64.81043685405685
11.370764007095254, 64.80937149852542
11.416247063123635, 64.808306142994
11.461730119152016, 64.80724078746256
11.507213175180397, 64.80617543193114
11.552696231208778, 64.80511007639971
11.598179287237159, 64.80404472086829
11.64366234326554, 64.80297936533687
11.68914539929392, 64.80191400980544
11.734628455322301, 64.800848654274
11.780111511350682, 64.79978329874258
11.825594567379063, 64.79871794321116
11.871077623407444, 64.79765258767974
11.916560679435825, 64.79658723214831
11.962043735464206, 64.79552187661687
12.007526791492587, 64.79445652108545
12.053009847520968, 64.79339116555403
12.09849290354935, 64.7923258100226
12.14397595957773, 64.79126045449118
12.189459015606111, 64.79019509895976
12.234942071634492, 64.78912974342832
12.280425127662873, 64.7880643878969
12.325908183691254, 64.78699903236547
12.371391239719635, 64.78593367683405
12.416874295748016, 64.78486832130262
12.462357351776397, 64.78380296577119
12.507840407804778, 64.78273761023976
12.55332346383316, 64.78167225470834
12.59880651986154, 64.78060689917692
12.644289575889921, 64.7795415436455
12.689772631918302, 64.77847618811407
12.735255687946683, 64.77741083258263
12.780738743975064, 64.77634547705121
12.826221800003445, 64.77528012151978
12.871704856031826, 64.77421476598836
12.917187912060207, 64.77314941045694
12.962670968088588, 64.7720840549255
13.008154024116969, 64.77101869939408
13.05363708014535, 64.76995334386265
13.099120136173731, 64.76888798833123
13.144603192202114, 64.7678226327998
13.190086248230495, 64.76675727726838
13.235569304258876, 64.76569192173694
13.281052360287257, 64.76462656620552
13.326535416315638, 64.7635612106741
13.372018472344019, 64.76249585514267
13.4175015283724, 64.76143049961125
13.46298458440078, 64.76036514407981
13.508467640429162, 64.75929978854839
13.553950696457543, 64.75823443301697
13.599433752485924, 64.75716907748554
13.644916808514305, 64.75610372195412
13.690399864542686, 64.7550383664227
13.735882920571067, 64.75397301089126
13.781365976599448, 64.75290765535983
13.826849032627829, 64.75184229982841
13.87233208865621, 64.75077694429699
13.91781514468459, 64.74971158876556
13.963298200712972, 64.74864623323413
14.008781256741353, 64.7475808777027
14.054264312769734, 64.74651552217128
14.099747368798115, 64.74545016663986
14.145230424826496, 64.74438481110843
14.190713480854876, 64.74331945557701
14.236196536883257, 64.74225410004557
14.281679592911638, 64.74118874451415
14.32716264894002, 64.74012338898272
14.3726457049684, 64.7390580334513
14.418128760996781, 64.73799267791988
14.463611817025162, 64.73692732238845
14.509094873053543, 64.73586196685702
14.554577929081924, 64.73479661132559
14.600060985110305, 64.73373125579417
14.645544041138686, 64.73266590026275
14.691027097167067, 64.73160054473132
14.736510153195448, 64.73053518919988
14.78199320922383, 64.72946983366846
14.82747626525221, 64.72840447813704
14.872959321280591, 64.72733912260561
14.918442377308972, 64.72627376707419
14.963925433337353, 64.72520841154277
15.009408489365734, 64.72414305601133
15.054891545394115, 64.7230777004799
15.100374601422496, 64.72201234494848
15.145857657450877, 64.72094698941706
15.191340713479258, 64.71988163388563
15.23682376950764, 64.7188162783542
15.28230682553602, 64.71775092282277
15.327789881564401, 64.71668556729135
15.373272937592782, 64.71562021175993
15.418755993621163, 64.7145548562285
15.464239049649544, 64.71348950069708
15.509722105677925, 64.71242414516564
15.555205161706306, 64.71135878963422
15.600688217734687, 64.7102934341028
15.646171273763068, 64.70922807857137
15.691654329791449, 64.70816272303995
15.73713738581983, 64.70709736750851
15.782620441848211, 64.70603201197709
15.828103497876592, 64.70496665644566
15.873586553904973, 64.70390130091424
15.919069609933354, 64.70283594538282
15.964552665961735, 64.70177058985139
16.010035721990118, 64.70070523431995
16.0555187780185, 64.69963987878853
16.10100183404688, 64.69857452325711
16.14648489007526, 64.69750916772568
16.19196794610364, 64.69644381219426
16.237451002132023, 64.69537845666282
16.282934058160404, 64.6943131011314
16.328417114188785, 64.69324774559998
16.373900170217166, 64.69218239006855
16.419383226245547, 64.69111703453713
16.464866282273928, 64.6900516790057
16.51034933830231, 64.68898632347427
16.55583239433069, 64.68792096794284
16.60131545035907, 64.68685561241142
16.64679850638745, 64.68579025688
16.692281562415832, 64.68472490134857
16.737764618444213, 64.68365954581714
16.783247674472594, 64.68259419028571
16.828730730500975, 64.68152883475429
16.874213786529356, 64.68046347922287
16.919696842557737, 64.67939812369144
16.96517989858612, 64.67833276816002
17.0106629546145, 64.67726741262858
17.05614601064288, 64.67620205709716
17.10162906667126, 64.67513670156573
17.147112122699642, 64.67407134603431
17.192595178728023, 64.67300599050289
17.238078234756404, 64.67194063497145
17.283561290784785, 64.67087527944003
17.329044346813166, 64.6698099239086
17.374527402841547, 64.66874456837718
17.42001045886993, 64.66767921284575
17.46549351489831, 64.66661385731433
17.51097657092669, 64.6655485017829
17.55645962695507, 64.66448314625147
17.601942682983452, 64.66341779072005
17.647425739011833, 64.66235243518862
17.692908795040214, 64.6612870796572
17.738391851068595, 64.66022172412576
17.783874907096976, 64.65915636859434
17.829357963125357, 64.65809101306291
17.874841019153738, 64.65702565753149
17.92032407518212, 64.65596030200007
17.9658071312105, 64.65489494646864
18.01129018723888, 64.6538295909372
18.056773243267262, 64.65276423540578
18.102256299295643, 64.65169887987436
18.147739355324024, 64.65063352434294
18.193222411352405, 64.64956816881151
18.238705467380786, 64.64850281328009
18.284188523409167, 64.64743745774865
18.329671579437548, 64.64637210221723
18.37515463546593, 64.6453067466858
18.42063769149431, 64.64424139115438
18.46612074752269, 64.64317603562296
18.511603803551072, 64.64211068009152
18.557086859579453, 64.6410453245601
18.602569915607834, 64.63997996902867
18.648052971636215, 64.63891461349725
18.693536027664596, 64.63784925796583
18.739019083692977, 64.6367839024344
18.784502139721358, 64.63571854690296
18.82998519574974, 64.63465319137154
18.87546825177812, 64.63358783584012
18.9209513078065, 64.6325224803087
18.966434363834882, 64.63145712477727
19.011917419863263, 64.63039176924583
19.057400475891644, 64.62932641371441
19.102883531920025, 64.62826105818299
19.148366587948406, 64.62719570265156
19.193849643976787, 64.62613034712014
19.239332700005168, 64.62506499158872
19.28481575603355, 64.62399963605728
19.33029881206193, 64.62293428052585
19.37578186809031, 64.62186892499443
19.42126492411869, 64.620803569463
19.466747980147073, 64.61973821393158
19.512231036175454, 64.61867285840015
19.557714092203835, 64.61760750286872
19.603197148232216, 64.6165421473373
19.648680204260597, 64.61547679180588
19.694163260288978, 64.61441143627445
19.73964631631736, 64.61334608074303
19.78512937234574, 64.61228072521159
19.83061242837412, 64.61121536968017
19.8760954844025, 64.61015001414874
19.921578540430882, 64.60908465861732
19.967061596459263, 64.6080193030859
20.012544652487644, 64.60695394755446
20.058027708516025, 64.60588859202304
20.103510764544406, 64.60482323649161
20.148993820572787, 64.60375788096019
20.19447687660117, 64.60269252542876
20.23995993262955, 64.60162716989734
20.28544298865793, 64.6005618143659
20.33092604468631, 64.59949645883448
20.376409100714696, 64.59843110330306
20.421892156743077, 64.59736574777163
20.467375212771458, 64.59630039224021
20.51285826879984, 64.59523503670877
20.55834132482822, 64.59416968117735
20.6038243808566, 64.59310432564592
20.649307436884982, 64.5920389701145
20.694790492913363, 64.59097361458308
20.740273548941744, 64.58990825905165
20.785756604970125, 64.58884290352022
20.831239660998506, 64.5877775479888
20.876722717026887, 64.58671219245737
20.922205773055268, 64.58564683692595
20.96768882908365, 64.58458148139452
21.01317188511203, 64.58351612586308
21.05865494114041, 64.58245077033166
21.10413799716879, 64.58138541480024
21.149621053197173, 64.58032005926881
21.195104109225554, 64.57925470373739
21.240587165253935, 64.57818934820597
21.286070221282316, 64.57712399267453
21.331553277310697, 64.5760586371431
21.377036333339078, 64.57499328161168
21.42251938936746, 64.57392792608026
21.46800244539584, 64.57286257054884
21.51348550142422, 64.5717972150174
21.5589685574526, 64.57073185948597
21.604451613480983, 64.56966650395455
21.649934669509364, 64.56860114842313
21.695417725537745, 64.5675357928917
21.740900781566125, 64.56647043736028
21.786383837594506, 64.56540508182884
21.831866893622887, 64.56433972629742
21.87734994965127, 64.563274370766
21.92283300567965, 64.56220901523457
21.96831606170803, 64.56114365970315
22.01379911773641, 64.56007830417172
22.059282173764792, 64.55901294864029
22.104765229793173, 64.55794759310886
22.150248285821554, 64.55688223757744
22.195731341849935, 64.55581688204602
22.241214397878316, 64.5547515265146
22.286697453906697, 64.55368617098316
22.33218050993508, 64.55262081545173
22.37766356596346, 64.55155545992031
22.42314662199184, 64.55049010438889
22.46862967802022, 64.54942474885746
22.514112734048602, 64.54835939332604
22.559595790076983, 64.5472940377946
22.605078846105364, 64.54622868226318
22.650561902133745, 64.54516332673175
22.696044958162126, 64.54409797120033
22.741528014190507, 64.5430326156689
22.787011070218888, 64.54196726013747
22.83249412624727, 64.54090190460605
22.87797718227565, 64.53983654907462
22.92346023830403, 64.5387711935432
22.968943294332412, 64.53770583801177
23.014426350360793, 64.53664048248035
23.059909406389174, 64.53557512694891
23.105392462417555, 64.53450977141749
23.150875518445936, 64.53344441588607
23.196358574474317, 64.53237906035464
23.241841630502698, 64.53131370482322
23.28732468653108, 64.53024834929178
23.33280774255946, 64.52918299376036
23.37829079858784, 64.52811763822893
23.423773854616222, 64.52705228269751
23.469256910644603, 64.52598692716609
23.514739966672984, 64.52492157163466
23.560223022701365, 64.52385621610323
23.605706078729746, 64.5227908605718
23.651189134758127, 64.52172550504038
23.696672190786508, 64.52066014950896
23.74215524681489, 64.51959479397753
23.78763830284327, 64.5185294384461
23.83312135887165, 64.51746408291467
23.878604414900032, 64.51639872738325
23.924087470928413, 64.51533337185182
23.969570526956794, 64.5142680163204
24.015053582985175, 64.51320266078898
24.060536639013556, 64.51213730525754
24.106019695041937, 64.51107194972612
24.151502751070318, 64.51000659419469
24.1969858070987, 64.50894123866327
24.24246886312708, 64.50787588313185
24.28795191915546, 64.50681052760041
24.33343497518384, 64.50574517206898
24.378918031212223, 64.50467981653756
24.424401087240604, 64.50361446100614
24.469884143268985, 64.50254910547471
24.515367199297366, 64.50148374994329
24.560850255325747, 64.50041839441185
24.606333311354128, 64.49935303888043
24.65181636738251, 64.498287683349
24.69729942341089, 64.49722232781758
24.74278247943927, 64.49615697228616
24.78826553546765, 64.49509161675472
24.833748591496033, 64.4940262612233
24.879231647524414, 64.49296090569187
24.924714703552795, 64.49189555016045
24.970197759581175, 64.49083019462903
25.015680815609556, 64.4897648390976
25.061163871637937, 64.48869948356617
25.10664692766632, 64.48763412803474
25.1521299836947, 64.48656877250332
25.19761303972308, 64.4855034169719
25.24309609575146, 64.48443806144047
25.288579151779842, 64.48337270590903
25.334062207808223, 64.48230735037761
25.379545263836604, 64.48124199484619
25.425028319864985, 64.48017663931476
25.470511375893366, 64.47911128378334
25.515994431921747, 64.47804592825192
25.56147748795013, 64.47698057272048
25.60696054397851, 64.47591521718905
25.65244360000689, 64.47484986165763
25.69792665603527, 64.47378450612621
25.743409712063652, 64.47271915059478
25.788892768092033, 64.47165379506336
25.834375824120414, 64.47058843953192
25.879858880148795, 64.4695230840005
25.925341936177176, 64.46845772846908
25.970824992205557, 64.46739237293765
26.016308048233938, 64.46632701740623
26.06179110426232, 64.46526166187479
26.1072741602907, 64.46419630634337
26.15275721631908, 64.46313095081194
26.198240272347462, 64.46206559528052
26.243723328375847, 64.4610002397491
26.289206384404228, 64.45993488421767
26.33468944043261, 64.45886952868624
26.38017249646099, 64.45780417315481
26.42565555248937, 64.45673881762339
26.47113860851775, 64.45567346209197
26.516621664546133, 64.45460810656054
26.562104720574514, 64.4535427510291
26.607587776602895, 64.45247739549768
26.653070832631276, 64.45141203996626
26.698553888659657, 64.45034668443483
26.744036944688037, 64.44928132890341
26.78952000071642, 64.44821597337199
26.8350030567448, 64.44715061784055
26.88048611277318, 64.44608526230913
26.92596916880156, 64.4450199067777
26.971452224829942, 64.44395455124628
27.016935280858323, 64.44288919571486
27.062418336886704, 64.44182384018342
27.107901392915085, 64.440758484652
27.153384448943466, 64.43969312912057
27.198867504971847, 64.43862777358915
27.24435056100023, 64.43756241805772
27.28983361702861, 64.4364970625263
27.33531667305699, 64.43543170699486
27.38079972908537, 64.43436635146344
27.426282785113752, 64.43330099593202
27.471765841142133, 64.43223564040059
27.517248897170514, 64.43117028486917
27.562731953198895, 64.43010492933773
27.608215009227276, 64.4290395738063
27.653698065255657, 64.42797421827488
27.699181121284038, 64.42690886274346
27.74466417731242, 64.42584350721204
27.7901472333408, 64.42477815168061
27.83563028936918, 64.42371279614918
27.881113345397562, 64.42264744061775
27.926596401425943, 64.42158208508633
27.972079457454324, 64.4205167295549
28.017562513482705, 64.41945137402348
28.063045569511086, 64.41838601849204
28.108528625539467, 64.41732066296062
28.154011681567848, 64.4162553074292
28.19949473759623, 64.41518995189777
28.24497779362461, 64.41412459636635
28.29046084965299, 64.41305924083493
28.335943905681372, 64.41199388530349
28.381426961709753, 64.41092852977206
28.426910017738134, 64.40986317424064
28.472393073766515, 64.40879781870922
28.517876129794896, 64.4077324631778
28.563359185823277, 64.40666710764636
28.608842241851658, 64.40560175211493
28.65432529788004, 64.40453639658351
28.69980835390842, 64.40347104105209
28.7452914099368, 64.40240568552066
28.790774465965182, 64.40134032998924
28.836257521993563, 64.4002749744578
28.881740578021944, 64.39920961892638
28.927223634050325, 64.39814426339495
28.972706690078706, 64.39707890786353
29.018189746107087, 64.39601355233211
29.063672802135468, 64.39494819680067
29.10915585816385, 64.39388284126925
29.15463891419223, 64.39281748573782
29.20012197022061, 64.3917521302064
29.24560502624899, 64.39068677467498
29.291088082277373, 64.38962141914355
29.336571138305754, 64.38855606361211
29.382054194334135, 64.38749070808069
29.427537250362516, 64.38642535254927
29.473020306390897, 64.38535999701784
29.518503362419278, 64.38429464148642
29.56398641844766, 64.383229285955
29.60946947447604, 64.38216393042356
29.65495253050442, 64.38109857489214
29.7004355865328, 64.38003321936071
29.745918642561183, 64.37896786382929
29.791401698589564, 64.37790250829786
29.836884754617945, 64.37683715276643
29.882367810646326, 64.375771797235
29.927850866674707, 64.37470644170358
29.973333922703087, 64.37364108617216
30.01881697873147, 64.37257573064073
30.06430003475985, 64.37151037510931
30.10978309078823, 64.37044501957787
30.15526614681661, 64.36937966404645
30.200749202844992, 64.36831430851502
30.246232258873373, 64.3672489529836
30.291715314901754, 64.36618359745218
30.337198370930135, 64.36511824192074
30.382681426958516, 64.36405288638932
30.428164482986897, 64.3629875308579
30.47364753901528, 64.36192217532647
30.51913059504366, 64.36085681979505
30.56461365107204, 64.35979146426362
30.61009670710042, 64.35872610873218
30.655579763128802, 64.35766075320076
30.701062819157183, 64.35659539766934
30.746545875185564, 64.35553004213791
30.792028931213945, 64.35446468660649
30.837511987242326, 64.35339933107505
30.882995043270707, 64.35233397554363
30.928478099299088, 64.3512686200122
30.97396115532747, 64.35020326448078
31.01944421135585, 64.34913790894936
31.06492726738423, 64.34807255341794
31.110410323412612, 64.3470071978865
31.155893379440993, 64.34594184235507
31.201376435469374, 64.34487648682365
31.246859491497755, 64.34381113129223
31.292342547526136, 64.3427457757608
31.337825603554517, 64.34168042022937
31.383308659582898, 64.34061506469794
31.42879171561128, 64.33954970916652
31.47427477163966, 64.3384843536351
31.51975782766804, 64.33741899810367
31.565240883696422, 64.33635364257225
31.610723939724803, 64.33528828704081
31.656206995753184, 64.33422293150939
31.701690051781565, 64.33315757597796
31.747173107809946, 64.33209222044654
31.792656163838327, 64.33102686491512
31.838139219866708, 64.32996150938368
31.88362227589509, 64.32889615385226
31.92910533192347, 64.32783079832083
31.97458838795185, 64.32676544278941
32.020071443980235, 64.32570008725799
32.065554500008616, 64.32463473172656
32.111037556037, 64.32356937619512
32.15652061206538, 64.3225040206637
32.20200366809376, 64.32143866513228
32.24748672412214, 64.32037330960085
32.29296978015052, 64.31930795406943
32.3384528361789, 64.31824259853799
32.38393589220728, 64.31717724300657
32.429418948235664, 64.31611188747515
32.474902004264045, 64.31504653194372
32.520385060292426, 64.3139811764123
32.56586811632081, 64.31291582088087
32.61135117234919, 64.31185046534944
32.65683422837757, 64.31078510981801
32.70231728440595, 64.30971975428659
32.74780034043433, 64.30865439875517
32.79328339646271, 64.30758904322374
32.83876645249109, 64.3065236876923
32.884249508519474, 64.30545833216088
32.929732564547855, 64.30439297662946
32.975215620576236, 64.30332762109803
33.02069867660462, 64.30226226556661
33.066181732633, 64.30119691003519
33.11166478866138, 64.30013155450375
33.15714784468976, 64.29906619897233
33.20263090071814, 64.2980008434409
33.24811395674652, 64.29693548790948
33.2935970127749, 64.29587013237806
33.339080068803284, 64.29480477684663
33.384563124831665, 64.2937394213152
33.430046180860046, 64.29267406578377
33.47552923688843, 64.29160871025235
33.52101229291681, 64.29054335472092
33.56649534894519, 64.2894779991895
33.61197840497357, 64.28841264365806
33.65746146100195, 64.28734728812664
33.70294451703033, 64.28628193259522
33.74842757305871, 64.28521657706379
33.793910629087094, 64.28415122153237
33.839393685115475, 64.28308586600095
33.884876741143856, 64.28202051046951
33.93035979717224, 64.28095515493808
33.97584285320062, 64.27988979940666
34.021325909229, 64.27882444387524
34.06680896525738, 64.27775908834381
34.11229202128576, 64.27669373281238
34.15777507731414, 64.27562837728095
34.20325813334252, 64.27456302174953
34.248741189370904, 64.2734976662181
34.294224245399285, 64.27243231068668
34.339707301427666, 64.27136695515526
34.38519035745605, 64.27030159962382
34.43067341348443, 64.2692362440924
34.47615646951281, 64.26817088856097
34.52163952554119, 64.26710553302955
34.56712258156957, 64.26604017749813
34.61260563759795, 64.26497482196669
34.65808869362633, 64.26390946643527
34.703571749654714, 64.26284411090384
34.749054805683095, 64.26177875537242
34.794537861711476, 64.260713399841
34.84002091773986, 64.25964804430957
34.88550397376824, 64.25858268877813
34.93098702979662, 64.25751733324671
34.976470085825, 64.25645197771529
35.02195314185338, 64.25538662218386
35.06743619788176, 64.25432126665244
35.11291925391014, 64.253255911121
35.15840230993852, 64.25219055558958
35.203885365966904, 64.25112520005815
35.249368421995285, 64.25005984452673
35.294851478023666, 64.24899448899531
35.34033453405205, 64.24792913346388
35.38581759008043, 64.24686377793245
35.43130064610881, 64.24579842240102
35.47678370213719, 64.2447330668696
35.52226675816557, 64.24366771133818
35.56774981419395, 64.24260235580675
35.61323287022233, 64.24153700027531
35.658715926250714, 64.24047164474389
35.704198982279095, 64.23940628921247
35.749682038307476, 64.23834093368104
35.79516509433586, 64.23727557814962
35.84064815036424, 64.2362102226182
35.88613120639262, 64.23514486708676
35.931614262421, 64.23407951155534
35.97709731844938, 64.23301415602391
36.02258037447776, 64.23194880049249
36.06806343050614, 64.23088344496107
36.113546486534524, 64.22981808942963
36.159029542562905, 64.2287527338982
36.204512598591286, 64.22768737836678
36.24999565461967, 64.22662202283536
36.29547871064805, 64.22555666730393
36.34096176667643, 64.22449131177251
36.38644482270481, 64.22342595624107
36.43192787873319, 64.22236060070965
36.47741093476157, 64.22129524517823
36.52289399078995, 64.2202298896468
36.568377046818334, 64.21916453411538
36.613860102846715, 64.21809917858394
36.659343158875096, 64.21703382305252
36.70482621490348, 64.2159684675211
36.75030927093186, 64.21490311198967
36.79579232696024, 64.21383775645825
36.84127538298862, 64.21277240092682
36.886758439017, 64.21170704539539
36.93224149504538, 64.21064168986396
36.97772455107376, 64.20957633433254
37.023207607102144, 64.20851097880112
37.068690663130525, 64.20744562326969
37.114173719158906, 64.20638026773827
37.15965677518729, 64.20531491220683
37.20513983121567, 64.2042495566754
37.25062288724405, 64.20318420114398
37.29610594327243, 64.20211884561256
37.34158899930081, 64.20105349008114
37.38707205532919, 64.1999881345497
37.43255511135757, 64.19892277901828
37.478038167385954, 64.19785742348685
37.523521223414335, 64.19679206795543
37.569004279442716, 64.195726712424
37.6144873354711, 64.19466135689258
37.65997039149948, 64.19359600136114
37.70545344752786, 64.19253064582972
37.75093650355624, 64.1914652902983
37.79641955958462, 64.19039993476687
37.841902615613, 64.18933457923545
37.88738567164138, 64.18826922370401
37.932868727669764, 64.18720386817259
37.978351783698145, 64.18613851264116
38.023834839726526, 64.18507315710974
38.06931789575491, 64.18400780157832
38.11480095178329, 64.1829424460469
38.16028400781167, 64.18187709051546
38.20576706384005, 64.18081173498403
38.25125011986843, 64.17974637945261
38.29673317589681, 64.17868102392119
38.34221623192519, 64.17761566838976
38.38769928795357, 64.17655031285832
38.433182343981954, 64.1754849573269
38.478665400010335, 64.17441960179548
38.524148456038716, 64.17335424626405
38.5696315120671, 64.17228889073263
38.61511456809548, 64.17122353520121
38.66059762412386, 64.17015817966977
38.70608068015224, 64.16909282413835
38.75156373618062, 64.16802746860692
38.797046792209, 64.1669621130755
38.84252984823738, 64.16589675754408
38.888012904265764, 64.16483140201264
38.933495960294145, 64.16376604648121
38.978979016322526, 64.16270069094979
39.02446207235091, 64.16163533541837
39.06994512837929, 64.16056997988694
39.11542818440767, 64.15950462435552
39.16091124043605, 64.15843926882408
39.20639429646443, 64.15737391329266
39.25187735249281, 64.15630855776124
39.29736040852119, 64.15524320222981
39.342843464549574, 64.15417784669839
39.388326520577955, 64.15311249116695
39.433809576606336, 64.15204713563553
39.47929263263472, 64.1509817801041
39.5247756886631, 64.14991642457268
39.57025874469148, 64.14885106904126
39.61574180071986, 64.14778571350983
39.66122485674824, 64.1467203579784
39.70670791277662, 64.14565500244697
39.752190968805, 64.14458964691555
39.797674024833384, 64.14352429138413
39.843157080861765, 64.1424589358527
39.888640136890146, 64.14139358032126
39.93412319291853, 64.14032822478984
39.97960624894691, 64.13926286925842
40.02508930497529, 64.138197513727
40.07057236100367, 64.13713215819557
40.11605541703205, 64.13606680266415
40.16153847306043, 64.13500144713271
40.20702152908881, 64.13393609160129
40.252504585117194, 64.13287073606986
40.297987641145575, 64.13180538053844
40.343470697173956, 64.13074002500701
40.38895375320234, 64.00449735988101
40.43443680923072, 63.87688762814709
40.4799198652591, 63.749277896413155
40.52540292128748, 63.62166816467922
40.57088597731586, 63.49405843294529
40.61636903334424, 63.36644870121136
40.66185208937262, 63.23883896947743
40.707335145401004, 63.111229237743494
40.75281820142939, 62.983619506009546
40.79830125745777, 62.85600977427561
40.843784313486154, 62.72840004254168
40.889267369514535, 62.60079031080775
40.934750425542916, 62.47318057907382
40.9802334815713, 62.345570847339886
41.02571653759968, 62.21796111560595
41.07119959362806, 62.090351383872026
41.11668264965644, 61.96274165213809
41.16216570568482, 61.83513192040416
41.2076487617132, 61.707522188670225
41.25313181774158, 61.5799124569363
41.298614873769964, 61.452302725202365
41.344097929798345, 61.32469299346843
41.389580985826726, 61.197083261734505
41.43506404185511, 61.06947353000057
41.48054709788349, 60.94186379826664
41.52603015391187, 60.814254066532705
41.57151320994025, 60.68664433479878
41.61699626596863, 60.559034603064845
41.66247932199701, 60.43142487133091
41.70796237802539, 60.30381513959698
41.75344543405377, 60.17620540786305
41.798928490082154, 60.04859567612912
41.844411546110535, 59.920985944395184
41.88989460213892, 59.79337621266126
41.9353776581673, 59.665766480927324
41.98086071419568, 59.53815674919339
42.02634377022406, 59.41054701745946
42.07182682625244, 59.282937285725524
42.11730988228082, 59.1553275539916
42.1627929383092, 59.027717822257664
42.20827599433758, 58.90010809052373
42.253759050365964, 58.772498358789804
42.299242106394345, 58.64488862705587
42.344725162422726, 58.51727889532194
42.39020821845111, 58.389669163588
42.43569127447949, 58.26205943185408
42.48117433050787, 58.13444970012014
42.52665738653625, 58.00683996838621
42.57214044256463, 57.879230236652276
42.61762349859301, 57.75162050491835
42.66310655462139, 57.624010773184416
42.708589610649774, 57.49640104145048
42.754072666678155, 57.368791309716556
42.799555722706536, 57.24118157798262
42.84503877873492, 57.11357184624869
42.8905218347633, 56.985962114514756
42.93600489079168, 56.85835238278083
42.98148794682006, 56.730742651046896
43.02697100284844, 56.60313291931296
43.07245405887682, 56.47552318757903
43.1179371149052, 56.3479134558451
43.163420170933584, 56.22030372411117
43.208903226961965, 56.092693992377235
43.254386282990346, 55.96508426064331
43.29986933901873, 55.837474528909375
43.34535239504711, 55.70986479717544
43.39083545107549, 55.58225506544151
43.43631850710387, 55.454645333707575
43.48180156313225, 55.32703560197365
43.52728461916063, 55.199425870239715
43.57276767518901, 55.07181613850578
43.618250731217394, 54.944206406771855
43.663733787245775, 54.81659667503792
43.709216843274156, 54.68898694330399
43.75469989930254, 54.56137721157006
43.80018295533092, 54.43376747983613
43.8456660113593, 54.306157748102194
43.89114906738768, 54.17854801636826
43.93663212341606, 54.05093828463433
43.98211517944444, 53.9233285529004
44.02759823547282, 53.79571882116647
44.073081291501204, 53.668109089432534
44.118564347529585, 53.54049935769861
44.164047403557966, 53.412889625964674
44.20953045958635, 53.28527989423074
44.25501351561473, 53.157670162496814
44.30049657164311, 53.03006043076288
44.34597962767149, 52.90245069902895
44.39146268369987, 52.77484096729501
44.43694573972825, 52.64723123556108
44.48242879575663, 52.51962150382715
44.527911851785014, 52.39201177209322
44.573394907813395, 52.264402040359286
44.618877963841776, 52.13679230862536
44.66436101987016, 52.009182576891426
44.70984407589854, 51.88157284515749
44.75532713192692, 51.753963113423566
44.8008101879553, 51.62635338168963
44.84629324398368, 51.4987436499557
44.89177630001206, 51.371133918221766
44.93725935604044, 51.24352418648783
44.98274241206882, 51.115914454753906
45.028225468097204, 50.98830472301997
45.073708524125585, 50.86069499128604
45.11919158015397, 50.73308525955211
45.16467463618235, 50.60547552781818
45.21015769221073, 50.477865796084245
45.25564074823911, 50.35025606435032
45.30112380426749, 50.222646332616385
45.34660686029587, 50.09503660088245
45.39208991632425, 49.96742686914852
45.43757297235263, 49.839817137414585
