Parameters: [47.74189078510399, 19.921506358187774, 7.495611721144256, 41.542285734476735, 3.7569325990393034, -0.12145597094147079, -3.1017343734633593]
Points:
0.0, 19.921506358187774
0.04778968046556956, 20.101048966626543
0.09557936093113913, 20.280591575065312
0.1433690413967087, 20.460134183504085
0.19115872186227825, 20.639676791942854
0.2389484023278478, 20.819219400381623
0.2867380827934174, 20.998762008820393
0.3345277632589869, 21.178304617259165
0.3823174437245565, 21.357847225697935
0.4301071241901261, 21.537389834136704
0.4778968046556956, 21.716932442575473
0.5256864851212651, 21.896475051014246
0.5734761655868348, 22.076017659453015
0.6212658460524043, 22.255560267891784
0.6690555265179738, 22.435102876330554
0.7168452069835435, 22.614645484769326
0.764634887449113, 22.794188093208096
0.8124245679146825, 22.973730701646865
0.8602142483802522, 23.153273310085634
0.9080039288458217, 23.332815918524403
0.9557936093113912, 23.512358526963176
1.0035832897769608, 23.691901135401945
1.0513729702425303, 23.871443743840715
1.0991626507081, 24.050986352279487
1.1469523311736696, 24.230528960718257
1.194742011639239, 24.410071569157026
1.2425316921048086, 24.589614177595795
1.2903213725703782, 24.769156786034564
1.3381110530359477, 24.948699394473337
1.3859007335015174, 25.128242002912106
1.433690413967087, 25.307784611350876
1.4814800944326565, 25.48732721978965
1.529269774898226, 25.666869828228418
1.5770594553637955, 25.846412436667187
1.624849135829365, 26.025955045105956
1.6726388162949346, 26.205497653544725
1.7204284967605044, 26.385040261983498
1.7682181772260739, 26.564582870422267
1.8160078576916434, 26.744125478861037
1.863797538157213, 26.923668087299806
1.9115872186227825, 27.103210695738575
1.959376899088352, 27.282753304177348
2.0071665795539215, 27.462295912616117
2.054956260019491, 27.641838521054886
2.1027459404850606, 27.821381129493655
2.1505356209506306, 28.00092373793243
2.1983253014162, 28.180466346371198
2.2461149818817696, 28.36000895480997
2.293904662347339, 28.539551563248736
2.3416943428129087, 28.71909417168751
2.389484023278478, 28.898636780126278
2.4372737037440477, 29.078179388565047
2.4850633842096173, 29.25772199700382
2.532853064675187, 29.437264605442586
2.5806427451407563, 29.61680721388136
2.628432425606326, 29.796349822320128
2.6762221060718954, 29.975892430758897
2.724011786537465, 30.15543503919767
2.771801467003035, 30.33497764763644
2.8195911474686044, 30.51452025607521
2.867380827934174, 30.69406286451398
2.9151705083997435, 30.873605472952747
2.962960188865313, 31.05314808139152
3.0107498693308825, 31.23269068983029
3.058539549796452, 31.412233298269058
3.1063292302620216, 31.59177590670783
3.154118910727591, 31.771318515146596
3.2019085911931606, 31.95086112358537
3.24969827165873, 32.130403732024135
3.2974879521242997, 32.30994634046291
3.345277632589869, 32.48948894890168
3.393067313055439, 32.669031557340446
3.4408569935210087, 32.84857416577922
3.4886466739865782, 33.02811677421799
3.5364363544521478, 33.20765938265676
3.5842260349177173, 33.38720199109553
3.632015715383287, 33.5667445995343
3.6798053958488564, 33.74628720797307
3.727595076314426, 33.92582981641184
3.7753847567799954, 34.105372424850614
3.823174437245565, 34.28491503328938
3.8709641177111345, 34.46445764172815
3.918753798176704, 34.64400025016692
3.9665434786422735, 34.82354285860569
4.014333159107843, 35.00308546704446
4.062122839573413, 35.18262807548323
4.109912520038982, 35.362170683922
4.157702200504552, 35.54171329236077
4.205491880970121, 35.72125590079954
4.253281561435691, 35.900798509238314
4.301071241901261, 36.08034111767708
4.34886092236683, 36.25988372611585
4.3966506028324, 36.439426334554625
4.444440283297969, 36.61896894299339
4.492229963763539, 36.79851155143216
4.540019644229108, 36.978054159870936
4.587809324694678, 37.1575967683097
4.635599005160247, 37.33713937674847
4.683388685625817, 37.51668198518725
4.731178366091386, 37.69622459362601
4.778968046556956, 37.87576720206478
4.8267577270225255, 38.05530981050355
4.8745474074880955, 38.234852418942324
4.922337087953665, 38.41439502738109
4.9701267684192345, 38.59393763581986
5.0179164488848045, 38.773480244258636
5.065706129350374, 38.9530228526974
5.1134958098159435, 39.132565461136174
5.161285490281513, 39.31210806957495
5.209075170747083, 39.49165067801371
5.256864851212652, 39.67119328645248
5.304654531678222, 39.85073589489126
5.352444212143791, 40.030278503330024
5.400233892609361, 40.20982111176879
5.44802357307493, 40.38936372020756
5.4958132535405, 40.568906328646335
5.54360293400607, 40.7484489370851
5.591392614471639, 40.927991545523874
5.639182294937209, 41.107534153962646
5.686971975402778, 41.28707676240141
5.734761655868348, 41.466619370840185
5.782551336333917, 41.64616197927896
5.830341016799487, 41.82570458771772
5.878130697265056, 42.00524719615649
5.925920377730626, 42.18478980459527
5.973710058196195, 42.364332413034035
6.021499738661765, 42.5438750214728
6.069289419127334, 42.72341762991157
6.117079099592904, 42.902960238350346
6.164868780058474, 43.08250284678911
6.212658460524043, 43.262045455227884
6.260448140989613, 43.44158806366666
6.308237821455182, 43.62113067210542
6.356027501920752, 43.800673280544196
6.403817182386321, 43.98021588898297
6.451606862851891, 44.159758497421734
6.49939654331746, 44.3393011058605
6.54718622378303, 44.51884371429928
6.594975904248599, 44.698386322738045
6.642765584714169, 44.87792893117681
6.690555265179738, 45.057471539615584
6.738344945645308, 45.23701414805436
6.786134626110878, 45.41655675649312
6.8339243065764474, 45.596099364931895
6.881713987042017, 45.77564197337067
6.9295036675075865, 45.955184581809434
6.9772933479731565, 46.134727190248206
7.025083028438726, 46.31426979868698
7.0728727089042955, 46.493812407125745
7.120662389369865, 46.67335501556451
7.168452069835435, 46.85289762400329
7.216241750301004, 47.032440232442056
7.264031430766574, 47.21198284088082
7.311821111232143, 47.391525449319595
7.359610791697713, 47.57106805775837
7.407400472163283, 47.75061066619714
7.455190152628852, 47.930153274635906
7.502979833094422, 48.081119481904814
7.550769513559991, 48.07531513986289
7.598559194025561, 48.06951079782095
7.64634887449113, 48.06370645577903
7.6941385549567, 48.0579021137371
7.741928235422269, 48.05209777169517
7.789717915887839, 48.04629342965324
7.837507596353408, 48.04048908761131
7.885297276818978, 48.034684745569386
7.933086957284547, 48.02888040352746
7.980876637750117, 48.023076061485526
8.028666318215686, 48.0172717194436
8.076455998681256, 48.01146737740167
8.124245679146826, 48.005663035359746
8.172035359612396, 47.99985869331781
8.219825040077964, 47.994054351275885
8.267614720543534, 47.98825000923396
8.315404401009104, 47.98244566719203
8.363194081474674, 47.9766413251501
8.410983761940242, 47.97083698310817
8.458773442405812, 47.965032641066244
8.506563122871382, 47.95922829902432
8.554352803336952, 47.95342395698239
8.602142483802522, 47.94761961494046
8.64993216426809, 47.94181527289853
8.69772184473366, 47.936010930856604
8.74551152519923, 47.93020658881468
8.7933012056648, 47.92440224677274
8.841090886130369, 47.91859790473082
8.888880566595939, 47.91279356268889
8.936670247061508, 47.90698922064696
8.984459927527078, 47.90118487860503
9.032249607992647, 47.8953805365631
9.080039288458217, 47.889576194521176
9.127828968923787, 47.88377185247925
9.175618649389357, 47.877967510437315
9.223408329854927, 47.87216316839539
9.271198010320495, 47.86635882635346
9.318987690786065, 47.860554484311535
9.366777371251635, 47.8547501422696
9.414567051717205, 47.848945800227675
9.462356732182773, 47.84314145818575
9.510146412648343, 47.83733711614382
9.557936093113913, 47.831532774101895
9.605725773579483, 47.82572843205996
9.653515454045051, 47.819924090018034
9.701305134510621, 47.81411974797611
9.749094814976191, 47.80831540593418
9.79688449544176, 47.80251106389225
9.84467417590733, 47.79670672185032
9.892463856372899, 47.790902379808394
9.940253536838469, 47.78509803776647
9.988043217304039, 47.77929369572453
10.035832897769609, 47.773489353682606
10.083622578235177, 47.76768501164068
10.131412258700747, 47.76188066959875
10.179201939166317, 47.75607632755682
10.226991619631887, 47.75027198551489
10.274781300097455, 47.744467643472966
10.322570980563025, 47.73866330143104
10.370360661028595, 47.732858959389105
10.418150341494165, 47.72705461734718
10.465940021959735, 47.72125027530525
10.513729702425303, 47.715445933263325
10.561519382890873, 47.7096415912214
10.609309063356443, 47.703837249179465
10.657098743822013, 47.69803290713754
10.704888424287581, 47.69222856509561
10.752678104753151, 47.686424223053685
10.800467785218721, 47.68061988101175
10.848257465684291, 47.674815538969824
10.89604714614986, 47.6690111969279
10.94383682661543, 47.66320685488597
10.991626507081, 47.65740251284404
11.03941618754657, 47.65159817080211
11.08720586801214, 47.64579382876018
11.134995548477708, 47.63998948671826
11.182785228943278, 47.63418514467632
11.230574909408848, 47.628380802634396
11.278364589874418, 47.62257646059247
11.326154270339986, 47.61677211855054
11.373943950805556, 47.61096777650861
11.421733631271126, 47.60516343446668
11.469523311736696, 47.599359092424756
11.517312992202264, 47.59355475038283
11.565102672667834, 47.5877504083409
11.612892353133404, 47.58194606629897
11.660682033598974, 47.57614172425704
11.708471714064544, 47.570337382215115
11.756261394530112, 47.56453304017319
11.804051074995682, 47.558728698131254
11.851840755461252, 47.55292435608933
11.899630435926822, 47.5471200140474
11.94742011639239, 47.541315672005474
11.99520979685796, 47.53551132996354
12.04299947732353, 47.529706987921614
12.0907891577891, 47.52390264587969
12.138578838254668, 47.51809830383776
12.186368518720238, 47.51229396179583
12.234158199185808, 47.5064896197539
12.281947879651378, 47.50068527771197
12.329737560116948, 47.49488093567005
12.377527240582516, 47.48907659362811
12.425316921048086, 47.483272251586186
12.473106601513656, 47.47746790954426
12.520896281979226, 47.47166356750233
12.568685962444794, 47.465859225460406
12.616475642910364, 47.46005488341847
12.664265323375934, 47.454250541376545
12.712055003841504, 47.44844619933462
12.759844684307073, 47.44264185729269
12.807634364772642, 47.43683751525076
12.855424045238212, 47.43103317320883
12.903213725703782, 47.425228831166905
12.951003406169352, 47.41942448912498
12.99879308663492, 47.413620147083044
13.04658276710049, 47.40781580504112
13.09437244756606, 47.40201146299919
13.14216212803163, 47.396207120957264
13.189951808497199, 47.39040277891533
13.237741488962769, 47.384598436873404
13.285531169428339, 47.37879409483148
13.333320849893909, 47.37298975278955
13.381110530359477, 47.367185410747624
13.428900210825047, 47.36138106870569
13.476689891290617, 47.35557672666376
13.524479571756187, 47.349772384621836
13.572269252221757, 47.34396804257991
13.620058932687325, 47.338163700537976
13.667848613152895, 47.33235935849605
13.715638293618465, 47.32655501645412
13.763427974084035, 47.320750674412196
13.811217654549603, 47.31494633237026
13.859007335015173, 47.309141990328335
13.906797015480743, 47.30333764828641
13.954586695946313, 47.29753330624448
14.002376376411881, 47.29172896420255
14.050166056877451, 47.28592462216062
14.097955737343021, 47.280120280118695
14.145745417808591, 47.27431593807677
14.193535098274161, 47.268511596034834
14.24132477873973, 47.26270725399291
14.2891144592053, 47.25690291195098
14.33690413967087, 47.251098569909054
14.38469382013644, 47.24529422786712
14.432483500602007, 47.23948988582519
14.480273181067577, 47.23368554378327
14.528062861533147, 47.22788120174134
14.575852541998717, 47.22207685969941
14.623642222464285, 47.21627251765748
14.671431902929855, 47.21046817561555
14.719221583395425, 47.204663833573626
14.767011263860995, 47.1988594915317
14.814800944326565, 47.193055149489766
14.862590624792134, 47.18725080744784
14.910380305257704, 47.18144646540591
14.958169985723273, 47.175642123363986
15.005959666188843, 47.16983778132205
15.053749346654412, 47.164033439280125
15.101539027119982, 47.1582290972382
15.149328707585552, 47.15242475519627
15.197118388051122, 47.14662041315434
15.24490806851669, 47.14081607111241
15.29269774898226, 47.135011729070484
15.34048742944783, 47.12920738702856
15.3882771099134, 47.12340304498663
15.43606679037897, 47.1175987029447
15.483856470844538, 47.11179436090277
15.531646151310108, 47.105990018860844
15.579435831775678, 47.10018567681892
15.627225512241248, 47.09438133477698
15.675015192706816, 47.08857699273506
15.722804873172386, 47.08277265069313
15.770594553637956, 47.0769683086512
15.818384234103526, 47.07116396660927
15.866173914569094, 47.06535962456734
15.913963595034664, 47.059555282525416
15.961753275500234, 47.05375094048349
16.009542955965802, 47.047946598441555
16.057332636431372, 47.04214225639963
16.105122316896942, 47.0363379143577
16.152911997362512, 47.030533572315775
16.200701677828082, 47.02472923027384
16.248491358293652, 47.018924888231915
16.296281038759222, 47.01312054618999
16.344070719224792, 47.00731620414806
16.39186039969036, 47.001511862106135
16.43965008015593, 46.9957075200642
16.4874397606215, 46.989903178022274
16.53522944108707, 46.98409883598035
16.58301912155264, 46.97829449393842
16.63080880201821, 46.97249015189649
16.67859848248378, 46.96668580985456
16.72638816294935, 46.960881467812634
16.77417784341492, 46.95507712577071
16.821967523880485, 46.94927278372877
16.869757204346055, 46.943468441686846
16.917546884811625, 46.93766409964492
16.965336565277195, 46.93185975760299
17.013126245742765, 46.92605541556106
17.060915926208335, 46.92025107351913
17.108705606673904, 46.914446731477206
17.156495287139474, 46.90864238943528
17.204284967605044, 46.902838047393345
17.25207464807061, 46.89703370535142
17.29986432853618, 46.89122936330949
17.34765400900175, 46.885425021267565
17.39544368946732, 46.87962067922564
17.44323336993289, 46.873816337183705
17.49102305039846, 46.86801199514178
17.53881273086403, 46.86220765309985
17.5866024113296, 46.856403311057925
17.634392091795167, 46.85059896901599
17.682181772260737, 46.844794626974064
17.729971452726307, 46.83899028493214
17.777761133191877, 46.83318594289021
17.825550813657447, 46.82738160084828
17.873340494123017, 46.82157725880635
17.921130174588587, 46.81577291676442
17.968919855054157, 46.8099685747225
18.016709535519727, 46.80416423268056
18.064499215985293, 46.798359890638636
18.112288896450863, 46.79255554859671
18.160078576916433, 46.78675120655478
18.207868257382003, 46.780946864512856
18.255657937847573, 46.77514252247092
18.303447618313143, 46.769338180428996
18.351237298778713, 46.76353383838707
18.399026979244283, 46.75772949634514
18.446816659709853, 46.75192515430321
18.49460634017542, 46.74612081226128
18.54239602064099, 46.740316470219355
18.59018570110656, 46.73451212817743
18.63797538157213, 46.728707786135494
18.6857650620377, 46.72290344409357
18.73355474250327, 46.71709910205164
18.78134442296884, 46.711294760009714
18.82913410343441, 46.70549041796778
18.876923783899976, 46.699686075925854
18.924713464365546, 46.69388173388393
18.972503144831116, 46.688077391842
19.020292825296686, 46.68227304980007
19.068082505762256, 46.67646870775814
19.115872186227826, 46.67066436571621
19.163661866693396, 46.66486002367429
19.211451547158966, 46.65905568163235
19.259241227624535, 46.653251339590426
19.307030908090102, 46.6474469975485
19.354820588555672, 46.64164265550657
19.402610269021242, 46.635838313464646
19.450399949486812, 46.63003397142271
19.498189629952382, 46.624229629380785
19.545979310417952, 46.61842528733886
19.59376899088352, 46.61262094529693
19.64155867134909, 46.606816603255
19.68934835181466, 46.60101226121307
19.737138032280228, 46.595207919171145
19.784927712745798, 46.58940357712922
19.832717393211368, 46.583599235087284
19.880507073676938, 46.57779489304536
19.928296754142508, 46.57199055100343
19.976086434608078, 46.566186208961504
20.023876115073648, 46.56038186691957
20.071665795539218, 46.554577524877644
20.119455476004784, 46.54877318283572
20.167245156470354, 46.54296884079379
20.215034836935924, 46.537164498751864
20.262824517401494, 46.53136015670993
20.310614197867064, 46.525555814668
20.358403878332634, 46.519751472626076
20.406193558798204, 46.51394713058415
20.453983239263774, 46.508142788542216
20.501772919729344, 46.50233844650029
20.54956260019491, 46.49653410445836
20.59735228066048, 46.490729762416436
20.64514196112605, 46.4849254203745
20.69293164159162, 46.479121078332575
20.74072132205719, 46.47331673629065
20.78851100252276, 46.46751239424872
20.83630068298833, 46.46170805220679
20.8840903634539, 46.45590371016486
20.93188004391947, 46.450099368122935
20.979669724385037, 46.44429502608101
21.027459404850607, 46.43849068403908
21.075249085316177, 46.43268634199715
21.123038765781747, 46.42688199995522
21.170828446247317, 46.421077657913294
21.218618126712887, 46.41527331587136
21.266407807178457, 46.40946897382943
21.314197487644027, 46.40366463178751
21.361987168109593, 46.39786028974558
21.409776848575163, 46.39205594770365
21.457566529040733, 46.38625160566172
21.505356209506303, 46.38044726361979
21.553145889971873, 46.374642921577866
21.600935570437443, 46.36883857953594
21.648725250903013, 46.363034237494006
21.696514931368583, 46.35722989545208
21.744304611834153, 46.35142555341015
21.79209429229972, 46.345621211368226
21.83988397276529, 46.33981686932629
21.88767365323086, 46.334012527284365
21.93546333369643, 46.32820818524244
21.983253014162, 46.32240384320051
22.03104269462757, 46.31659950115858
22.07883237509314, 46.31079515911665
22.12662205555871, 46.304990817074724
22.17441173602428, 46.2991864750328
22.222201416489845, 46.29338213299087
22.269991096955415, 46.28757779094894
22.317780777420985, 46.28177344890701
22.365570457886555, 46.275969106865084
22.413360138352125, 46.27016476482316
22.461149818817695, 46.26436042278122
22.508939499283265, 46.2585560807393
22.556729179748835, 46.25275173869737
22.6045188602144, 46.24694739665544
22.65230854067997, 46.24114305461351
22.70009822114554, 46.23533871257158
22.74788790161111, 46.229534370529656
22.79567758207668, 46.22373002848773
22.84346726254225, 46.217925686445795
22.89125694300782, 46.21212134440387
22.93904662347339, 46.20631700236194
22.98683630393896, 46.200512660320015
23.034625984404528, 46.19470831827809
23.082415664870098, 46.188903976236155
23.130205345335668, 46.18309963419423
23.177995025801238, 46.1772952921523
23.225784706266808, 46.171490950110375
23.273574386732378, 46.16568660806844
23.321364067197948, 46.159882266026514
23.369153747663518, 46.15407792398459
23.416943428129088, 46.14827358194266
23.464733108594654, 46.14246923990073
23.512522789060224, 46.1366648978588
23.560312469525794, 46.130860555816874
23.608102149991364, 46.12505621377495
23.655891830456934, 46.11925187173301
23.703681510922504, 46.113447529691086
23.751471191388074, 46.10764318764916
23.799260871853644, 46.10183884560723
23.84705055231921, 46.096034503565306
23.89484023278478, 46.09023016152337
23.94262991325035, 46.084425819481446
23.99041959371592, 46.07862147743952
24.03820927418149, 46.07281713539759
24.08599895464706, 46.06701279335566
24.13378863511263, 46.06120845131373
24.1815783155782, 46.055404109271805
24.22936799604377, 46.04959976722988
24.277157676509336, 46.043795425187945
24.324947356974906, 46.03799108314602
24.372737037440476, 46.03218674110409
24.420526717906046, 46.026382399062165
24.468316398371616, 46.02057805702023
24.516106078837186, 46.014773714978304
24.563895759302756, 46.00896937293638
24.611685439768326, 46.00316503089445
24.659475120233896, 45.99736068885252
24.707264800699463, 45.99155634681059
24.755054481165033, 45.98575200476866
24.802844161630603, 45.97994766272674
24.850633842096173, 45.9741433206848
24.898423522561743, 45.968338978642876
24.946213203027312, 45.96253463660095
24.994002883492882, 45.95673029455902
25.041792563958452, 45.950925952517096
25.089582244424022, 45.94512161047516
25.13737192488959, 45.939317268433236
25.18516160535516, 45.93351292639131
25.23295128582073, 45.92770858434938
25.2807409662863, 45.92190424230745
25.32853064675187, 45.91609990026552
25.37632032721744, 45.910295558223595
25.42411000768301, 45.90449121618167
25.47189968814858, 45.898686874139734
25.519689368614145, 45.89288253209781
25.567479049079715, 45.88707819005588
25.615268729545285, 45.881273848013954
25.663058410010855, 45.87546950597202
25.710848090476425, 45.869665163930094
25.758637770941995, 45.86386082188817
25.806427451407565, 45.85805647984624
25.854217131873135, 45.852252137804314
25.902006812338705, 45.84644779576238
25.94979649280427, 45.84064345372045
25.99758617326984, 45.83483911167853
26.04537585373541, 45.82903476963659
26.09316553420098, 45.823230427594666
26.14095521466655, 45.81742608555274
26.18874489513212, 45.81162174351081
26.23653457559769, 45.805817401468886
26.28432425606326, 45.80001305942695
26.33211393652883, 45.794208717385025
26.379903616994397, 45.7884043753431
26.427693297459967, 45.78260003330117
26.475482977925537, 45.77679569125924
26.523272658391107, 45.77099134921731
26.571062338856677, 45.765187007175385
26.618852019322247, 45.75938266513346
26.666641699787817, 45.753578323091524
26.714431380253387, 45.7477739810496
26.762221060718954, 45.74196963900767
26.810010741184524, 45.736165296965744
26.857800421650094, 45.73036095492381
26.905590102115664, 45.724556612881884
26.953379782581234, 45.71875227083996
27.001169463046804, 45.71294792879803
27.048959143512374, 45.707143586756104
27.096748823977943, 45.70133924471417
27.144538504443513, 45.69553490267224
27.19232818490908, 45.689730560630316
27.24011786537465, 45.68392621858839
27.28790754584022, 45.678121876546456
27.33569722630579, 45.67231753450453
27.38348690677136, 45.6665131924626
27.43127658723693, 45.660708850420676
27.4790662677025, 45.65490450837874
27.52685594816807, 45.649100166336815
27.57464562863364, 45.64329582429489
27.622435309099206, 45.63749148225296
27.670224989564776, 45.63168714021103
27.718014670030346, 45.6258827981691
27.765804350495916, 45.620078456127175
27.813594030961486, 45.61427411408525
27.861383711427056, 45.608469772043314
27.909173391892626, 45.60266543000139
27.956963072358196, 45.59686108795946
28.004752752823762, 45.591056745917534
28.052542433289332, 45.58525240387561
28.100332113754902, 45.57944806183367
28.148121794220472, 45.57364371979175
28.195911474686042, 45.56783937774982
28.243701155151612, 45.56203503570789
28.291490835617182, 45.55623069366596
28.339280516082752, 45.55042635162403
28.387070196548322, 45.544622009582106
28.43485987701389, 45.53881766754018
28.48264955747946, 45.533013325498246
28.53043923794503, 45.52720898345632
28.5782289184106, 45.52140464141439
28.62601859887617, 45.515600299372466
28.67380827934174, 45.50979595733053
28.72159795980731, 45.503991615288605
28.76938764027288, 45.49818727324668
28.81717732073845, 45.49238293120475
28.864967001204015, 45.486578589162825
28.912756681669585, 45.48077424712089
28.960546362135155, 45.474969905078964
29.008336042600725, 45.46916556303704
29.056125723066295, 45.46336122099511
29.103915403531865, 45.45755687895318
29.151705083997435, 45.45175253691125
29.199494764463005, 45.445948194869324
29.24728444492857, 45.4401438528274
29.29507412539414, 45.43433951078546
29.34286380585971, 45.42853516874354
29.39065348632528, 45.42273082670161
29.43844316679085, 45.41692648465968
29.48623284725642, 45.41112214261775
29.53402252772199, 45.40531780057582
29.58181220818756, 45.399513458533896
29.62960188865313, 45.39370911649197
29.677391569118697, 45.387904774450035
29.725181249584267, 45.38210043240811
29.772970930049837, 45.37629609036618
29.820760610515407, 45.370491748324255
29.868550290980977, 45.36468740628233
29.916339971446547, 45.358883064240395
29.964129651912117, 45.35307872219847
30.011919332377687, 45.34727438015654
30.059709012843257, 45.341470038114615
30.107498693308823, 45.33566569607268
30.155288373774393, 45.329861354030754
30.203078054239963, 45.32405701198883
30.250867734705533, 45.3182526699469
30.298657415171103, 45.31244832790497
30.346447095636673, 45.30664398586304
30.394236776102243, 45.300839643821114
30.442026456567813, 45.29503530177919
30.48981613703338, 45.28923095973725
30.53760581749895, 45.283426617695326
30.58539549796452, 45.2776222756534
30.63318517843009, 45.27181793361147
30.68097485889566, 45.266013591569546
30.72876453936123, 45.26020924952761
30.7765542198268, 45.254404907485686
30.82434390029237, 45.24860056544376
30.87213358075794, 45.242796223401825
30.919923261223506, 45.2369918813599
30.967712941689076, 45.23118753931797
31.015502622154646, 45.225383197276045
31.063292302620216, 45.21957885523412
31.111081983085786, 45.213774513192185
31.158871663551356, 45.20797017115026
31.206661344016926, 45.20216582910833
31.254451024482496, 45.196361487066405
31.302240704948066, 45.19055714502447
31.350030385413632, 45.184752802982544
31.397820065879202, 45.17894846094062
31.445609746344772, 45.17314411889869
31.493399426810342, 45.16733977685676
31.541189107275912, 45.16153543481483
31.588978787741482, 45.1557310927729
31.636768468207052, 45.14992675073098
31.68455814867262, 45.14412240868904
31.732347829138188, 45.138318066647116
31.780137509603758, 45.13251372460519
31.827927190069328, 45.12670938256326
31.875716870534898, 45.120905040521336
31.923506551000468, 45.1151006984794
31.971296231466038, 45.109296356437476
32.019085911931604, 45.10349201439555
32.066875592397174, 45.09768767235362
32.114665272862744, 45.09188333031169
32.162454953328314, 45.08607898826976
32.210244633793884, 45.080274646227835
32.258034314259454, 45.07447030418591
32.305823994725024, 45.068665962143974
32.353613675190594, 45.06286162010205
32.401403355656164, 45.05705727806012
32.449193036121734, 45.051252936018194
32.496982716587304, 45.04544859397626
32.544772397052874, 45.039644251934334
32.592562077518444, 45.03383990989241
32.640351757984014, 45.02803556785048
32.688141438449584, 45.02223122580855
32.735931118915154, 45.01642688376662
32.78372079938072, 45.01062254172469
32.83151047984629, 45.00481819968277
32.87930016031186, 44.99901385764084
32.92708984077743, 44.993209515598906
32.974879521243, 44.98740517355698
33.02266920170857, 44.98160083151505
33.07045888217414, 44.975796489473126
33.11824856263971, 44.96999214743119
33.16603824310528, 44.964187805389265
33.21382792357085, 44.95838346334734
33.26161760403642, 44.95257912130541
33.30940728450199, 44.94677477926348
33.35719696496756, 44.94097043722155
33.40498664543313, 44.935166095179625
33.4527763258987, 44.9293617531377
33.50056600636427, 44.923557411095764
33.54835568682984, 44.91775306905384
33.5961453672954, 44.91194872701191
33.64393504776097, 44.906144384969984
33.69172472822654, 44.90034004292806
33.73951440869211, 44.894535700886124
33.78730408915768, 44.8887313588442
33.83509376962325, 44.88292701680227
33.88288345008882, 44.877122674760344
33.93067313055439, 44.87131833271841
33.97846281101996, 44.86551399067648
34.02625249148553, 44.859709648634556
34.0740421719511, 44.85390530659263
34.12183185241667, 44.848100964550696
34.16962153288224, 44.84229662250877
34.21741121334781, 44.83649228046684
34.26520089381338, 44.830687938424916
34.31299057427895, 44.82488359638298
34.36078025474452, 44.819079254341055
34.40856993521009, 44.81327491229913
34.45635961567565, 44.8074705702572
34.50414929614122, 44.801666228215275
34.55193897660679, 44.79586188617334
34.59972865707236, 44.790057544131415
34.64751833753793, 44.78425320208949
34.6953080180035, 44.77844886004756
34.74309769846907, 44.77264451800563
34.79088737893464, 44.7668401759637
34.83867705940021, 44.761035833921774
34.88646673986578, 44.75523149187985
34.93425642033135, 44.74942714983791
34.98204610079692, 44.74362280779599
35.02983578126249, 44.73781846575406
35.07762546172806, 44.73201412371213
35.12541514219363, 44.7262097816702
35.1732048226592, 44.72040543962827
35.22099450312477, 44.714601097586346
35.268784183590334, 44.70879675554442
35.316573864055904, 44.702992413502486
35.364363544521474, 44.69718807146056
35.412153224987044, 44.69138372941863
35.459942905452614, 44.685579387376706
35.507732585918184, 44.67977504533478
35.555522266383754, 44.673970703292845
35.603311946849324, 44.66816636125092
35.651101627314894, 44.66236201920899
35.698891307780464, 44.656557677167065
35.746680988246034, 44.65075333512513
35.794470668711604, 44.644948993083204
35.842260349177174, 44.63914465104128
35.890050029642744, 44.63334030899935
35.937839710108314, 44.62753596695742
35.985629390573884, 44.62173162491549
36.033419071039454, 44.615927282873564
36.08120875150502, 44.61012294083164
36.12899843197059, 44.6043185987897
36.17678811243616, 44.59851425674778
36.22457779290173, 44.59270991470585
36.2723674733673, 44.58690557266392
36.32015715383287, 44.581101230622
36.367946834298436, 44.57529688858006
36.415736514764006, 44.569492546538136
36.463526195229576, 44.56368820449621
36.511315875695146, 44.557883862454275
36.559105556160716, 44.55207952041235
36.606895236626286, 44.54627517837042
36.654684917091856, 44.540470836328495
36.702474597557426, 44.53466649428657
36.750264278022996, 44.528862152244635
36.798053958488566, 44.52305781020271
36.845843638954136, 44.51725346816078
36.893633319419706, 44.511449126118855
36.94142299988527, 44.50564478407692
36.98921268035084, 44.499840442034994
37.03700236081641, 44.49403609999307
37.08479204128198, 44.48823175795114
37.13258172174755, 44.48242741590921
37.18037140221312, 44.47662307386728
37.22816108267869, 44.470818731825354
37.27595076314426, 44.46501438978343
37.32374044360983, 44.45921004774149
37.3715301240754, 44.453405705699566
37.41931980454097, 44.44760136365764
37.46710948500654, 44.44179702161571
37.51489916547211, 44.435992679573786
37.56268884593768, 44.43018833753185
37.61047852640325, 44.424383995489926
37.65826820686882, 44.418579653448
37.70605788733439, 44.412775311406065
37.75384756779995, 44.40697096936414
37.80163724826552, 44.40116662732221
37.84942692873109, 44.395362285280285
37.89721660919666, 44.38955794323836
37.94500628966223, 44.383753601196425
37.9927959701278, 44.3779492591545
38.04058565059337, 44.37214491711257
38.08837533105894, 44.366340575070645
38.13616501152451, 44.36053623302871
38.18395469199008, 44.354731890986784
38.23174437245565, 44.34892754894486
38.27953405292122, 44.34312320690293
38.32732373338679, 44.337318864861
38.37511341385236, 44.33151452281907
38.42290309431793, 44.32571018077714
38.4706927747835, 44.31990583873522
38.51848245524907, 44.31410149669328
38.56627213571464, 44.308297154651356
38.614061816180204, 44.30249281260943
38.661851496645774, 44.2966884705675
38.709641177111344, 44.290884128525576
38.757430857576914, 44.28507978648364
38.805220538042484, 44.279275444441716
38.853010218508054, 44.27347110239979
38.900799898973624, 44.26766676035786
38.948589579439194, 44.26186241831593
38.996379259904764, 44.256058076274
39.044168940370334, 44.250253734232075
39.091958620835904, 44.24444939219015
39.13974830130147, 44.238645050148214
39.18753798176704, 44.23284070810629
39.23532766223261, 44.22703636606436
39.28311734269818, 44.221232024022434
39.33090702316375, 44.2154276819805
39.37869670362932, 44.209623339938574
39.426486384094886, 44.20381899789665
39.474276064560456, 44.19801465585472
39.522065745026026, 44.192210313812794
39.569855425491596, 44.18640597177086
39.617645105957166, 44.18060162972893
39.665434786422736, 44.17479728768701
39.713224466888306, 44.16899294564508
39.761014147353876, 44.163188603603146
39.808803827819446, 44.15738426156122
39.856593508285016, 44.15157991951929
39.904383188750586, 44.145775577477366
39.952172869216156, 44.13997123543543
39.999962549681726, 44.134166893393505
40.047752230147296, 44.12836255135158
40.095541910612866, 44.12255820930965
40.143331591078436, 44.11675386726772
40.191121271544006, 44.11094952522579
40.23891095200957, 44.105145183183865
40.28670063247514, 44.09934084114194
40.33449031294071, 44.09353649910001
40.38227999340628, 44.08773215705808
40.43006967387185, 44.08192781501615
40.47785935433742, 44.076123472974224
40.52564903480299, 44.07031913093229
40.57343871526856, 44.064514788890364
40.62122839573413, 44.05871044684844
40.6690180761997, 44.05290610480651
40.71680775666527, 44.047101762764584
40.76459743713084, 44.04129742072265
40.81238711759641, 44.03549307868072
40.86017679806198, 44.029688736638796
40.90796647852755, 44.02388439459687
40.95575615899312, 44.018080052554936
41.00354583945869, 44.01227571051301
41.05133551992426, 44.00647136847108
41.09912520038982, 44.000667026429156
41.14691488085539, 43.99486268438723
41.19470456132096, 43.989058342345295
41.24249424178653, 43.98325400030337
41.2902839222521, 43.97744965826144
41.33807360271767, 43.97164531621951
41.38586328318324, 43.96584097417758
41.43365296364881, 43.960036632135655
41.48144264411438, 43.95423229009373
41.52923232457995, 43.9484279480518
41.57702200504552, 43.83909984904956
41.62481168551109, 43.690868954452675
41.67260136597666, 43.54263805985578
41.72039104644223, 43.3944071652589
41.7681807269078, 43.246176270662005
41.81597040737337, 43.09794537606512
41.86376008783894, 42.94971448146823
41.9115497683045, 42.80148358687136
41.95933944877007, 42.65325269227447
42.00712912923564, 42.505021797677585
42.05491880970121, 42.35679090308069
42.10270849016678, 42.20856000848381
42.15049817063235, 42.060329113886915
42.19828785109792, 41.91209821929003
42.24607753156349, 41.76386732469314
42.29386721202906, 41.61563643009625
42.34165689249463, 41.46740553549936
42.3894465729602, 41.319174640902474
42.43723625342577, 41.17094374630558
42.48502593389134, 41.0227128517087
42.53281561435691, 40.874481957111804
42.58060529482248, 40.72625106251492
42.62839497528805, 40.57802016791803
42.67618465575362, 40.42978927332114
42.723974336219186, 40.28155837872427
42.771764016684756, 40.133327484127385
42.819553697150326, 39.98509658953049
42.867343377615896, 39.83686569493361
42.915133058081466, 39.688634800336715
42.962922738547036, 39.54040390573983
43.010712419012606, 39.392173011142944
43.058502099478176, 39.24394211654605
43.106291779943746, 39.09571122194916
43.154081460409316, 38.947480327352274
43.201871140874886, 38.79924943275539
43.249660821340456, 38.651018538158496
43.297450501806026, 38.502787643561604
43.345240182271596, 38.35455674896472
43.393029862737166, 38.20632585436783
43.440819543202736, 38.05809495977094
43.488609223668306, 37.909864065174055
43.536398904133875, 37.76163317057716
43.58418858459944, 37.6134022759803
43.63197826506501, 37.465171381383406
43.67976794553058, 37.31694048678652
43.72755762599615, 37.16870959218963
43.77534730646172, 37.02047869759274
43.82313698692729, 36.87224780299585
43.87092666739286, 36.724016908398966
43.91871634785843, 36.57578601380207
43.966506028324, 36.42755511920519
44.01429570878957, 36.279324224608295
44.06208538925514, 36.13109333001141
44.10987506972071, 35.98286243541452
44.15766475018628, 35.83463154081763
44.20545443065185, 35.68640064622074
44.25324411111742, 35.538169751623855
44.30103379158299, 35.38993885702696
44.34882347204856, 35.24170796243008
44.39661315251412, 35.093477067833206
44.44440283297969, 34.94524617323632
44.49219251344526, 34.797015278639435
44.53998219391083, 34.64878438404254
44.5877718743764, 34.50055348944565
44.63556155484197, 34.352322594848765
44.68335123530754, 34.20409170025188
44.73114091577311, 34.05586080565499
44.77893059623868, 33.907629911058095
44.82672027670425, 33.75939901646121
44.87450995716982, 33.611168121864324
44.92229963763539, 33.46293722726743
44.97008931810096, 33.31470633267054
45.01787899856653, 33.166475438073654
45.0656686790321, 33.01824454347677
45.11345835949767, 32.870013648879876
45.16124803996324, 32.721782754282984
45.2090377204288, 32.57355185968612
45.25682740089437, 32.425320965089234
45.30461708135994, 32.27709007049234
45.35240676182551, 32.12885917589546
45.40019644229108, 31.980628281298564
45.44798612275665, 31.83239738670168
45.49577580322222, 31.684166492104787
45.54356548368779, 31.5359355975079
45.59135516415336, 31.38770470291101
45.63914484461893, 31.239473808314123
45.6869345250845, 31.09124291371723
45.73472420555007, 30.943012019120346
45.78251388601564, 30.794781124523453
45.83030356648121, 30.646550229926568
45.87809324694678, 30.498319335329676
45.92588292741235, 30.35008844073279
45.97367260787792, 30.201857546135898
46.02146228834349, 30.053626651539012
46.069251968809056, 29.90539575694214
46.117041649274626, 29.757164862345256
46.164831329740196, 29.608933967748367
46.212621010205766, 29.46070307315148
46.260410690671335, 29.31247217855459
46.308200371136905, 29.1642412839577
46.355990051602475, 29.01601038936081
46.403779732068045, 28.867779494763923
46.451569412533615, 28.719548600167034
46.499359092999185, 28.571317705570145
46.547148773464755, 28.423086810973256
46.594938453930325, 28.274855916376367
46.642728134395895, 28.12662502177948
46.690517814861465, 27.97839412718259
46.738307495327035, 27.8301632325857
46.786097175792605, 27.681932337988812
46.833886856258175, 27.533701443391923
46.88167653672374, 27.385470548795055
46.92946621718931, 27.237239654198167
46.97725589765488, 27.089008759601278
47.02504557812045, 26.94077786500439
47.07283525858602, 26.7925469704075
47.12062493905159, 26.64431607581061
47.16841461951716, 26.496085181213722
47.21620429998273, 26.347854286616833
47.2639939804483, 26.199623392019944
47.31178366091387, 26.051392497423056
47.35957334137944, 25.903161602826167
47.40736302184501, 25.754930708229278
47.45515270231058, 25.60669981363239
47.50294238277615, 25.4584689190355
47.55073206324172, 25.31023802443861
47.59852174370729, 25.162007129841722
47.64631142417286, 25.013776235244833
47.69410110463842, 24.86554534064797
47.74189078510399, 24.71731444605108
