Parameters: [50.85710757122791, 20.73398166363651, 7.323749823039308, 36.92393645259995, 4.11944051546988, 0.10400491955234897, -2.604207515052827]
Points:
0.0, 20.73398166363651
0.05090801558681472, 20.943694205607006
0.10181603117362945, 21.153406747577503
0.15272404676044415, 21.363119289548
0.2036320623472589, 21.572831831518496
0.2545400779340736, 21.782544373488992
0.3054480935208883, 21.99225691545949
0.35635610910770305, 22.201969457429986
0.4072641246945178, 22.411681999400482
0.4581721402813325, 22.62139454137098
0.5090801558681473, 22.831107083341475
0.5599881714549619, 23.040819625311972
0.6108961870417766, 23.25053216728247
0.6618042026285914, 23.46024470925297
0.7127122182154061, 23.669957251223465
0.7636202338022209, 23.879669793193962
0.8145282493890356, 24.08938233516446
0.8654362649758502, 24.299094877134955
0.916344280562665, 24.50880741910545
0.9672522961494797, 24.71851996107595
1.0181603117362945, 24.928232503046445
1.0690683273231092, 25.13794504501694
1.1199763429099239, 25.347657586987438
1.1708843584967386, 25.557370128957935
1.2217923740835532, 25.76708267092843
1.2727003896703681, 25.976795212898928
1.3236084052571828, 26.186507754869425
1.3745164208439975, 26.39622029683992
1.4254244364308122, 26.605932838810418
1.4763324520176269, 26.815645380780914
1.5272404676044418, 27.02535792275141
1.5781484831912564, 27.235070464721908
1.6290564987780711, 27.444783006692404
1.6799645143648858, 27.6544955486629
1.7308725299517005, 27.864208090633397
1.7817805455385154, 28.073920632603894
1.83268856112533, 28.28363317457439
1.8835965767121448, 28.493345716544887
1.9345045922989594, 28.703058258515384
1.9854126078857741, 28.91277080048588
2.036320623472589, 29.122483342456377
2.0872286390594037, 29.332195884426874
2.1381366546462184, 29.54190842639737
2.189044670233033, 29.751620968367867
2.2399526858198477, 29.961333510338363
2.2908607014066624, 30.17104605230886
2.341768716993477, 30.380758594279357
2.392676732580292, 30.590471136249853
2.4435847481671065, 30.80018367822035
2.4944927637539216, 31.00989622019085
2.5454007793407363, 31.219608762161347
2.596308794927551, 31.429321304131843
2.6472168105143656, 31.63903384610234
2.6981248261011803, 31.848746388072836
2.749032841687995, 32.05845893004333
2.7999408572748097, 32.26817147201383
2.8508488728616244, 32.47788401398432
2.901756888448439, 32.687596555954826
2.9526649040352537, 32.897309097925316
3.003572919622069, 33.10702163989582
3.0544809352088835, 33.316734181866316
3.105388950795698, 33.52644672383681
3.156296966382513, 33.73615926580731
3.2072049819693276, 33.945871807777806
3.2581129975561423, 34.1555843497483
3.309021013142957, 34.3652968917188
3.3599290287297716, 34.575009433689296
3.4108370443165863, 34.78472197565979
3.461745059903401, 34.99443451763029
3.5126530754902157, 35.204147059600785
3.563561091077031, 35.41385960157128
3.6144691066638455, 35.62357214354178
3.66537712225066, 35.833284685512275
3.716285137837475, 36.04299722748277
3.7671931534242895, 36.25270976945327
3.818101169011104, 36.462422311423765
3.869009184597919, 36.67213485339426
3.9199172001847336, 36.88184739536476
3.9708252157715482, 37.091559937335255
4.021733231358363, 37.30127247930575
4.072641246945178, 37.51098502127625
4.123549262531992, 37.720697563246745
4.174457278118807, 37.93041010521724
4.225365293705622, 38.14012264718774
4.276273309292437, 38.349835189158235
4.327181324879251, 38.55954773112873
4.378089340466066, 38.76926027309923
4.428997356052881, 38.978972815069724
4.4799053716396955, 39.18868535704022
4.530813387226511, 39.39839789901072
4.581721402813325, 39.608110440981214
4.63262941840014, 39.81782298295171
4.683537433986954, 40.02753552492221
4.734445449573769, 40.237248066892704
4.785353465160584, 40.4469606088632
4.836261480747399, 40.6566731508337
4.887169496334213, 40.866385692804194
4.938077511921028, 41.07609823477469
4.988985527507843, 41.285810776745194
5.039893543094657, 41.495523318715684
5.0908015586814725, 41.70523586068619
5.141709574268287, 41.91494840265668
5.192617589855102, 42.12466094462718
5.243525605441916, 42.33437348659767
5.294433621028731, 42.544086028568174
5.3453416366155455, 42.75379857053866
5.396249652202361, 42.96351111250917
5.447157667789176, 43.173223654479656
5.49806568337599, 43.38293619645016
5.548973698962805, 43.59264873842065
5.599881714549619, 43.80236128039115
5.6507897301364345, 44.01207382236164
5.701697745723249, 44.22178636433215
5.752605761310064, 44.431498906302636
5.803513776896878, 44.64121144827314
5.854421792483693, 44.85092399024363
5.9053298080705074, 45.06063653221413
5.956237823657323, 45.27034907418462
6.007145839244138, 45.480061616155126
6.058053854830952, 45.689774158125616
6.108961870417767, 45.89948670009612
6.159869886004581, 46.10919924206661
6.210777901591396, 46.31891178403711
6.261685917178211, 46.5286243260076
6.312593932765026, 46.738336867978106
6.36350194835184, 46.948049409948595
6.414409963938655, 47.1577619519191
6.465317979525469, 47.36747449388959
6.5162259951122845, 47.57718703586009
6.5671340106991, 47.78689957783059
6.618042026285914, 47.996612119801085
6.668950041872729, 48.20632466177158
6.719858057459543, 48.41603720374208
6.770766073046358, 48.625749745712575
6.821674088633173, 48.83546228768307
6.872582104219988, 49.04517482965357
6.923490119806802, 49.254887371624065
6.974398135393617, 49.46459991359456
7.025306150980431, 49.67431245556506
7.0762141665672464, 49.884024997535555
7.127122182154062, 50.09373753950605
7.178030197740876, 50.30345008147655
7.228938213327691, 50.513162623447045
7.279846228914505, 50.72287516541754
7.33075424450132, 50.904461904120666
7.3816622600881345, 50.90975658818634
7.43257027567495, 50.915051272252015
7.483478291261764, 50.920345956317696
7.534386306848579, 50.92564064038337
7.585294322435393, 50.930935324449045
7.636202338022208, 50.93623000851472
7.6871103536090235, 50.9415246925804
7.738018369195838, 50.946819376646076
7.788926384782653, 50.95211406071175
7.839834400369467, 50.957408744777425
7.890742415956282, 50.962703428843106
7.9416504315430965, 50.96799811290878
7.992558447129912, 50.973292796974455
8.043466462716726, 50.97858748104014
8.094374478303541, 50.98388216510581
8.145282493890356, 50.989176849171486
8.196190509477171, 50.99447153323716
8.247098525063985, 50.99976621730284
8.2980065406508, 51.005060901368516
8.348914556237615, 51.01035558543419
8.39982257182443, 51.015650269499865
8.450730587411243, 51.02094495356555
8.501638602998058, 51.02623963763122
8.552546618584874, 51.031534321696896
8.603454634171689, 51.03682900576258
8.654362649758502, 51.04212368982825
8.705270665345317, 51.047418373893926
8.756178680932132, 51.0527130579596
8.807086696518947, 51.05800774202528
8.857994712105763, 51.06330242609096
8.908902727692576, 51.06859711015663
8.959810743279391, 51.073891794222305
9.010718758866206, 51.07918647828799
9.061626774453021, 51.08448116235366
9.112534790039835, 51.089775846419336
9.16344280562665, 51.09507053048502
9.214350821213465, 51.10036521455069
9.26525883680028, 51.105659898616366
9.316166852387095, 51.11095458268204
9.367074867973908, 51.11624926674772
9.417982883560724, 51.1215439508134
9.468890899147539, 51.12683863487907
9.519798914734354, 51.132133318944746
9.570706930321167, 51.13742800301043
9.621614945907982, 51.1427226870761
9.672522961494797, 51.148017371141776
9.723430977081613, 51.15331205520746
9.774338992668426, 51.15860673927313
9.825247008255241, 51.16390142333881
9.876155023842056, 51.16919610740448
9.927063039428871, 51.17449079147016
9.977971055015686, 51.17978547553584
10.0288790706025, 51.18508015960151
10.079787086189315, 51.190374843667186
10.13069510177613, 51.19566952773287
10.181603117362945, 51.20096421179854
10.232511132949758, 51.20625889586422
10.283419148536574, 51.21155357992989
10.334327164123389, 51.21684826399557
10.385235179710204, 51.22214294806125
10.436143195297019, 51.22743763212692
10.487051210883832, 51.2327323161926
10.537959226470647, 51.23802700025828
10.588867242057463, 51.24332168432395
10.639775257644278, 51.24861636838963
10.690683273231091, 51.25391105245531
10.741591288817906, 51.25920573652098
10.792499304404721, 51.26450042058666
10.843407319991536, 51.26979510465233
10.894315335578352, 51.27508978871801
10.945223351165165, 51.28038447278369
10.99613136675198, 51.28567915684936
11.047039382338795, 51.29097384091504
11.09794739792561, 51.29626852498072
11.148855413512424, 51.30156320904639
11.199763429099239, 51.30685789311207
11.250671444686054, 51.31215257717775
11.301579460272869, 51.31744726124342
11.352487475859682, 51.3227419453091
11.403395491446497, 51.32803662937477
11.454303507033313, 51.33333131344045
11.505211522620128, 51.33862599750613
11.556119538206943, 51.3439206815718
11.607027553793756, 51.349215365637484
11.657935569380571, 51.35451004970316
11.708843584967386, 51.35980473376883
11.759751600554202, 51.36509941783451
11.810659616141015, 51.37039410190019
11.86156763172783, 51.37568878596586
11.912475647314645, 51.38098347003154
11.96338366290146, 51.38627815409721
12.014291678488275, 51.391572838162894
12.065199694075089, 51.39686752222857
12.116107709661904, 51.40216220629424
12.167015725248719, 51.407456890359924
12.217923740835534, 51.4127515744256
12.268831756422347, 51.41804625849127
12.319739772009163, 51.42334094255695
12.370647787595978, 51.42863562662263
12.421555803182793, 51.433930310688304
12.472463818769606, 51.43922499475398
12.523371834356421, 51.44451967881965
12.574279849943236, 51.449814362885334
12.625187865530052, 51.45510904695101
12.676095881116867, 51.46040373101668
12.72700389670368, 51.465698415082365
12.777911912290495, 51.47099309914804
12.82881992787731, 51.476287783213714
12.879727943464125, 51.48158246727939
12.930635959050939, 51.48687715134507
12.981543974637754, 51.492171835410744
13.032451990224569, 51.49746651947642
13.083360005811384, 51.50276120354209
13.1342680213982, 51.508055887607775
13.185176036985013, 51.51335057167345
13.236084052571828, 51.51864525573912
13.286992068158643, 51.523939939804805
13.337900083745458, 51.52923462387048
13.388808099332271, 51.534529307936154
13.439716114919086, 51.53982399200183
13.490624130505902, 51.54511867606751
13.541532146092717, 51.550413360133184
13.592440161679532, 51.55570804419886
13.643348177266345, 51.56100272826453
13.69425619285316, 51.566297412330215
13.745164208439975, 51.57159209639589
13.79607222402679, 51.576886780461564
13.846980239613604, 51.582181464527245
13.897888255200419, 51.58747614859292
13.948796270787234, 51.592770832658594
13.99970428637405, 51.59806551672427
14.050612301960863, 51.60336020078995
14.101520317547678, 51.608654884855625
14.152428333134493, 51.6139495689213
14.203336348721308, 51.619244252986974
14.254244364308123, 51.624538937052655
14.305152379894936, 51.62983362111833
14.356060395481752, 51.635128305184004
14.406968411068567, 51.640422989249686
14.457876426655382, 51.64571767331536
14.508784442242195, 51.651012357381035
14.55969245782901, 51.65630704144671
14.610600473415825, 51.66160172551239
14.66150848900264, 51.666896409578065
14.712416504589456, 51.67219109364374
14.763324520176269, 51.677485777709414
14.814232535763084, 51.682780461775096
14.8651405513499, 51.68807514584077
14.916048566936714, 51.693369829906445
14.966956582523528, 51.698664513972126
15.017864598110343, 51.7039591980378
15.068772613697158, 51.709253882103475
15.119680629283973, 51.71454856616915
15.170588644870787, 51.71984325023483
15.221496660457602, 51.725137934300506
15.272404676044417, 51.73043261836618
15.323312691631232, 51.735727302431854
15.374220707218047, 51.741021986497536
15.42512872280486, 51.74631667056321
15.476036738391675, 51.751611354628885
15.52694475397849, 51.75690603869457
15.577852769565306, 51.76220072276024
15.628760785152119, 51.767495406825915
15.679668800738934, 51.77279009089159
15.73057681632575, 51.77808477495727
15.781484831912564, 51.783379459022946
15.83239284749938, 51.78867414308862
15.883300863086193, 51.793968827154295
15.934208878673008, 51.799263511219976
15.985116894259823, 51.80455819528565
16.03602490984664, 51.809852879351325
16.08693292543345, 51.815147563417
16.13784094102027, 51.82044224748268
16.188748956607082, 51.825736931548356
16.239656972193895, 51.83103161561403
16.290564987780712, 51.83632629967971
16.341473003367526, 51.841620983745386
16.392381018954342, 51.84691566781106
16.443289034541156, 51.852210351876735
16.49419705012797, 51.85750503594242
16.545105065714786, 51.86279972000809
16.5960130813016, 51.868094404073766
16.646921096888413, 51.87338908813944
16.69782911247523, 51.87868377220512
16.748737128062043, 51.883978456270796
16.79964514364886, 51.88927314033647
16.850553159235673, 51.89456782440215
16.901461174822487, 51.89986250846783
16.952369190409303, 51.9051571925335
17.003277205996117, 51.910451876599176
17.054185221582934, 51.91574656066486
17.105093237169747, 51.92104124473053
17.15600125275656, 51.926335928796206
17.206909268343377, 51.93163061286189
17.25781728393019, 51.93692529692756
17.308725299517004, 51.94221998099324
17.35963331510382, 51.94751466505891
17.410541330690634, 51.95280934912459
17.46144934627745, 51.95810403319027
17.512357361864265, 51.96339871725594
17.563265377451078, 51.968693401321616
17.614173393037895, 51.9739880853873
17.665081408624708, 51.97928276945297
17.715989424211525, 51.98457745351865
17.76689743979834, 51.98987213758433
17.81780545538515, 51.99516682165
17.86871347097197, 52.00046150571568
17.919621486558782, 52.00575618978135
17.9705295021456, 52.01105087384703
18.021437517732412, 52.01634555791271
18.072345533319226, 52.02164024197838
18.123253548906042, 52.026934926044056
18.174161564492856, 52.03222961010974
18.22506958007967, 52.03752429417541
18.275977595666486, 52.04281897824109
18.3268856112533, 52.04811366230676
18.377793626840116, 52.05340834637244
18.42870164242693, 52.05870303043812
18.479609658013743, 52.06399771450379
18.53051767360056, 52.06929239856947
18.581425689187373, 52.07458708263515
18.63233370477419, 52.07988176670082
18.683241720361004, 52.0851764507665
18.734149735947817, 52.09047113483218
18.785057751534634, 52.09576581889785
18.835965767121447, 52.10106050296353
18.88687378270826, 52.1063551870292
18.937781798295077, 52.11164987109488
18.98868981388189, 52.11694455516056
19.039597829468708, 52.12223923922623
19.09050584505552, 52.127533923291914
19.141413860642334, 52.13282860735759
19.19232187622915, 52.13812329142326
19.243229891815965, 52.14341797548894
19.29413790740278, 52.14871265955462
19.345045922989595, 52.15400734362029
19.395953938576408, 52.15930202768597
19.446861954163225, 52.16459671175164
19.49776996975004, 52.169891395817324
19.54867798533685, 52.175186079883
19.59958600092367, 52.18048076394867
19.650494016510482, 52.185775448014354
19.7014020320973, 52.19107013208003
19.752310047684112, 52.1963648161457
19.803218063270926, 52.20165950021138
19.854126078857742, 52.20695418427706
19.905034094444556, 52.21224886834273
19.955942110031373, 52.21754355240841
20.006850125618186, 52.22283823647408
20.057758141205, 52.228132920539764
20.108666156791816, 52.23342760460544
20.15957417237863, 52.23872228867111
20.210482187965447, 52.244016972736794
20.26139020355226, 52.24931165680247
20.312298219139073, 52.25460634086814
20.36320623472589, 52.25990102493382
20.414114250312704, 52.2651957089995
20.465022265899517, 52.270490393065174
20.515930281486334, 52.27578507713085
20.566838297073147, 52.28107976119652
20.617746312659964, 52.286374445262204
20.668654328246777, 52.29166912932788
20.71956234383359, 52.29696381339355
20.770470359420408, 52.302258497459235
20.82137837500722, 52.30755318152491
20.872286390594038, 52.312847865590584
20.92319440618085, 52.31814254965626
20.974102421767665, 52.32343723372194
21.02501043735448, 52.328731917787614
21.075918452941295, 52.33402660185329
21.126826468528108, 52.33932128591896
21.177734484114925, 52.344615969984645
21.22864249970174, 52.34991065405032
21.279550515288555, 52.355205338115994
21.33045853087537, 52.360500022181675
21.381366546462182, 52.36579470624735
21.432274562049, 52.371089390313024
21.483182577635812, 52.3763840743787
21.53409059322263, 52.38167875844438
21.584998608809443, 52.386973442510055
21.635906624396256, 52.39226812657573
21.686814639983073, 52.3975628106414
21.737722655569886, 52.402857494707085
21.788630671156703, 52.40815217877276
21.839538686743516, 52.413446862838434
21.89044670233033, 52.418741546904116
21.941354717917147, 52.42403623096979
21.99226273350396, 52.429330915035464
22.043170749090773, 52.43462559910114
22.09407876467759, 52.43992028316682
22.144986780264404, 52.445214967232495
22.19589479585122, 52.45050965129817
22.246802811438034, 52.455804335363844
22.297710827024847, 52.461099019429525
22.348618842611664, 52.4663937034952
22.399526858198477, 52.471688387560874
22.450434873785294, 52.476983071626556
22.501342889372108, 52.48227775569223
22.55225090495892, 52.487572439757905
22.603158920545738, 52.49286712382358
22.65406693613255, 52.49816180788926
22.704974951719365, 52.503456491954935
22.75588296730618, 52.50875117602061
22.806790982892995, 52.514045860086284
22.857698998479812, 52.519340544151966
22.908607014066625, 52.52463522821764
22.95951502965344, 52.529929912283315
23.010423045240255, 52.535224596348996
23.06133106082707, 52.54051928041467
23.112239076413886, 52.545813964480345
23.1631470920007, 52.55110864854602
23.214055107587512, 52.5564033326117
23.26496312317433, 52.561698016677376
23.315871138761143, 52.56699270074305
23.36677915434796, 52.572287384808725
23.417687169934773, 52.577582068874406
23.468595185521586, 52.58287675294008
23.519503201108403, 52.588171437005755
23.570411216695216, 52.59346612107143
23.62131923228203, 52.59876080513711
23.672227247868847, 52.604055489202786
23.72313526345566, 52.60935017326846
23.774043279042477, 52.61464485733414
23.82495129462929, 52.619939541399816
23.875859310216104, 52.62523422546549
23.92676732580292, 52.630528909531165
23.977675341389734, 52.63582359359685
24.02858335697655, 52.64111827766252
24.079491372563364, 52.646412961728196
24.130399388150177, 52.65170764579388
24.181307403736994, 52.65700232985955
24.232215419323808, 52.662297013925226
24.28312343491062, 52.6675916979909
24.334031450497438, 52.67288638205658
24.38493946608425, 52.67818106612226
24.43584748167107, 52.68347575018793
24.48675549725788, 52.688770434253605
24.537663512844695, 52.69406511831929
24.588571528431512, 52.69935980238496
24.639479544018325, 52.704654486450636
24.690387559605142, 52.70994917051632
24.741295575191955, 52.71524385458199
24.79220359077877, 52.720538538647666
24.843111606365586, 52.72583322271334
24.8940196219524, 52.73112790677902
24.944927637539212, 52.7364225908447
24.99583565312603, 52.74171727491037
25.046743668712843, 52.747011958976046
25.09765168429966, 52.75230664304173
25.148559699886473, 52.7576013271074
25.199467715473286, 52.762896011173076
25.250375731060103, 52.76819069523876
25.301283746646916, 52.77348537930443
25.352191762233733, 52.77878006337011
25.403099777820547, 52.78407474743578
25.45400779340736, 52.78936943150146
25.504915808994177, 52.79466411556714
25.55582382458099, 52.79995879963281
25.606731840167807, 52.805253483698486
25.65763985575462, 52.81054816776417
25.708547871341434, 52.81584285182984
25.75945588692825, 52.82113753589552
25.810363902515064, 52.82643221996119
25.861271918101878, 52.83172690402687
25.912179933688694, 52.83702158809255
25.963087949275508, 52.84231627215822
26.013995964862325, 52.8476109562239
26.064903980449138, 52.85290564028958
26.11581199603595, 52.85820032435525
26.16672001162277, 52.86349500842093
26.21762802720958, 52.86878969248661
26.2685360427964, 52.87408437655228
26.319444058383212, 52.87937906061796
26.370352073970025, 52.88467374468363
26.421260089556842, 52.88996842874931
26.472168105143655, 52.89526311281499
26.52307612073047, 52.90055779688066
26.573984136317286, 52.90585248094634
26.6248921519041, 52.91114716501202
26.675800167490916, 52.91644184907769
26.72670818307773, 52.92173653314337
26.777616198664543, 52.92703121720905
26.82852421425136, 52.93232590127472
26.879432229838173, 52.9376205853404
26.93034024542499, 52.94291526940607
26.981248261011803, 52.94820995347175
27.032156276598617, 52.95350463753743
27.083064292185433, 52.9587993216031
27.133972307772247, 52.964094005668784
27.184880323359064, 52.96938868973446
27.235788338945877, 52.97468337380013
27.28669635453269, 52.97997805786581
27.337604370119507, 52.98527274193149
27.38851238570632, 52.99056742599716
27.439420401293134, 52.99586211006284
27.49032841687995, 53.00115679412851
27.541236432466764, 53.006451478194194
27.59214444805358, 53.01174616225987
27.643052463640394, 53.01704084632554
27.693960479227208, 53.02233553039122
27.744868494814025, 53.0276302144569
27.795776510400838, 53.03292489852257
27.846684525987655, 53.03821958258825
27.89759254157447, 53.04351426665393
27.94850055716128, 53.048808950719604
27.9994085727481, 53.05410363478528
28.050316588334912, 53.05939831885095
28.101224603921725, 53.064693002916634
28.152132619508542, 53.06998768698231
28.203040635095356, 53.07528237104798
28.253948650682172, 53.080577055113665
28.304856666268986, 53.08587173917934
28.3557646818558, 53.091166423245014
28.406672697442616, 53.09646110731069
28.45758071302943, 53.10175579137637
28.508488728616246, 53.107050475442044
28.55939674420306, 53.11234515950772
28.610304759789873, 53.11763984357339
28.66121277537669, 53.122934527639075
28.712120790963503, 53.12822921170475
28.763028806550317, 53.13352389577042
28.813936822137133, 53.138818579836105
28.864844837723947, 53.14411326390178
28.915752853310764, 53.149407947967454
28.966660868897577, 53.15470263203313
29.01756888448439, 53.15999731609881
29.068476900071207, 53.165292000164484
29.11938491565802, 53.17058668423016
29.170292931244838, 53.17588136829583
29.22120094683165, 53.181176052361515
29.272108962418464, 53.18647073642719
29.32301697800528, 53.191765420492864
29.373924993592095, 53.197060104558545
29.42483300917891, 53.20235478862422
29.475741024765725, 53.207649472689894
29.526649040352538, 53.21294415675557
29.577557055939355, 53.21823884082125
29.62846507152617, 53.223533524886925
29.67937308711298, 53.2288282089526
29.7302811026998, 53.234122893018274
29.781189118286612, 53.239417577083955
29.83209713387343, 53.24471226114963
29.883005149460242, 53.250006945215304
29.933913165047056, 53.25530162928098
29.984821180633872, 53.26059631334666
30.035729196220686, 53.265890997412335
30.086637211807503, 53.27118568147801
30.137545227394316, 53.27648036554369
30.18845324298113, 53.281775049609365
30.239361258567946, 53.28706973367504
30.29026927415476, 53.292364417740714
30.341177289741573, 53.297659101806396
30.39208530532839, 53.30295378587207
30.442993320915203, 53.308248469937745
30.49390133650202, 53.313543154003426
30.544809352088834, 53.3188378380691
30.595717367675647, 53.324132522134775
30.646625383262464, 53.32942720620045
30.697533398849277, 53.33472189026613
30.748441414436094, 53.340016574331806
30.799349430022907, 53.34531125839748
30.85025744560972, 53.350605942463154
30.901165461196538, 53.355900626528836
30.95207347678335, 53.36119531059451
31.002981492370168, 53.366489994660185
31.05388950795698, 53.37178467872586
31.104797523543795, 53.37707936279154
31.15570553913061, 53.382374046857215
31.206613554717425, 53.38766873092289
31.257521570304238, 53.39296341498857
31.308429585891055, 53.398258099054246
31.35933760147787, 53.40355278311992
31.410245617064685, 53.408847467185595
31.4611536326515, 53.414142151251276
31.512061648238312, 53.41943683531695
31.56296966382513, 53.424731519382625
31.613877679411942, 53.43002620344831
31.66478569499876, 53.43532088751398
31.715693710585573, 53.440615571579656
31.766601726172386, 53.44591025564533
31.817509741759203, 53.45120493971101
31.868417757346016, 53.456499623776686
31.91932577293283, 53.46179430784236
31.970233788519646, 53.467088991908035
32.02114180410646, 53.47238367597372
32.07204981969328, 53.47767836003939
32.12295783528009, 53.482973044105066
32.1738658508669, 53.48826772817074
32.22477386645372, 53.49356241223642
32.27568188204054, 53.498857096302096
32.32658989762735, 53.50415178036777
32.377497913214164, 53.50944646443345
32.42840592880098, 53.51474114849913
32.47931394438779, 53.5200358325648
32.53022195997461, 53.525330516630476
32.581129975561424, 53.53062520069616
32.63203799114824, 53.53591988476183
32.68294600673505, 53.541214568827506
32.733854022321864, 53.54650925289318
32.784762037908685, 53.55180393695886
32.8356700534955, 53.55709862102454
32.88657806908231, 53.56239330509021
32.937486084669125, 53.56768798915589
32.98839410025594, 53.57298267322157
33.03930211584275, 53.57827735728724
33.09021013142957, 53.583572041352916
33.141118147016385, 53.5888667254186
33.1920261626032, 53.59416140948427
33.24293417819001, 53.599456093549946
33.293842193776825, 53.60475077761562
33.344750209363646, 53.6100454616813
33.39565822495046, 53.61534014574698
33.44656624053727, 53.62063482981265
33.497474256124086, 53.62592951387833
33.5483822717109, 53.63122419794401
33.59929028729772, 53.63651888200968
33.65019830288453, 53.641813566075356
33.701106318471346, 53.64710825014104
33.75201433405816, 53.65240293420671
33.80292234964497, 53.65769761827239
33.853830365231794, 53.66299230233807
33.90473838081861, 53.66828698640374
33.95564639640542, 53.67358167046942
34.006554411992234, 53.67887635453509
34.05746242757905, 53.684171038600766
34.10837044316587, 53.68946572266645
34.15927845875268, 53.69476040673212
34.210186474339494, 53.7000550907978
34.26109448992631, 53.70534977486348
34.31200250551312, 53.71064445892915
34.36291052109994, 53.71593914299483
34.413818536686755, 53.7212338270605
34.46472655227357, 53.72652851112618
34.51563456786038, 53.73182319519186
34.566542583447195, 53.73711787925753
34.61745059903401, 53.742412563323214
34.66835861462083, 53.74770724738889
34.71926663020764, 53.75300193145456
34.770174645794455, 53.75829661552024
34.82108266138127, 53.76359129958592
34.87199067696808, 53.76888598365159
34.9228986925549, 53.77418066771727
34.973806708141716, 53.77947535178294
35.02471472372853, 53.784770035848624
35.07562273931534, 53.7900647199143
35.126530754902156, 53.79535940397997
35.177438770488976, 53.800654088045654
35.22834678607579, 53.80594877211133
35.2792548016626, 53.811243456177
35.330162817249416, 53.81653814024268
35.38107083283623, 53.82183282430836
35.43197884842305, 53.82712750837403
35.48288686400986, 53.83242219243971
35.53379487959668, 53.83771687650538
35.58470289518349, 53.843011560571064
35.6356109107703, 53.84830624463674
35.686518926357124, 53.85360092870241
35.73742694194394, 53.858895612768094
35.78833495753075, 53.86419029683377
35.839242973117564, 53.86948498089944
35.89015098870438, 53.87477966496512
35.9410590042912, 53.8800743490308
35.99196701987801, 53.885369033096474
36.042875035464824, 53.89066371716215
36.09378305105164, 53.89595840122782
36.14469106663845, 53.901253085293504
36.195599082225264, 53.90654776935918
36.246507097812085, 53.91184245342485
36.2974151133989, 53.917137137490535
36.34832312898571, 53.92243182155621
36.399231144572525, 53.927726505621884
36.45013916015934, 53.93302118968756
36.50104717574616, 53.93831587375324
36.55195519133297, 53.943610557818914
36.602863206919785, 53.94890524188459
36.6537712225066, 53.95419992595026
36.70467923809341, 53.959494610015945
36.75558725368023, 53.96478929408162
36.806495269267046, 53.970083978147294
36.85740328485386, 53.975378662212975
36.90831130044067, 53.98067334627865
36.959219316027486, 53.8904145408814
37.01012733161431, 53.75783950411378
37.06103534720112, 53.62526446734617
37.11194336278793, 53.492689430578565
37.16285137837475, 53.36011439381096
37.21375939396156, 53.227539357043355
37.26466740954838, 53.09496432027573
37.315575425135194, 52.962389283508124
37.36648344072201, 52.82981424674052
37.41739145630882, 52.69723920997291
37.468299471895634, 52.56466417320531
37.519207487482454, 52.43208913643768
37.57011550306927, 52.29951409967008
37.62102351865608, 52.16693906290247
37.671931534242894, 52.03436402613487
37.72283954982971, 51.90178898936726
37.77374756541652, 51.76921395259966
37.82465558100334, 51.63663891583203
37.875563596590155, 51.504063879064425
37.92647161217697, 51.37148884229682
37.97737962776378, 51.238913805529215
38.028287643350595, 51.10633876876161
38.079195658937415, 50.973763731993984
38.13010367452423, 50.84118869522638
38.18101169011104, 50.70861365845877
38.231919705697855, 50.57603862169117
38.28282772128467, 50.44346358492356
38.33373573687149, 50.31088854815594
38.3846437524583, 50.17831351138833
38.435551768045116, 50.04573847462073
38.48645978363193, 49.91316343785312
38.53736779921874, 49.78058840108551
38.58827581480556, 49.64801336431789
38.639183830392376, 49.515438327550285
38.69009184597919, 49.38286329078268
38.740999861566, 49.250288254015075
38.791907877152816, 49.11771321724746
38.84281589273964, 48.985138180479844
38.89372390832645, 48.85256314371224
38.94463192391326, 48.719988106944626
38.99553993950008, 48.58741307017702
39.04644795508689, 48.454838033409416
39.0973559706737, 48.32226299664181
39.148263986260524, 48.18968795987419
39.19917200184734, 48.05711292310658
39.25008001743415, 47.924537886338975
39.300988033020964, 47.79196284957137
39.35189604860778, 47.659387812803764
39.4028040641946, 47.52681277603614
39.45371207978141, 47.39423773926853
39.504620095368224, 47.26166270250093
39.55552811095504, 47.12908766573332
39.60643612654185, 46.99651262896572
39.65734414212867, 46.86393759219809
39.708252157715485, 46.731362555430486
39.7591601733023, 46.59878751866288
39.81006818888911, 46.466212481895276
39.860976204475925, 46.33363744512767
39.911884220062745, 46.201062408360045
39.96279223564956, 46.06848737159244
40.01370025123637, 45.935912334824835
40.064608266823186, 45.80333729805723
40.11551628241, 45.670762261289624
40.16642429799682, 45.538187224522
40.21733231358363, 45.40561218775439
40.268240329170446, 45.27303715098679
40.31914834475726, 45.14046211421918
40.37005636034407, 45.00788707745158
40.42096437593089, 44.87531204068395
40.47187239151771, 44.742737003916346
40.52278040710452, 44.61016196714874
40.57368842269133, 44.477586930381136
40.62459643827815, 44.34501189361353
40.67550445386496, 44.212436856845926
40.72641246945178, 44.0798618200783
40.777320485038594, 43.94728678331069
40.82822850062541, 43.81471174654308
40.87913651621222, 43.68213670977548
40.930044531799034, 43.54956167300787
40.980952547385854, 43.41698663624025
41.03186056297267, 43.28441159947265
41.08276857855948, 43.15183656270504
41.133676594146294, 43.01926152593743
41.18458460973311, 42.886686489169826
41.23549262531993, 42.7541114524022
41.28640064090674, 42.621536415634594
41.337308656493555, 42.48896137886699
41.38821667208037, 42.356386342099384
41.43912468766718, 42.22381130533178
41.490032703254, 42.09123626856416
41.540940718840815, 41.95866123179655
41.59184873442763, 41.82608619502894
41.64275675001444, 41.69351115826134
41.693664765601255, 41.56093612149373
41.744572781188076, 41.428361084726106
41.79548079677489, 41.2957860479585
41.8463888123617, 41.163211011190896
41.897296827948516, 41.03063597442329
41.94820484353533, 40.898060937655686
41.99911285912215, 40.76548590088806
42.05002087470896, 40.632910864120454
42.100928890295776, 40.50033582735285
42.15183690588259, 40.367760790585244
42.2027449214694, 40.23518575381764
42.253652937056216, 40.102610717050034
42.30456095264304, 39.97003568028241
42.35546896822985, 39.8374606435148
42.40637698381666, 39.7048856067472
42.45728499940348, 39.57231056997959
42.50819301499029, 39.43973553321199
42.55910103057711, 39.30716049644436
42.610009046163924, 39.174585459676756
42.66091706175074, 39.04201042290915
42.71182507733755, 38.90943538614154
42.762733092924364, 38.77686034937393
42.813641108511185, 38.644285312606314
42.864549124098, 38.51171027583871
42.91545713968481, 38.379135239071104
42.966365155271625, 38.2465602023035
43.01727317085844, 38.11398516553589
43.06818118644526, 37.98141012876826
43.11908920203207, 37.848835092000655
43.169997217618885, 37.71626005523305
43.2209052332057, 37.583685018465445
43.27181324879251, 37.45110998169784
43.32272126437933, 37.31853494493022
43.373629279966146, 37.185959908162616
43.42453729555296, 37.05338487139501
43.47544531113977, 36.9208098346274
43.526353326726586, 36.78823479785979
43.577261342313406, 36.65565976109217
43.62816935790022, 36.52308472432456
43.67907737348703, 36.39050968755696
43.729985389073846, 36.25793465078935
43.78089340466066, 36.12535961402175
43.83180142024747, 35.99278457725414
43.88270943583429, 35.860209540486515
43.93361745142111, 35.72763450371891
43.98452546700792, 35.595059466951305
44.03543348259473, 35.4624844301837
44.08634149818155, 35.329909393416095
44.13724951376837, 35.19733435664847
44.18815752935518, 35.064759319880864
44.239065544941994, 34.93218428311326
44.28997356052881, 34.79960924634565
44.34088157611562, 34.66703420957805
44.39178959170244, 34.53445917281042
44.442697607289254, 34.40188413604282
44.49360562287607, 34.26930909927521
44.54451363846288, 34.1367340625076
44.595421654049694, 34.004159025739995
44.646329669636515, 33.871583988972375
44.69723768522333, 33.73900895220477
44.74814570081014, 33.606433915437165
44.799053716396955, 33.47385887866956
44.84996173198377, 33.341283841901955
44.90086974757059, 33.20870880513433
44.9517777631574, 33.07613376836672
45.002685778744215, 32.94355873159911
45.05359379433103, 32.810983694831506
45.10450180991784, 32.6784086580639
45.15540982550466, 32.54583362129628
45.206317841091476, 32.41325858452868
45.25722585667829, 32.28068354776107
45.3081338722651, 32.14810851099347
45.359041887851916, 32.01553347422586
45.40994990343873, 31.88295843745825
45.46085791902555, 31.750383400690627
45.51176593461236, 31.61780836392302
45.562673950199176, 31.485233327155417
45.61358196578599, 31.352658290387808
45.6644899813728, 31.220083253620203
45.715397996959624, 31.08750821685258
45.76630601254644, 30.954933180084975
45.81721402813325, 30.822358143317366
45.868122043720064, 30.68978310654976
45.91903005930688, 30.557208069782156
45.9699380748937, 30.42463303301453
46.02084609048051, 30.292057996246925
46.071754106067324, 30.15948295947932
46.12266212165414, 30.026907922711715
46.17357013724095, 29.89433288594411
46.22447815282777, 29.761757849176483
46.275386168414585, 29.629182812408878
46.3262941840014, 29.496607775641273
46.37720219958821, 29.364032738873668
46.428110215175025, 29.23145770210606
46.479018230761845, 29.098882665338436
46.52992624634866, 28.96630762857083
46.58083426193547, 28.833732591803226
46.631742277522285, 28.701157555035618
46.6826502931091, 28.568582518268013
46.73355830869592, 28.43600748150039
46.78446632428273, 28.303432444732785
46.835374339869546, 28.170857407965176
46.88628235545636, 28.03828237119757
46.93719037104317, 27.905707334429966
46.988098386629986, 27.77313229766236
47.039006402216806, 27.640557260894735
47.08991441780362, 27.50798222412713
47.14082243339043, 27.375407187359524
47.191730448977246, 27.24283215059192
47.24263846456406, 27.110257113824314
47.29354648015088, 26.977682077056688
47.34445449573769, 26.845107040289083
47.39536251132451, 26.712532003521478
47.44627052691132, 26.579956966753873
47.49717854249813, 26.447381929986264
47.548086558084954, 26.31480689321864
47.59899457367177, 26.182231856451036
47.64990258925858, 26.04965681968343
47.700810604845394, 25.917081782915822
47.75171862043221, 25.784506746148217
47.80262663601903, 25.651931709380595
47.85353465160584, 25.51935667261299
47.904442667192654, 25.38678163584538
47.95535068277947, 25.254206599077776
48.00625869836628, 25.12163156231017
48.0571667139531, 24.989056525542548
48.108074729539915, 24.85648148877494
48.15898274512673, 24.723906452007334
48.20989076071354, 24.59133141523973
48.260798776300355, 24.458756378472124
48.31170679188717, 24.32618134170452
48.36261480747399, 24.193606304936893
48.4135228230608, 24.061031268169288
48.464430838647615, 23.928456231401682
48.51533885423443, 23.795881194634077
48.56624686982124, 23.66330615786647
48.61715488540806, 23.530731121098846
48.668062900994876, 23.39815608433124
48.71897091658169, 23.265581047563636
48.7698789321685, 23.133006010796027
48.820786947755316, 23.000430974028422
48.87169496334214, 22.8678559372608
48.92260297892895, 22.735280900493194
48.97351099451576, 22.602705863725586
49.02441901010258, 22.47013082695798
49.07532702568939, 22.337555790190375
49.12623504127621, 22.20498075342275
49.177143056863024, 22.072405716655144
49.22805107244984, 21.939830679887542
49.27895908803665, 21.80725564311993
49.329867103623464, 21.674680606352325
49.380775119210284, 21.542105569584706
49.4316831347971, 21.4095305328171
49.48259115038391, 21.27695549604949
49.533499165970724, 21.144380459281884
49.58440718155754, 21.01180542251428
49.63531519714436, 20.87923038574666
49.68622321273117, 20.746655348979047
49.737131228317985, 20.614080312211442
49.7880392439048, 20.481505275443837
49.83894725949161, 20.348930238676232
49.889855275078425, 20.216355201908627
49.940763290665245, 20.083780165141
49.99167130625206, 19.951205128373395
50.04257932183887, 19.81863009160579
50.093487337425685, 19.686055054838185
50.1443953530125, 19.55348001807058
50.19530336859932, 19.420904981302954
50.24621138418613, 19.28832994453535
50.297119399772946, 19.155754907767744
50.34802741535976, 19.02317987100014
50.39893543094657, 18.890604834232533
50.44984344653339, 18.758029797464907
50.500751462120206, 18.625454760697302
50.55165947770702, 18.492879723929697
50.60256749329383, 18.360304687162092
50.653475508880646, 18.227729650394487
50.70438352446747, 18.09515461362686
50.75529154005428, 17.962579576859255
50.80619955564109, 17.83000454009165
50.85710757122791, 17.697429503324045
