Parameters: [51.80133548627724, 15.506730669133258, 6.098004704551295, 39.87710369352318, 3.7556112034098397, -0.1973314788313633, -3.4273048150981658]
Points:
0.0, 15.506730669133258
0.05185318867495219, 15.701471085453433
0.10370637734990439, 15.896211501773607
0.15555956602485657, 16.090951918093783
0.20741275469980877, 16.285692334413955
0.25926594337476094, 16.48043275073413
0.31111913204971314, 16.675173167054307
0.36297232072466534, 16.86991358337448
0.41482550939961754, 17.064653999694656
0.46667869807456974, 17.259394416014832
0.5185318867495219, 17.454134832335004
0.5703850754244741, 17.64887524865518
0.6222382640994263, 17.843615664975353
0.6740914527743785, 18.03835608129553
0.7259446414493307, 18.233096497615705
0.7777978301242829, 18.427836913935877
0.8296510187992351, 18.622577330256053
0.8815042074741872, 18.81731774657623
0.9333573961491395, 19.012058162896402
0.9852105848240916, 19.206798579216578
1.0370637734990438, 19.40153899553675
1.088916962173996, 19.596279411856926
1.1407701508489483, 19.791019828177102
1.1926233395239005, 19.985760244497275
1.2444765281988526, 20.18050066081745
1.2963297168738048, 20.375241077137623
1.348182905548757, 20.5699814934578
1.4000360942237091, 20.764721909777975
1.4518892828986614, 20.959462326098148
1.5037424715736136, 21.154202742418324
1.5555956602485659, 21.3489431587385
1.607448848923518, 21.543683575058672
1.6593020375984702, 21.73842399137885
1.7111552262734224, 21.933164407699024
1.7630084149483745, 22.127904824019197
1.8148616036233267, 22.322645240339373
1.866714792298279, 22.517385656659545
1.9185679809732312, 22.71212607297972
1.9704211696481833, 22.906866489299894
2.0222743583231355, 23.10160690562007
2.0741275469980875, 23.296347321940246
2.12598073567304, 23.49108773826042
2.177833924347992, 23.685828154580594
2.229687113022944, 23.88056857090077
2.2815403016978966, 24.075308987220943
2.3333934903728486, 24.27004940354112
2.385246679047801, 24.464789819861295
2.437099867722753, 24.659530236181467
2.488953056397705, 24.85427065250164
2.5408062450726576, 25.04901106882182
2.5926594337476097, 25.243751485141992
2.6445126224225617, 25.438491901462164
2.696365811097514, 25.633232317782344
2.748218999772466, 25.827972734102516
2.8000721884474182, 26.02271315042269
2.8519253771223707, 26.217453566742865
2.9037785657973227, 26.41219398306304
2.9556317544722748, 26.606934399383213
3.0074849431472273, 26.80167481570339
3.0593381318221793, 26.996415232023566
3.1111913204971318, 27.191155648343738
3.163044509172084, 27.385896064663914
3.214897697847036, 27.58063648098409
3.2667508865219883, 27.775376897304263
3.3186040751969403, 27.970117313624435
3.3704572638718924, 28.16485772994461
3.422310452546845, 28.359598146264787
3.474163641221797, 28.55433856258496
3.526016829896749, 28.749078978905136
3.5778700185717014, 28.94381939522531
3.6297232072466534, 29.138559811545484
3.681576395921606, 29.333300227865664
3.733429584596558, 29.528040644185836
3.78528277327151, 29.72278106050601
3.8371359619464624, 29.917521476826185
3.8889891506214145, 30.11226189314636
3.9408423392963665, 30.307002309466533
3.992695527971319, 30.50174272578671
4.044548716646271, 30.696483142106885
4.0964019053212235, 30.891223558427058
4.148255093996175, 31.08596397474723
4.200108282671128, 31.280704391067406
4.25196147134608, 31.475444807387582
4.303814660021032, 31.670185223707755
4.355667848695984, 31.86492564002793
4.407521037370937, 32.05966605634811
4.459374226045888, 32.25440647266828
4.511227414720841, 32.44914688898845
4.563080603395793, 32.64388730530863
4.614933792070745, 32.838627721628804
4.666786980745697, 33.03336813794898
4.71864016942065, 33.228108554269156
4.770493358095602, 33.42284897058933
4.822346546770554, 33.6175893869095
4.874199735445506, 33.81232980322967
4.926052924120459, 34.00707021954985
4.97790611279541, 34.201810635870025
5.029759301470363, 34.396551052190205
5.081612490145315, 34.59129146851038
5.133465678820267, 34.78603188483055
5.185318867495219, 34.98077230115072
5.237172056170172, 35.1755127174709
5.289025244845123, 35.370253133791074
5.340878433520076, 35.564993550111254
5.392731622195028, 35.759733966431426
5.44458481086998, 35.9544743827516
5.496437999544932, 36.14921479907177
5.548291188219885, 36.34395521539195
5.6001443768948365, 36.53869563171212
5.651997565569789, 36.7334360480323
5.703850754244741, 36.928176464352475
5.755703942919693, 37.12291688067265
5.8075571315946455, 37.31765729699282
5.859410320269598, 37.51239771331299
5.9112635089445495, 37.707138129633165
5.963116697619502, 37.901878545953345
6.0149698862944545, 38.096618962273524
6.066823074969407, 38.2913593785937
6.118676263644359, 38.40438630666643
6.170529452319311, 38.39415404026308
6.2223826409942635, 38.38392177385973
6.274235829669215, 38.37368950745638
6.326089018344168, 38.363457241053034
6.37794220701912, 38.353224974649684
6.429795395694072, 38.34299270824633
6.481648584369024, 38.33276044184298
6.533501773043977, 38.32252817543963
6.585354961718928, 38.31229590903628
6.637208150393881, 38.30206364263293
6.689061339068833, 38.29183137622958
6.740914527743785, 38.28159910982623
6.792767716418737, 38.27136684342288
6.84462090509369, 38.26113457701953
6.896474093768641, 38.25090231061618
6.948327282443594, 38.240670044212834
7.000180471118546, 38.23043777780948
7.052033659793498, 38.22020551140613
7.10388684846845, 38.20997324500278
7.155740037143403, 38.19974097859943
7.207593225818354, 38.18950871219608
7.259446414493307, 38.17927644579273
7.311299603168259, 38.16904417938938
7.363152791843212, 38.15881191298603
7.415005980518163, 38.14857964658268
7.466859169193116, 38.13834738017933
7.518712357868068, 38.12811511377598
7.57056554654302, 38.117882847372634
7.622418735217972, 38.10765058096928
7.674271923892925, 38.09741831456593
7.7261251125678765, 38.08718604816258
7.777978301242829, 38.07695378175923
7.829831489917781, 38.06672151535588
7.881684678592733, 38.05648924895253
7.9335378672676855, 38.04625698254918
7.985391055942638, 38.03602471614583
8.03724424461759, 38.02579244974248
8.089097433292542, 38.01556018333913
8.140950621967495, 38.005327916935784
8.192803810642447, 37.99509565053243
8.2446569993174, 37.98486338412908
8.29651018799235, 37.97463111772573
8.348363376667303, 37.96439885132238
8.400216565342255, 37.95416658491903
8.452069754017208, 37.94393431851568
8.50392294269216, 37.93370205211233
8.555776131367113, 37.92346978570898
8.607629320042063, 37.91323751930563
8.659482508717016, 37.90300525290228
8.711335697391968, 37.89277298649893
8.76318888606692, 37.882540720095584
8.815042074741873, 37.87230845369223
8.866895263416826, 37.86207618728888
8.918748452091776, 37.85184392088553
8.970601640766729, 37.84161165448218
9.022454829441681, 37.83137938807883
9.074308018116634, 37.82114712167548
9.126161206791586, 37.81091485527213
9.178014395466539, 37.80068258886878
9.22986758414149, 37.79045032246543
9.281720772816442, 37.78021805606208
9.333573961491394, 37.76998578965873
9.385427150166347, 37.759753523255384
9.4372803388413, 37.74952125685203
9.489133527516252, 37.73928899044868
9.540986716191204, 37.72905672404533
9.592839904866155, 37.71882445764198
9.644693093541107, 37.70859219123863
9.69654628221606, 37.69835992483528
9.748399470891012, 37.68812765843193
9.800252659565965, 37.67789539202858
9.852105848240917, 37.66766312562523
9.903959036915868, 37.65743085922188
9.95581222559082, 37.64719859281853
10.007665414265773, 37.63696632641518
10.059518602940726, 37.62673406001183
10.111371791615678, 37.61650179360848
10.16322498029063, 37.60626952720513
10.215078168965581, 37.59603726080178
10.266931357640534, 37.58580499439843
10.318784546315486, 37.57557272799508
10.370637734990439, 37.56534046159173
10.422490923665391, 37.55510819518838
10.474344112340344, 37.54487592878503
10.526197301015294, 37.53464366238168
10.578050489690247, 37.52441139597833
10.6299036783652, 37.51417912957498
10.681756867040152, 37.50394686317163
10.733610055715104, 37.49371459676828
10.785463244390057, 37.48348233036493
10.83731643306501, 37.47325006396158
10.88916962173996, 37.46301779755823
10.941022810414912, 37.45278553115488
10.992875999089865, 37.44255326475153
11.044729187764817, 37.43232099834818
11.09658237643977, 37.42208873194483
11.148435565114722, 37.41185646554148
11.200288753789673, 37.401624199138126
11.252141942464625, 37.39139193273478
11.303995131139578, 37.38115966633143
11.35584831981453, 37.37092739992808
11.407701508489483, 37.36069513352473
11.459554697164435, 37.35046286712138
11.511407885839386, 37.34023060071803
11.563261074514338, 37.32999833431468
11.615114263189291, 37.31976606791133
11.666967451864243, 37.30953380150798
11.718820640539196, 37.29930153510463
11.770673829214148, 37.28906926870128
11.822527017889099, 37.27883700229793
11.874380206564052, 37.26860473589458
11.926233395239004, 37.25837246949123
11.978086583913957, 37.24814020308788
12.029939772588909, 37.23790793668453
12.081792961263861, 37.22767567028118
12.133646149938814, 37.21744340387783
12.185499338613765, 37.20721113747448
12.237352527288717, 37.19697887107113
12.28920571596367, 37.18674660466778
12.341058904638622, 37.17651433826443
12.392912093313575, 37.166282071861076
12.444765281988527, 37.15604980545773
12.496618470663478, 37.14581753905438
12.54847165933843, 37.13558527265103
12.600324848013383, 37.12535300624768
12.652178036688335, 37.11512073984433
12.704031225363288, 37.10488847344098
12.75588441403824, 37.09465620703763
12.80773760271319, 37.08442394063428
12.859590791388143, 37.07419167423093
12.911443980063096, 37.06395940782758
12.963297168738048, 37.05372714142423
13.015150357413, 37.043494875020876
13.067003546087953, 37.03326260861753
13.118856734762904, 37.02303034221418
13.170709923437856, 37.01279807581083
13.222563112112809, 37.00256580940748
13.274416300787761, 36.99233354300413
13.326269489462714, 36.98210127660078
13.378122678137666, 36.97186901019743
13.429975866812619, 36.96163674379408
13.48182905548757, 36.95140447739073
13.533682244162522, 36.94117221098738
13.585535432837474, 36.930939944584026
13.637388621512427, 36.920707678180676
13.68924181018738, 36.91047541177733
13.741094998862332, 36.90024314537398
13.792948187537283, 36.89001087897063
13.844801376212235, 36.87977861256728
13.896654564887188, 36.86954634616393
13.94850775356214, 36.85931407976058
14.000360942237092, 36.84908181335723
14.052214130912045, 36.83884954695388
14.104067319586996, 36.82861728055053
14.155920508261948, 36.81838501414718
14.2077736969369, 36.808152747743826
14.259626885611853, 36.797920481340476
14.311480074286806, 36.78768821493713
14.363333262961758, 36.77745594853378
14.415186451636709, 36.76722368213043
14.467039640311661, 36.75699141572708
14.518892828986614, 36.74675914932373
14.570746017661566, 36.73652688292038
14.622599206336519, 36.72629461651703
14.674452395011471, 36.71606235011368
14.726305583686424, 36.70583008371033
14.778158772361374, 36.695597817306975
14.830011961036327, 36.685365550903626
14.88186514971128, 36.675133284500276
14.933718338386232, 36.66490101809693
14.985571527061184, 36.65466875169358
15.037424715736137, 36.64443648529023
15.089277904411087, 36.63420421888688
15.14113109308604, 36.62397195248353
15.192984281760992, 36.61373968608018
15.244837470435945, 36.60350741967683
15.296690659110897, 36.59327515327348
15.34854384778585, 36.58304288687013
15.4003970364608, 36.572810620466775
15.452250225135753, 36.562578354063426
15.504103413810705, 36.55234608766008
15.555956602485658, 36.54211382125673
15.60780979116061, 36.53188155485338
15.659662979835563, 36.52164928845003
15.711516168510514, 36.51141702204668
15.763369357185466, 36.50118475564333
15.815222545860419, 36.49095248923998
15.867075734535371, 36.48072022283663
15.918928923210323, 36.47048795643328
15.970782111885276, 36.460255690029925
16.02263530056023, 36.450023423626575
16.07448848923518, 36.439791157223226
16.126341677910133, 36.42955889081988
16.178194866585084, 36.41932662441653
16.230048055260035, 36.40909435801318
16.28190124393499, 36.39886209160983
16.33375443260994, 36.38862982520648
16.385607621284894, 36.37839755880313
16.437460809959845, 36.36816529239978
16.4893139986348, 36.35793302599643
16.54116718730975, 36.34770075959308
16.5930203759847, 36.33746849318973
16.644873564659655, 36.327236226786376
16.696726753334605, 36.317003960383026
16.74857994200956, 36.30677169397968
16.80043313068451, 36.29653942757633
16.85228631935946, 36.28630716117298
16.904139508034415, 36.27607489476963
16.955992696709366, 36.26584262836628
17.00784588538432, 36.25561036196293
17.05969907405927, 36.24537809555958
17.111552262734225, 36.23514582915623
17.163405451409176, 36.224913562752874
17.215258640084127, 36.214681296349525
17.26711182875908, 36.204449029946176
17.31896501743403, 36.194216763542826
17.370818206108986, 36.18398449713948
17.422671394783936, 36.17375223073613
17.47452458345889, 36.16351996433278
17.52637777213384, 36.15328769792943
17.578230960808792, 36.14305543152608
17.630084149483746, 36.13282316512273
17.681937338158697, 36.12259089871938
17.73379052683365, 36.11235863231603
17.785643715508602, 36.102126365912675
17.837496904183553, 36.091894099509325
17.889350092858507, 36.081661833105976
17.941203281533458, 36.071429566702626
17.993056470208412, 36.06119730029928
18.044909658883363, 36.05096503389593
18.096762847558317, 36.04073276749258
18.148616036233268, 36.03050050108923
18.20046922490822, 36.02026823468588
18.252322413583173, 36.01003596828253
18.304175602258123, 35.99980370187918
18.356028790933077, 35.989571435475824
18.407881979608028, 35.979339169072475
18.45973516828298, 35.969106902669125
18.511588356957933, 35.958874636265776
18.563441545632884, 35.94864236986243
18.615294734307838, 35.93841010345908
18.66714792298279, 35.92817783705573
18.719001111657743, 35.91794557065238
18.770854300332694, 35.90771330424903
18.822707489007644, 35.89748103784568
18.8745606776826, 35.88724877144233
18.92641386635755, 35.87701650503898
18.978267055032504, 35.866784238635624
19.030120243707454, 35.856551972232275
19.08197343238241, 35.846319705828925
19.13382662105736, 35.836087439425576
19.18567980973231, 35.82585517302223
19.237532998407264, 35.81562290661888
19.289386187082215, 35.80539064021553
19.34123937575717, 35.79515837381218
19.39309256443212, 35.78492610740883
19.44494575310707, 35.77469384100548
19.496798941782025, 35.76446157460213
19.548652130456976, 35.75422930819878
19.60050531913193, 35.743997041795424
19.65235850780688, 35.733764775392075
19.704211696481835, 35.723532508988725
19.756064885156785, 35.713300242585376
19.807918073831736, 35.70306797618203
19.85977126250669, 35.69283570977868
19.91162445118164, 35.68260344337533
19.963477639856595, 35.67237117697198
20.015330828531546, 35.66213891056863
20.0671840172065, 35.65190664416528
20.11903720588145, 35.64167437776193
20.1708903945564, 35.63144211135858
20.222743583231356, 35.621209844955224
20.274596771906307, 35.610977578551875
20.32644996058126, 35.600745312148526
20.37830314925621, 35.590513045745176
20.430156337931162, 35.58028077934183
20.482009526606117, 35.57004851293848
20.533862715281067, 35.55981624653513
20.58571590395602, 35.54958398013178
20.637569092630972, 35.53935171372843
20.689422281305927, 35.52911944732508
20.741275469980877, 35.51888718092172
20.793128658655828, 35.508654914518374
20.844981847330782, 35.498422648115024
20.896835036005733, 35.488190381711675
20.948688224680687, 35.477958115308326
21.000541413355638, 35.467725848904976
21.05239460203059, 35.45749358250163
21.104247790705543, 35.44726131609828
21.156100979380493, 35.43702904969493
21.207954168055448, 35.42679678329158
21.2598073567304, 35.41656451688823
21.311660545405353, 35.40633225048488
21.363513734080303, 35.39609998408152
21.415366922755254, 35.385867717678174
21.46722011143021, 35.375635451274825
21.51907330010516, 35.365403184871475
21.570926488780113, 35.355170918468126
21.622779677455064, 35.344938652064776
21.67463286613002, 35.33470638566143
21.72648605480497, 35.32447411925808
21.77833924347992, 35.31424185285473
21.830192432154874, 35.30400958645138
21.882045620829825, 35.29377732004803
21.93389880950478, 35.28354505364467
21.98575199817973, 35.27331278724132
22.03760518685468, 35.263080520837974
22.089458375529635, 35.252848254434625
22.141311564204585, 35.242615988031275
22.19316475287954, 35.232383721627926
22.24501794155449, 35.22215145522458
22.296871130229444, 35.21191918882123
22.348724318904395, 35.20168692241788
22.400577507579346, 35.19145465601453
22.4524306962543, 35.18122238961118
22.50428388492925, 35.17099012320783
22.556137073604205, 35.16075785680447
22.607990262279156, 35.150525590401124
22.65984345095411, 35.140293323997774
22.71169663962906, 35.130061057594425
22.76354982830401, 35.119828791191075
22.815403016978966, 35.109596524787726
22.867256205653916, 35.09936425838438
22.91910939432887, 35.08913199198103
22.97096258300382, 35.07889972557768
23.022815771678772, 35.06866745917433
23.074668960353726, 35.05843519277098
23.126522149028677, 35.04820292636763
23.17837533770363, 35.03797065996427
23.230228526378582, 35.027738393560924
23.282081715053536, 35.017506127157574
23.333934903728487, 35.007273860754225
23.385788092403438, 34.997041594350875
23.437641281078392, 34.986809327947526
23.489494469753343, 34.97657706154418
23.541347658428297, 34.96634479514083
23.593200847103247, 34.95611252873748
23.645054035778198, 34.94588026233413
23.696907224453152, 34.93564799593078
23.748760413128103, 34.92541572952742
23.800613601803057, 34.91518346312407
23.852466790478008, 34.904951196720724
23.904319979152962, 34.894718930317374
23.956173167827913, 34.884486663914025
24.008026356502864, 34.874254397510676
24.059879545177818, 34.864022131107326
24.11173273385277, 34.85378986470398
24.163585922527723, 34.84355759830063
24.215439111202674, 34.83332533189728
24.267292299877628, 34.82309306549393
24.31914548855258, 34.81286079909057
24.37099867722753, 34.80262853268722
24.422851865902484, 34.79239626628387
24.474705054577434, 34.782163999880524
24.52655824325239, 34.771931733477174
24.57841143192734, 34.761699467073825
24.63026462060229, 34.751467200670476
24.682117809277244, 34.741234934267126
24.733970997952195, 34.73100266786378
24.78582418662715, 34.72077040146043
24.8376773753021, 34.71053813505708
24.889530563977054, 34.70030586865373
24.941383752652005, 34.69007360225038
24.993236941326956, 34.67984133584702
25.04509013000191, 34.66960906944367
25.09694331867686, 34.659376803040324
25.148796507351815, 34.649144536636975
25.200649696026765, 34.638912270233625
25.25250288470172, 34.628680003830276
25.30435607337667, 34.618447737426926
25.35620926205162, 34.60821547102358
25.408062450726575, 34.59798320462023
25.459915639401526, 34.58775093821688
25.51176882807648, 34.57751867181353
25.56362201675143, 34.56728640541017
25.61547520542638, 34.55705413900682
25.667328394101336, 34.54682187260347
25.719181582776287, 34.536589606200124
25.77103477145124, 34.526357339796775
25.82288796012619, 34.516125073393425
25.874741148801146, 34.505892806990076
25.926594337476097, 34.49566054058673
25.978447526151047, 34.48542827418338
26.030300714826, 34.47519600778003
26.082153903500952, 34.46496374137668
26.134007092175906, 34.45473147497332
26.185860280850857, 34.44449920856997
26.237713469525808, 34.43426694216662
26.289566658200762, 34.424034675763274
26.341419846875713, 34.413802409359924
26.393273035550667, 34.403570142956575
26.445126224225618, 34.393337876553225
26.496979412900572, 34.383105610149876
26.548832601575523, 34.37287334374653
26.600685790250473, 34.36264107734318
26.652538978925428, 34.35240881093982
26.70439216760038, 34.34217654453648
26.756245356275333, 34.33194427813312
26.808098544950283, 34.32171201172977
26.859951733625238, 34.31147974532642
26.91180492230019, 34.301247478923074
26.96365811097514, 34.291015212519724
27.015511299650093, 34.280782946116375
27.067364488325044, 34.270550679713025
27.119217676999998, 34.260318413309676
27.17107086567495, 34.25008614690633
27.2229240543499, 34.23985388050298
27.274777243024854, 34.22962161409963
27.326630431699805, 34.21938934769628
27.37848362037476, 34.20915708129292
27.43033680904971, 34.19892481488957
27.482189997724664, 34.18869254848622
27.534043186399614, 34.178460282082874
27.585896375074565, 34.168228015679524
27.63774956374952, 34.157995749276175
27.68960275242447, 34.147763482872826
27.741455941099424, 34.137531216469476
27.793309129774375, 34.12729895006613
27.845162318449326, 34.11706668366278
27.89701550712428, 34.10683441725942
27.94886869579923, 34.09660215085607
28.000721884474185, 34.08636988445272
28.052575073149136, 34.07613761804937
28.10442826182409, 34.06590535164602
28.15628145049904, 34.055673085242674
28.20813463917399, 34.045440818839324
28.259987827848946, 34.035208552435975
28.311841016523896, 34.024976286032626
28.36369420519885, 34.014744019629276
28.4155473938738, 34.00451175322593
28.467400582548755, 33.99427948682258
28.519253771223706, 33.98404722041923
28.571106959898657, 33.97381495401587
28.62296014857361, 33.96358268761252
28.674813337248562, 33.95335042120917
28.726666525923516, 33.94311815480582
28.778519714598467, 33.932885888402474
28.830372903273418, 33.922653621999125
28.88222609194837, 33.912421355595775
28.934079280623322, 33.902189089192426
28.985932469298277, 33.891956822789076
29.037785657973227, 33.88172455638573
29.08963884664818, 33.87149228998237
29.141492035323132, 33.86126002357902
29.193345223998083, 33.85102775717567
29.245198412673037, 33.84079549077232
29.297051601347988, 33.83056322436897
29.348904790022942, 33.82033095796562
29.400757978697893, 33.810098691562274
29.452611167372847, 33.799866425158925
29.504464356047798, 33.789634158755575
29.55631754472275, 33.779401892352226
29.608170733397703, 33.76916962594888
29.660023922072654, 33.75893735954553
29.711877110747608, 33.74870509314217
29.76373029942256, 33.73847282673883
29.81558348809751, 33.72824056033547
29.867436676772463, 33.71800829393212
29.919289865447414, 33.70777602752877
29.97114305412237, 33.697543761125424
30.02299624279732, 33.687311494722074
30.074849431472273, 33.677079228318725
30.126702620147224, 33.666846961915375
30.178555808822175, 33.656614695512026
30.23040899749713, 33.64638242910868
30.28226218617208, 33.63615016270533
30.334115374847034, 33.62591789630197
30.385968563521985, 33.61568562989862
30.437821752196935, 33.60545336349527
30.48967494087189, 33.59522109709192
30.54152812954684, 33.58498883068857
30.593381318221795, 33.574756564285224
30.645234506896745, 33.564524297881874
30.6970876955717, 33.554292031478525
30.74894088424665, 33.544059765075176
30.8007940729216, 33.533827498671826
30.852647261596555, 33.52359523226848
30.904500450271506, 33.51336296586513
30.95635363894646, 33.50313069946177
31.00820682762141, 33.49289843305842
31.060060016296365, 33.48266616665507
31.111913204971316, 33.47243390025172
31.163766393646267, 33.46220163384837
31.21561958232122, 33.451969367445024
31.26747277099617, 33.441737101041674
31.319325959671126, 33.431504834638325
31.371179148346076, 33.421272568234976
31.423032337021027, 33.411040301831626
31.47488552569598, 33.40080803542827
31.526738714370932, 33.39057576902492
31.578591903045886, 33.38034350262157
31.630445091720837, 33.37011123621822
31.68229828039579, 33.35987896981487
31.734151469070742, 33.34964670341152
31.786004657745693, 33.33941443700817
31.837857846420647, 33.329182170604824
31.889711035095598, 33.318949904201475
31.941564223770552, 33.308717637798125
31.993417412445503, 33.298485371394776
32.04527060112046, 33.288253104991426
32.097123789795404, 33.27802083858808
32.14897697847036, 33.26778857218472
32.20083016714531, 33.25755630578137
32.25268335582027, 33.24732403937802
32.304536544495214, 33.23709177297467
32.35638973317017, 33.22685950657132
32.40824292184512, 33.21662724016797
32.46009611052007, 33.206394973764624
32.511949299195024, 33.196162707361275
32.56380248786998, 33.185930440957925
32.61565567654493, 33.17569817455457
32.66750886521988, 33.165465908151226
32.719362053894834, 33.15523364174787
32.77121524256979, 33.14500137534452
32.823068431244735, 33.13476910894117
32.87492161991969, 33.12453684253782
32.926774808594644, 33.11430457613447
32.9786279972696, 33.10407230973112
33.030481185944545, 33.09384004332777
33.0823343746195, 33.083607776924424
33.134187563294454, 33.073375510521075
33.1860407519694, 33.063143244117725
33.237893940644355, 33.052910977714376
33.28974712931931, 33.04267871131103
33.34160031799426, 33.03244644490767
33.39345350666921, 33.02221417850432
33.445306695344165, 33.01198191210097
33.49715988401912, 33.00174964569762
33.549013072694066, 32.99151737929427
33.60086626136902, 32.98128511289092
33.652719450043975, 32.971052846487574
33.70457263871892, 32.960820580084224
33.756425827393876, 32.950588313680875
33.80827901606883, 32.940356047277525
33.860132204743785, 32.93012378087417
33.91198539341873, 32.91989151447082
33.963838582093686, 32.90965924806747
34.01569177076864, 32.89942698166412
34.06754495944359, 32.88919471526077
34.11939814811854, 32.87896244885742
34.171251336793496, 32.86873018245407
34.22310452546845, 32.85849791605072
34.2749577141434, 32.848265649647374
34.32681090281835, 32.838033383244024
34.378664091493306, 32.827801116840675
34.43051728016825, 32.817568850437326
34.48237046884321, 32.807336584033976
34.53422365751816, 32.79710431763062
34.586076846193116, 32.78687205122727
34.63793003486806, 32.77663978482392
34.68978322354302, 32.76640751842057
34.74163641221797, 32.75617525201722
34.79348960089292, 32.74594298561387
34.84534278956787, 32.73571071921052
34.89719597824283, 32.725478452807174
34.94904916691778, 32.715246186403824
35.00090235559273, 32.705013920000475
35.05275554426768, 32.69478165359712
35.10460873294264, 32.68454938719377
35.156461921617584, 32.67431712079042
35.20831511029254, 32.66408485438707
35.26016829896749, 32.65385258798372
35.31202148764244, 32.64362032158037
35.363874676317394, 32.63338805517702
35.41572786499235, 32.62315578877367
35.4675810536673, 32.61292352237032
35.51943424234225, 32.602691255966974
35.571287431017204, 32.592458989563625
35.62314061969216, 32.582226723160275
35.674993808367105, 32.571994456756926
35.72684699704206, 32.561762190353576
35.778700185717014, 32.55152992395022
35.83055337439197, 32.54129765754687
35.882406563066915, 32.53106539114352
35.93425975174187, 32.52083312474017
35.986112940416824, 32.51060085833682
36.03796612909177, 32.50036859193347
36.089819317766725, 32.49013632553012
36.14167250644168, 32.479904059126774
36.193525695116634, 32.46967179272342
36.24537888379158, 32.459439526320075
36.297232072466535, 32.44920725991672
36.34908526114149, 32.43897499351337
36.40093844981644, 32.42874272711002
36.45279163849139, 32.41851046070667
36.504644827166345, 32.40827819430332
36.5564980158413, 32.39804592789997
36.60835120451625, 32.38781366149662
36.6602043931912, 32.37758139509327
36.712057581866155, 32.36734912868992
36.7639107705411, 32.357116862286574
36.815763959216056, 32.346884595883225
36.86761714789101, 32.336652329479875
36.91947033656596, 32.326420063076526
36.97132352524091, 32.31618779667317
37.023176713915866, 32.30595553026982
37.07502990259082, 32.29572326386647
37.12688309126577, 32.28549099746312
37.17873627994072, 32.27525873105977
37.230589468615676, 32.26502646465642
37.28244265729062, 32.25479419825307
37.33429584596558, 32.244561931849724
37.38614903464053, 32.234329665446374
37.438002223315486, 32.22409739904302
37.48985541199043, 32.21386513263967
37.54170860066539, 32.20363286623632
37.59356178934034, 32.19340059983297
37.64541497801529, 32.18316833342962
37.69726816669024, 32.17293606702627
37.7491213553652, 32.16270380062292
37.80097454404015, 32.15247153421957
37.8528277327151, 32.14223926781622
37.90468092139005, 32.13200700141287
37.95653411006501, 32.121774735009524
38.008387298739954, 32.111542468606174
38.06024048741491, 32.101310202202825
38.11209367608986, 32.09107793579947
38.16394686476482, 32.08084566939612
38.215800053439764, 32.07061340299277
38.26765324211472, 32.06038113658942
38.31950643078967, 32.05014887018607
38.37135961946462, 32.03991660378272
38.423212808139574, 32.02968433737937
38.47506599681453, 32.01945207097602
38.52691918548948, 32.00921980457267
38.57877237416443, 31.99898753816932
38.630625562839384, 31.98875527176597
38.68247875151434, 31.97852300536262
38.734331940189286, 31.968290738959272
38.78618512886424, 31.95805847255592
38.838038317539194, 31.94782620615257
38.88989150621414, 31.93759393974922
38.941744694889096, 31.92736167334587
38.99359788356405, 31.91712940694252
39.045451072239004, 31.906897140539172
39.09730426091395, 31.896664874135823
39.149157449588905, 31.886432607732473
39.20101063826386, 31.87620034132912
39.25286382693881, 31.86596807492577
39.30471701561376, 31.85573580852242
39.356570204288715, 31.84550354211907
39.40842339296367, 31.83527127571572
39.46027658163862, 31.82503900931237
39.51212977031357, 31.81480674290902
39.563982958988525, 31.80457447650567
39.61583614766347, 31.79434221010232
39.66768933633843, 31.784109943698972
39.71954252501338, 31.773877677295623
39.771395713688335, 31.76364541089227
39.82324890236328, 31.75341314448892
39.87510209103824, 31.74318087808557
39.92695527971319, 31.571929317517885
39.97880846838814, 31.394212634294043
40.03066165706309, 31.21649595107018
40.08251484573805, 31.038779267846316
40.134368034413, 30.861062584622452
40.18622122308795, 30.68334590139861
40.2380744117629, 30.505629218174747
40.289927600437856, 30.327912534950883
40.3417807891128, 30.15019585172704
40.39363397778776, 29.972479168503178
40.44548716646271, 29.794762485279314
40.49734035513766, 29.617045802055472
40.54919354381261, 29.43932911883161
40.60104673248757, 29.261612435607745
40.65289992116252, 29.08389575238388
40.70475310983747, 28.90617906916004
40.75660629851242, 28.728462385936176
40.80845948718738, 28.550745702712312
40.860312675862325, 28.37302901948847
40.91216586453728, 28.195312336264607
40.96401905321223, 28.017595653040743
41.01587224188719, 27.83987896981688
41.067725430562135, 27.662162286593038
41.11957861923709, 27.484445603369174
41.17143180791204, 27.30672892014531
41.22328499658699, 27.12901223692147
41.275138185261945, 26.951295553697605
41.3269913739369, 26.77357887047374
41.37884456261185, 26.595862187249878
41.4306977512868, 26.418145504026036
41.482550939961754, 26.240428820802173
41.53440412863671, 26.06271213757831
41.586257317311656, 25.884995454354467
41.63811050598661, 25.707278771130603
41.689963694661564, 25.52956208790674
41.74181688333652, 25.351845404682873
41.793670072011466, 25.174128721459034
41.84552326068642, 24.99641203823517
41.897376449361374, 24.818695355011307
41.94922963803632, 24.640978671787465
42.001082826711276, 24.463261988563602
42.05293601538623, 24.28554530533974
42.10478920406118, 24.107828622115896
42.15664239273613, 23.930111938892033
42.208495581411086, 23.75239525566817
42.26034877008604, 23.574678572444306
42.31220195876099, 23.396961889220464
42.36405514743594, 23.2192452059966
42.415908336110896, 23.041528522772737
42.46776152478584, 22.863811839548895
42.5196147134608, 22.68609515632503
42.57146790213575, 22.508378473101168
42.623321090810705, 22.3306617898773
42.67517427948565, 22.152945106653462
42.72702746816061, 21.9752284234296
42.77888065683556, 21.797511740205735
42.83073384551051, 21.619795056981893
42.88258703418546, 21.44207837375803
42.93444022286042, 21.264361690534166
42.98629341153537, 21.0866450073103
43.03814660021032, 20.90892832408646
43.08999978888527, 20.731211640862597
43.14185297756023, 20.55349495763873
43.193706166235174, 20.37577827441489
43.24555935491013, 20.198061591191028
43.29741254358508, 20.020344907967164
43.34926573226004, 19.842628224743297
43.401118920934984, 19.66491154151946
43.45297210960994, 19.487194858295595
43.50482529828489, 19.309478175071728
43.55667848695984, 19.13176149184789
43.608531675634794, 18.954044808624026
43.66038486430975, 18.77632812540016
43.712238052984695, 18.59861144217632
43.76409124165965, 18.420894758952457
43.8159444303346, 18.24317807572859
43.86779761900956, 18.065461392504726
43.919650807684505, 17.887744709280888
43.97150399635946, 17.710028026057024
44.02335718503441, 17.532311342833157
44.07521037370936, 17.35459465960932
44.127063562384315, 17.176877976385455
44.17891675105927, 16.99916129316159
44.23076993973422, 16.821444609937725
44.28262312840917, 16.643727926713886
44.334476317084125, 16.46601124349002
44.38632950575908, 16.288294560266156
44.438182694434026, 16.110577877042317
44.49003588310898, 15.932861193818452
44.541889071783935, 15.755144510594587
44.59374226045889, 15.577427827370723
44.645595449133836, 15.399711144146881
44.69744863780879, 15.221994460923018
44.749301826483745, 15.044277777699154
44.80115501515869, 14.866561094475312
44.853008203833646, 14.688844411251448
44.9048613925086, 14.511127728027585
44.956714581183554, 14.333411044803722
45.0085677698585, 14.15569436157988
45.060420958533456, 13.977977678356016
45.11227414720841, 13.800260995132152
45.16412733588336, 13.62254431190831
45.21598052455831, 13.444827628684447
45.267833713233266, 13.267110945460583
45.31968690190822, 13.08939426223672
45.37154009058317, 12.911677579012878
45.42339327925812, 12.733960895789014
45.475246467933076, 12.55624421256515
45.52709965660802, 12.378527529341309
45.57895284528298, 12.200810846117445
45.63080603395793, 12.023094162893582
45.68265922263288, 11.84537747966974
45.73451241130783, 11.667660796445876
45.78636559998279, 11.489944113222013
45.83821878865774, 11.31222742999815
45.89007197733269, 11.134510746774307
45.94192516600764, 10.956794063550443
45.9937783546826, 10.77907738032658
46.045631543357544, 10.601360697102738
46.0974847320325, 10.423644013878874
46.14933792070745, 10.245927330655011
46.20119110938241, 10.068210647431144
46.253044298057354, 9.890493964207305
46.30489748673231, 9.712777280983442
46.35675067540726, 9.535060597759578
46.40860386408221, 9.357343914535736
46.460457052757164, 9.179627231311873
46.51231024143212, 9.00191054808801
46.56416343010707, 8.824193864864142
46.61601661878202, 8.646477181640304
46.667869807456974, 8.46876049841644
46.71972299613193, 8.291043815192573
46.771576184806875, 8.113327131968735
46.82342937348183, 7.935610448744871
46.875282562156784, 7.757893765521004
46.92713575083174, 7.580177082297141
46.978988939506685, 7.402460399073302
47.03084212818164, 7.2247437158494385
47.082695316856594, 7.0470270326255715
47.13454850553154, 6.869310349401733
47.186401694206495, 6.691593666177869
47.23825488288145, 6.513876982954002
47.290108071556396, 6.336160299730164
47.34196126023135, 6.1584436165063
47.393814448906305, 5.980726933282433
47.44566763758126, 5.80301025005857
47.497520826256206, 5.625293566834731
47.54937401493116, 5.447576883610868
47.601227203606115, 5.269860200387001
47.65308039228106, 5.092143517163162
47.704933580956016, 4.914426833939299
47.75678676963097, 4.736710150715432
47.808639958305925, 4.558993467491568
47.86049314698087, 4.38127678426773
47.912346335655826, 4.203560101043863
47.96419952433078, 4.025843417819999
48.01605271300573, 3.8481267345961605
48.06790590168068, 3.6704100513722935
48.119759090355636, 3.49269336814843
48.17161227903059, 3.3149766849245665
48.22346546770554, 3.137260001700728
48.27531865638049, 2.959543318476861
48.327171845055446, 2.7818266352529974
48.37902503373039, 2.604109952029159
48.43087822240535, 2.426393268805292
48.4827314110803, 2.2486765855814284
48.534584599755256, 2.070959902357565
48.5864377884302, 1.8932432191337227
48.63829097710516, 1.7155265359098593
48.69014416578011, 1.5378098526859958
48.74199735445506, 1.3600931694621572
48.79385054313001, 1.1823764862382902
48.84570373180497, 1.0046598030144267
48.897556920479914, 0.8269431197905881
48.94941010915487, 0.6492264365667211
49.00126329782982, 0.4715097533428576
49.05311648650478, 0.29379307011899414
49.104969675179724, 0.11607638689515198
49.15682286385468, -0.061640296328711486
49.20867605252963, -0.23935697955257496
49.26052924120458, -0.41707366277641356
49.312382429879534, -0.594790346000277
49.36423561855449, -0.7725070292241476
49.41608880722944, -0.9502237124480111
49.46794199590439, -1.1279403956718461
49.519795184579344, -1.3056570788957096
49.5716483732543, -1.4833737621195802
49.623501561929245, -1.6610904453434152
49.6753547506042, -1.8388071285672787
49.727207939279154, -2.0165238117911493
49.77906112795411, -2.1942404950150127
49.830914316629055, -2.3719571782388478
49.88276750530401, -2.5496738614627183
49.934620693978964, -2.727390544686582
49.98647388265391, -2.905107227910417
50.038327071328865, -3.0828239111342803
50.09018026000382, -3.260540594358151
50.142033448678774, -3.4382572775820144
50.19388663735372, -3.6159739608058494
50.245739826028675, -3.79369064402972
50.29759301470363, -3.9714073272535835
50.34944620337858, -4.1491240104774185
50.40129939205353, -4.326840693701289
50.453152580728485, -4.504557376925153
50.50500576940344, -4.682274060149016
50.55685895807839, -4.859990743372851
50.60871214675334, -5.037707426596722
50.660565335428295, -5.215424109820585
50.71241852410324, -5.39314079304442
50.764271712778196, -5.570857476268291
50.81612490145315, -5.748574159492154
50.8679780901281, -5.926290842715989
50.91983127880305, -6.10400752593986
50.971684467478006, -6.281724209163723
51.02353765615296, -6.459440892387587
51.07539084482791, -6.637157575611429
51.12724403350286, -6.814874258835292
51.179097222177816, -6.992590942059156
51.23095041085276, -7.170307625282991
51.28280359952772, -7.3480243085068615
51.33465678820267, -7.525740991730725
51.386509976877626, -7.703457674954588
51.43836316555257, -7.881174358178431
51.49021635422753, -8.058891041402294
51.54206954290248, -8.236607724626158
51.59392273157743, -8.41432440785
51.64577592025238, -8.592041091073863
51.69762910892734, -8.769757774297727
51.74948229760229, -8.94747445752159
51.80133548627724, -9.125191140745432
