Parameters: [47.33660610501262, 19.56439261644568, 8.62411599145489, 37.37871380110875, 4.3812677509340725, -0.1541854279796535, -3.2686948629214725]
Points:
0.0, 19.56439261644568
0.04738399009510773, 19.771994564159954
0.09476798019021546, 19.97959651187423
0.14215197028532317, 20.187198459588505
0.1895359603804309, 20.39480040730278
0.23691995047553865, 20.602402355017055
0.28430394057064634, 20.81000430273133
0.3316879306657541, 21.017606250445606
0.3790719207608618, 21.22520819815988
0.42645591085596957, 21.432810145874154
0.4738399009510773, 21.64041209358843
0.521223891046185, 21.848014041302704
0.5686078811412927, 22.055615989016978
0.6159918712364004, 22.263217936731255
0.6633758613315082, 22.47081988444553
0.7107598514266159, 22.678421832159806
0.7581438415217236, 22.88602377987408
0.8055278316168314, 23.093625727588353
0.8529118217119391, 23.30122767530263
0.9002958118070469, 23.508829623016904
0.9476798019021546, 23.71643157073118
0.9950637919972622, 23.924033518445455
1.04244778209237, 24.13163546615973
1.0898317721874777, 24.339237413874006
1.1372157622825854, 24.54683936158828
1.1845997523776932, 24.754441309302557
1.2319837424728008, 24.96204325701683
1.2793677325679087, 25.169645204731104
1.3267517226630163, 25.377247152445378
1.3741357127581242, 25.584849100159655
1.4215197028532318, 25.792451047873932
1.4689036929483397, 26.000052995588206
1.5162876830434473, 26.20765494330248
1.563671673138555, 26.415256891016753
1.6110556632336628, 26.62285883873103
1.6584396533287704, 26.830460786445304
1.7058236434238783, 27.03806273415958
1.753207633518986, 27.245664681873855
1.8005916236140938, 27.45326662958813
1.8479756137092014, 27.660868577302406
1.8953596038043092, 27.868470525016683
1.9427435938994169, 28.076072472730957
1.9901275839945245, 28.28367442044523
2.037511574089632, 28.491276368159504
2.08489556418474, 28.69887831587378
2.132279554279848, 28.906480263588055
2.1796635443749555, 29.114082211302332
2.227047534470063, 29.321684159016606
2.2744315245651707, 29.52928610673088
2.321815514660279, 29.736888054445156
2.3691995047553864, 29.94449000215943
2.416583494850494, 30.152091949873707
2.4639674849456017, 30.35969389758798
2.5113514750407098, 30.567295845302255
2.5587354651358174, 30.774897793016528
2.606119455230925, 30.982499740730805
2.6535034453260327, 31.19010168844508
2.7008874354211403, 31.397703636159356
2.7482714255162484, 31.60530558387363
2.795655415611356, 31.812907531587904
2.8430394057064636, 32.02050947930218
2.8904233958015713, 32.22811142701646
2.9378073858966793, 32.43571337473073
2.985191375991787, 32.643315322445005
3.0325753660868946, 32.85091727015928
3.0799593561820022, 33.05851921787355
3.12734334627711, 33.26612116558783
3.174727336372218, 33.47372311330211
3.2221113264673256, 33.68132506101638
3.269495316562433, 33.888927008730654
3.316879306657541, 34.09652895644493
3.364263296752649, 34.30413090415921
3.4116472868477565, 34.51173285187348
3.459031276942864, 34.719334799587756
3.506415267037972, 34.92693674730203
3.5537992571330794, 35.1345386950163
3.6011832472281875, 35.342140642730584
3.648567237323295, 35.54974259044486
3.6959512274184028, 35.75734453815913
3.7433352175135104, 35.964946485873405
3.7907192076086185, 36.17254843358768
3.838103197703726, 36.38015038130196
3.8854871877988337, 36.587752329016226
3.9328711778939414, 36.79535427673051
3.980255167989049, 37.00295622444478
4.027639158084157, 37.210558172159054
4.075023148179264, 37.41816011987333
4.122407138274372, 37.6257620675876
4.16979112836948, 37.83336401530188
4.217175118464588, 38.040965963016156
4.264559108559696, 38.24856791073043
4.311943098654803, 38.4561698584447
4.359327088749911, 38.66377180615898
4.406711078845019, 38.87137375387326
4.454095068940126, 39.07897570158753
4.501479059035234, 39.286577649301805
4.5488630491303415, 39.49417959701608
4.5962470392254495, 39.70178154473035
4.643631029320558, 39.90938349244463
4.691015019415665, 40.1169854401589
4.738399009510773, 40.32458738787318
4.785782999605881, 40.53218933558746
4.833166989700988, 40.73979128330173
4.880550979796096, 40.94739323101601
4.927934969891203, 41.154995178730275
4.9753189599863115, 41.362597126444555
5.0227029500814195, 41.570199074158836
5.070086940176527, 41.7778010218731
5.117470930271635, 41.98540296958738
5.164854920366742, 42.19300491730165
5.21223891046185, 42.40060686501593
5.259622900556958, 42.60820881273021
5.307006890652065, 42.81581076044448
5.354390880747173, 43.02341270815876
5.401774870842281, 43.231014655873025
5.449158860937389, 43.438616603587306
5.496542851032497, 43.64621855130159
5.543926841127604, 43.85382049901585
5.591310831222712, 44.061422446730134
5.63869482131782, 44.26902439444441
5.686078811412927, 44.47662634215868
5.733462801508035, 44.684228289872955
5.7808467916031425, 44.89183023758723
5.828230781698251, 45.09943218530151
5.875614771793359, 45.30703413301578
5.922998761888466, 45.51463608073006
5.970382751983574, 45.72223802844433
6.017766742078681, 45.929839976158604
6.065150732173789, 46.137441923872885
6.112534722268897, 46.34504387158716
6.1599187123640045, 46.55264581930143
6.2073027024591125, 46.760247767015706
6.25468669255422, 46.96784971472998
6.302070682649328, 47.17545166244426
6.349454672744436, 47.38305361015853
6.396838662839543, 47.59065555787281
6.444222652934651, 47.79825750558708
6.491606643029758, 48.005859453301355
6.538990633124866, 48.213461401015635
6.5863746232199745, 48.4210633487299
6.633758613315082, 48.62866529644418
6.68114260341019, 48.836267244158456
6.728526593505298, 49.04386919187273
6.775910583600405, 49.251471139587004
6.823294573695513, 49.45907308730128
6.87067856379062, 49.66667503501556
6.918062553885728, 49.87427698272983
6.965446543980836, 50.081878930444105
7.012830534075944, 50.28948087815838
7.060214524171052, 50.49708282587265
7.107598514266159, 50.70468477358693
7.154982504361267, 50.91228672130121
7.202366494456375, 51.11988866901548
7.249750484551482, 51.327490616729754
7.29713447464659, 51.53509256444403
7.3445184647416974, 51.7426945121583
7.3919024548368055, 51.95029645987258
7.439286444931914, 52.157898407586856
7.486670435027021, 52.36550035530113
7.534054425122129, 52.5731023030154
7.581438415217237, 52.780704250729684
7.628822405312344, 52.98830619844396
7.676206395407452, 53.19590814615823
7.723590385502559, 53.403510093872505
7.7709743755976675, 53.61111204158678
7.8183583656927755, 53.81871398930106
7.865742355787883, 54.02631593701533
7.913126345882991, 54.23391788472961
7.960510335978098, 54.44151983244388
8.007894326073206, 54.649121780158154
8.055278316168314, 54.856723727872435
8.102662306263422, 55.06432567558671
8.150046296358529, 55.271927623300975
8.197430286453637, 55.479529571015256
8.244814276548745, 55.68713151872953
8.292198266643853, 55.89473346644381
8.33958225673896, 56.102335414158084
8.386966246834067, 56.30993736187235
8.434350236929175, 56.51753930958663
8.481734227024283, 56.725141257300905
8.529118217119391, 56.93274320501518
8.5765022072145, 57.14034515272946
8.623886197309606, 57.347947100443726
8.671270187404714, 57.34168340023825
8.718654177499822, 57.334377479446054
8.76603816759493, 57.327071558653856
8.813422157690038, 57.31976563786166
8.860806147785144, 57.31245971706946
8.908190137880252, 57.30515379627726
8.95557412797536, 57.29784787548507
9.002958118070469, 57.29054195469287
9.050342108165577, 57.28323603390067
9.097726098260683, 57.27593011310847
9.145110088355791, 57.268624192316274
9.192494078450899, 57.261318271524075
9.239878068546007, 57.25401235073188
9.287262058641115, 57.24670642993968
9.334646048736223, 57.23940050914748
9.38203003883133, 57.23209458835529
9.429414028926438, 57.22478866756309
9.476798019021546, 57.21748274677089
9.524182009116654, 57.21017682597869
9.571565999211762, 57.202870905186494
9.618949989306868, 57.195564984394295
9.666333979401976, 57.188259063602096
9.713717969497084, 57.1809531428099
9.761101959592192, 57.1736472220177
9.8084859496873, 57.1663413012255
9.855869939782407, 57.15903538043331
9.903253929877515, 57.15172945964111
9.950637919972623, 57.14442353884891
9.998021910067731, 57.13711761805671
10.045405900162839, 57.129811697264515
10.092789890257945, 57.122505776472316
10.140173880353053, 57.11519985568012
10.187557870448162, 57.10789393488792
10.23494186054327, 57.10058801409572
10.282325850638378, 57.09328209330353
10.329709840733484, 57.08597617251133
10.377093830828592, 57.07867025171913
10.4244778209237, 57.07136433092693
10.471861811018808, 57.064058410134734
10.519245801113916, 57.056752489342536
10.566629791209023, 57.04944656855034
10.61401378130413, 57.04214064775814
10.661397771399239, 57.03483472696594
10.708781761494347, 57.02752880617375
10.756165751589455, 57.02022288538155
10.803549741684561, 57.01291696458935
10.85093373177967, 57.00561104379715
10.898317721874777, 56.998305123004954
10.945701711969885, 56.990999202212755
10.993085702064993, 56.98369328142056
11.0404696921601, 56.97638736062836
11.087853682255208, 56.96908143983616
11.135237672350316, 56.96177551904396
11.182621662445424, 56.95446959825177
11.230005652540532, 56.94716367745957
11.27738964263564, 56.93985775666737
11.324773632730746, 56.932551835875174
11.372157622825855, 56.925245915082975
11.419541612920963, 56.917939994290776
11.46692560301607, 56.91063407349858
11.514309593111179, 56.90332815270638
11.561693583206285, 56.89602223191418
11.609077573301393, 56.88871631112199
11.656461563396501, 56.88141039032979
11.70384555349161, 56.87410446953759
11.751229543586717, 56.86679854874539
11.798613533681824, 56.859492627953195
11.845997523776932, 56.852186707160996
11.89338151387204, 56.8448807863688
11.940765503967148, 56.8375748655766
11.988149494062256, 56.8302689447844
12.035533484157362, 56.82296302399221
12.08291747425247, 56.81565710320001
12.130301464347578, 56.80835118240781
12.177685454442686, 56.80104526161561
12.225069444537795, 56.793739340823414
12.2724534346329, 56.786433420031216
12.319837424728009, 56.77912749923902
12.367221414823117, 56.77182157844682
12.414605404918225, 56.76451565765462
12.461989395013333, 56.75720973686242
12.50937338510844, 56.74990381607023
12.556757375203548, 56.74259789527803
12.604141365298656, 56.73529197448583
12.651525355393764, 56.727986053693634
12.698909345488872, 56.720680132901435
12.746293335583978, 56.71337421210924
12.793677325679086, 56.70606829131704
12.841061315774194, 56.69876237052484
12.888445305869302, 56.69145644973264
12.93582929596441, 56.68415052894045
12.983213286059517, 56.67684460814825
13.030597276154625, 56.66953868735605
13.077981266249733, 56.662232766563854
13.12536525634484, 56.654926845771655
13.172749246439949, 56.647620924979456
13.220133236535057, 56.64031500418726
13.267517226630163, 56.63300908339506
13.314901216725271, 56.62570316260286
13.36228520682038, 56.61839724181066
13.409669196915488, 56.61109132101847
13.457053187010596, 56.60378540022627
13.504437177105702, 56.59647947943407
13.55182116720081, 56.589173558641875
13.599205157295918, 56.581867637849676
13.646589147391026, 56.57456171705748
13.693973137486134, 56.56725579626528
13.74135712758124, 56.55994987547308
13.788741117676349, 56.55264395468088
13.836125107771457, 56.54533803388869
13.883509097866565, 56.53803211309649
13.930893087961673, 56.53072619230429
13.978277078056779, 56.523420271512094
14.025661068151887, 56.516114350719896
14.073045058246995, 56.5088084299277
14.120429048342103, 56.5015025091355
14.167813038437211, 56.4941965883433
14.215197028532318, 56.4868906675511
14.262581018627426, 56.47958474675891
14.309965008722534, 56.47227882596671
14.357348998817642, 56.46497290517451
14.40473298891275, 56.457666984382314
14.452116979007856, 56.450361063590115
14.499500969102964, 56.44305514279792
14.546884959198072, 56.43574922200572
14.59426894929318, 56.42844330121352
14.641652939388289, 56.42113738042132
14.689036929483395, 56.41383145962912
14.736420919578503, 56.40652553883693
14.783804909673611, 56.39921961804473
14.83118889976872, 56.391913697252534
14.878572889863827, 56.384607776460335
14.925956879958933, 56.37730185566814
14.973340870054042, 56.36999593487594
15.02072486014915, 56.36269001408374
15.068108850244258, 56.35538409329154
15.115492840339366, 56.34807817249934
15.162876830434474, 56.34077225170715
15.21026082052958, 56.33346633091495
15.257644810624688, 56.32616041012275
15.305028800719796, 56.318854489330555
15.352412790814904, 56.311548568538356
15.399796780910012, 56.30424264774616
15.447180771005119, 56.29693672695396
15.494564761100227, 56.28963080616176
15.541948751195335, 56.28232488536956
15.589332741290443, 56.27501896457736
15.636716731385551, 56.26771304378517
15.684100721480657, 56.26040712299297
15.731484711575765, 56.253101202200774
15.778868701670874, 56.245795281408576
15.826252691765982, 56.23848936061638
15.87363668186109, 56.23118343982418
15.921020671956196, 56.22387751903198
15.968404662051304, 56.21657159823978
16.015788652146412, 56.20926567744758
16.06317264224152, 56.20195975665539
16.11055663233663, 56.19465383586319
16.157940622431735, 56.187347915070994
16.205324612526844, 56.180041994278795
16.25270860262195, 56.1727360734866
16.300092592717057, 56.1654301526944
16.347476582812167, 56.1581242319022
16.394860572907273, 56.15081831111
16.442244563002383, 56.1435123903178
16.48962855309749, 56.13620646952561
16.537012543192596, 56.12890054873341
16.584396533287705, 56.121594627941214
16.63178052338281, 56.114288707149015
16.67916451347792, 56.10698278635682
16.726548503573028, 56.09967686556462
16.773932493668134, 56.09237094477242
16.821316483763244, 56.08506502398022
16.86870047385835, 56.07775910318802
16.91608446395346, 56.07045318239582
16.963468454048567, 56.06314726160363
17.010852444143673, 56.05584134081143
17.058236434238783, 56.048535420019235
17.10562042433389, 56.041229499227036
17.153004414429, 56.03392357843484
17.200388404524105, 56.02661765764264
17.24777239461921, 56.01931173685044
17.29515638471432, 56.01200581605824
17.342540374809428, 56.00469989526604
17.389924364904537, 55.99739397447385
17.437308354999644, 55.99008805368165
17.48469234509475, 55.982782132889454
17.53207633518986, 55.975476212097256
17.579460325284966, 55.96817029130506
17.626844315380076, 55.96086437051286
17.674228305475182, 55.95355844972066
17.72161229557029, 55.94625252892846
17.7689962856654, 55.93894660813626
17.816380275760505, 55.93164068734407
17.863764265855615, 55.92433476655187
17.91114825595072, 55.917028845759674
17.958532246045827, 55.909722924967475
18.005916236140937, 55.90241700417528
18.053300226236043, 55.89511108338308
18.100684216331153, 55.88780516259088
18.14806820642626, 55.88049924179868
18.195452196521366, 55.87319332100648
18.242836186616476, 55.865887400214284
18.290220176711582, 55.85858147942209
18.337604166806692, 55.851275558629894
18.384988156901798, 55.843969637837695
18.432372146996908, 55.8366637170455
18.479756137092014, 55.8293577962533
18.52714012718712, 55.8220518754611
18.57452411728223, 55.8147459546689
18.621908107377337, 55.8074400338767
18.669292097472447, 55.8001341130845
18.716676087567553, 55.79282819229231
18.76406007766266, 55.78552227150011
18.81144406775777, 55.778216350707915
18.858828057852875, 55.770910429915716
18.906212047947985, 55.76360450912352
18.95359603804309, 55.75629858833132
19.000980028138198, 55.74899266753912
19.048364018233308, 55.74168674674692
19.095748008328414, 55.73438082595472
19.143131998423524, 55.727074905162524
19.19051598851863, 55.71976898437033
19.237899978613736, 55.712463063578134
19.285283968708846, 55.705157142785936
19.332667958803953, 55.69785122199374
19.380051948899062, 55.69054530120154
19.42743593899417, 55.68323938040934
19.474819929089275, 55.67593345961714
19.522203919184385, 55.66862753882494
19.56958790927949, 55.661321618032744
19.6169718993746, 55.65401569724055
19.664355889469707, 55.646709776448354
19.711739879564814, 55.639403855656155
19.759123869659923, 55.63209793486396
19.80650785975503, 55.62479201407176
19.85389184985014, 55.61748609327956
19.901275839945246, 55.61018017248736
19.948659830040352, 55.60287425169516
19.996043820135462, 55.595568330902964
20.04342781023057, 55.58826241011077
20.090811800325678, 55.580956489318574
20.138195790420784, 55.573650568526375
20.18557978051589, 55.56634464773418
20.232963770611, 55.55903872694198
20.280347760706107, 55.55173280614978
20.327731750801217, 55.54442688535758
20.375115740896323, 55.53712096456538
20.42249973099143, 55.52981504377318
20.46988372108654, 55.522509122980985
20.517267711181645, 55.51520320218879
20.564651701276755, 55.507897281396595
20.61203569137186, 55.500591360604396
20.659419681466968, 55.4932854398122
20.706803671562078, 55.48597951902
20.754187661657184, 55.4786735982278
20.801571651752294, 55.4713676774356
20.8489556418474, 55.4640617566434
20.896339631942507, 55.456755835851204
20.943723622037616, 55.44944991505901
20.991107612132723, 55.442143994266814
21.038491602227833, 55.434838073474616
21.08587559232294, 55.42753215268242
21.133259582418045, 55.42022623189022
21.180643572513155, 55.41292031109802
21.22802756260826, 55.40561439030582
21.27541155270337, 55.39830846951362
21.322795542798477, 55.391002548721424
21.370179532893584, 55.38369662792923
21.417563522988694, 55.376390707137034
21.4649475130838, 55.369084786344835
21.51233150317891, 55.36177886555264
21.559715493274016, 55.35447294476044
21.607099483369122, 55.34716702396824
21.654483473464232, 55.33986110317604
21.70186746355934, 55.33255518238384
21.74925145365445, 55.325249261591644
21.796635443749555, 55.317943340799445
21.84401943384466, 55.310637420007254
21.89140342393977, 55.303331499215055
21.938787414034877, 55.29602557842286
21.986171404129987, 55.28871965763066
22.033555394225093, 55.28141373683846
22.0809393843202, 55.27410781604626
22.12832337441531, 55.26680189525406
22.175707364510416, 55.25949597446186
22.223091354605526, 55.252190053669665
22.270475344700632, 55.24488413287747
22.31785933479574, 55.237578212085275
22.365243324890848, 55.230272291293076
22.412627314985954, 55.22296637050088
22.460011305081064, 55.21566044970868
22.50739529517617, 55.20835452891648
22.55477928527128, 55.20104860812428
22.602163275366387, 55.19374268733208
22.649547265461493, 55.186436766539885
22.696931255556603, 55.17913084574769
22.74431524565171, 55.171824924955494
22.79169923574682, 55.164519004163296
22.839083225841925, 55.1572130833711
22.88646721593703, 55.1499071625789
22.93385120603214, 55.1426012417867
22.981235196127248, 55.1352953209945
23.028619186222357, 55.1279894002023
23.076003176317464, 55.120683479410104
23.12338716641257, 55.11337755861791
23.17077115650768, 55.106071637825714
23.218155146602786, 55.098765717033515
23.265539136697896, 55.09145979624132
23.312923126793002, 55.08415387544912
23.36030711688811, 55.07684795465692
23.40769110698322, 55.06954203386472
23.455075097078325, 55.06223611307252
23.502459087173435, 55.054930192280324
23.54984307726854, 55.047624271488125
23.597227067363647, 55.040318350695934
23.644611057458757, 55.033012429903735
23.691995047553863, 55.02570650911154
23.739379037648973, 55.01840058831934
23.78676302774408, 55.01109466752714
23.834147017839186, 55.00378874673494
23.881531007934296, 54.99648282594274
23.928914998029402, 54.98917690515054
23.976298988124512, 54.981870984358345
24.023682978219618, 54.974565063566146
24.071066968314724, 54.967259142773955
24.118450958409834, 54.959953221981756
24.16583494850494, 54.95264730118956
24.21321893860005, 54.94534138039736
24.260602928695157, 54.93803545960516
24.307986918790263, 54.93072953881296
24.355370908885373, 54.92342361802076
24.40275489898048, 54.916117697228565
24.45013888907559, 54.908811776436366
24.497522879170695, 54.901505855644174
24.5449068692658, 54.894199934851976
24.59229085936091, 54.88689401405978
24.639674849456018, 54.87958809326758
24.687058839551128, 54.87228217247538
24.734442829646234, 54.86497625168318
24.78182681974134, 54.85767033089098
24.82921080983645, 54.850364410098784
24.876594799931556, 54.843058489306586
24.923978790026666, 54.835752568514394
24.971362780121773, 54.828446647722195
25.01874677021688, 54.82114072693
25.06613076031199, 54.8138348061378
25.113514750407095, 54.8065288853456
25.160898740502205, 54.7992229645534
25.20828273059731, 54.7919170437612
25.255666720692417, 54.784611122969004
25.303050710787527, 54.777305202176805
25.350434700882634, 54.769999281384614
25.397818690977743, 54.762693360592415
25.44520268107285, 54.75538743980022
25.492586671167956, 54.74808151900802
25.539970661263066, 54.74077559821582
25.587354651358172, 54.73346967742362
25.634738641453282, 54.72616375663142
25.68212263154839, 54.71885783583922
25.729506621643495, 54.711551915047025
25.776890611738605, 54.704245994254826
25.82427460183371, 54.696940073462635
25.87165859192882, 54.689634152670436
25.919042582023927, 54.68232823187824
25.966426572119033, 54.67502231108604
26.013810562214143, 54.66771639029384
26.06119455230925, 54.66041046950164
26.10857854240436, 54.65310454870944
26.155962532499466, 54.645798627917245
26.203346522594572, 54.638492707125046
26.25073051268968, 54.63118678633285
26.298114502784788, 54.623880865540656
26.345498492879898, 54.61657494474846
26.392882482975004, 54.60926902395626
26.440266473070114, 54.60196310316406
26.48765046316522, 54.59465718237186
26.535034453260327, 54.58735126157966
26.582418443355436, 54.580045340787464
26.629802433450543, 54.572739419995266
26.677186423545653, 54.56543349920307
26.72457041364076, 54.558127578410875
26.771954403735865, 54.55082165761868
26.819338393830975, 54.54351573682648
26.86672238392608, 54.53620981603428
26.91410637402119, 54.52890389524208
26.961490364116298, 54.52159797444988
27.008874354211404, 54.514292053657684
27.056258344306514, 54.506986132865485
27.10364233440162, 54.49968021207329
27.15102632449673, 54.492374291281095
27.198410314591836, 54.4850683704889
27.245794304686942, 54.4777624496967
27.293178294782052, 54.4704565289045
27.34056228487716, 54.4631506081123
27.38794627497227, 54.4558446873201
27.435330265067375, 54.4485387665279
27.48271425516248, 54.441232845735705
27.53009824525759, 54.433926924943506
27.577482235352697, 54.426621004151315
27.624866225447807, 54.419315083359116
27.672250215542913, 54.41200916256692
27.71963420563802, 54.40470324177472
27.76701819573313, 54.39739732098252
27.814402185828236, 54.39009140019032
27.861786175923346, 54.38278547939812
27.909170166018452, 54.375479558605925
27.956554156113558, 54.368173637813726
28.003938146208668, 54.36086771702153
28.051322136303774, 54.353561796229336
28.098706126398884, 54.34625587543714
28.14609011649399, 54.33894995464494
28.193474106589097, 54.33164403385274
28.240858096684207, 54.32433811306054
28.288242086779313, 54.31703219226834
28.335626076874423, 54.309726271476144
28.38301006696953, 54.302420350683946
28.430394057064635, 54.29511442989175
28.477778047159745, 54.28780850909955
28.52516203725485, 54.28050258830736
28.57254602734996, 54.27319666751516
28.619930017445068, 54.26589074672296
28.667314007540174, 54.25858482593076
28.714697997635284, 54.25127890513856
28.76208198773039, 54.243972984346364
28.8094659778255, 54.236667063554165
28.856849967920606, 54.22936114276197
28.904233958015713, 54.22205522196977
28.951617948110822, 54.21474930117758
28.99900193820593, 54.20744338038538
29.04638592830104, 54.20013745959318
29.093769918396145, 54.19283153880098
29.14115390849125, 54.18552561800878
29.18853789858636, 54.17821969721658
29.235921888681467, 54.170913776424385
29.283305878776577, 54.163607855632186
29.330689868871684, 54.15630193483999
29.37807385896679, 54.148996014047796
29.4254578490619, 54.1416900932556
29.472841839157006, 54.1343841724634
29.520225829252116, 54.1270782516712
29.567609819347222, 54.119772330879
29.61499380944233, 54.1124664100868
29.66237779953744, 54.105160489294605
29.709761789632545, 54.097854568502406
29.757145779727654, 54.09054864771021
29.80452976982276, 54.083242726918016
29.851913759917867, 54.07593680612582
29.899297750012977, 54.06863088533362
29.946681740108083, 54.06132496454142
29.994065730203193, 54.05401904374922
30.0414497202983, 54.04671312295702
30.088833710393406, 54.039407202164824
30.136217700488515, 54.032101281372626
30.18360169058362, 54.02479536058043
30.23098568067873, 54.01748943978823
30.278369670773838, 54.01018351899604
30.325753660868948, 54.00287759820384
30.373137650964054, 53.99557167741164
30.42052164105916, 53.98826575661944
30.46790563115427, 53.98095983582724
30.515289621249376, 53.973653915035044
30.562673611344486, 53.966347994242845
30.610057601439593, 53.95904207345065
30.6574415915347, 53.95173615265845
30.70482558162981, 53.94443023186625
30.752209571724915, 53.93712431107406
30.799593561820025, 53.92981839028186
30.84697755191513, 53.92251246948966
30.894361542010238, 53.91520654869746
30.941745532105347, 53.90790062790526
30.989129522200454, 53.900594707113065
31.036513512295564, 53.893288786320866
31.08389750239067, 53.88598286552867
31.131281492485776, 53.87867694473647
31.178665482580886, 53.87137102394428
31.226049472675992, 53.86406510315208
31.273433462771102, 53.85675918235988
31.32081745286621, 53.84945326156768
31.368201442961315, 53.84214734077548
31.415585433056425, 53.834841419983285
31.46296942315153, 53.827535499191086
31.51035341324664, 53.82022957839889
31.557737403341747, 53.81292365760669
31.605121393436853, 53.8056177368145
31.652505383531963, 53.7983118160223
31.69988937362707, 53.7910058952301
31.74727336372218, 53.7836999744379
31.794657353817286, 53.7763940536457
31.842041343912392, 53.769088132853504
31.889425334007502, 53.761782212061306
31.936809324102608, 53.75447629126911
31.984193314197718, 53.74717037047691
32.031577304292824, 53.73986444968472
32.07896129438793, 53.73255852889252
32.12634528448304, 53.72525260810032
32.17372927457815, 53.71794668730812
32.22111326467326, 53.71064076651592
32.26849725476836, 53.703334845723724
32.31588124486347, 53.696028924931525
32.363265234958575, 53.68872300413933
32.41064922505369, 53.68141708334713
32.458033215148795, 53.67411116255493
32.5054172052439, 53.66680524176274
32.55280119533901, 53.65949932097054
32.600185185434114, 53.65219340017834
32.64756917552923, 53.64488747938614
32.694953165624334, 53.63758155859394
32.74233715571944, 53.630275637801745
32.789721145814546, 53.622969717009546
32.83710513590965, 53.61566379621735
32.884489126004766, 53.60835787542515
32.93187311609987, 53.60105195463295
32.97925710619498, 53.59374603384076
33.026641096290085, 53.58644011304856
33.07402508638519, 53.57913419225636
33.121409076480305, 53.57182827146416
33.16879306657541, 53.564522350671965
33.21617705667052, 53.557216429879766
33.26356104676562, 53.54991050908757
33.31094503686073, 53.54260458829537
33.35832902695584, 53.53529866750317
33.40571301705095, 53.52799274671098
33.453097007146056, 53.52068682591878
33.50048099724116, 53.51338090512658
33.54786498733627, 53.50607498433438
33.59524897743138, 53.498769063542184
33.64263296752649, 53.491463142749986
33.690016957621594, 53.48415722195779
33.7374009477167, 53.47685130116559
33.78478493781181, 53.46954538037339
33.83216892790692, 53.4622394595812
33.87955291800203, 53.454933538789
33.92693690809713, 53.4476276179968
33.97432089819224, 53.4403216972046
34.021704888287346, 53.433015776412404
34.06908887838246, 53.425709855620205
34.116472868477565, 53.41840393482801
34.16385685857267, 53.41109801403581
34.21124084866778, 53.40379209324361
34.258624838762884, 53.39648617245142
34.306008828858, 53.38918025165922
34.353392818953104, 53.38187433086702
34.40077680904821, 53.37456841007482
34.44816079914332, 53.36726248928262
34.49554478923842, 53.359956568490425
34.542928779333536, 53.352650647698226
34.59031276942864, 53.34534472690603
34.63769675952375, 53.33803880611383
34.685080749618855, 53.33073288532164
34.73246473971396, 53.32342696452944
34.779848729809075, 53.31612104373724
34.82723271990418, 53.30881512294504
34.87461670999929, 53.30150920215284
34.922000700094394, 53.294203281360645
34.9693846901895, 53.286897360568446
35.01676868028461, 53.27959143977625
35.06415267037972, 53.27228551898405
35.111536660474826, 53.26497959819186
35.15892065056993, 53.25767367739966
35.20630464066504, 53.25036775660746
35.25368863076015, 53.24306183581526
35.30107262085526, 53.23575591502306
35.348456610950365, 53.228449994230864
35.39584060104547, 53.221144073438666
35.44322459114058, 53.21383815264647
35.49060858123569, 53.20653223185427
35.5379925713308, 53.19922631106207
35.5853765614259, 53.19192039026987
35.63276055152101, 53.18461446947768
35.680144541616116, 53.17730854868548
35.72752853171123, 53.17000262789328
35.774912521806336, 53.162696707101084
35.82229651190144, 53.155390786308885
35.86968050199655, 53.14808486551669
35.917064492091654, 53.14077894472449
35.96444848218677, 53.13347302393229
36.011832472281874, 53.12616710314009
36.05921646237698, 53.1188611823479
36.10660045247209, 53.1115552615557
36.15398444256719, 53.1042493407635
36.201368432662306, 53.0969434199713
36.24875242275741, 53.089637499179105
36.29613641285252, 53.082331578386906
36.343520402947625, 53.07502565759471
36.39090439304273, 53.06771973680251
36.438288383137845, 53.06041381601031
36.48567237323295, 53.05310789521812
36.53305636332806, 53.04580197442592
36.580440353423164, 53.03849605363372
36.62782434351828, 53.03119013284152
36.675208333613384, 53.023884212049325
36.72259232370849, 53.016578291257126
36.769976313803596, 53.00927237046493
36.8173603038987, 53.00196644967273
36.864744293993816, 52.99466052888053
36.91212828408892, 52.98735460808834
36.95951227418403, 52.98004868729614
37.006896264279135, 52.97274276650394
37.05428025437424, 52.96543684571174
37.101664244469355, 52.958130924919544
37.14904823456446, 52.950825004127346
37.19643222465957, 52.94351908333515
37.24381621475467, 52.93621316254295
37.29120020484978, 52.92890724175075
37.33858419494489, 52.92160132095855
37.38596818504, 52.891701552967795
37.433352175135106, 52.7368177479592
37.48073616523021, 52.581933942950606
37.52812015532532, 52.42705013794201
37.57550414542043, 52.27216633293339
37.62288813551554, 52.11728252792479
37.670272125610644, 51.9623987229162
37.71765611570575, 51.8075149179076
37.76504010580086, 51.65263111289901
37.81242409589597, 51.497747307890386
37.85980808599108, 51.34286350288179
37.90719207608618, 51.187979697873196
37.95457606618129, 51.0330958928646
38.001960056276396, 50.87821208785601
38.04934404637151, 50.72332828284738
38.096728036466615, 50.56844447783879
38.14411202656172, 50.413560672830194
38.19149601665683, 50.2586768678216
38.238880006751934, 50.103793062813
38.28626399684705, 49.94890925780438
38.333647986942154, 49.794025452795786
38.38103197703726, 49.63914164778719
38.428415967132366, 49.4842578427786
38.47579995722747, 49.329374037769995
38.523183947322586, 49.17449023276138
38.57056793741769, 49.019606427752784
38.6179519275128, 48.86472262274419
38.665335917607905, 48.70983881773559
38.71271990770301, 48.55495501272699
38.760103897798125, 48.400071207718376
38.80748788789323, 48.24518740270978
38.85487187798834, 48.09030359770119
38.902255868083444, 47.935419792692585
38.94963985817855, 47.78053598768399
38.99702384827366, 47.625652182675374
39.04440783836877, 47.47076837766678
39.091791828463876, 47.315884572658184
39.13917581855898, 47.16100076764958
39.18655980865409, 47.00611696264099
39.2339437987492, 46.85123315763237
39.28132778884431, 46.69634935262378
39.328711778939415, 46.541465547615175
39.37609576903452, 46.38658174260658
39.42347975912963, 46.231697937597986
39.47086374922474, 46.07681413258937
39.51824773931985, 45.921930327580775
39.56563172941495, 45.76704652257217
39.61301571951006, 45.61216271756358
39.660399709605166, 45.45727891255498
39.70778369970028, 45.30239510754637
39.755167689795385, 45.14751130253777
39.80255167989049, 44.99262749752917
39.8499356699856, 44.837743692520576
39.897319660080704, 44.68285988751198
39.94470365017582, 44.527976082503365
39.992087640270924, 44.37309227749476
40.03947163036603, 44.21820847248617
40.08685562046114, 44.06332466747757
40.13423961055624, 43.90844086246898
40.181623600651356, 43.753557057460355
40.22900759074646, 43.59867325245176
40.27639158084157, 43.443789447443166
40.323775570936675, 43.28890564243457
40.37115956103178, 43.134021837425976
40.418543551126895, 42.97913803241735
40.465927541222, 42.82425422740876
40.51331153131711, 42.66937042240016
40.560695521412214, 42.51448661739157
40.60807951150732, 42.359602812382974
40.65546350160243, 42.20471900737435
40.70284749169754, 42.049835202365756
40.750231481792646, 41.89495139735716
40.79761547188775, 41.74006759234857
40.84499946198286, 41.58518378733997
40.89238345207797, 41.43029998233135
40.93976744217308, 41.275416177322754
40.987151432268185, 41.12053237231416
41.03453542236329, 40.965648567305564
41.0819194124584, 40.81076476229697
41.12930340255351, 40.655880957288346
41.17668739264862, 40.50099715227975
41.22407138274372, 40.34611334727116
41.27145537283883, 40.19122954226256
41.318839362933936, 40.03634573725397
41.36622335302905, 39.881461932245344
41.413607343124156, 39.72657812723675
41.46099133321926, 39.571694322228154
41.50837532331437, 39.41681051721956
41.555759313409474, 39.261926712210965
41.60314330350459, 39.10704290720234
41.650527293599694, 38.95215910219375
41.6979112836948, 38.79727529718515
41.74529527378991, 38.64239149217656
41.79267926388501, 38.48750768716796
41.84006325398013, 38.33262388215934
41.88744724407523, 38.177740077150744
41.93483123417034, 38.02285627214215
41.982215224265445, 37.867972467133555
42.02959921436055, 37.71308866212496
42.076983204455665, 37.55820485711634
42.12436719455077, 37.40332105210774
42.17175118464588, 37.24843724709915
42.219135174740984, 37.09355344209055
42.26651916483609, 36.93866963708196
42.313903154931204, 36.783785832073335
42.36128714502631, 36.62890202706474
42.408671135121416, 36.474018222056145
42.45605512521652, 36.31913441704755
42.50343911531163, 36.164250612038956
42.55082310540674, 36.00936680703033
42.59820709550185, 35.85448300202174
42.645591085596955, 35.69959919701314
42.69297507569206, 35.54471539200455
42.74035906578717, 35.38983158699595
42.78774305588228, 35.23494778198733
42.83512704597739, 35.080063976978735
42.88251103607249, 34.92518017197014
42.9298950261676, 34.770296366961546
42.977279016262706, 34.61541256195295
43.02466300635782, 34.46052875694433
43.072046996452926, 34.30564495193573
43.11943098654803, 34.15076114692714
43.16681497664314, 33.99587734191854
43.214198966738245, 33.84099353690995
43.26158295683336, 33.686109731901325
43.308966946928464, 33.53122592689273
43.35635093702357, 33.376342121884136
43.40373492711868, 33.22145831687554
43.45111891721378, 33.066574511866946
43.4985029073089, 32.91169070685832
43.545886897404, 32.75680690184973
43.59327088749911, 32.60192309684113
43.640654877594216, 32.44703929183254
43.68803886768932, 32.29215548682394
43.735422857784435, 32.13727168181532
43.78280684787954, 31.982387876806722
43.83019083797465, 31.827504071798128
43.877574828069754, 31.672620266789533
43.92495881816486, 31.517736461780935
43.972342808259974, 31.36285265677232
44.01972679835508, 31.20796885176372
44.06711078845019, 31.053085046755125
44.11449477854529, 30.89820124174653
44.1618787686404, 30.743317436737932
44.20926275873551, 30.588433631729313
44.25664674883062, 30.433549826720718
44.304030738925725, 30.278666021712123
44.35141472902083, 30.123782216703525
44.39879871911594, 29.96889841169493
44.44618270921105, 29.81401460668631
44.49356669930616, 29.659130801677716
44.540950689401264, 29.50424699666912
44.58833467949637, 29.349363191660522
44.63571866959148, 29.194479386651906
44.68310265968659, 29.039595581643308
44.730486649781696, 28.884711776634713
44.7778706398768, 28.72982797162612
44.82525462997191, 28.57494416661752
44.87263862006702, 28.4200603616089
44.92002261016213, 28.265176556600306
44.967406600257235, 28.11029275159171
45.01479059035234, 27.955408946583113
45.06217458044745, 27.800525141574518
45.10955857054256, 27.645641336565898
45.15694256063767, 27.490757531557303
45.20432655073277, 27.33587372654871
45.25171054082788, 27.18098992154011
45.299094530922986, 27.026106116531516
45.3464785210181, 26.871222311522896
45.393862511113205, 26.7163385065143
45.44124650120831, 26.561454701505706
45.48863049130342, 26.406570896497108
45.536014481398524, 26.251687091488513
45.58339847149364, 26.096803286479894
45.630782461588744, 25.9419194814713
45.67816645168385, 25.7870356764627
45.72555044177896, 25.632151871454106
45.77293443187406, 25.47726806644551
45.820318421969176, 25.32238426143689
45.86770241206428, 25.167500456428296
45.91508640215939, 25.012616651419698
45.962470392254495, 24.857732846411103
46.0098543823496, 24.70284904140251
46.057238372444715, 24.54796523639389
46.10462236253982, 24.393081431385294
46.15200635263493, 24.238197626376696
46.199390342730034, 24.0833138213681
46.24677433282514, 23.928430016359506
46.294158322920254, 23.773546211350887
46.34154231301536, 23.61866240634229
46.388926303110466, 23.463778601333694
46.43631029320557, 23.3088947963251
46.48369428330068, 23.1540109913165
46.53107827339579, 22.999127186307884
46.5784622634909, 22.844243381299286
46.625846253586005, 22.68935957629069
46.67323024368111, 22.534475771282096
46.72061423377622, 22.379591966273498
46.76799822387133, 22.224708161264882
46.81538221396644, 22.069824356256284
46.86276620406154, 21.91494055124769
46.91015019415665, 21.760056746239094
46.957534184251756, 21.605172941230496
47.00491817434687, 21.450289136221876
47.052302164441976, 21.29540533121328
47.09968615453708, 21.140521526204687
47.14707014463219, 20.98563772119609
47.194454134727295, 20.830753916187497
47.24183812482241, 20.675870111178874
47.289222114917514, 20.52098630617028
47.33660610501262, 20.366102501161684
