Parameters: [51.37077830584607, 20.135701189593274, 10.771557384906576, 43.87103276314665, 4.171557609884146, 0.17302516785028382, -3.3972941253515696]
Points:
0.0, 20.135701189593274
0.051422200506352427, 20.350211861432538
0.10284440101270485, 20.564722533271798
0.15426660151905727, 20.779233205111062
0.2056888020254097, 20.993743876950326
0.2571110025317621, 21.208254548789586
0.30853320303811455, 21.42276522062885
0.359955403544467, 21.637275892468114
0.4113776040508194, 21.851786564307375
0.46279980455717185, 22.06629723614664
0.5142220050635242, 22.280807907985903
0.5656442055698767, 22.495318579825167
0.6170664060762291, 22.709829251664427
0.6684886065825816, 22.92433992350369
0.719910807088934, 23.13885059534295
0.7713330075952864, 23.353361267182215
0.8227552081016388, 23.56787193902148
0.8741774086079912, 23.782382610860743
0.9255996091143437, 23.996893282700004
0.9770218096206961, 24.211403954539268
1.0284440101270484, 24.42591462637853
1.079866210633401, 24.640425298217792
1.1312884111397534, 24.854935970057056
1.182710611646106, 25.06944664189632
1.2341328121524582, 25.28395731373558
1.2855550126588107, 25.498467985574845
1.3369772131651632, 25.71297865741411
1.3883994136715154, 25.92748932925337
1.439821614177868, 26.142000001092633
1.4912438146842204, 26.356510672931897
1.542666015190573, 26.57102134477116
1.5940882156969252, 26.78553201661042
1.6455104162032776, 27.000042688449685
1.6969326167096301, 27.214553360288946
1.7483548172159824, 27.42906403212821
1.799777017722335, 27.643574703967474
1.8511992182286874, 27.858085375806738
1.9026214187350399, 28.072596047645998
1.9540436192413921, 28.287106719485262
2.005465819747745, 28.501617391324526
2.056888020254097, 28.716128063163787
2.1083102207604494, 28.93063873500305
2.159732421266802, 29.145149406842314
2.2111546217731544, 29.35966007868158
2.262576822279507, 29.57417075052084
2.3139990227858593, 29.788681422360103
2.365421223292212, 30.003192094199363
2.416843423798564, 30.217702766038627
2.4682656243049164, 30.43221343787789
2.519687824811269, 30.646724109717155
2.5711100253176213, 30.861234781556416
2.622532225823974, 31.07574545339568
2.6739544263303263, 31.29025612523494
2.725376626836679, 31.504766797074204
2.776798827343031, 31.719277468913468
2.8282210278493833, 31.933788140752732
2.879643228355736, 32.14829881259199
2.9310654288620883, 32.36280948443125
2.982487629368441, 32.57732015627052
3.0339098298747933, 32.79183082810978
3.085332030381146, 33.006341499949045
3.136754230887498, 33.22085217178831
3.1881764313938503, 33.43536284362757
3.239598631900203, 33.64987351546684
3.2910208324065553, 33.864384187306094
3.342443032912908, 34.07889485914536
3.3938652334192603, 34.29340553098462
3.4452874339256128, 34.507916202823885
3.496709634431965, 34.72242687466314
3.5481318349383173, 34.936937546502406
3.59955403544467, 35.15144821834167
3.6509762359510223, 35.365958890180934
3.7023984364573748, 35.5804695620202
3.7538206369637273, 35.79498023385946
3.8052428374700797, 36.009490905698726
3.856665037976432, 36.22400157753799
3.9080872384827843, 36.438512249377254
3.9595094389891368, 36.65302292121651
4.01093163949549, 36.86753359305578
4.062353840001841, 37.08204426489503
4.113776040508194, 37.296554936734296
4.165198241014546, 37.51106560857356
4.216620441520899, 37.725576280412824
4.268042642027251, 37.94008695225209
4.319464842533604, 38.15459762409135
4.370887043039956, 38.369108295930616
4.422309243546309, 38.58361896776988
4.473731444052661, 38.798129639609144
4.525153644559014, 39.01264031144841
4.576575845065366, 39.22715098328767
4.627998045571719, 39.441661655126936
4.679420246078071, 39.65617232696619
4.730842446584424, 39.87068299880546
4.782264647090775, 40.08519367064471
4.833686847597128, 40.29970434248398
4.88510904810348, 40.51421501432324
4.936531248609833, 40.728725686162505
4.987953449116185, 40.94323635800177
5.039375649622538, 41.15774702984103
5.09079785012889, 41.3722577016803
5.142220050635243, 41.58676837351956
5.193642251141595, 41.801279045358825
5.245064451647948, 42.01578971719809
5.2964866521543, 42.230300389037346
5.347908852660653, 42.44481106087661
5.399331053167005, 42.659321732715874
5.450753253673358, 42.87383240455514
5.502175454179709, 43.088343076394395
5.553597654686062, 43.30285374823366
5.605019855192414, 43.51736442007292
5.656442055698767, 43.73187509191219
5.707864256205119, 43.94638576375145
5.759286456711472, 44.160896435590715
5.810708657217824, 44.37540710742998
5.862130857724177, 44.58991777926924
5.913553058230529, 44.8044284511085
5.964975258736882, 45.018939122947764
6.016397459243234, 45.23344979478703
6.067819659749587, 45.44796046662629
6.119241860255939, 45.66247113846555
6.170664060762292, 45.87698181030481
6.222086261268643, 46.091492482144076
6.273508461774996, 46.30600315398334
6.324930662281348, 46.520513825822604
6.376352862787701, 46.73502449766187
6.427775063294053, 46.94953516950113
6.479197263800406, 47.164045841340396
6.530619464306758, 47.37855651317965
6.582041664813111, 47.59306718501892
6.633463865319463, 47.80757785685818
6.684886065825816, 48.022088528697445
6.736308266332168, 48.2365992005367
6.7877304668385205, 48.451109872375966
6.839152667344873, 48.66562054421523
6.8905748678512255, 48.880131216054494
6.941997068357578, 49.09464188789376
6.99341926886393, 49.30915255973302
7.044841469370282, 49.523663231572286
7.096263669876635, 49.73817390341155
7.147685870382987, 49.95268457525081
7.19910807088934, 50.16719524709007
7.250530271395692, 50.381705918929335
7.3019524719020446, 50.5962165907686
7.353374672408397, 50.810727262607855
7.4047968729147495, 51.02523793444712
7.456219073421102, 51.23974860628638
7.5076412739274545, 51.45425927812565
7.559063474433807, 51.66876994996491
7.6104856749401595, 51.883280621804175
7.661907875446512, 52.09779129364344
7.713330075952864, 52.3123019654827
7.764752276459216, 52.52681263732197
7.8161744769655686, 52.74132330916123
7.867596677471921, 52.95583398100048
7.9190188779782735, 53.170344652839745
7.970441078484626, 53.38485532467901
8.02186327899098, 53.59936599651829
8.073285479497331, 53.81387666835754
8.124707680003683, 54.0283873401968
8.176129880510036, 54.242898012036065
8.227552081016388, 54.45740868387533
8.278974281522741, 54.67191935571459
8.330396482029093, 54.88643002755386
8.381818682535446, 55.10094069939312
8.433240883041798, 55.315451371232385
8.484663083548151, 55.52996204307165
8.536085284054503, 55.7444727149109
8.587507484560856, 55.95898338675018
8.638929685067207, 56.17349405858943
8.69035188557356, 56.38800473042869
8.741774086079912, 56.602515402267954
8.793196286586264, 56.81702607410722
8.844618487092617, 57.03153674594648
8.896040687598969, 57.246047417785746
8.947462888105322, 57.46055808962501
8.998885088611674, 57.675068761464274
9.050307289118027, 57.88957943330354
9.101729489624379, 58.10409010514279
9.153151690130732, 58.318600776982066
9.204573890637084, 58.533111448821316
9.255996091143437, 58.747622120660594
9.307418291649789, 58.962132792499844
9.358840492156142, 59.17664346433911
9.410262692662494, 59.39115413617837
9.461684893168847, 59.605664808017636
9.513107093675199, 59.8201754798569
9.56452929418155, 60.034686151696164
9.615951494687904, 60.24919682353543
9.667373695194255, 60.46370749537469
9.718795895700609, 60.678218167213956
9.77021809620696, 60.892728839053206
9.821640296713314, 61.107239510892484
9.873062497219665, 61.32175018273173
9.924484697726019, 61.536260854571
9.97590689823237, 61.75077152641026
10.027329098738724, 61.965282198249525
10.078751299245075, 62.17979287008879
10.130173499751429, 62.39430354192805
10.18159570025778, 62.60881421376732
10.233017900764134, 62.82332488560658
10.284440101270485, 63.037835557445845
10.335862301776837, 63.252346229285095
10.38728450228319, 63.46685690112437
10.438706702789542, 63.68136757296362
10.490128903295895, 63.8958782448029
10.541551103802247, 64.11038891664215
10.5929733043086, 64.32489958848141
10.644395504814952, 64.53941026032068
10.695817705321305, 64.75392093215994
10.747239905827657, 64.9684316039992
10.79866210633401, 65.07456316787858
10.850084306840362, 65.08346050275243
10.901506507346715, 65.09235783762627
10.952928707853067, 65.10125517250012
11.004350908359418, 65.11015250737395
11.055773108865772, 65.1190498422478
11.107195309372123, 65.12794717712164
11.158617509878477, 65.13684451199549
11.210039710384828, 65.14574184686933
11.261461910891182, 65.15463918174316
11.312884111397533, 65.16353651661701
11.364306311903887, 65.17243385149085
11.415728512410238, 65.1813311863647
11.467150712916592, 65.19022852123854
11.518572913422943, 65.19912585611239
11.569995113929297, 65.20802319098622
11.621417314435648, 65.21692052586006
11.672839514942002, 65.22581786073391
11.724261715448353, 65.23471519560775
11.775683915954705, 65.2436125304816
11.827106116461058, 65.25250986535544
11.87852831696741, 65.26140720022929
11.929950517473763, 65.27030453510312
11.981372717980115, 65.27920186997696
12.032794918486468, 65.28809920485081
12.08421711899282, 65.29699653972465
12.135639319499173, 65.3058938745985
12.187061520005525, 65.31479120947233
12.238483720511878, 65.32368854434618
12.28990592101823, 65.33258587922002
12.341328121524583, 65.34148321409387
12.392750322030935, 65.3503805489677
12.444172522537286, 65.35927788384154
12.49559472304364, 65.3681752187154
12.547016923549991, 65.37707255358923
12.598439124056345, 65.38596988846308
12.649861324562696, 65.39486722333692
12.70128352506905, 65.40376455821077
12.752705725575401, 65.4126618930846
12.804127926081755, 65.42155922795844
12.855550126588106, 65.43045656283229
12.90697232709446, 65.43935389770613
12.958394527600811, 65.44825123257998
13.009816728107165, 65.45714856745381
13.061238928613516, 65.46604590232766
13.11266112911987, 65.4749432372015
13.164083329626221, 65.48384057207535
13.215505530132573, 65.49273790694919
13.266927730638926, 65.50163524182302
13.318349931145278, 65.51053257669687
13.369772131651631, 65.51942991157071
13.421194332157983, 65.52832724644456
13.472616532664336, 65.5372245813184
13.524038733170688, 65.54612191619225
13.575460933677041, 65.55501925106608
13.626883134183393, 65.56391658593992
13.678305334689746, 65.57281392081377
13.729727535196098, 65.58171125568761
13.781149735702451, 65.59060859056146
13.832571936208803, 65.5995059254353
13.883994136715156, 65.60840326030915
13.935416337221508, 65.61730059518298
13.98683853772786, 65.62619793005683
14.038260738234213, 65.63509526493067
14.089682938740564, 65.6439925998045
14.141105139246918, 65.65288993467836
14.19252733975327, 65.66178726955219
14.243949540259623, 65.67068460442604
14.295371740765974, 65.67958193929988
14.346793941272328, 65.68847927417373
14.39821614177868, 65.69737660904757
14.449638342285033, 65.7062739439214
14.501060542791384, 65.71517127879525
14.552482743297737, 65.72406861366909
14.603904943804089, 65.73296594854294
14.65532714431044, 65.74186328341678
14.706749344816794, 65.75076061829063
14.758171545323146, 65.75965795316446
14.809593745829499, 65.76855528803831
14.86101594633585, 65.77745262291215
14.912438146842204, 65.78634995778599
14.963860347348556, 65.79524729265984
15.015282547854909, 65.80414462753367
15.06670474836126, 65.81304196240752
15.118126948867614, 65.82193929728136
15.169549149373966, 65.83083663215521
15.220971349880319, 65.83973396702905
15.27239355038667, 65.84863130190288
15.323815750893024, 65.85752863677673
15.375237951399376, 65.86642597165057
15.426660151905727, 65.87532330652442
15.47808235241208, 65.88422064139826
15.529504552918432, 65.89311797627211
15.580926753424786, 65.90201531114595
15.632348953931137, 65.9109126460198
15.68377115443749, 65.91980998089363
15.735193354943842, 65.92870731576747
15.786615555450195, 65.93760465064132
15.838037755956547, 65.94650198551516
15.8894599564629, 65.955399320389
15.940882156969252, 65.96429665526284
15.992304357475605, 65.97319399013669
16.04372655798196, 65.98209132501053
16.09514875848831, 65.99098865988437
16.146570958994662, 65.99988599475822
16.197993159501014, 66.00878332963205
16.249415360007365, 66.0176806645059
16.30083756051372, 66.02657799937974
16.352259761020072, 66.03547533425359
16.403681961526424, 66.04437266912743
16.455104162032775, 66.05327000400126
16.50652636253913, 66.06216733887511
16.557948563045482, 66.07106467374895
16.609370763551834, 66.0799620086228
16.660792964058185, 66.08885934349664
16.71221516456454, 66.09775667837049
16.763637365070892, 66.10665401324432
16.815059565577243, 66.11555134811817
16.866481766083595, 66.12444868299201
16.917903966589947, 66.13334601786585
16.969326167096302, 66.1422433527397
17.020748367602653, 66.15114068761353
17.072170568109005, 66.16003802248738
17.123592768615357, 66.16893535736122
17.17501496912171, 66.17783269223507
17.226437169628063, 66.18673002710891
17.277859370134415, 66.19562736198274
17.329281570640767, 66.2045246968566
17.38070377114712, 66.21342203173043
17.432125971653473, 66.22231936660428
17.483548172159825, 66.23121670147812
17.534970372666177, 66.24011403635197
17.586392573172528, 66.2490113712258
17.637814773678883, 66.25790870609966
17.689236974185235, 66.26680604097349
17.740659174691586, 66.27570337584733
17.792081375197938, 66.28460071072118
17.843503575704293, 66.29349804559502
17.894925776210645, 66.30239538046887
17.946347976716996, 66.3112927153427
17.997770177223348, 66.32019005021655
18.049192377729703, 66.32908738509039
18.100614578236055, 66.33798471996423
18.152036778742406, 66.34688205483808
18.203458979248758, 66.35577938971191
18.254881179755113, 66.36467672458576
18.306303380261465, 66.3735740594596
18.357725580767816, 66.38247139433345
18.409147781274168, 66.39136872920729
18.46056998178052, 66.40026606408114
18.511992182286875, 66.40916339895497
18.563414382793226, 66.41806073382881
18.614836583299578, 66.42695806870266
18.66625878380593, 66.4358554035765
18.717680984312285, 66.44475273845035
18.769103184818636, 66.45365007332418
18.820525385324988, 66.46254740819803
18.87194758583134, 66.47144474307187
18.923369786337695, 66.4803420779457
18.974791986844046, 66.48923941281956
19.026214187350398, 66.4981367476934
19.07763638785675, 66.50703408256724
19.1290585883631, 66.51593141744108
19.180480788869456, 66.52482875231493
19.231902989375808, 66.53372608718877
19.28332518988216, 66.54262342206262
19.33474739038851, 66.55152075693645
19.386169590894866, 66.56041809181029
19.437591791401218, 66.56931542668414
19.48901399190757, 66.57821276155798
19.54043619241392, 66.58711009643183
19.591858392920276, 66.59600743130567
19.643280593426628, 66.60490476617952
19.69470279393298, 66.61380210105335
19.74612499443933, 66.62269943592719
19.797547194945682, 66.63159677080104
19.848969395452038, 66.64049410567488
19.90039159595839, 66.64939144054873
19.95181379646474, 66.65828877542256
20.003235996971092, 66.66718611029641
20.054658197477448, 66.67608344517025
20.1060803979838, 66.6849807800441
20.15750259849015, 66.69387811491794
20.208924798996502, 66.70277544979177
20.260346999502858, 66.71167278466562
20.31176920000921, 66.72057011953946
20.36319140051556, 66.72946745441331
20.414613601021912, 66.73836478928715
20.466035801528268, 66.747262124161
20.51745800203462, 66.75615945903483
20.56888020254097, 66.76505679390867
20.620302403047322, 66.77395412878252
20.671724603553674, 66.78285146365636
20.72314680406003, 66.79174879853021
20.77456900456638, 66.80064613340404
20.825991205072732, 66.8095434682779
20.877413405579084, 66.81844080315173
20.92883560608544, 66.82733813802558
20.98025780659179, 66.83623547289942
21.031680007098142, 66.84513280777325
21.083102207604494, 66.8540301426471
21.13452440811085, 66.86292747752094
21.1859466086172, 66.87182481239479
21.237368809123552, 66.88072214726863
21.288791009629904, 66.88961948214248
21.340213210136255, 66.89851681701631
21.39163541064261, 66.90741415189015
21.443057611148962, 66.916311486764
21.494479811655314, 66.92520882163784
21.545902012161665, 66.93410615651169
21.59732421266802, 66.94300349138553
21.648746413174372, 66.95190082625938
21.700168613680724, 66.96079816113321
21.751590814187075, 66.96969549600705
21.80301301469343, 66.9785928308809
21.854435215199782, 66.98749016575474
21.905857415706134, 66.99638750062859
21.957279616212485, 67.00528483550242
22.008701816718837, 67.01418217037627
22.060124017225192, 67.02307950525011
22.111546217731544, 67.03197684012396
22.162968418237895, 67.0408741749978
22.214390618744247, 67.04977150987163
22.265812819250602, 67.05866884474548
22.317235019756954, 67.06756617961932
22.368657220263305, 67.07646351449317
22.420079420769657, 67.085360849367
22.471501621276012, 67.09425818424086
22.522923821782364, 67.1031555191147
22.574346022288715, 67.11205285398853
22.625768222795067, 67.12095018886238
22.67719042330142, 67.12984752373622
22.728612623807773, 67.13874485861007
22.780034824314125, 67.1476421934839
22.831457024820477, 67.15653952835775
22.88287922532683, 67.16543686323159
22.934301425833183, 67.17433419810544
22.985723626339535, 67.18323153297928
23.037145826845887, 67.19212886785311
23.08856802735224, 67.20102620272696
23.139990227858593, 67.2099235376008
23.191412428364945, 67.21882087247465
23.242834628871297, 67.22771820734849
23.294256829377648, 67.23661554222234
23.345679029884003, 67.24551287709617
23.397101230390355, 67.25441021197001
23.448523430896707, 67.26330754684386
23.499945631403058, 67.2722048817177
23.55136783190941, 67.28110221659155
23.602790032415765, 67.28999955146539
23.654212232922116, 67.29889688633924
23.705634433428468, 67.30779422121307
23.75705663393482, 67.31669155608691
23.808478834441175, 67.32558889096076
23.859901034947526, 67.3344862258346
23.911323235453878, 67.34338356070845
23.96274543596023, 67.35228089558228
24.014167636466585, 67.36117823045613
24.065589836972936, 67.37007556532997
24.117012037479288, 67.37897290020382
24.16843423798564, 67.38787023507766
24.21985643849199, 67.39676756995149
24.271278638998346, 67.40566490482534
24.322700839504698, 67.41456223969918
24.37412304001105, 67.42345957457303
24.4255452405174, 67.43235690944687
24.476967441023756, 67.44125424432072
24.528389641530108, 67.45015157919455
24.57981184203646, 67.4590489140684
24.63123404254281, 67.46794624894224
24.682656243049166, 67.47684358381608
24.734078443555518, 67.48574091868993
24.78550064406187, 67.49463825356376
24.83692284456822, 67.50353558843761
24.888345045074573, 67.51243292331145
24.939767245580928, 67.5213302581853
24.99118944608728, 67.53022759305914
25.04261164659363, 67.53912492793297
25.094033847099983, 67.54802226280682
25.145456047606338, 67.55691959768066
25.19687824811269, 67.56581693255451
25.24830044861904, 67.57471426742835
25.299722649125393, 67.5836116023022
25.351144849631748, 67.59250893717604
25.4025670501381, 67.60140627204987
25.45398925064445, 67.61030360692372
25.505411451150803, 67.61920094179756
25.556833651657158, 67.62809827667141
25.60825585216351, 67.63699561154525
25.65967805266986, 67.6458929464191
25.711100253176213, 67.65479028129293
25.762522453682564, 67.66368761616678
25.81394465418892, 67.67258495104062
25.86536685469527, 67.68148228591446
25.916789055201622, 67.6903796207883
25.968211255707974, 67.69927695566214
26.01963345621433, 67.708174290536
26.07105565672068, 67.71707162540983
26.122477857227032, 67.72596896028368
26.173900057733384, 67.73486629515752
26.22532225823974, 67.74376363003137
26.27674445874609, 67.7526609649052
26.328166659252442, 67.76155829977904
26.379588859758794, 67.77045563465289
26.431011060265146, 67.77935296952673
26.4824332607715, 67.78825030440058
26.533855461277852, 67.79714763927441
26.585277661784204, 67.80604497414826
26.636699862290556, 67.8149423090221
26.68812206279691, 67.82383964389594
26.739544263303262, 67.83273697876979
26.790966463809614, 67.84163431364362
26.842388664315965, 67.85053164851747
26.89381086482232, 67.85942898339131
26.945233065328672, 67.86832631826516
26.996655265835024, 67.877223653139
27.048077466341375, 67.88612098801283
27.099499666847727, 67.89501832288668
27.150921867354082, 67.90391565776052
27.202344067860434, 67.91281299263437
27.253766268366785, 67.92171032750821
27.305188468873137, 67.93060766238206
27.356610669379492, 67.9395049972559
27.408032869885844, 67.94840233212975
27.459455070392195, 67.95729966700358
27.510877270898547, 67.96619700187742
27.562299471404902, 67.97509433675127
27.613721671911254, 67.9839916716251
27.665143872417605, 67.99288900649896
27.716566072923957, 68.00178634137279
27.767988273430312, 68.01068367624664
27.819410473936664, 68.01958101112048
27.870832674443015, 68.02847834599432
27.922254874949367, 68.03737568086817
27.97367707545572, 68.046273015742
28.025099275962074, 68.05517035061585
28.076521476468425, 68.06406768548969
28.127943676974777, 68.07296502036354
28.17936587748113, 68.08186235523738
28.230788077987484, 68.09075969011123
28.282210278493835, 68.09965702498506
28.333632479000187, 68.1085543598589
28.38505467950654, 68.11745169473275
28.436476880012894, 68.12634902960659
28.487899080519245, 68.13524636448044
28.539321281025597, 68.14414369935427
28.59074348153195, 68.15304103422812
28.6421656820383, 68.16193836910196
28.693587882544655, 68.1708357039758
28.745010083051007, 68.17973303884965
28.79643228355736, 68.18863037372348
28.84785448406371, 68.19752770859733
28.899276684570065, 68.20642504347117
28.950698885076417, 68.21532237834502
29.00212108558277, 68.22421971321886
29.05354328608912, 68.23311704809271
29.104965486595475, 68.24201438296654
29.156387687101827, 68.25091171784038
29.207809887608178, 68.25980905271423
29.25923208811453, 68.26870638758807
29.31065428862088, 68.27760372246192
29.362076489127237, 68.28650105733576
29.413498689633588, 68.2953983922096
29.46492089013994, 68.30429572708344
29.51634309064629, 68.31319306195728
29.567765291152647, 68.32209039683113
29.619187491658998, 68.33098773170497
29.67060969216535, 68.33988506657882
29.7220318926717, 68.34878240145265
29.773454093178056, 68.3576797363265
29.824876293684408, 68.36657707120034
29.87629849419076, 68.37547440607418
29.92772069469711, 68.38437174094803
29.979142895203466, 68.39326907582186
30.030565095709818, 68.40216641069571
30.08198729621617, 68.41106374556955
30.13340949672252, 68.4199610804434
30.184831697228873, 68.42885841531724
30.236253897735228, 68.43775575019109
30.28767609824158, 68.44665308506492
30.33909829874793, 68.45555041993876
30.390520499254283, 68.46444775481261
30.441942699760638, 68.47334508968645
30.49336490026699, 68.4822424245603
30.54478710077334, 68.49113975943413
30.596209301279693, 68.50003709430798
30.647631501786048, 68.50893442918182
30.6990537022924, 68.51783176405567
30.75047590279875, 68.52672909892951
30.801898103305103, 68.53562643380334
30.853320303811454, 68.5445237686772
30.90474250431781, 68.55342110355103
30.95616470482416, 68.56231843842488
31.007586905330513, 68.57121577329872
31.059009105836864, 68.58011310817257
31.11043130634322, 68.5890104430464
31.16185350684957, 68.59790777792024
31.213275707355923, 68.60680511279409
31.264697907862274, 68.61570244766793
31.31612010836863, 68.62459978254178
31.36754230887498, 68.63349711741562
31.418964509381333, 68.64239445228947
31.470386709887684, 68.6512917871633
31.521808910394036, 68.66018912203714
31.57323111090039, 68.66908645691099
31.624653311406743, 68.67798379178483
31.676075511913094, 68.68688112665868
31.727497712419446, 68.69577846153251
31.7789199129258, 68.70467579640636
31.830342113432152, 68.7135731312802
31.881764313938504, 68.72247046615405
31.933186514444856, 68.73136780102789
31.98460871495121, 68.74026513590172
32.03603091545756, 68.74916247077557
32.08745311596392, 68.75805980564941
32.13887531647027, 68.76695714052326
32.19029751697662, 68.7758544753971
32.24171971748297, 68.78475181027095
32.293141917989324, 68.79364914514478
32.344564118495676, 68.80254648001862
32.39598631900203, 68.81144381489247
32.44740851950838, 68.8203411497663
32.49883072001473, 68.82923848464016
32.55025292052109, 68.838135819514
32.60167512102744, 68.84703315438784
32.65309732153379, 68.85593048926168
32.704519522040144, 68.86482782413553
32.755941722546495, 68.87372515900937
32.80736392305285, 68.8826224938832
32.8587861235592, 68.89151982875705
32.91020832406555, 68.90041716363089
32.9616305245719, 68.90931449850474
33.01305272507826, 68.91821183337858
33.06447492558461, 68.92710916825243
33.115897126090964, 68.93600650312626
33.167319326597315, 68.9449038380001
33.21874152710367, 68.95380117287395
33.27016372761002, 68.96269850774779
33.32158592811637, 68.97159584262164
33.37300812862272, 68.98049317749548
33.42443032912908, 68.98939051236933
33.47585252963543, 68.99828784724316
33.527274730141784, 69.00718518211701
33.578696930648135, 69.01608251699085
33.63011913115449, 69.02497985186469
33.68154133166084, 69.03387718673854
33.73296353216719, 69.04277452161237
33.78438573267354, 69.05167185648622
33.83580793317989, 69.06056919136006
33.88723013368625, 69.06946652623391
33.938652334192604, 69.07836386110775
33.990074534698955, 69.08726119598158
34.04149673520531, 69.09615853085543
34.09291893571166, 69.10505586572927
34.14434113621801, 69.11395320060312
34.19576333672436, 69.12285053547696
34.24718553723071, 69.13174787035081
34.29860773773707, 69.14064520522464
34.35002993824342, 69.1495425400985
34.401452138749775, 69.15843987497233
34.45287433925613, 69.16733720984617
34.50429653976248, 69.17623454472002
34.55571874026883, 69.18513187959385
34.60714094077518, 69.1940292144677
34.65856314128153, 69.20292654934154
34.709985341787885, 69.21182388421539
34.76140754229424, 69.22072121908923
34.812829742800595, 69.22961855396306
34.86425194330695, 69.23851588883691
34.9156741438133, 69.24741322371075
34.96709634431965, 69.2563105585846
35.018518544826, 69.26520789345844
35.06994074533235, 69.27410522833229
35.121362945838705, 69.28300256320613
35.172785146345056, 69.29189989807996
35.224207346851415, 69.30079723295381
35.27562954735777, 69.30969456782765
35.32705174786412, 69.3185919027015
35.37847394837047, 69.32748923757534
35.42989614887682, 69.33638657244919
35.48131834938317, 69.34528390732302
35.532740549889525, 69.35418124219686
35.584162750395876, 69.36307857707071
35.635584950902235, 69.37197591194455
35.68700715140859, 69.3808732468184
35.73842935191494, 69.38977058169223
35.78985155242129, 69.39866791656608
35.84127375292764, 69.40756525143992
35.89269595343399, 69.41646258631377
35.944118153940344, 69.4253599211876
35.995540354446696, 69.43425725606144
36.04696255495305, 69.4431545909353
36.098384755459406, 69.45205192580913
36.14980695596576, 69.46094926068298
36.20122915647211, 69.46984659555682
36.25265135697846, 69.47874393043067
36.30407355748481, 69.4876412653045
36.355495757991164, 69.49653860017835
36.406917958497516, 69.50543593505219
36.45834015900387, 69.51433326992603
36.509762359510226, 69.52323060479988
36.56118456001658, 69.53212793967371
36.61260676052293, 69.54102527454756
36.66402896102928, 69.5499226094214
36.71545116153563, 69.55881994429525
36.766873362041984, 69.56771727916909
36.818295562548336, 69.57661461404292
36.86971776305469, 69.58551194891677
36.92113996356104, 69.59440928379061
36.9725621640674, 69.60330661866446
37.02398436457375, 69.6122039535383
37.0754065650801, 69.62110128841215
37.12682876558645, 69.62999862328599
37.178250966092804, 69.63889595815982
37.229673166599156, 69.64779329303367
37.28109536710551, 69.65669062790751
37.33251756761186, 69.66558796278136
37.38393976811821, 69.6744852976552
37.43536196862457, 69.68338263252905
37.48678416913092, 69.69227996740288
37.53820636963727, 69.70117730227673
37.589628570143624, 69.71007463715057
37.641050770649976, 69.7189719720244
37.69247297115633, 69.72786930689826
37.74389517166268, 69.73676664177209
37.79531737216903, 69.74566397664594
37.84673957267539, 69.75456131151978
37.89816177318174, 69.76345864639363
37.94958397368809, 69.77235598126747
38.001006174194444, 69.78125331614132
38.052428374700796, 69.79015065101515
38.10385057520715, 69.79904798588899
38.1552727757135, 69.80794532076284
38.20669497621985, 69.81684265563668
38.2581171767262, 69.82573999051053
38.30953937723256, 69.83463732538436
38.36096157773891, 69.84353466025821
38.412383778245264, 69.85243199513205
38.463805978751616, 69.86132933000589
38.51522817925797, 69.87022666487974
38.56665037976432, 69.87912399975357
38.61807258027067, 69.88802133462742
38.66949478077702, 69.89691866950126
38.72091698128338, 69.90581600437511
38.77233918178973, 69.91471333924895
38.823761382296084, 69.9236106741228
38.875183582802435, 69.93250800899663
38.92660578330879, 69.94140534387047
38.97802798381514, 69.95030267874432
39.02945018432149, 69.95920001361816
39.08087238482784, 69.96809734849201
39.13229458533419, 69.97699468336585
39.18371678584055, 69.9858920182397
39.235138986346904, 69.99478935311353
39.286561186853255, 70.00368668798737
39.33798338735961, 70.01258402286122
39.38940558786596, 70.02148135773506
39.44082778837231, 70.0303786926089
39.49224998887866, 70.03927602748274
39.54367218938501, 70.0481733623566
39.595094389891365, 70.05707069723043
39.646516590397724, 70.06596803210428
39.697938790904075, 70.07486536697812
39.74936099141043, 70.08376270185195
39.80078319191678, 70.0926600367258
39.85220539242313, 70.10155737159964
39.90362759292948, 70.11045470647349
39.95504979343583, 70.11935204134733
40.006471993942185, 70.12824937622116
40.057894194448544, 70.13714671109501
40.109316394954895, 70.14604404596885
40.16073859546125, 70.1549413808427
40.2121607959676, 70.16383871571654
40.26358299647395, 70.17273605059039
40.3150051969803, 70.18163338546422
40.36642739748665, 70.19053072033807
40.417849597993005, 70.19942805521191
40.469271798499356, 70.20832539008575
40.520693999005715, 70.2172227249596
40.57211619951207, 70.22612005983343
40.62353840001842, 70.23501739470728
40.67496060052477, 70.24391472958112
40.72638280103112, 70.25281206445497
40.77780500153747, 70.26170939932881
40.829227202043825, 70.27060673420266
40.880649402550176, 70.2795040690765
40.932071603056535, 70.28840140395033
40.98349380356289, 70.29729873882418
41.03491600406924, 70.30619607369802
41.08633820457559, 70.31509340857187
41.13776040508194, 70.3239907434457
41.18918260558829, 70.33288807831956
41.240604806094645, 70.34178541319339
41.292027006600996, 70.35068274806723
41.34344920710735, 70.35958008294108
41.39487140761371, 70.36847741781492
41.44629360812006, 70.37737475268877
41.49771580862641, 70.3862720875626
41.54913800913276, 70.39516942243645
41.60056020963911, 70.40406675731029
41.651982410145465, 70.41296409218413
41.703404610651816, 70.42186142705798
41.75482681115817, 70.43075876193181
41.80624901166452, 70.43965609680566
41.85767121217088, 70.4485534316795
41.90909341267723, 70.45745076655335
41.96051561318358, 70.46634810142719
42.01193781368993, 70.47524543630104
42.063360014196284, 70.48414277117487
42.114782214702636, 70.49304010604871
42.16620441520899, 70.50193744092256
42.21762661571534, 70.5108347757964
42.2690488162217, 70.51973211067025
42.32047101672805, 70.52862944554408
42.3718932172344, 70.53752678041793
42.42331541774075, 70.54642411529177
42.474737618247104, 70.55532145016562
42.526159818753456, 70.56421878503946
42.57758201925981, 70.5731161199133
42.62900421976616, 70.58201345478714
42.68042642027251, 70.59091078966098
42.73184862077887, 70.59980812453483
42.78327082128522, 70.60870545940867
42.83469302179157, 70.61760279428252
42.886115222297924, 70.62650012915636
42.937537422804276, 70.63539746403019
42.98895962331063, 70.64429479890404
43.04038182381698, 70.65319213377788
43.09180402432333, 70.66208946865173
43.14322622482969, 70.67098680352557
43.19464842533604, 70.67988413839942
43.24607062584239, 70.68878147327325
43.297492826348744, 70.6976788081471
43.348915026855096, 70.70657614302094
43.40033722736145, 70.71547347789478
43.4517594278678, 70.72437081276863
43.50318162837415, 70.73326814764246
43.5546038288805, 70.74216548251631
43.60602602938686, 70.75106281739015
43.65744822989321, 70.759960152264
43.708870430399564, 70.76885748713784
43.760292630905916, 70.77775482201167
43.81171483141227, 70.78665215688552
43.86313703191862, 70.79554949175936
43.91455923242497, 70.64904343360386
43.96598143293132, 70.47434709391099
44.017403633437674, 70.2996507542181
44.06882583394403, 70.1249544145252
44.120248034450384, 69.95025807483233
44.171670234956736, 69.77556173513945
44.22309243546309, 69.60086539544658
44.27451463596944, 69.42616905575369
44.32593683647579, 69.25147271606082
44.37735903698214, 69.07677637636793
44.428781237488494, 68.90208003667506
44.48020343799485, 68.72738369698216
44.531625638501204, 68.55268735728927
44.583047839007556, 68.3779910175964
44.63447003951391, 68.20329467790351
44.68589224002026, 68.02859833821064
44.73731444052661, 67.85390199851776
44.78873664103296, 67.67920565882488
44.84015884153931, 67.504509319132
44.891581042045665, 67.32981297943913
44.943003242552024, 67.15511663974623
44.994425443058375, 66.98042030005334
45.04584764356473, 66.80572396036047
45.09726984407108, 66.63102762066758
45.14869204457743, 66.45633128097471
45.20011424508378, 66.28163494128182
45.25153644559013, 66.10693860158895
45.302958646096485, 65.93224226189606
45.35438084660284, 65.75754592220319
45.405803047109195, 65.58284958251029
45.45722524761555, 65.4081532428174
45.5086474481219, 65.23345690312453
45.56006964862825, 65.05876056343165
45.6114918491346, 64.88406422373878
45.66291404964095, 64.70936788404589
45.714336250147305, 64.53467154435302
45.76575845065366, 64.35997520466013
45.817180651160015, 64.18527886496723
45.86860285166637, 64.01058252527436
45.92002505217272, 63.83588618558147
45.97144725267907, 63.6611898458886
46.02286945318542, 63.486493506195714
46.07429165369177, 63.31179716650284
46.125713854198125, 63.13710082680996
46.17713605470448, 62.962404487117084
46.22855825521083, 62.787708147424205
46.27998045571719, 62.6130118077313
46.33140265622354, 62.438315468038425
46.38282485672989, 62.26361912834554
46.43424705723624, 62.08892278865267
46.48566925774259, 61.91422644895978
46.537091458248945, 61.73953010926691
46.588513658755296, 61.56483376957402
46.63993585926165, 61.39013742988115
46.69135805976801, 61.21544109018824
46.74278026027436, 61.040744750495364
46.79420246078071, 60.86604841080249
46.84562466128706, 60.691352071109606
46.89704686179341, 60.51665573141673
46.948469062299765, 60.34195939172385
46.999891262806116, 60.167263052030975
47.05131346331247, 59.99256671233809
47.10273566381882, 59.81787037264522
47.15415786432518, 59.64317403295231
47.20558006483153, 59.46847769325943
47.25700226533788, 59.29378135356656
47.30842446584423, 59.11908501387367
47.359846666350585, 58.9443886741808
47.411268866856936, 58.769692334487914
47.46269106736329, 58.59499599479504
47.51411326786964, 58.420299655102156
47.56553546837599, 58.245603315409284
47.61695766888235, 58.070906975716376
47.6683798693887, 57.8962106360235
47.71980206989505, 57.721514296330625
47.771224270401405, 57.54681795663774
47.822646470907756, 57.37212161694487
47.87406867141411, 57.19742527725198
47.92549087192046, 57.02272893755911
47.97691307242681, 56.84803259786623
48.02833527293317, 56.67333625817332
48.07975747343952, 56.49863991848044
48.13117967394587, 56.32394357878756
48.182601874452224, 56.14924723909469
48.234024074958576, 55.974550899401805
48.28544627546493, 55.79985455970893
48.33686847597128, 55.62515822001605
48.38829067647763, 55.450461880323175
48.43971287698398, 55.275765540630296
48.49113507749034, 55.10106920093739
48.54255727799669, 54.92637286124451
48.593979478503044, 54.75167652155163
48.645401679009396, 54.57698018185876
48.69682387951575, 54.40228384216587
48.7482460800221, 54.227587502473
48.79966828052845, 54.052891162780114
48.8510904810348, 53.87819482308724
48.90251268154116, 53.703498483394334
48.95393488204751, 53.528802143701455
49.005357082553864, 53.35410580400858
49.056779283060216, 53.1794094643157
49.10820148356657, 53.004713124622825
49.15962368407292, 52.83001678492994
49.21104588457927, 52.65532044523707
49.26246808508562, 52.48062410554418
49.313890285591974, 52.30592776585131
49.36531248609833, 52.13123142615841
49.416734686604684, 51.95653508646552
49.468156887111036, 51.78183874677265
49.51957908761739, 51.60714240707976
49.57100128812374, 51.43244606738689
49.62242348863009, 51.257749727694005
49.67384568913644, 51.08305338800113
49.725267889642794, 50.90835704830825
49.776690090149145, 50.733660708615375
49.828112290655504, 50.558964368922474
49.879534491161856, 50.38426802922959
49.93095669166821, 50.209571689536716
49.98237889217456, 50.03487534984383
50.03380109268091, 49.86017901015096
50.08522329318726, 49.68548267045807
50.136645493693614, 49.5107863307652
50.188067694199965, 49.33608999107231
50.239489894706324, 49.16139365137941
50.290912095212676, 48.98669731168654
50.34233429571903, 48.812000971993655
50.39375649622538, 48.63730463230078
50.44517869673173, 48.4626082926079
50.49660089723808, 48.287911952915024
50.548023097744434, 48.11321561322214
50.599445298250785, 47.938519273529266
50.65086749875714, 47.76382293383638
50.702289699263495, 47.58912659414348
50.75371189976985, 47.41443025445061
50.8051341002762, 47.23973391475772
50.85655630078255, 47.06503757506485
50.9079785012889, 46.89034123537196
50.95940070179525, 46.71564489567909
51.010822902301605, 46.540948555986205
51.06224510280796, 46.36625221629333
51.113667303314315, 46.191555876600425
51.16508950382067, 46.016859536907546
51.21651170432702, 45.842163197214674
51.26793390483337, 45.66746685752179
51.31935610533972, 45.492770517828916
51.37077830584607, 45.31807417813603
