Parameters: [47.18978109060232, 23.15089090827858, 7.6896675148982006, 38.39722104369601, 3.9353727733883974, -0.09728787208172643, -2.7764952047004265]
Points:
0.0, 23.15089090827858
0.047237018108711025, 23.336786183239656
0.09447403621742205, 23.522681458200733
0.14171105432613307, 23.70857673316181
0.1889480724348441, 23.894472008122882
0.23618509054355513, 24.08036728308396
0.28342210865226614, 24.266262558045035
0.3306591267609772, 24.452157833006112
0.3778961448696882, 24.63805310796719
0.4251331629783992, 24.823948382928265
0.47237018108711026, 25.00984365788934
0.5196071991958213, 25.195738932850418
0.5668442173045323, 25.381634207811494
0.6140812354132433, 25.567529482772567
0.6613182535219544, 25.753424757733644
0.7085552716306653, 25.93932003269472
0.7557922897393764, 26.125215307655797
0.8030293078480875, 26.311110582616873
0.8502663259567984, 26.49700585757795
0.8975033440655095, 26.682901132539026
0.9447403621742205, 26.868796407500103
0.9919773802829315, 27.054691682461176
1.0392143983916426, 27.240586957422252
1.0864514165003536, 27.42648223238333
1.1336884346090645, 27.612377507344405
1.1809254527177757, 27.79827278230548
1.2281624708264867, 27.984168057266558
1.2753994889351976, 28.170063332227635
1.3226365070439088, 28.35595860718871
1.3698735251526197, 28.541853882149788
1.4171105432613307, 28.72774915711086
1.4643475613700419, 28.913644432071937
1.5115845794787528, 29.099539707033014
1.5588215975874637, 29.28543498199409
1.606058615696175, 29.471330256955167
1.6532956338048859, 29.657225531916243
1.7005326519135968, 29.843120806877316
1.747769670022308, 30.029016081838392
1.795006688131019, 30.21491135679947
1.8422437062397299, 30.400806631760545
1.889480724348441, 30.586701906721622
1.936717742457152, 30.7725971816827
1.983954760565863, 30.958492456643775
2.031191778674574, 31.14438773160485
2.0784287967832853, 31.330283006565928
2.1256658148919962, 31.516178281527004
2.172902833000707, 31.70207355648808
2.220139851109418, 31.887968831449154
2.267376869218129, 32.07386410641023
2.31461388732684, 32.25975938137131
2.3618509054355514, 32.44565465633238
2.4090879235442624, 32.63154993129346
2.4563249416529733, 32.81744520625453
2.5035619597616843, 33.00334048121561
2.5507989778703952, 33.189235756176686
2.598035995979106, 33.37513103113776
2.6452730140878176, 33.56102630609884
2.6925100321965285, 33.746921581059915
2.7397470503052395, 33.93281685602099
2.7869840684139504, 34.11871213098207
2.8342210865226614, 34.304607405943145
2.8814581046313723, 34.490502680904214
2.9286951227400837, 34.6763979558653
2.9759321408487946, 34.862293230826374
3.0231691589575056, 35.04818850578745
3.0704061770662165, 35.23408378074852
3.1176431951749275, 35.4199790557096
3.164880213283639, 35.60587433067067
3.21211723139235, 35.79176960563176
3.259354249501061, 35.977664880592826
3.3065912676097717, 36.1635601555539
3.3538282857184827, 36.34945543051498
3.4010653038271936, 36.535350705476056
3.448302321935905, 36.72124598043713
3.495539340044616, 36.90714125539821
3.542776358153327, 37.093036530359285
3.590013376262038, 37.27893180532036
3.637250394370749, 37.46482708028144
3.6844874124794598, 37.65072235524251
3.731724430588171, 37.83661763020359
3.778961448696882, 38.02251290516467
3.826198466805593, 38.208408180125744
3.873435484914304, 38.39430345508681
3.920672503023015, 38.58019873004789
3.967909521131726, 38.766094005008966
4.015146539240437, 38.95198927997004
4.062383557349148, 39.13788455493112
4.109620575457859, 39.323779829892196
4.156857593566571, 39.50967510485327
4.2040946116752815, 39.69557037981435
4.2513316297839925, 39.881465654775425
4.298568647892703, 40.0673609297365
4.345805666001414, 40.25325620469758
4.393042684110125, 40.439151479658655
4.440279702218836, 40.62504675461973
4.487516720327547, 40.8109420295808
4.534753738436258, 40.996837304541884
4.581990756544969, 41.182732579502954
4.62922777465368, 41.36862785446404
4.676464792762392, 41.55452312942511
4.723701810871103, 41.74041840438619
4.770938828979814, 41.92631367934726
4.818175847088525, 42.11220895430834
4.865412865197236, 42.29810422926941
4.912649883305947, 42.48399950423049
4.959886901414658, 42.669894779191566
5.0071239195233685, 42.85579005415264
5.0543609376320795, 43.04168532911372
5.1015979557407904, 43.22758060407479
5.148834973849501, 43.41347587903587
5.196071991958212, 43.59937115399694
5.243309010066924, 43.785266428958025
5.290546028175635, 43.9711617039191
5.337783046284346, 44.15705697888018
5.385020064393057, 44.34295225384125
5.432257082501768, 44.52884752880233
5.479494100610479, 44.7147428037634
5.52673111871919, 44.900638078724484
5.573968136827901, 45.08653335368555
5.621205154936612, 45.27242862864663
5.668442173045323, 45.458323903607706
5.715679191154034, 45.64421917856878
5.762916209262745, 45.83011445352986
5.8101532273714565, 46.016009728490936
5.857390245480167, 46.20190500345201
5.904627263588878, 46.38780027841309
5.951864281697589, 46.573695553374165
5.9991012998063, 46.759590828335234
6.046338317915011, 46.94548610329632
6.093575336023722, 47.13138137825739
6.140812354132433, 47.31727665321847
6.188049372241144, 47.50317192817954
6.235286390349855, 47.68906720314062
6.282523408458566, 47.87496247810169
6.329760426567278, 48.06085775306278
6.376997444675989, 48.246753028023846
6.4242344627847, 48.43264830298493
6.471471480893411, 48.618543577946
6.518708499002122, 48.804438852907076
6.5659455171108325, 48.99033412786815
6.6131825352195435, 49.17622940282923
6.660419553328254, 49.362124677790305
6.707656571436965, 49.548019952751375
6.754893589545676, 49.73391522771246
6.802130607654387, 49.91981050267353
6.849367625763098, 50.10570577763461
6.89660464387181, 50.29160105259568
6.943841661980521, 50.477496327556764
6.991078680089232, 50.663391602517834
7.038315698197943, 50.84928687747892
7.085552716306654, 51.03518215243999
7.132789734415365, 51.22107742740106
7.180026752524076, 51.40697270236214
7.227263770632787, 51.592867977323216
7.274500788741498, 51.77876325228429
7.321737806850209, 51.96465852724537
7.3689748249589195, 52.150553802206446
7.4162118430676305, 52.336449077167515
7.463448861176342, 52.5223443521286
7.510685879285053, 52.708239627089675
7.557922897393764, 52.89413490205075
7.605159915502475, 53.08003017701182
7.652396933611186, 53.265925451972905
7.699633951719897, 53.411629469387556
7.746870969828608, 53.40703388041227
7.794107987937319, 53.402438291436994
7.84134500604603, 53.39784270246171
7.888582024154741, 53.393247113486424
7.935819042263452, 53.38865152451115
7.983056060372164, 53.38405593553586
8.030293078480874, 53.37946034656058
8.077530096589586, 53.37486475758529
8.124767114698296, 53.370269168610015
8.172004132807007, 53.36567357963473
8.219241150915717, 53.361077990659446
8.26647816902443, 53.35648240168417
8.313715187133141, 53.351886812708884
8.360952205241851, 53.3472912237336
8.408189223350563, 53.34269563475832
8.455426241459273, 53.33810004578304
8.502663259567985, 53.33350445680775
8.549900277676695, 53.328908867832475
8.597137295785407, 53.32431327885719
8.644374313894117, 53.319717689881905
8.691611332002829, 53.31512210090662
8.738848350111539, 53.31052651193134
8.78608536822025, 53.30593092295606
8.833322386328962, 53.301335333980774
8.880559404437673, 53.296739745005496
8.927796422546384, 53.29214415603021
8.975033440655094, 53.28754856705493
9.022270458763806, 53.28295297807965
9.069507476872516, 53.278357389104364
9.116744494981228, 53.27376180012908
9.163981513089938, 53.2691662111538
9.21121853119865, 53.26457062217852
9.25845554930736, 53.25997503320323
9.305692567416072, 53.25537944422795
9.352929585524784, 53.25078385525267
9.400166603633494, 53.246188266277386
9.447403621742206, 53.2415926773021
9.494640639850916, 53.236997088326824
9.541877657959628, 53.23240149935154
9.589114676068338, 53.227805910376254
9.63635169417705, 53.22321032140098
9.68358871228576, 53.21861473242569
9.730825730394471, 53.21401914345041
9.778062748503181, 53.20942355447513
9.825299766611893, 53.204827965499845
9.872536784720603, 53.20023237652456
9.919773802829315, 53.19563678754928
9.967010820938027, 53.191041198574
10.014247839046737, 53.186445609598714
10.061484857155449, 53.18185002062343
10.108721875264159, 53.17725443164815
10.15595889337287, 53.17265884267287
10.203195911481581, 53.16806325369758
10.250432929590293, 53.163467664722305
10.297669947699003, 53.15887207574702
10.344906965807715, 53.154276486771735
10.392143983916425, 53.14968089779646
10.439381002025137, 53.14508530882117
10.486618020133848, 53.14048971984589
10.533855038242558, 53.13589413087061
10.58109205635127, 53.131298541895326
10.62832907445998, 53.12670295292004
10.675566092568692, 53.12210736394476
10.722803110677402, 53.11751177496948
10.770040128786114, 53.112916185994195
10.817277146894824, 53.10832059701891
10.864514165003536, 53.10372500804363
10.911751183112246, 53.09912941906835
10.958988201220958, 53.09453383009306
11.00622521932967, 53.089938241117785
11.05346223743838, 53.0853426521425
11.100699255547092, 53.080747063167216
11.147936273655802, 53.07615147419194
11.195173291764513, 53.071555885216654
11.242410309873224, 53.06696029624137
11.289647327981935, 53.062364707266084
11.336884346090645, 53.05776911829081
11.384121364199357, 53.05317352931552
11.431358382308067, 53.04857794034024
11.47859540041678, 53.04398235136496
11.52583241852549, 53.039386762389675
11.573069436634201, 53.03479117341439
11.620306454742913, 53.03019558443911
11.667543472851623, 53.02559999546383
11.714780490960335, 53.021004406488544
11.762017509069045, 53.016408817513266
11.809254527177757, 53.01181322853798
11.856491545286467, 53.0072176395627
11.903728563395179, 53.00262205058741
11.950965581503889, 52.998026461612135
11.9982025996126, 52.99343087263685
12.04543961772131, 52.988835283661565
12.092676635830022, 52.98423969468629
12.139913653938734, 52.979644105711
12.187150672047444, 52.97504851673572
12.234387690156156, 52.97045292776044
12.281624708264866, 52.965857338785156
12.328861726373578, 52.96126174980987
12.376098744482288, 52.956666160834594
12.423335762591, 52.95207057185931
12.47057278069971, 52.947474982884025
12.517809798808422, 52.94287939390875
12.565046816917132, 52.93828380493346
12.612283835025844, 52.93368821595818
12.659520853134556, 52.92909262698289
12.706757871243266, 52.924497038007615
12.753994889351977, 52.91990144903233
12.801231907460688, 52.915305860057046
12.8484689255694, 52.91071027108177
12.89570594367811, 52.906114682106484
12.942942961786821, 52.9015190931312
12.990179979895531, 52.89692350415592
13.037416998004243, 52.89232791518064
13.084654016112953, 52.88773232620535
13.131891034221665, 52.883136737230075
13.179128052330375, 52.87854114825479
13.226365070439087, 52.873945559279505
13.273602088547799, 52.86934997030422
13.320839106656509, 52.86475438132894
13.36807612476522, 52.86015879235366
13.41531314287393, 52.855563203378374
13.462550160982643, 52.850967614403096
13.509787179091353, 52.84637202542781
13.557024197200064, 52.84177643645253
13.604261215308775, 52.83718084747725
13.651498233417486, 52.832585258501965
13.698735251526196, 52.82798966952668
13.745972269634908, 52.8233940805514
13.79320928774362, 52.81879849157612
13.84044630585233, 52.81420290260083
13.887683323961042, 52.80960731362555
13.934920342069752, 52.80501172465027
13.982157360178464, 52.800416135674986
14.029394378287174, 52.7958205466997
14.076631396395886, 52.791224957724424
14.123868414504596, 52.78662936874914
14.171105432613308, 52.782033779773855
14.218342450722018, 52.77743819079858
14.26557946883073, 52.77284260182329
14.312816486939441, 52.76824701284801
14.360053505048151, 52.76365142387273
14.407290523156863, 52.759055834897445
14.454527541265573, 52.75446024592216
14.501764559374285, 52.74986465694688
14.549001577482995, 52.7452690679716
14.596238595591707, 52.740673478996314
14.643475613700417, 52.73607789002103
14.690712631809129, 52.73148230104575
14.737949649917839, 52.72688671207047
14.785186668026551, 52.72229112309518
14.832423686135261, 52.717695534119905
14.879660704243973, 52.71309994514462
14.926897722352685, 52.708504356169335
14.974134740461395, 52.70390876719406
15.021371758570107, 52.69931317821877
15.068608776678817, 52.69471758924349
15.115845794787528, 52.69012200026821
15.163082812896238, 52.685526411292926
15.21031983100495, 52.68093082231764
15.25755684911366, 52.67633523334236
15.304793867222372, 52.67173964436708
15.352030885331082, 52.667144055391795
15.399267903439794, 52.66254846641651
15.446504921548506, 52.65795287744123
15.493741939657216, 52.65335728846595
15.540978957765928, 52.64876169949066
15.588215975874638, 52.644166110515386
15.63545299398335, 52.6395705215401
15.68269001209206, 52.634974932564816
15.729927030200772, 52.63037934358954
15.777164048309482, 52.625783754614254
15.824401066418194, 52.62118816563897
15.871638084526904, 52.616592576663685
15.918875102635615, 52.61199698768841
15.966112120744327, 52.60740139871312
16.013349138853037, 52.60280580973784
16.060586156961747, 52.59821022076256
16.10782317507046, 52.593614631787275
16.15506019317917, 52.58901904281199
16.20229721128788, 52.58442345383671
16.24953422939659, 52.57982786486143
16.296771247505305, 52.575232275886144
16.344008265614015, 52.570636686910866
16.391245283722725, 52.56604109793558
16.438482301831435, 52.5614455089603
16.48571931994015, 52.55684991998501
16.53295633804886, 52.552254331009735
16.58019335615757, 52.54765874203445
16.627430374266282, 52.543063153059165
16.674667392374992, 52.53846756408389
16.721904410483702, 52.5338719751086
16.769141428592413, 52.52927638613332
16.816378446701126, 52.52468079715804
16.863615464809836, 52.520085208182756
16.910852482918546, 52.51548961920747
16.958089501027256, 52.510894030232194
17.00532651913597, 52.50629844125691
17.05256353724468, 52.501702852281625
17.09980055535339, 52.49710726330635
17.147037573462104, 52.49251167433106
17.194274591570814, 52.48791608535578
17.241511609679524, 52.48332049638049
17.288748627788234, 52.478724907405216
17.335985645896947, 52.47412931842993
17.383222664005658, 52.469533729454646
17.430459682114368, 52.46493814047937
17.477696700223078, 52.460342551504084
17.52493371833179, 52.4557469625288
17.5721707364405, 52.45115137355352
17.61940775454921, 52.44655578457824
17.666644772657925, 52.44196019560295
17.713881790766635, 52.437364606627675
17.761118808875345, 52.43276901765239
17.808355826984055, 52.428173428677106
17.85559284509277, 52.42357783970182
17.90282986320148, 52.41898225072654
17.95006688131019, 52.41438666175126
17.9973038994189, 52.409791072775974
18.044540917527613, 52.405195483800696
18.091777935636323, 52.40059989482541
18.139014953745033, 52.39600430585013
18.186251971853746, 52.39140871687485
18.233488989962456, 52.386813127899565
18.280726008071166, 52.38221753892428
18.327963026179876, 52.377621949949
18.37520004428859, 52.37302636097372
18.4224370623973, 52.36843077199843
18.46967408050601, 52.36383518302315
18.51691109861472, 52.35923959404787
18.564148116723434, 52.354644005072586
18.611385134832144, 52.3500484160973
18.658622152940854, 52.345452827122024
18.705859171049568, 52.34085723814674
18.753096189158278, 52.336261649171455
18.800333207266988, 52.33166606019618
18.847570225375698, 52.32707047122089
18.89480724348441, 52.32247488224561
18.94204426159312, 52.31787929327033
18.98928127970183, 52.313283704295046
19.03651829781054, 52.30868811531976
19.083755315919255, 52.304092526344476
19.130992334027965, 52.2994969373692
19.178229352136675, 52.294901348393914
19.225466370245385, 52.29030575941863
19.2727033883541, 52.28571017044335
19.31994040646281, 52.28111458146807
19.36717742457152, 52.27651899249278
19.414414442680233, 52.271923403517505
19.461651460788943, 52.26732781454222
19.508888478897653, 52.262732225566936
19.556125497006363, 52.25813663659166
19.603362515115077, 52.25354104761637
19.650599533223787, 52.24894545864109
19.697836551332497, 52.24434986966581
19.745073569441207, 52.239754280690526
19.79231058754992, 52.23515869171524
19.83954760565863, 52.23056310273996
19.88678462376734, 52.22596751376468
19.934021641876054, 52.221371924789395
19.981258659984764, 52.21677633581411
20.028495678093474, 52.21218074683883
20.075732696202184, 52.20758515786355
20.122969714310898, 52.20298956888826
20.170206732419608, 52.198393979912986
20.217443750528318, 52.1937983909377
20.264680768637028, 52.189202801962416
20.31191778674574, 52.18460721298714
20.35915480485445, 52.180011624011854
20.406391822963162, 52.17541603503657
20.453628841071875, 52.170820446061285
20.500865859180585, 52.16622485708601
20.548102877289296, 52.16162926811072
20.595339895398006, 52.15703367913544
20.64257691350672, 52.15243809016016
20.68981393161543, 52.147842501184876
20.73705094972414, 52.14324691220959
20.78428796783285, 52.13865132323431
20.831524985941563, 52.13405573425903
20.878762004050273, 52.129460145283744
20.925999022158983, 52.12486455630847
20.973236040267697, 52.12026896733318
21.020473058376407, 52.1156733783579
21.067710076485117, 52.11107778938261
21.114947094593827, 52.106482200407335
21.16218411270254, 52.10188661143205
21.20942113081125, 52.097291022456766
21.25665814891996, 52.09269543348149
21.30389516702867, 52.0880998445062
21.351132185137384, 52.08350425553092
21.398369203246094, 52.07890866655564
21.445606221354804, 52.074313077580356
21.492843239463518, 52.06971748860507
21.540080257572228, 52.065121899629794
21.587317275680938, 52.06052631065451
21.63455429378965, 52.055930721679225
21.681791311898362, 52.05133513270394
21.729028330007072, 52.04673954372866
21.776265348115782, 52.04214395475338
21.823502366224492, 52.03754836577809
21.870739384333206, 52.032952776802816
21.917976402441916, 52.02835718782753
21.965213420550626, 52.023761598852246
22.01245043865934, 52.01916600987697
22.05968745676805, 52.014570420901684
22.10692447487676, 52.0099748319264
22.15416149298547, 52.00537924295112
22.201398511094183, 52.00078365397584
22.248635529202893, 51.99618806500055
22.295872547311603, 51.991592476025275
22.343109565420313, 51.98699688704999
22.390346583529027, 51.982401298074706
22.437583601637737, 51.97780570909942
22.484820619746447, 51.97321012012414
22.532057637855157, 51.96861453114886
22.57929465596387, 51.964018942173574
22.62653167407258, 51.9594233531983
22.67376869218129, 51.95482776422301
22.721005710290004, 51.95023217524773
22.768242728398715, 51.94563658627245
22.815479746507425, 51.941040997297165
22.862716764616135, 51.93644540832188
22.90995378272485, 51.9318498193466
22.95719080083356, 51.92725423037132
23.00442781894227, 51.92265864139603
23.05166483705098, 51.91806305242075
23.098901855159692, 51.91346746344547
23.146138873268402, 51.90887187447019
23.193375891377112, 51.9042762854949
23.240612909485826, 51.899680696519624
23.287849927594536, 51.89508510754434
23.335086945703246, 51.890489518569055
23.382323963811956, 51.88589392959378
23.42956098192067, 51.88129834061849
23.47679800002938, 51.87670275164321
23.52403501813809, 51.87210716266793
23.5712720362468, 51.867511573692646
23.618509054355513, 51.86291598471736
23.665746072464223, 51.85832039574208
23.712983090572934, 51.8537248067668
23.760220108681647, 51.849129217791514
23.807457126790357, 51.84453362881623
23.854694144899067, 51.83993803984095
23.901931163007777, 51.83534245086567
23.94916818111649, 51.83074686189038
23.9964051992252, 51.826151272915105
24.04364221733391, 51.82155568393982
24.09087923544262, 51.816960094964536
24.138116253551335, 51.81236450598926
24.185353271660045, 51.80776891701397
24.232590289768755, 51.80317332803869
24.27982730787747, 51.798577739063404
24.32706432598618, 51.79398215008813
24.37430134409489, 51.78938656111284
24.4215383622036, 51.78479097213756
24.468775380312312, 51.78019538316228
24.516012398421022, 51.775599794186995
24.563249416529732, 51.77100420521171
24.610486434638442, 51.76640861623643
24.657723452747156, 51.76181302726115
24.704960470855866, 51.75721743828586
24.752197488964576, 51.752621849310586
24.79943450707329, 51.7480262603353
24.846671525182, 51.74343067136002
24.89390854329071, 51.73883508238474
24.94114556139942, 51.734239493409454
24.988382579508134, 51.72964390443417
25.035619597616844, 51.725048315458885
25.082856615725554, 51.72045272648361
25.130093633834264, 51.71585713750832
25.177330651942977, 51.71126154853304
25.224567670051687, 51.70666595955776
25.271804688160397, 51.702070370582476
25.31904170626911, 51.69747478160719
25.36627872437782, 51.692879192631914
25.41351574248653, 51.68828360365663
25.46075276059524, 51.683688014681344
25.507989778703955, 51.67909242570607
25.555226796812665, 51.67449683673078
25.602463814921375, 51.6699012477555
25.649700833030085, 51.66530565878021
25.6969378511388, 51.660710069804935
25.74417486924751, 51.65611448082965
25.79141188735622, 51.651518891854366
25.838648905464932, 51.64692330287909
25.885885923573642, 51.6423277139038
25.933122941682353, 51.63773212492852
25.980359959791063, 51.63313653595324
26.027596977899776, 51.62854094697796
26.074833996008486, 51.62394535800267
26.122071014117196, 51.619349769027394
26.169308032225906, 51.61475418005211
26.21654505033462, 51.610158591076825
26.26378206844333, 51.60556300210155
26.31101908655204, 51.60096741312626
26.35825610466075, 51.59637182415098
26.405493122769464, 51.59177623517569
26.452730140878174, 51.587180646200416
26.499967158986884, 51.58258505722513
26.547204177095598, 51.57798946824985
26.594441195204308, 51.57339387927457
26.641678213313018, 51.568798290299284
26.688915231421728, 51.564202701324
26.73615224953044, 51.55960711234872
26.78338926763915, 51.55501152337344
26.83062628574786, 51.55041593439815
26.87786330385657, 51.545820345422875
26.925100321965285, 51.54122475644759
26.972337340073995, 51.536629167472306
27.019574358182705, 51.53203357849702
27.06681137629142, 51.527437989521744
27.11404839440013, 51.52284240054646
27.16128541250884, 51.518246811571174
27.20852243061755, 51.5136512225959
27.255759448726263, 51.50905563362061
27.302996466834973, 51.50446004464533
27.350233484943683, 51.49986445567005
27.397470503052393, 51.495268866694765
27.444707521161106, 51.49067327771948
27.491944539269817, 51.4860776887442
27.539181557378527, 51.48148209976892
27.58641857548724, 51.47688651079363
27.63365559359595, 51.47229092181835
27.68089261170466, 51.46769533284307
27.72812962981337, 51.46309974386779
27.775366647922084, 51.4585041548925
27.822603666030794, 51.453908565917224
27.869840684139504, 51.44931297694194
27.917077702248214, 51.444717387966655
27.964314720356928, 51.44012179899138
28.011551738465638, 51.43552621001609
28.058788756574348, 51.43093062104081
28.10602577468306, 51.42633503206553
28.15326279279177, 51.421739443090246
28.20049981090048, 51.41714385411496
28.24773682900919, 51.41254826513968
28.294973847117905, 51.4079526761644
28.342210865226615, 51.403357087189114
28.389447883335325, 51.39876149821383
28.436684901444035, 51.39416590923855
28.48392191955275, 51.38957032026327
28.53115893766146, 51.38497473128798
28.57839595577017, 51.380379142312705
28.625632973878883, 51.37578355333742
28.672869991987593, 51.371187964362136
28.720107010096303, 51.36659237538686
28.767344028205013, 51.361996786411574
28.814581046313727, 51.35740119743629
28.861818064422437, 51.35280560846101
28.909055082531147, 51.34821001948573
28.956292100639857, 51.34361443051044
29.00352911874857, 51.33901884153516
29.05076613685728, 51.33442325255988
29.09800315496599, 51.329827663584595
29.145240173074704, 51.32523207460931
29.192477191183414, 51.32063648563403
29.239714209292124, 51.31604089665875
29.286951227400834, 51.311445307683464
29.334188245509548, 51.306849718708186
29.381425263618258, 51.3022541297329
29.428662281726968, 51.29765854075762
29.475899299835678, 51.29306295178234
29.52313631794439, 51.288467362807054
29.570373336053102, 51.28387177383177
29.617610354161812, 51.279276184856485
29.664847372270522, 51.27468059588121
29.712084390379236, 51.27008500690592
29.759321408487946, 51.26548941793064
29.806558426596656, 51.26089382895536
29.85379544470537, 51.256298239980076
29.90103246281408, 51.25170265100479
29.94826948092279, 51.247107062029514
29.9955064990315, 51.24251147305423
30.042743517140213, 51.237915884078944
30.089980535248923, 51.23332029510367
30.137217553357633, 51.22872470612838
30.184454571466343, 51.2241291171531
30.231691589575057, 51.21953352817781
30.278928607683767, 51.214937939202535
30.326165625792477, 51.21034235022725
30.37340264390119, 51.205746761251966
30.4206396620099, 51.20115117227669
30.46787668011861, 51.196555583301404
30.51511369822732, 51.19195999432612
30.562350716336034, 51.18736440535084
30.609587734444744, 51.18276881637556
30.656824752553455, 51.17817322740027
30.704061770662165, 51.173577638424995
30.751298788770878, 51.16898204944971
30.79853580687959, 51.164386460474425
30.8457728249883, 51.15979087149914
30.893009843097012, 51.15519528252386
30.940246861205722, 51.15059969354858
30.987483879314432, 51.146004104573294
31.034720897423142, 51.141408515598016
31.081957915531856, 51.13681292662273
31.129194933640566, 51.13221733764745
31.176431951749276, 51.12762174867217
31.223668969857986, 51.123026159696884
31.2709059879667, 51.1184305707216
31.31814300607541, 51.11383498174632
31.36538002418412, 51.10923939277104
31.412617042292833, 51.10464380379575
31.459854060401543, 51.100048214820475
31.507091078510253, 51.09545262584519
31.554328096618963, 51.090857036869906
31.601565114727677, 51.08626144789462
31.648802132836387, 51.081665858919344
31.696039150945097, 51.07707026994406
31.743276169053807, 51.072474680968774
31.79051318716252, 51.0678790919935
31.83775020527123, 51.06328350301821
31.88498722337994, 51.05868791404293
31.932224241488655, 51.05409232506765
31.979461259597365, 51.049496736092365
32.026698277706075, 51.04490114711708
32.073935295814785, 51.0403055581418
32.121172313923495, 51.03570996916652
32.168409332032205, 51.031114380191234
32.21564635014092, 51.02651879121595
32.26288336824963, 51.02192320224067
32.31012038635834, 51.01732761326539
32.35735740446705, 51.0127320242901
32.40459442257576, 51.008136435314825
32.45183144068447, 51.00354084633954
32.49906845879318, 50.998945257364255
32.5463054769019, 50.99434966838898
32.59354249501061, 50.98975407941369
32.64077951311932, 50.98515849043841
32.68801653122803, 50.98056290146313
32.73525354933674, 50.975967312487846
32.78249056744545, 50.97137172351256
32.82972758555416, 50.966776134537284
32.87696460366287, 50.962180545562
32.92420162177159, 50.957584956586714
32.9714386398803, 50.95298936761143
33.01867565798901, 50.94839377863615
33.06591267609772, 50.94379818966087
33.11314969420643, 50.93920260068558
33.16038671231514, 50.934607011710305
33.20762373042385, 50.93001142273502
33.254860748532565, 50.925415833759736
33.302097766641275, 50.92082024478446
33.349334784749985, 50.916224655809174
33.396571802858695, 50.91162906683389
33.443808820967405, 50.907033477858604
33.491045839076115, 50.90243788888333
33.538282857184825, 50.89784229990804
33.58551987529354, 50.89324671093276
33.63275689340225, 50.88865112195748
33.67999391151096, 50.884055532982195
33.72723092961967, 50.87945994400691
33.77446794772838, 50.87486435503163
33.82170496583709, 50.87026876605635
33.8689419839458, 50.865673177081064
33.91617900205451, 50.861077588105786
33.96341602016323, 50.8564819991305
34.01065303827194, 50.85188641015522
34.05789005638065, 50.84729082117994
34.10512707448936, 50.842695232204655
34.15236409259807, 50.83809964322937
34.19960111070678, 50.833504054254085
34.24683812881549, 50.82890846527881
34.29407514692421, 50.82431287630352
34.34131216503292, 50.81971728732824
34.38854918314163, 50.81512169835296
34.43578620125034, 50.810526109377676
34.48302321935905, 50.80593052040239
34.53026023746776, 50.801334931427114
34.57749725557647, 50.79673934245183
34.62473427368518, 50.792143753476545
34.671971291793895, 50.78754816450126
34.719208309902605, 50.78295257552598
34.766445328011315, 50.7783569865507
34.813682346120025, 50.77376139757541
34.860919364228735, 50.769165808600135
34.908156382337445, 50.76457021962485
34.955393400446155, 50.759974630649566
35.00263041855487, 50.75537904167429
35.04986743666358, 50.750783452699004
35.09710445477229, 50.74618786372372
35.144341472881, 50.74159227474844
35.19157849098971, 50.73699668577316
35.23881550909842, 50.73240109679787
35.28605252720713, 50.727805507822595
35.33328954531585, 50.72320991884731
35.38052656342456, 50.718614329872025
35.42776358153327, 50.71401874089674
35.47500059964198, 50.70942315192146
35.52223761775069, 50.70482756294618
35.5694746358594, 50.700231973970894
35.61671165396811, 50.695636384995616
35.66394867207682, 50.69104079602033
35.71118569018554, 50.68644520704505
35.75842270829425, 50.68184961806977
35.80565972640296, 50.677254029094485
35.85289674451167, 50.6726584401192
35.90013376262038, 50.66806285114392
35.94737078072909, 50.66346726216864
35.9946077988378, 50.65887167319335
36.041844816946515, 50.65427608421807
36.089081835055225, 50.64968049524279
36.136318853163935, 50.645084906267506
36.183555871272645, 50.64048931729222
36.230792889381355, 50.635893728316944
36.278029907490065, 50.63129813934166
36.325266925598775, 50.626702550366375
36.37250394370749, 50.6221069613911
36.4197409618162, 50.61751137241581
36.46697797992491, 50.61291578344053
36.51421499803362, 50.60832019446525
36.56145201614233, 50.603724605489965
36.60868903425104, 50.59912901651468
36.65592605235975, 50.5945334275394
36.70316307046846, 50.58993783856412
36.75040008857718, 50.585342249588834
36.79763710668589, 50.58074666061355
36.8448741247946, 50.57615107163827
36.89211114290331, 50.57155548266299
36.93934816101202, 50.5669598936877
36.98658517912073, 50.562364304712425
37.03382219722944, 50.55776871573714
37.08105921533816, 50.553173126761855
37.12829623344687, 50.54857753778658
37.17553325155558, 50.54398194881129
37.22277026966429, 50.53938635983601
37.270007287773, 50.53479077086073
37.31724430588171, 50.530195181885446
37.36448132399042, 50.52559959291016
37.411718342099135, 50.52100400393488
37.458955360207845, 50.5164084149596
37.506192378316555, 50.511812825984315
37.553429396425265, 50.50721723700903
37.600666414533976, 50.50262164803375
37.647903432642686, 50.49802605905847
37.695140450751396, 50.49343047008318
37.742377468860106, 50.488834881107906
37.78961448696882, 50.48423929213262
37.83685150507753, 50.479643703157336
37.88408852318624, 50.47504811418206
37.93132554129495, 50.470452525206774
37.97856255940366, 50.46585693623149
38.02579957751237, 50.46126134725621
38.07303659562108, 50.45666575828093
38.1202736137298, 50.45207016930564
38.16751063183851, 50.44747458033036
38.21474764994722, 50.44287899135508
38.26198466805593, 50.438283402379795
38.30922168616464, 50.43368781340451
38.35645870427335, 50.42909222442923
38.40369572238206, 50.40714962884192
38.45093274049077, 50.27599627457874
38.49816975859949, 50.14484292031554
38.5454067767082, 50.013689566052356
38.59264379481691, 49.88253621178918
38.63988081292562, 49.751382857525996
38.68711783103433, 49.62022950326281
38.73435484914304, 49.48907614899964
38.78159186725175, 49.35792279473645
38.828828885360466, 49.226769440473255
38.876065903469176, 49.09561608621007
38.923302921577886, 48.964462731946895
38.970539939686596, 48.83330937768371
39.017776957795306, 48.70215602342053
39.065013975904016, 48.57100266915735
39.112250994012726, 48.43984931489417
39.15948801212144, 48.30869596063097
39.20672503023015, 48.17754260636779
39.25396204833886, 48.04638925210461
39.30119906644757, 47.91523589784143
39.34843608455628, 47.78408254357824
39.39567310266499, 47.65292918931507
39.4429101207737, 47.52177583505188
39.49014713888241, 47.39062248078871
39.53738415699113, 47.2594691265255
39.58462117509984, 47.128315772262326
39.63185819320855, 46.99716241799914
39.67909521131726, 46.86600906373596
39.72633222942597, 46.73485570947278
39.77356924753468, 46.6037023552096
39.82080626564339, 46.47254900094642
39.86804328375211, 46.34139564668322
39.91528030186082, 46.21024229242004
39.96251731996953, 46.07908893815686
40.00975433807824, 45.94793558389368
40.05699135618695, 45.8167822296305
40.10422837429566, 45.685628875367314
40.15146539240437, 45.55447552110414
40.198702410513086, 45.42332216684093
40.245939428621796, 45.292168812577756
40.293176446730506, 45.16101545831457
40.340413464839216, 45.02986210405139
40.387650482947926, 44.89870874978821
40.434887501056636, 44.76755539552503
40.482124519165346, 44.63640204126185
40.529361537274056, 44.50524868699867
40.57659855538277, 44.37409533273547
40.62383557349148, 44.24294197847229
40.67107259160019, 44.11178862420911
40.7183096097089, 43.98063526994593
40.76554662781761, 43.849481915682745
40.812783645926324, 43.71832856141957
40.860020664035034, 43.587175207156385
40.90725768214375, 43.45602185289319
40.95449470025246, 43.32486849863
41.00173171836117, 43.19371514436682
41.04896873646988, 43.06256179010364
41.09620575457859, 42.93140843584046
41.1434427726873, 42.80025508157728
41.19067979079601, 42.6691017273141
41.23791680890473, 42.5379483730509
41.28515382701344, 42.40679501878772
41.33239084512215, 42.27564166452454
41.37962786323086, 42.14448831026136
41.42686488133957, 42.013334955998175
41.47410189944828, 41.882181601735
41.52133891755699, 41.751028247471815
41.5685759356657, 41.61987489320863
41.615812953774416, 41.488721538945434
41.663049971883126, 41.35756818468225
41.710286989991836, 41.226414830419074
41.757524008100546, 41.0952614761559
41.804761026209256, 40.964108121892714
41.851998044317966, 40.83295476762953
41.899235062426676, 40.701801413366354
41.94647208053539, 40.57064805910315
41.9937090986441, 40.43949470483997
42.040946116752814, 40.30834135057679
42.088183134861524, 40.177187996313606
42.135420152970234, 40.04603464205043
42.182657171078944, 39.914881287787246
42.229894189187654, 39.78372793352406
42.277131207296364, 39.652574579260886
42.32436822540508, 39.52142122499768
42.37160524351379, 39.390267870734505
42.4188422616225, 39.25911451647133
42.46607927973121, 39.127961162208145
42.51331629783992, 38.99680780794496
42.56055331594863, 38.865654453681785
42.60779033405734, 38.7345010994186
42.65502735216606, 38.6033477451554
42.70226437027477, 38.47219439089222
42.74950138838348, 38.341041036629036
42.79673840649219, 38.20988768236586
42.8439754246009, 38.078734328102676
42.89121244270961, 37.94758097383949
42.93844946081832, 37.81642761957632
42.985686478927036, 37.68527426531312
43.032923497035746, 37.554120911049935
43.080160515144456, 37.42296755678676
43.127397533253166, 37.291814202523575
43.174634551361876, 37.16066084826039
43.221871569470586, 37.029507493997215
43.2691085875793, 36.89835413973403
43.31634560568801, 36.76720078547085
43.363582623796724, 36.63604743120765
43.410819641905434, 36.50489407694447
43.458056660014144, 36.37374072268129
43.505293678122854, 36.24258736841811
43.552530696231564, 36.11143401415493
43.599767714340274, 35.98028065989175
43.647004732448984, 35.84912730562857
43.6942417505577, 35.717973951365366
43.74147876866641, 35.58682059710219
43.78871578677512, 35.455667242839006
43.83595280488383, 35.32451388857582
43.88318982299254, 35.193360534312646
43.93042684110125, 35.06220718004946
43.97766385920996, 34.93105382578628
44.02490087731868, 34.79990047152308
44.07213789542739, 34.6687471172599
44.1193749135361, 34.53759376299672
44.16661193164481, 34.406440408733545
44.21384894975352, 34.275287054470354
44.26108596786223, 34.14413370020718
44.30832298597094, 34.012980345944
44.35556000407965, 33.88182699168082
44.402797022188366, 33.75067363741762
44.450034040297076, 33.619520283154436
44.49727105840579, 33.48836692889125
44.5445080765145, 33.35721357462808
44.59174509462321, 33.22606022036489
44.63898211273192, 33.09490686610171
44.68621913084063, 32.96375351183853
44.733456148949344, 32.83260015757533
44.780693167058054, 32.70144680331215
44.827930185166764, 32.570293449048975
44.875167203275474, 32.439140094785785
44.922404221384184, 32.30798674052261
44.969641239492894, 32.17683338625943
45.016878257601604, 32.04568003199625
45.064115275710314, 31.91452667773307
45.11135229381903, 31.783373323469867
45.15858931192774, 31.652219969206687
45.20582633003645, 31.521066614943503
45.25306334814516, 31.389913260680324
45.30030036625387, 31.258759906417144
45.34753738436258, 31.127606552153964
45.39477440247129, 30.996453197890784
45.44201142058001, 30.865299843627582
45.48924843868872, 30.734146489364402
45.53648545679743, 30.602993135101222
45.58372247490614, 30.47183978083804
45.63095949301485, 30.34068642657486
45.67819651112356, 30.20953307231168
45.72543352923227, 30.0783797180485
45.77267054734099, 29.947226363785298
45.8199075654497, 29.816073009522118
45.86714458355841, 29.684919655258938
45.91438160166712, 29.553766300995754
45.96161861977583, 29.422612946732574
46.00885563788454, 29.291459592469394
46.05609265599325, 29.160306238206214
46.10332967410196, 29.029152883943034
46.150566692210674, 28.897999529679833
46.197803710319384, 28.766846175416653
46.245040728428094, 28.63569282115347
46.292277746536804, 28.50453946689029
46.339514764645514, 28.37338611262711
46.386751782754224, 28.24223275836393
46.433988800862934, 28.11107940410075
46.48122581897165, 27.979926049837548
46.52846283708036, 27.848772695574368
46.57569985518907, 27.717619341311185
46.62293687329778, 27.586465987048005
46.67017389140649, 27.455312632784825
46.7174109095152, 27.324159278521645
46.76464792762391, 27.193005924258465
46.81188494573263, 27.061852569995263
46.85912196384134, 26.930699215732083
46.90635898195005, 26.7995458614689
46.95359600005876, 26.66839250720572
47.00083301816747, 26.53723915294254
47.04807003627618, 26.40608579867936
47.09530705438489, 26.27493244441618
47.1425440724936, 26.143779090152997
47.18978109060232, 26.0126257358898
