Parameters: [53.54460566217536, 24.74900055795148, 5.881285376130501, 44.03752769597543, 3.8166412833152195, 0.017845719326327336, -3.0854622020049107]
Points:
0.0, 24.74900055795148
0.053598203866041395, 24.953565675538158
0.10719640773208279, 25.158130793124837
0.1607946115981242, 25.362695910711516
0.21439281546416558, 25.567261028298194
0.26799101933020697, 25.771826145884873
0.3215892231962484, 25.97639126347155
0.37518742706228975, 26.18095638105823
0.42878563092833116, 26.385521498644913
0.4823838347943726, 26.59008661623159
0.5359820386604139, 26.79465173381827
0.5895802425264554, 26.99921685140495
0.6431784463924968, 27.203781968991628
0.6967766502585382, 27.408347086578306
0.7503748541245795, 27.612912204164985
0.8039730579906209, 27.817477321751664
0.8575712618566623, 28.022042439338342
0.9111694657227037, 28.22660755692502
0.9647676695887452, 28.4311726745117
1.0183658734547865, 28.63573779209838
1.0719640773208279, 28.840302909685057
1.1255622811868693, 29.04486802727174
1.1791604850529107, 29.24943314485842
1.2327586889189521, 29.453998262445097
1.2863568927849935, 29.658563380031776
1.339955096651035, 29.863128497618455
1.3935533005170764, 30.067693615205133
1.4471515043831176, 30.272258732791812
1.500749708249159, 30.47682385037849
1.5543479121152004, 30.68138896796517
1.6079461159812418, 30.885954085551848
1.6615443198472832, 31.090519203138527
1.7151425237133247, 31.29508432072521
1.768740727579366, 31.499649438311884
1.8223389314454075, 31.704214555898567
1.875937135311449, 31.908779673485245
1.9295353391774903, 32.113344791071924
1.9831335430435317, 32.3179099086586
2.036731746909573, 32.52247502624528
2.0903299507756143, 32.72704014383196
2.1439281546416558, 32.93160526141864
2.197526358507697, 33.13617037900532
2.2511245623737386, 33.340735496591996
2.30472276623978, 33.54530061417867
2.3583209701058214, 33.749865731765354
2.411919173971863, 33.954430849352036
2.4655173778379043, 34.15899596693871
2.5191155817039457, 34.363561084525394
2.572713785569987, 34.56812620211207
2.6263119894360285, 34.77269131969875
2.67991019330207, 34.97725643728543
2.7335083971681113, 35.18182155487211
2.7871066010341528, 35.386386672458784
2.840704804900194, 35.590951790045466
2.894303008766235, 35.79551690763215
2.9479012126322766, 36.00008202521882
3.001499416498318, 36.2046471428055
3.0550976203643594, 36.40921226039218
3.108695824230401, 36.61377737797886
3.1622940280964422, 36.81834249556554
3.2158922319624836, 37.02290761315222
3.269490435828525, 37.227472730738896
3.3230886396945665, 37.43203784832558
3.376686843560608, 37.63660296591225
3.4302850474266493, 37.841168083498935
3.4838832512926907, 38.04573320108561
3.537481455158732, 38.25029831867229
3.5910796590247736, 38.454863436258975
3.644677862890815, 38.65942855384565
3.6982760667568564, 38.863993671432326
3.751874270622898, 39.06855878901901
3.805472474488939, 39.27312390660569
3.8590706783549806, 39.477689024192365
3.912668882221022, 39.68225414177905
3.9662670860870635, 39.88681925936572
4.019865289953104, 40.091384376952405
4.073463493819146, 40.29594949453908
4.127061697685187, 40.50051461212576
4.180659901551229, 40.70507972971244
4.23425810541727, 40.90964484729912
4.2878563092833115, 41.1142099648858
4.341454513149353, 41.31877508247248
4.395052717015394, 41.52334020005915
4.448650920881436, 41.727905317645835
4.502249124747477, 41.93247043523252
4.555847328613519, 42.13703555281919
4.60944553247956, 42.34160067040587
4.663043736345601, 42.54616578799255
4.716641940211643, 42.75073090557923
4.770240144077684, 42.955296023165914
4.823838347943726, 43.15986114075259
4.877436551809767, 43.364426258339265
4.9310347556758085, 43.56899137592595
4.98463295954185, 43.77355649351263
5.038231163407891, 43.978121611099304
5.091829367273933, 44.18268672868598
5.145427571139974, 44.38725184627266
5.199025775006016, 44.591816963859344
5.252623978872057, 44.796382081446026
5.306222182738098, 45.0009471990327
5.35982038660414, 45.20551231661938
5.413418590470181, 45.41007743420606
5.467016794336223, 45.61464255179274
5.520614998202264, 45.819207669379416
5.5742132020683055, 46.02377278696609
5.627811405934347, 46.228337904552774
5.681409609800388, 46.432903022139456
5.735007813666429, 46.637468139726124
5.78860601753247, 46.842033257312806
5.842204221398512, 47.04659837489949
5.895802425264553, 47.19601619063352
5.9494006291305945, 47.19697268913611
6.002998832996636, 47.1979291876387
6.056597036862677, 47.19888568614129
6.110195240728719, 47.19984218464387
6.16379344459476, 47.20079868314646
6.217391648460802, 47.20175518164905
6.270989852326843, 47.20271168015164
6.3245880561928844, 47.203668178654226
6.378186260058926, 47.204624677156815
6.431784463924967, 47.205581175659404
6.485382667791009, 47.20653767416199
6.53898087165705, 47.20749417266458
6.5925790755230915, 47.20845067116717
6.646177279389133, 47.20940716966976
6.699775483255174, 47.21036366817235
6.753373687121216, 47.21132016667494
6.806971890987257, 47.21227666517753
6.860570094853299, 47.213233163680115
6.91416829871934, 47.214189662182704
6.967766502585381, 47.21514616068529
7.021364706451423, 47.21610265918788
7.074962910317464, 47.21705915769047
7.128561114183506, 47.21801565619306
7.182159318049547, 47.21897215469565
7.2357575219155885, 47.21992865319824
7.28935572578163, 47.22088515170083
7.342953929647671, 47.221841650203416
7.396552133513713, 47.222798148706
7.450150337379754, 47.22375464720859
7.503748541245796, 47.224711145711176
7.557346745111837, 47.225667644213765
7.610944948977878, 47.226624142716354
7.66454315284392, 47.22758064121894
7.718141356709961, 47.22853713972153
7.771739560576003, 47.22949363822412
7.825337764442044, 47.23045013672671
7.8789359683080855, 47.2314066352293
7.932534172174127, 47.23236313373189
7.986132376040168, 47.233319632234476
8.039730579906209, 47.234276130737065
8.09332878377225, 47.235232629239654
8.146926987638292, 47.23618912774224
8.200525191504333, 47.23714562624483
8.254123395370375, 47.23810212474742
8.307721599236416, 47.23905862325001
8.361319803102457, 47.2400151217526
8.414918006968499, 47.24097162025519
8.46851621083454, 47.24192811875778
8.522114414700582, 47.242884617260366
8.575712618566623, 47.243841115762955
8.629310822432664, 47.24479761426554
8.682909026298706, 47.245754112768125
8.736507230164747, 47.246710611270714
8.790105434030789, 47.2476671097733
8.84370363789683, 47.24862360827589
8.897301841762872, 47.24958010677848
8.950900045628913, 47.25053660528107
9.004498249494954, 47.25149310378366
9.058096453360996, 47.25244960228625
9.111694657227037, 47.25340610078884
9.165292861093079, 47.254362599291426
9.21889106495912, 47.255319097794015
9.272489268825161, 47.256275596296604
9.326087472691203, 47.25723209479919
9.379685676557244, 47.25818859330178
9.433283880423286, 47.25914509180437
9.486882084289327, 47.26010159030696
9.540480288155369, 47.26105808880955
9.59407849202141, 47.26201458731214
9.647676695887451, 47.262971085814726
9.701274899753493, 47.263927584317315
9.754873103619534, 47.264884082819904
9.808471307485576, 47.26584058132249
9.862069511351617, 47.26679707982508
9.915667715217658, 47.26775357832767
9.9692659190837, 47.26871007683025
10.022864122949741, 47.26966657533284
10.076462326815783, 47.27062307383543
10.130060530681824, 47.27157957233802
10.183658734547866, 47.27253607084061
10.237256938413907, 47.2734925693432
10.290855142279948, 47.27444906784579
10.34445334614599, 47.275405566348375
10.398051550012031, 47.276362064850964
10.451649753878073, 47.27731856335355
10.505247957744114, 47.27827506185614
10.558846161610155, 47.27923156035873
10.612444365476197, 47.28018805886132
10.666042569342238, 47.28114455736391
10.71964077320828, 47.2821010558665
10.773238977074321, 47.28305755436909
10.826837180940363, 47.284014052871676
10.880435384806404, 47.284970551374265
10.934033588672445, 47.285927049876854
10.987631792538487, 47.28688354837944
11.041229996404528, 47.28784004688203
11.09482820027057, 47.28879654538462
11.148426404136611, 47.28975304388721
11.202024608002652, 47.2907095423898
11.255622811868694, 47.29166604089239
11.309221015734735, 47.29262253939497
11.362819219600777, 47.29357903789756
11.416417423466818, 47.29453553640015
11.470015627332858, 47.295492034902736
11.5236138311989, 47.296448533405325
11.57721203506494, 47.297405031907914
11.630810238930982, 47.2983615304105
11.684408442797023, 47.29931802891309
11.738006646663065, 47.30027452741568
11.791604850529106, 47.30123102591827
11.845203054395148, 47.30218752442086
11.898801258261189, 47.30314402292345
11.95239946212723, 47.30410052142604
12.005997665993272, 47.305057019928626
12.059595869859313, 47.306013518431214
12.113194073725355, 47.3069700169338
12.166792277591396, 47.30792651543639
12.220390481457438, 47.30888301393898
12.273988685323479, 47.30983951244157
12.32758688918952, 47.31079601094416
12.381185093055562, 47.31175250944675
12.434783296921603, 47.31270900794934
12.488381500787645, 47.313665506451926
12.541979704653686, 47.314622004954515
12.595577908519727, 47.3155785034571
12.649176112385769, 47.316535001959686
12.70277431625181, 47.317491500462275
12.756372520117852, 47.318447998964864
12.809970723983893, 47.31940449746745
12.863568927849935, 47.32036099597004
12.917167131715976, 47.32131749447263
12.970765335582017, 47.32227399297522
13.024363539448059, 47.32323049147781
13.0779617433141, 47.3241869899804
13.131559947180142, 47.325143488482986
13.185158151046183, 47.326099986985575
13.238756354912224, 47.327056485488164
13.292354558778266, 47.32801298399075
13.345952762644307, 47.32896948249334
13.399550966510349, 47.32992598099593
13.45314917037639, 47.33088247949852
13.506747374242432, 47.33183897800111
13.560345578108473, 47.3327954765037
13.613943781974514, 47.33375197500629
13.667541985840556, 47.334708473508876
13.721140189706597, 47.335664972011465
13.774738393572639, 47.336621470514054
13.82833659743868, 47.33757796901664
13.881934801304721, 47.338534467519224
13.935533005170763, 47.33949096602181
13.989131209036804, 47.3404474645244
14.042729412902846, 47.34140396302699
14.096327616768887, 47.34236046152958
14.149925820634929, 47.34331696003217
14.20352402450097, 47.34427345853476
14.257122228367011, 47.34522995703735
14.310720432233053, 47.346186455539936
14.364318636099094, 47.347142954042525
14.417916839965136, 47.348099452545114
14.471515043831177, 47.3490559510477
14.525113247697218, 47.35001244955029
14.57871145156326, 47.35096894805288
14.632309655429301, 47.35192544655547
14.685907859295343, 47.35288194505806
14.739506063161384, 47.35383844356065
14.793104267027426, 47.354794942063236
14.846702470893467, 47.355751440565825
14.900300674759508, 47.356707939068414
14.95389887862555, 47.357664437571
15.007497082491591, 47.35862093607359
15.061095286357633, 47.35957743457618
15.114693490223674, 47.36053393307877
15.168291694089715, 47.36149043158135
15.221889897955757, 47.36244693008394
15.275488101821798, 47.36340342858653
15.32908630568784, 47.36435992708912
15.382684509553881, 47.36531642559171
15.436282713419923, 47.3662729240943
15.489880917285964, 47.367229422596886
15.543479121152005, 47.368185921099474
15.597077325018047, 47.36914241960206
15.650675528884088, 47.37009891810465
15.70427373275013, 47.37105541660724
15.757871936616171, 47.37201191510983
15.811470140482212, 47.37296841361242
15.865068344348254, 47.37392491211501
15.918666548214295, 47.3748814106176
15.972264752080337, 47.375837909120186
16.025862955946376, 47.376794407622775
16.079461159812418, 47.377750906125364
16.13305936367846, 47.37870740462795
16.1866575675445, 47.37966390313054
16.240255771410542, 47.38062040163313
16.293853975276583, 47.38157690013572
16.347452179142625, 47.38253339863831
16.401050383008666, 47.3834898971409
16.454648586874708, 47.38444639564348
16.50824679074075, 47.38540289414607
16.56184499460679, 47.38635939264866
16.615443198472832, 47.387315891151246
16.669041402338873, 47.388272389653835
16.722639606204915, 47.389228888156424
16.776237810070956, 47.39018538665901
16.829836013936998, 47.3911418851616
16.88343421780304, 47.39209838366419
16.93703242166908, 47.39305488216678
16.990630625535122, 47.39401138066937
17.044228829401163, 47.39496787917196
17.097827033267205, 47.39592437767455
17.151425237133246, 47.396880876177136
17.205023440999287, 47.397837374679725
17.25862164486533, 47.39879387318231
17.31221984873137, 47.3997503716849
17.36581805259741, 47.40070687018749
17.419416256463453, 47.40166336869008
17.473014460329495, 47.40261986719267
17.526612664195536, 47.40357636569526
17.580210868061577, 47.40453286419785
17.63380907192762, 47.405489362700436
17.68740727579366, 47.406445861203025
17.7410054796597, 47.40740235970561
17.794603683525743, 47.408358858208196
17.848201887391784, 47.409315356710785
17.901800091257826, 47.410271855213374
17.955398295123867, 47.41122835371596
18.00899649898991, 47.41218485221855
18.06259470285595, 47.41314135072114
18.11619290672199, 47.41409784922373
18.169791110588033, 47.41505434772632
18.223389314454074, 47.41601084622891
18.276987518320116, 47.416967344731496
18.330585722186157, 47.417923843234085
18.3841839260522, 47.418880341736674
18.43778212991824, 47.41983684023926
18.49138033378428, 47.42079333874185
18.544978537650323, 47.42174983724444
18.598576741516364, 47.42270633574703
18.652174945382406, 47.42366283424962
18.705773149248447, 47.42461933275221
18.75937135311449, 47.4255758312548
18.81296955698053, 47.426532329757386
18.86656776084657, 47.427488828259975
18.920165964712613, 47.428445326762564
18.973764168578654, 47.42940182526515
19.027362372444696, 47.430358323767734
19.080960576310737, 47.43131482227032
19.13455878017678, 47.43227132077291
19.18815698404282, 47.4332278192755
19.24175518790886, 47.43418431777809
19.295353391774903, 47.43514081628068
19.348951595640944, 47.43609731478327
19.402549799506986, 47.43705381328586
19.456148003373027, 47.438010311788446
19.50974620723907, 47.438966810291035
19.56334441110511, 47.439923308793624
19.61694261497115, 47.44087980729621
19.670540818837193, 47.4418363057988
19.724139022703234, 47.44279280430139
19.777737226569275, 47.44374930280398
19.831335430435317, 47.44470580130657
19.88493363430136, 47.44566229980916
19.9385318381674, 47.446618798311746
19.99213004203344, 47.447575296814335
20.045728245899483, 47.448531795316924
20.099326449765524, 47.44948829381951
20.152924653631565, 47.4504447923221
20.206522857497607, 47.45140129082469
20.260121061363648, 47.45235778932728
20.31371926522969, 47.45331428782986
20.36731746909573, 47.45427078633245
20.420915672961772, 47.45522728483504
20.474513876827814, 47.45618378333763
20.528112080693855, 47.45714028184022
20.581710284559897, 47.45809678034281
20.635308488425938, 47.459053278845396
20.68890669229198, 47.460009777347985
20.74250489615802, 47.46096627585057
20.796103100024062, 47.46192277435316
20.849701303890104, 47.46287927285575
20.903299507756145, 47.46383577135834
20.956897711622187, 47.46479226986093
21.010495915488228, 47.46574876836352
21.06409411935427, 47.46670526686611
21.11769232322031, 47.467661765368696
21.171290527086352, 47.468618263871285
21.224888730952394, 47.469574762373874
21.278486934818435, 47.47053126087646
21.332085138684477, 47.47148775937905
21.385683342550518, 47.47244425788164
21.43928154641656, 47.47340075638423
21.4928797502826, 47.47435725488682
21.546477954148642, 47.47531375338941
21.600076158014684, 47.47627025189199
21.653674361880725, 47.47722675039458
21.707272565746766, 47.47818324889717
21.760870769612808, 47.479139747399756
21.81446897347885, 47.480096245902345
21.86806717734489, 47.481052744404934
21.921665381210932, 47.48200924290752
21.975263585076974, 47.48296574141011
22.028861788943015, 47.4839222399127
22.082459992809056, 47.48487873841529
22.136058196675098, 47.48583523691788
22.18965640054114, 47.48679173542047
22.24325460440718, 47.48774823392306
22.296852808273222, 47.488704732425646
22.350451012139263, 47.489661230928235
22.404049216005305, 47.490617729430824
22.457647419871346, 47.49157422793341
22.511245623737388, 47.492530726436
22.56484382760343, 47.49348722493859
22.61844203146947, 47.49444372344118
22.672040235335512, 47.49540022194377
22.725638439201553, 47.49635672044636
22.779236643067595, 47.497313218948946
22.832834846933636, 47.498269717451535
22.886433050799674, 47.49922621595412
22.940031254665715, 47.500182714456706
22.993629458531757, 47.501139212959295
23.0472276623978, 47.502095711461884
23.10082586626384, 47.50305220996447
23.15442407012988, 47.50400870846706
23.208022273995923, 47.50496520696965
23.261620477861964, 47.50592170547224
23.315218681728005, 47.50687820397483
23.368816885594047, 47.50783470247742
23.422415089460088, 47.508791200980006
23.47601329332613, 47.509747699482595
23.52961149719217, 47.510704197985184
23.583209701058212, 47.51166069648777
23.636807904924254, 47.51261719499036
23.690406108790295, 47.51357369349295
23.744004312656337, 47.51453019199554
23.797602516522378, 47.51548669049813
23.85120072038842, 47.51644318900072
23.90479892425446, 47.51739968750331
23.958397128120502, 47.518356186005896
24.011995331986544, 47.519312684508485
24.065593535852585, 47.520269183011074
24.119191739718627, 47.52122568151366
24.172789943584668, 47.522182180016245
24.22638814745071, 47.52313867851883
24.27998635131675, 47.52409517702142
24.333584555182792, 47.52505167552401
24.387182759048834, 47.5260081740266
24.440780962914875, 47.52696467252919
24.494379166780917, 47.52792117103178
24.547977370646958, 47.52887766953437
24.601575574513, 47.529834168036956
24.65517377837904, 47.530790666539545
24.708771982245082, 47.531747165042134
24.762370186111124, 47.53270366354472
24.815968389977165, 47.53366016204731
24.869566593843206, 47.5346166605499
24.923164797709248, 47.53557315905249
24.97676300157529, 47.53652965755508
25.03036120544133, 47.53748615605767
25.083959409307372, 47.53844265456026
25.137557613173414, 47.539399153062845
25.191155817039455, 47.540355651565434
25.244754020905496, 47.54131215006802
25.298352224771538, 47.54226864857061
25.35195042863758, 47.5432251470732
25.40554863250362, 47.54418164557579
25.459146836369662, 47.54513814407837
25.512745040235703, 47.54609464258096
25.566343244101745, 47.54705114108355
25.619941447967786, 47.54800763958614
25.673539651833828, 47.54896413808873
25.72713785569987, 47.54992063659132
25.78073605956591, 47.550877135093906
25.834334263431952, 47.551833633596495
25.887932467297993, 47.552790132099084
25.941530671164035, 47.55374663060167
25.995128875030076, 47.55470312910426
26.048727078896118, 47.55565962760685
26.10232528276216, 47.55661612610944
26.1559234866282, 47.55757262461203
26.209521690494242, 47.55852912311462
26.263119894360283, 47.559485621617206
26.316718098226325, 47.560442120119795
26.370316302092366, 47.561398618622384
26.423914505958408, 47.56235511712497
26.47751270982445, 47.56331161562756
26.53111091369049, 47.56426811413015
26.58470911755653, 47.56522461263274
26.638307321422573, 47.56618111113533
26.691905525288615, 47.56713760963792
26.745503729154656, 47.5680941081405
26.799101933020697, 47.56905060664309
26.85270013688674, 47.57000710514568
26.90629834075278, 47.570963603648266
26.95989654461882, 47.571920102150855
27.013494748484863, 47.572876600653444
27.067092952350905, 47.57383309915603
27.120691156216946, 47.57478959765862
27.174289360082987, 47.57574609616121
27.22788756394903, 47.5767025946638
27.28148576781507, 47.57765909316639
27.33508397168111, 47.57861559166898
27.388682175547153, 47.57957209017157
27.442280379413194, 47.580528588674156
27.495878583279236, 47.581485087176745
27.549476787145277, 47.582441585679334
27.60307499101132, 47.58339808418192
27.65667319487736, 47.58435458268451
27.7102713987434, 47.5853110811871
27.763869602609443, 47.58626757968969
27.817467806475484, 47.58722407819228
27.871066010341526, 47.58818057669487
27.924664214207567, 47.589137075197456
27.97826241807361, 47.590093573700045
28.03186062193965, 47.591050072202634
28.08545882580569, 47.592006570705216
28.139057029671733, 47.592963069207805
28.192655233537774, 47.593919567710394
28.246253437403816, 47.59487606621298
28.299851641269857, 47.59583256471557
28.3534498451359, 47.59678906321816
28.40704804900194, 47.59774556172075
28.46064625286798, 47.59870206022334
28.514244456734023, 47.59965855872593
28.567842660600064, 47.60061505722852
28.621440864466106, 47.601571555731105
28.675039068332147, 47.602528054233694
28.72863727219819, 47.60348455273628
28.78223547606423, 47.60444105123887
28.83583367993027, 47.60539754974146
28.889431883796313, 47.60635404824405
28.943030087662354, 47.60731054674664
28.996628291528395, 47.60826704524923
29.050226495394437, 47.60922354375182
29.10382469926048, 47.610180042254406
29.15742290312652, 47.611136540756995
29.21102110699256, 47.612093039259584
29.264619310858603, 47.61304953776217
29.318217514724644, 47.614006036264755
29.371815718590685, 47.61496253476734
29.425413922456727, 47.61591903326993
29.47901212632277, 47.61687553177252
29.53261033018881, 47.61783203027511
29.58620853405485, 47.6187885287777
29.639806737920892, 47.61974502728029
29.693404941786934, 47.62070152578288
29.747003145652975, 47.621658024285466
29.800601349519017, 47.622614522788055
29.854199553385058, 47.623571021290644
29.9077977572511, 47.62452751979323
29.96139596111714, 47.62548401829582
30.014994164983182, 47.62644051679841
30.068592368849224, 47.627397015301
30.122190572715265, 47.62835351380359
30.175788776581307, 47.62931001230618
30.229386980447348, 47.63026651080877
30.28298518431339, 47.631223009311356
30.33658338817943, 47.632179507813944
30.390181592045472, 47.63313600631653
30.443779795911514, 47.63409250481912
30.497377999777555, 47.63504900332171
30.550976203643597, 47.6360055018243
30.604574407509638, 47.63696200032689
30.65817261137568, 47.63791849882947
30.71177081524172, 47.63887499733206
30.765369019107762, 47.63983149583465
30.818967222973804, 47.64078799433724
30.872565426839845, 47.64174449283983
30.926163630705886, 47.642700991342416
30.979761834571928, 47.643657489845005
31.03336003843797, 47.644613988347594
31.08695824230401, 47.64557048685018
31.140556446170052, 47.64652698535277
31.194154650036094, 47.64748348385536
31.247752853902135, 47.64843998235795
31.301351057768176, 47.64939648086054
31.354949261634218, 47.65035297936313
31.40854746550026, 47.651309477865716
31.4621456693663, 47.652265976368305
31.515743873232342, 47.653222474870894
31.569342077098383, 47.65417897337348
31.622940280964425, 47.65513547187607
31.676538484830466, 47.65609197037866
31.730136688696508, 47.65704846888125
31.78373489256255, 47.65800496738384
31.83733309642859, 47.65896146588643
31.890931300294632, 47.65991796438902
31.944529504160673, 47.6608744628916
31.998127708026715, 47.66183096139419
32.05172591189275, 47.66278745989678
32.1053241157588, 47.663743958399365
32.158922319624835, 47.664700456901954
32.21252052349088, 47.66565695540454
32.26611872735692, 47.66661345390713
32.31971693122296, 47.66756995240972
32.373315135089, 47.66852645091231
32.426913338955046, 47.6694829494149
32.480511542821084, 47.67043944791749
32.53410974668713, 47.67139594642008
32.58770795055317, 47.672352444922666
32.64130615441921, 47.673308943425255
32.69490435828525, 47.674265441927844
32.748502562151295, 47.67522194043043
32.80210076601733, 47.67617843893302
32.85569896988338, 47.67713493743561
32.909297173749415, 47.6780914359382
32.96289537761546, 47.67904793444079
33.0164935814815, 47.68000443294338
33.07009178534754, 47.680960931445966
33.12368998921358, 47.681917429948555
33.177288193079626, 47.682873928451144
33.230886396945664, 47.683830426953726
33.28448460081171, 47.684786925456315
33.33808280467775, 47.685743423958904
33.39168100854379, 47.68669992246149
33.44527921240983, 47.68765642096408
33.498877416275874, 47.68861291946667
33.55247562014191, 47.68956941796926
33.60607382400796, 47.69052591647185
33.659672027873995, 47.69148241497444
33.71327023174004, 47.69243891347703
33.76686843560608, 47.693395411979616
33.82046663947212, 47.694351910482204
33.87406484333816, 47.69530840898479
33.927663047204206, 47.69626490748738
33.981261251070244, 47.69722140598997
34.03485945493629, 47.69817790449256
34.08845765880233, 47.69913440299515
34.14205586266837, 47.70009090149774
34.19565406653441, 47.70104740000033
34.249252270400454, 47.702003898502916
34.30285047426649, 47.702960397005505
34.35644867813254, 47.703916895508094
34.410046881998575, 47.70487339401068
34.46364508586462, 47.70582989251327
34.51724328973066, 47.706786391015854
34.5708414935967, 47.70774288951844
34.62443969746274, 47.70869938802103
34.678037901328786, 47.70965588652362
34.73163610519482, 47.71061238502621
34.78523430906087, 47.7115688835288
34.838832512926906, 47.71252538203139
34.89243071679295, 47.713481880533976
34.94602892065899, 47.714438379036565
34.999627124525034, 47.715394877539154
35.05322532839107, 47.71635137604174
35.10682353225712, 47.71730787454433
35.160421736123155, 47.71826437304692
35.2140199399892, 47.71922087154951
35.26761814385524, 47.7201773700521
35.32121634772128, 47.72113386855469
35.37481455158732, 47.72209036705728
35.428412755453365, 47.723046865559866
35.4820109593194, 47.724003364062455
35.53560916318545, 47.72495986256504
35.589207367051486, 47.72591636106763
35.64280557091753, 47.72687285957022
35.69640377478357, 47.72782935807281
35.750001978649614, 47.7287858565754
35.80360018251565, 47.72974235507798
35.8571983863817, 47.73069885358057
35.910796590247735, 47.73165535208316
35.96439479411378, 47.73261185058575
36.01799299797982, 47.73356834908834
36.07159120184586, 47.734524847590926
36.1251894057119, 47.735481346093515
36.178787609577945, 47.736437844596104
36.23238581344398, 47.73739434309869
36.28598401731003, 47.73835084160128
36.339582221176066, 47.73930734010387
36.39318042504211, 47.74026383860646
36.44677862890815, 47.74122033710905
36.500376832774194, 47.74217683561164
36.55397503664023, 47.743133334114226
36.60757324050627, 47.744089832616815
36.661171444372314, 47.745046331119404
36.71476964823835, 47.74600282962199
36.7683678521044, 47.74695932812458
36.821966055970435, 47.74791582662717
36.87556425983648, 47.74887232512976
36.92916246370252, 47.74982882363235
36.98276066756856, 47.75078532213494
37.0363588714346, 47.75174182063752
37.089957075300646, 47.75269831914011
37.143555279166684, 47.7536548176427
37.19715348303273, 47.75461131614529
37.25075168689877, 47.755567814647875
37.30434989076481, 47.756524313150464
37.35794809463085, 47.75748081165305
37.411546298496894, 47.75843731015564
37.46514450236293, 47.75939380865823
37.51874270622898, 47.76035030716082
37.572340910095015, 47.76130680566341
37.62593911396106, 47.762263304166
37.6795373178271, 47.76321980266859
37.73313552169314, 47.764176301171176
37.78673372555918, 47.765132799673765
37.840331929425226, 47.766089298176354
37.89393013329126, 47.76704579667894
37.94752833715731, 47.76800229518153
38.001126541023346, 47.76895879368412
38.05472474488939, 47.76991529218671
38.10832294875543, 47.7708717906893
38.161921152621474, 47.77182828919189
38.21551935648751, 47.77278478769448
38.26911756035356, 47.773741286197065
38.322715764219595, 47.774697784699654
38.37631396808564, 47.775654283202236
38.42991217195168, 47.776610781704825
38.48351037581772, 47.777567280207414
38.53710857968376, 47.77852377871
38.590706783549805, 47.77948027721259
38.64430498741584, 47.78043677571518
38.69790319128189, 47.78139327421777
38.751501395147926, 47.78234977272036
38.80509959901397, 47.78330627122295
38.85869780288001, 47.78426276972554
38.912296006746054, 47.785219268228126
38.96589421061209, 47.786175766730715
39.01949241447814, 47.7871322652333
39.073090618344175, 47.78808876373589
39.12668882221022, 47.78904526223848
39.18028702607626, 47.79000176074107
39.2338852299423, 47.79095825924366
39.28748343380834, 47.79191475774625
39.341081637674385, 47.79287125624884
39.39467984154042, 47.793827754751426
39.44827804540647, 47.794784253254015
39.501876249272506, 47.795740751756604
39.55547445313855, 47.79669725025919
39.60907265700459, 47.79765374876178
39.662670860870634, 47.798610247264364
39.71626906473667, 47.79956674576695
39.76986726860272, 47.80052324426954
39.823465472468754, 47.80147974277213
39.8770636763348, 47.80243624127472
39.93066188020084, 47.80339273977731
39.98426008406688, 47.8043492382799
40.03785828793292, 47.805305736782486
40.091456491798965, 47.806262235285075
40.145054695665, 47.807218733787664
40.19865289953105, 47.80817523229025
40.252251103397086, 47.80913173079284
40.30584930726313, 47.81008822929543
40.35944751112917, 47.81104472779802
40.413045714995214, 47.81200122630061
40.46664391886125, 47.8129577248032
40.520242122727296, 47.81391422330579
40.573840326593334, 47.814870721808376
40.62743853045938, 47.815827220310965
40.68103673432542, 47.816783718813554
40.73463493819146, 47.81774021731614
40.7882331420575, 47.81869671581873
40.841831345923545, 47.81965321432132
40.89542954978958, 47.82060971282391
40.94902775365563, 47.82156621132649
41.002625957521666, 47.82252270982908
41.05622416138771, 47.82347920833167
41.10982236525375, 47.82443570683426
41.16342056911979, 47.82539220533685
41.21701877298583, 47.826348703839436
41.270616976851876, 47.827305202342025
41.324215180717914, 47.828261700844614
41.37781338458396, 47.8292181993472
41.43141158845, 47.83017469784979
41.48500979231604, 47.83113119635238
41.53860799618208, 47.83208769485497
41.592206200048125, 47.83304419335756
41.64580440391416, 47.83400069186015
41.69940260778021, 47.834957190362736
41.753000811646245, 47.835913688865325
41.80659901551229, 47.836870187367914
41.86019721937833, 47.8378266858705
41.91379542324437, 47.83878318437309
41.96739362711041, 47.83973968287568
42.020991830976456, 47.84069618137827
42.074590034842494, 47.84165267988086
42.12818823870854, 47.84260917838345
42.18178644257458, 47.84356567688604
42.23538464644062, 47.84452217538862
42.28898285030666, 47.84547867389121
42.342581054172705, 47.8464351723938
42.39617925803874, 47.847391670896386
42.44977746190479, 47.848348169398975
42.503375665770825, 47.84930466790156
42.55697386963687, 47.85026116640415
42.61057207350291, 47.85121766490674
42.66417027736895, 47.85217416340933
42.71776848123499, 47.85313066191192
42.771366685101036, 47.85408716041451
42.824964888967074, 47.8550436589171
42.87856309283312, 47.856000157419686
42.93216129669916, 47.856956655922275
42.9857595005652, 47.857913154424864
43.03935770443124, 47.85886965292745
43.092955908297284, 47.85982615143004
43.14655411216332, 47.86078264993263
43.20015231602937, 47.86173914843522
43.253750519895405, 47.86269564693781
43.30734872376145, 47.8636521454404
43.36094692762749, 47.86460864394299
43.41454513149353, 47.865565142445575
43.46814333535957, 47.866521640948164
43.521741539225616, 47.86747813945075
43.575339743091654, 47.868434637953335
43.6289379469577, 47.869391136455924
43.682536150823736, 47.87034763495851
43.73613435468978, 47.8713041334611
43.78973255855582, 47.87226063196369
43.843330762421864, 47.87321713046628
43.8969289662879, 47.87417362896887
43.95052717015395, 47.87513012747146
44.004125374019985, 47.87608662597405
44.05772357788603, 47.81436908416519
44.11132178175207, 47.64899385204118
44.16491998561811, 47.483618619917145
44.21851818948415, 47.31824338779313
44.272116393350196, 47.1528681556691
44.32571459721623, 46.987492923545084
44.37931280108228, 46.82211769142105
44.432911004948316, 46.656742459297035
44.48650920881436, 46.491367227173
44.5401074126804, 46.32599199504899
44.593705616546444, 46.16061676292495
44.64730382041248, 45.99524153080094
44.70090202427853, 45.829866298676905
44.754500228144565, 45.66449106655289
44.80809843201061, 45.499115834428856
44.86169663587665, 45.33374060230484
44.91529483974269, 45.16836537018081
44.96889304360873, 45.002990138056795
45.022491247474775, 44.83761490593275
45.07608945134081, 44.67223967380875
45.12968765520686, 44.506864441684705
45.183285859072896, 44.34148920956069
45.23688406293894, 44.17611397743666
45.29048226680498, 44.01073874531264
45.344080470671024, 43.84536351318861
45.39767867453706, 43.679988281064595
45.45127687840311, 43.51461304894056
45.504875082269145, 43.34923781681655
45.55847328613519, 43.18386258469251
45.61207149000123, 43.0184873525685
45.66566969386727, 42.853112120444464
45.71926789773331, 42.68773688832045
45.77286610159935, 42.52236165619644
45.82646430546539, 42.3569864240724
45.88006250933143, 42.19161119194839
45.933660713197476, 42.026235959824355
45.987258917063514, 41.86086072770034
46.04085712092956, 41.69548549557631
46.0944553247956, 41.53011026345229
46.14805352866164, 41.36473503132826
46.20165173252768, 41.199359799204245
46.255249936393724, 41.03398456708021
46.30884814025976, 40.8686093349562
46.36244634412581, 40.70323410283216
46.416044547991845, 40.53785887070815
46.46964275185789, 40.372483638584114
46.52324095572393, 40.2071084064601
46.57683915958997, 40.041733174336066
46.63043736345601, 39.87635794221205
46.684035567322056, 39.71098271008802
46.737633771188094, 39.545607477964005
46.79123197505414, 39.38023224583996
46.844830178920176, 39.21485701371596
46.89842838278622, 39.04948178159192
46.95202658665226, 38.8841065494679
47.005624790518304, 38.71873131734387
47.05922299438434, 38.55335608521986
47.11282119825039, 38.387980853095826
47.166419402116425, 38.222605620971805
47.22001760598247, 38.05723038884777
47.27361580984851, 37.89185515672376
47.32721401371455, 37.72647992459972
47.38081221758059, 37.56110469247571
47.434410421446636, 37.395729460351674
47.48800862531267, 37.23035422822766
47.54160682917872, 37.064978996103626
47.595205033044756, 36.89960376397961
47.6488032369108, 36.73422853185558
47.70240144077684, 36.568853299731565
47.755999644642884, 36.40347806760753
47.80959784850892, 36.23810283548352
47.86319605237497, 36.07272760335948
47.916794256241005, 35.90735237123547
47.97039246010705, 35.741977139111434
48.02399066397309, 35.57660190698742
48.07758886783913, 35.411226674863386
48.13118707170517, 35.24585144273937
48.184785275571215, 35.08047621061534
48.23838347943725, 34.915100978491324
48.2919816833033, 34.74972574636729
48.345579887169336, 34.584350514243276
48.39917809103538, 34.41897528211924
48.45277629490142, 34.25360004999523
48.506374498767464, 34.08822481787119
48.5599727026335, 33.92284958574717
48.61357090649955, 33.75747435362314
48.667169110365585, 33.59209912149913
48.72076731423163, 33.4267238893751
48.77436551809767, 33.26134865725108
48.82796372196371, 33.09597342512704
48.88156192582975, 32.930598193003036
48.935160129695795, 32.765222960878994
48.98875833356183, 32.59984772875498
49.04235653742788, 32.434472496630946
49.095954741293916, 32.26909726450693
49.14955294515996, 32.1037220323829
49.203151149026, 31.938346800258884
49.256749352892044, 31.77297156813485
49.31034755675808, 31.607596336010836
49.36394576062413, 31.4422211038868
49.417543964490164, 31.276845871762788
49.47114216835621, 31.111470639638753
49.52474037222225, 30.94609540751474
49.57833857608829, 30.780720175390705
49.63193677995433, 30.61534494326669
49.685534983820375, 30.449969711142657
49.73913318768641, 30.284594479018644
49.79273139155246, 30.11921924689461
49.846329595418496, 29.953844014770596
49.89992779928454, 29.78846878264656
49.95352600315058, 29.623093550522547
50.00712420701662, 29.45771831839851
50.06072241088266, 29.2923430862745
50.114320614748706, 29.12696785415046
50.167918818614744, 28.961592622026448
50.22151702248079, 28.796217389902413
50.27511522634683, 28.6308421577784
50.32871343021287, 28.465466925654365
50.38231163407891, 28.30009169353035
50.435909837944955, 28.134716461406317
50.48950804181099, 27.969341229282303
50.54310624567704, 27.80396599715827
50.596704449543076, 27.638590765034255
50.65030265340912, 27.47321553291022
50.70390085727516, 27.307840300786207
50.7574990611412, 27.142465068662172
50.81109726500724, 26.97708983653816
50.864695468873286, 26.811714604414124
50.918293672739324, 26.64633937229011
50.97189187660537, 26.480964140166073
51.02549008047141, 26.31558890804206
51.07908828433745, 26.150213675918025
51.13268648820349, 25.98483844379401
51.186284692069535, 25.819463211669976
51.23988289593557, 25.654087979545963
51.29348109980162, 25.48871274742193
51.347079303667655, 25.323337515297915
51.4006775075337, 25.15796228317388
51.45427571139974, 24.992587051049867
51.50787391526578, 24.827211818925832
51.56147211913182, 24.66183658680182
51.615070322997866, 24.496461354677784
51.668668526863904, 24.33108612255377
51.72226673072995, 24.165710890429736
51.77586493459599, 24.000335658305723
51.82946313846203, 23.834960426181684
51.88306134232807, 23.66958519405767
51.936659546194115, 23.504209961933636
51.99025775006015, 23.338834729809623
52.0438559539262, 23.173459497685588
52.097454157792235, 23.008084265561575
52.15105236165828, 22.84270903343754
52.20465056552432, 22.677333801313527
52.25824876939036, 22.511958569189492
52.3118469732564, 22.34658333706548
52.365445177122446, 22.181208104941444
52.419043380988484, 22.01583287281743
52.47264158485453, 21.850457640693396
52.52623978872057, 21.685082408569382
52.57983799258661, 21.519707176445348
52.63343619645265, 21.354331944321334
52.687034400318694, 21.188956712197296
52.74063260418473, 21.023581480073283
52.79423080805078, 20.858206247949248
52.847829011916815, 20.692831015825234
52.90142721578286, 20.5274557837012
52.9550254196489, 20.362080551577186
53.00862362351494, 20.19670531945315
53.06222182738098, 20.031330087329138
53.115820031247026, 19.865954855205104
53.16941823511306, 19.70057962308109
53.22301643897911, 19.535204390957055
53.276614642845146, 19.369829158833042
53.33021284671119, 19.204453926709007
53.38381105057723, 19.039078694584994
53.437409254443274, 18.87370346246096
53.49100745830931, 18.708328230336946
53.54460566217536, 18.542952998212908
