Parameters: [50.0630036532129, 20.804123165347633, 9.750220349684364, 37.987494371784855, 4.160054310877102, -0.07677538210784417, -2.908985803239572]
Points:
0.0, 20.804123165347633
0.05011311676998288, 21.01259645279809
0.10022623353996576, 21.22106974024854
0.15033935030994866, 21.429543027698998
0.20045246707993153, 21.638016315149454
0.2505655838499144, 21.846489602599906
0.3006787006198973, 22.054962890050362
0.3507918173898802, 22.263436177500818
0.40090493415986306, 22.471909464951274
0.4510180509298459, 22.680382752401727
0.5011311676998288, 22.888856039852183
0.5512442844698117, 23.09732932730264
0.6013574012397946, 23.30580261475309
0.6514705180097775, 23.514275902203547
0.7015836347797604, 23.722749189654003
0.7516967515497432, 23.931222477104455
0.8018098683197261, 24.13969576455491
0.851922985089709, 24.348169052005368
0.9020361018596919, 24.55664233945582
0.9521492186296747, 24.765115626906276
1.0022623353996576, 24.973588914356732
1.0523754521696405, 25.182062201807184
1.1024885689396233, 25.39053548925764
1.1526016857096062, 25.599008776708096
1.2027148024795893, 25.807482064158553
1.2528279192495722, 26.015955351609005
1.302941036019555, 26.22442863905946
1.353054152789538, 26.432901926509917
1.4031672695595208, 26.64137521396037
1.4532803863295036, 26.849848501410825
1.5033935030994865, 27.05832178886128
1.5535066198694694, 27.266795076311734
1.6036197366394522, 27.47526836376219
1.653732853409435, 27.683741651212646
1.703845970179418, 27.8922149386631
1.7539590869494008, 28.100688226113554
1.8040722037193837, 28.30916151356401
1.8541853204893666, 28.517634801014463
1.9042984372593494, 28.72610808846492
1.9544115540293323, 28.93458137591537
2.004524670799315, 29.14305466336583
2.0546377875692983, 29.351527950816283
2.104750904339281, 29.560001238266736
2.154864021109264, 29.768474525717195
2.2049771378792467, 29.976947813167648
2.2550902546492297, 30.185421100618104
2.3052033714192124, 30.39389438806856
2.3553164881891955, 30.602367675519012
2.4054296049591786, 30.810840962969472
2.455542721729161, 31.019314250419924
2.5056558384991443, 31.227787537870377
2.555768955269127, 31.436260825320833
2.60588207203911, 31.64473411277129
2.6559951888090927, 31.85320740022174
2.706108305579076, 32.0616806876722
2.7562214223490584, 32.27015397512265
2.8063345391190415, 32.478627262573106
2.856447655889024, 32.68710055002356
2.9065607726590073, 32.89557383747402
2.95667388942899, 33.10404712492447
3.006787006198973, 33.31252041237493
3.0569001229689556, 33.52099369982538
3.1070132397389387, 33.729466987275835
3.1571263565089214, 33.93794027472629
3.2072394732789045, 34.14641356217675
3.2573525900488876, 34.354886849627206
3.30746570681887, 34.56336013707766
3.3575788235888533, 34.77183342452811
3.407691940358836, 34.980306711978564
3.457805057128819, 35.18877999942902
3.5079181738988017, 35.397253286879476
3.5580312906687848, 35.605726574329935
3.6081444074387674, 35.81419986178039
3.6582575242087505, 36.02267314923084
3.708370640978733, 36.23114643668129
3.7584837577487162, 36.43961972413175
3.808596874518699, 36.648093011582205
3.858709991288682, 36.856566299032664
3.9088231080586646, 37.06503958648311
3.9589362248286477, 37.27351287393357
4.00904934159863, 37.48198616138403
4.059162458368614, 37.69045944883448
4.1092755751385965, 37.898932736284934
4.159388691908579, 38.10740602373539
4.209501808678562, 38.31587931118584
4.259614925448545, 38.5243525986363
4.309728042218528, 38.73282588608676
4.359841158988511, 38.94129917353721
4.409954275758493, 39.14977246098766
4.460067392528477, 39.35824574843812
4.5101805092984595, 39.566719035888575
4.560293626068442, 39.77519232333903
4.610406742838425, 39.98366561078949
4.660519859608408, 40.19213889823994
4.710632976378391, 40.40061218569039
4.760746093148374, 40.60908547314085
4.810859209918357, 40.81755876059131
4.86097232668834, 41.026032048041756
4.911085443458322, 41.234505335492216
4.961198560228305, 41.44297862294267
5.011311676998289, 41.65145191039312
5.061424793768271, 41.85992519784358
5.111537910538254, 42.06839848529403
5.1616510273082366, 42.276871772744485
5.21176414407822, 42.485345060194945
5.261877260848203, 42.6938183476454
5.311990377618185, 42.90229163509585
5.362103494388168, 43.11076492254631
5.412216611158152, 43.31923820999677
5.462329727928134, 43.527711497447214
5.512442844698117, 43.736184784897674
5.5625559614680995, 43.944658072348126
5.612669078238083, 44.15313135979858
5.662782195008066, 44.36160464724904
5.712895311778048, 44.57007793469949
5.763008428548032, 44.77855122214995
5.8131215453180145, 44.9870245096004
5.863234662087997, 45.195497797050855
5.91334777885798, 45.40397108450131
5.963460895627963, 45.61244437195177
6.013574012397946, 45.82091765940223
6.063687129167929, 46.02939094685267
6.113800245937911, 46.23786423430313
6.163913362707895, 46.44633752175359
6.2140264794778775, 46.65481080920404
6.26413959624786, 46.863284096654496
6.314252713017843, 47.07175738410495
6.364365829787826, 47.28023067155541
6.414478946557809, 47.48870395900586
6.464592063327792, 47.69717724645631
6.514705180097775, 47.90565053390677
6.564818296867758, 48.114123821357225
6.61493141363774, 48.322597108807685
6.665044530407723, 48.53107039625813
6.715157647177707, 48.73954368370859
6.765270763947689, 48.94801697115905
6.815383880717672, 49.156490258609495
6.8654969974876545, 49.364963546059954
6.915610114257638, 49.573436833510414
6.965723231027621, 49.781910120960866
7.015836347797603, 49.99038340841132
7.065949464567586, 50.19885669586178
7.1160625813375695, 50.40732998331223
7.166175698107552, 50.61580327076268
7.216288814877535, 50.82427655821314
7.266401931647518, 51.032749845663595
7.316515048417501, 51.24122313311405
7.366628165187484, 51.44969642056451
7.416741281957466, 51.65816970801495
7.46685439872745, 51.86664299546541
7.5169675154974325, 52.07511628291587
7.567080632267415, 52.283589570366324
7.617193749037398, 52.49206285781678
7.667306865807381, 52.700536145267236
7.717419982577364, 52.90900943271769
7.767533099347347, 53.11748272016814
7.817646216117329, 53.32595600761859
7.867759332887313, 53.53442929506905
7.917872449657295, 53.742902582519505
7.967985566427278, 53.951375869969965
8.01809868319726, 54.15984915742042
8.068211799967244, 54.36832244487087
8.118324916737228, 54.57679573232133
8.16843803350721, 54.78526901977178
8.218551150277193, 54.99374230722224
8.268664267047175, 55.20221559467269
8.318777383817158, 55.41068888212315
8.368890500587142, 55.619162169573606
8.419003617357124, 55.82763545702405
8.469116734127107, 56.03610874447451
8.51922985089709, 56.24458203192497
8.569342967667072, 56.45305531937542
8.619456084437056, 56.661528606825875
8.669569201207038, 56.87000189427633
8.719682317977021, 57.07847518172679
8.769795434747005, 57.28694846917724
8.819908551516987, 57.49542175662769
8.87002166828697, 57.70389504407815
8.920134785056954, 57.91236833152861
8.970247901826935, 58.12084161897906
9.020361018596919, 58.329314906429516
9.070474135366903, 58.537788193879976
9.120587252136884, 58.74626148133042
9.170700368906868, 58.95473476878088
9.22081348567685, 59.16320805623133
9.270926602446833, 59.37168134368179
9.321039719216817, 59.580154631132245
9.371152835986798, 59.7886279185827
9.421265952756782, 59.99710120603316
9.471379069526765, 60.20557449348361
9.521492186296747, 60.41404778093406
9.57160530306673, 60.62252106838452
9.621718419836714, 60.83099435583498
9.671831536606696, 61.03946764328543
9.72194465337668, 61.247940930735886
9.772057770146661, 61.36389278675348
9.822170886916645, 61.360045333064846
9.872284003686628, 61.35619787937622
9.92239712045661, 61.35235042568759
9.972510237226594, 61.34850297199896
10.022623353996577, 61.344655518310326
10.072736470766559, 61.3408080646217
10.122849587536543, 61.33696061093307
10.172962704306524, 61.33311315724443
10.223075821076508, 61.329265703555805
10.273188937846491, 61.32541824986718
10.323302054616473, 61.32157079617855
10.373415171386457, 61.31772334248991
10.42352828815644, 61.313875888801284
10.473641404926422, 61.310028435112656
10.523754521696405, 61.30618098142402
10.573867638466389, 61.30233352773539
10.62398075523637, 61.298486074046764
10.674093872006354, 61.294638620358135
10.724206988776336, 61.2907911666695
10.77432010554632, 61.28694371298087
10.824433222316303, 61.28309625929224
10.874546339086285, 61.27924880560361
10.924659455856268, 61.27540135191498
10.974772572626252, 61.27155389822635
11.024885689396234, 61.26770644453772
11.074998806166217, 61.26385899084909
11.125111922936199, 61.26001153716046
11.175225039706183, 61.25616408347183
11.225338156476166, 61.252316629783195
11.275451273246148, 61.24846917609457
11.325564390016131, 61.24462172240594
11.375677506786115, 61.2407742687173
11.425790623556097, 61.236926815028674
11.47590374032608, 61.233079361340046
11.526016857096064, 61.22923190765142
11.576129973866045, 61.22538445396278
11.626243090636029, 61.221537000274154
11.67635620740601, 61.217689546585525
11.726469324175994, 61.21384209289689
11.776582440945978, 61.20999463920826
11.82669555771596, 61.20614718551963
11.876808674485943, 61.202299731831005
11.926921791255927, 61.19845227814237
11.977034908025908, 61.19460482445374
12.027148024795892, 61.19075737076511
12.077261141565875, 61.18690991707648
12.127374258335857, 61.18306246338785
12.17748737510584, 61.17921500969922
12.227600491875823, 61.17536755601059
12.277713608645806, 61.171520102321956
12.32782672541579, 61.16767264863333
12.377939842185771, 61.1638251949447
12.428052958955755, 61.159977741256064
12.478166075725738, 61.156130287567436
12.52827919249572, 61.15228283387881
12.578392309265704, 61.14843538019017
12.628505426035685, 61.14458792650154
12.678618542805669, 61.140740472812915
12.728731659575653, 61.13689301912429
12.778844776345634, 61.13304556543565
12.828957893115618, 61.12919811174702
12.879071009885601, 61.125350658058395
12.929184126655583, 61.12150320436976
12.979297243425567, 61.11765575068113
13.02941036019555, 61.1138082969925
13.079523476965532, 61.109960843303874
13.129636593735516, 61.10611338961524
13.179749710505497, 61.10226593592661
13.22986282727548, 61.09841848223798
13.279975944045464, 61.094571028549346
13.330089060815446, 61.09072357486072
13.38020217758543, 61.08687612117209
13.430315294355413, 61.083028667483454
13.480428411125395, 61.079181213794826
13.530541527895378, 61.0753337601062
13.58065464466536, 61.07148630641757
13.630767761435344, 61.06763885272893
13.680880878205327, 61.063791399040305
13.730993994975309, 61.05994394535168
13.781107111745293, 61.05609649166304
13.831220228515276, 61.05224903797441
13.881333345285258, 61.048401584285784
13.931446462055241, 61.044554130597156
13.981559578825225, 61.04070667690852
14.031672695595207, 61.03685922321989
14.08178581236519, 61.033011769531264
14.131898929135172, 61.02916431584263
14.182012045905156, 61.025316862154
14.232125162675139, 61.02146940846537
14.28223827944512, 61.01762195477674
14.332351396215104, 61.01377450108811
14.382464512985088, 61.00992704739948
14.43257762975507, 61.00607959371085
14.482690746525053, 61.002232140022215
14.532803863295037, 60.99838468633359
14.582916980065018, 60.99453723264496
14.633030096835002, 60.99068977895632
14.683143213604984, 60.986842325267695
14.733256330374967, 60.982994871579066
14.78336944714495, 60.97914741789044
14.833482563914933, 60.9752999642018
14.883595680684916, 60.971452510513174
14.9337087974549, 60.967605056824546
14.983821914224881, 60.96375760313591
15.033935030994865, 60.95991014944728
15.084048147764847, 60.95606269575865
15.13416126453483, 60.952215242070025
15.184274381304814, 60.94836778838139
15.234387498074796, 60.94452033469276
15.284500614844779, 60.94067288100413
15.334613731614763, 60.9368254273155
15.384726848384744, 60.93297797362687
15.434839965154728, 60.92913051993824
15.484953081924711, 60.92528306624961
15.535066198694693, 60.92143561256098
15.585179315464677, 60.91758815887235
15.635292432234658, 60.91374070518372
15.685405549004642, 60.909893251495085
15.735518665774626, 60.906045797806456
15.785631782544607, 60.90219834411783
15.83574489931459, 60.8983508904292
15.885858016084574, 60.894503436740564
15.935971132854556, 60.890655983051936
15.98608424962454, 60.88680852936331
16.03619736639452, 60.88296107567467
16.086310483164507, 60.87911362198604
16.13642359993449, 60.875266168297415
16.18653671670447, 60.87141871460878
16.236649833474456, 60.86757126092015
16.286762950244437, 60.86372380723152
16.33687606701442, 60.859876353542894
16.3869891837844, 60.85602889985426
16.437102300554386, 60.85218144616563
16.487215417324368, 60.848333992477
16.53732853409435, 60.84448653878837
16.587441650864335, 60.84063908509974
16.637554767634317, 60.83679163141111
16.6876678844043, 60.83294417772248
16.737781001174284, 60.829096724033846
16.787894117944266, 60.82524927034522
16.838007234714247, 60.82140181665659
16.888120351484233, 60.817554362967954
16.938233468254214, 60.813706909279325
16.988346585024196, 60.8098594555907
17.03845970179418, 60.80601200190206
17.088572818564163, 60.80216454821343
17.138685935334145, 60.798317094524805
17.18879905210413, 60.794469640836176
17.238912168874112, 60.79062218714754
17.289025285644094, 60.78677473345891
17.339138402414076, 60.782927279770284
17.38925151918406, 60.77907982608165
17.439364635954043, 60.77523237239302
17.489477752724024, 60.77138491870439
17.53959086949401, 60.767537465015764
17.58970398626399, 60.76369001132713
17.639817103033973, 60.7598425576385
17.68993021980396, 60.75599510394987
17.74004333657394, 60.752147650261236
17.790156453343922, 60.74830019657261
17.840269570113907, 60.74445274288398
17.89038268688389, 60.74060528919535
17.94049580365387, 60.736757835506715
17.990608920423856, 60.73291038181809
18.040722037193838, 60.72906292812946
18.09083515396382, 60.72521547444082
18.140948270733805, 60.721368020752195
18.191061387503787, 60.717520567063566
18.24117450427377, 60.71367311337494
18.29128762104375, 60.7098256596863
18.341400737813736, 60.705978205997674
18.391513854583717, 60.702130752309046
18.4416269713537, 60.69828329862041
18.491740088123684, 60.69443584493178
18.541853204893666, 60.69058839124315
18.591966321663648, 60.68674093755452
18.642079438433633, 60.68289348386589
18.692192555203615, 60.67904603017726
18.742305671973597, 60.67519857648863
18.792418788743582, 60.6713511228
18.842531905513564, 60.66750366911137
18.892645022283546, 60.66365621542274
18.94275813905353, 60.659808761734105
18.992871255823513, 60.65596130804548
19.042984372593494, 60.65211385435685
19.09309748936348, 60.64826640066822
19.14321060613346, 60.644418946979584
19.193323722903443, 60.640571493290956
19.24343683967343, 60.63672403960233
19.29354995644341, 60.63287658591369
19.343663073213392, 60.629029132225064
19.393776189983374, 60.625181678536435
19.44388930675336, 60.6213342248478
19.49400242352334, 60.61748677115917
19.544115540293323, 60.61363931747054
19.594228657063308, 60.609791863781915
19.64434177383329, 60.60594441009328
19.69445489060327, 60.60209695640465
19.744568007373257, 60.59824950271602
19.79468112414324, 60.59440204902739
19.84479424091322, 60.59055459533876
19.894907357683206, 60.58670714165013
19.945020474453187, 60.5828596879615
19.99513359122317, 60.57901223427287
20.045246707993154, 60.57516478058424
20.095359824763136, 60.57131732689561
20.145472941533118, 60.567469873206974
20.195586058303103, 60.563622419518346
20.245699175073085, 60.55977496582972
20.295812291843067, 60.55592751214109
20.34592540861305, 60.552080058452454
20.396038525383034, 60.548232604763825
20.446151642153016, 60.5443851510752
20.496264758922997, 60.54053769738656
20.546377875692983, 60.53669024369793
20.596490992462964, 60.532842790009305
20.646604109232946, 60.528995336320676
20.69671722600293, 60.52514788263204
20.746830342772913, 60.52130042894341
20.796943459542895, 60.517452975254784
20.84705657631288, 60.51360552156615
20.897169693082862, 60.50975806787752
20.947282809852844, 60.50591061418889
20.99739592662283, 60.502063160500256
21.04750904339281, 60.49821570681163
21.097622160162793, 60.494368253123
21.147735276932778, 60.49052079943437
21.19784839370276, 60.486673345745736
21.24796151047274, 60.48282589205711
21.298074627242723, 60.47897843836848
21.34818774401271, 60.47513098467984
21.39830086078269, 60.471283530991215
21.448413977552672, 60.46743607730259
21.498527094322657, 60.46358862361396
21.54864021109264, 60.45974116992532
21.59875332786262, 60.455893716236695
21.648866444632606, 60.452046262548066
21.698979561402588, 60.44819880885943
21.74909267817257, 60.4443513551708
21.799205794942555, 60.440503901482174
21.849318911712537, 60.43665644779354
21.89943202848252, 60.43280899410491
21.949545145252504, 60.42896154041628
21.999658262022486, 60.42511408672765
22.049771378792467, 60.42126663303902
22.099884495562453, 60.41741917935039
22.149997612332434, 60.41357172566176
22.200110729102416, 60.409724271973126
22.250223845872398, 60.4058768182845
22.300336962642383, 60.40202936459587
22.350450079412365, 60.39818191090724
22.400563196182347, 60.394334457218605
22.450676312952332, 60.39048700352998
22.500789429722314, 60.38663954984135
22.550902546492296, 60.38279209615271
22.60101566326228, 60.378944642464084
22.651128780032263, 60.375097188775456
22.701241896802244, 60.37124973508683
22.75135501357223, 60.36740228139819
22.80146813034221, 60.363554827709564
22.851581247112193, 60.359707374020935
22.90169436388218, 60.3558599203323
22.95180748065216, 60.35201246664367
23.001920597422142, 60.34816501295504
23.052033714192127, 60.344317559266415
23.10214683096211, 60.34047010557778
23.15225994773209, 60.33662265188915
23.202373064502073, 60.33277519820052
23.252486181272058, 60.32892774451189
23.30259929804204, 60.32508029082326
23.35271241481202, 60.32123283713463
23.402825531582007, 60.317385383445995
23.45293864835199, 60.313537929757366
23.50305176512197, 60.30969047606874
23.553164881891956, 60.30584302238011
23.603277998661937, 60.301995568691474
23.65339111543192, 60.298148115002846
23.703504232201905, 60.29430066131422
23.753617348971886, 60.29045320762558
23.803730465741868, 60.28660575393695
23.853843582511853, 60.282758300248325
23.903956699281835, 60.2789108465597
23.954069816051817, 60.27506339287106
24.004182932821802, 60.27121593918243
24.054296049591784, 60.267368485493805
24.104409166361766, 60.26352103180517
24.15452228313175, 60.25967357811654
24.204635399901733, 60.25582612442791
24.254748516671714, 60.251978670739284
24.304861633441696, 60.24813121705065
24.35497475021168, 60.24428376336202
24.405087866981663, 60.24043630967339
24.455200983751645, 60.236588855984756
24.50531410052163, 60.23274140229613
24.555427217291612, 60.2288939486075
24.605540334061594, 60.225046494918864
24.65565345083158, 60.221199041230236
24.70576656760156, 60.21735158754161
24.755879684371543, 60.21350413385298
24.805992801141528, 60.20965668016434
24.85610591791151, 60.205809226475715
24.90621903468149, 60.20196177278709
24.956332151451477, 60.19811431909845
25.00644526822146, 60.19426686540982
25.05655838499144, 60.190419411721194
25.106671501761426, 60.186571958032566
25.156784618531407, 60.18272450434393
25.20689773530139, 60.1788770506553
25.25701085207137, 60.175029596966674
25.307123968841356, 60.17118214327804
25.357237085611338, 60.16733468958941
25.40735020238132, 60.16348723590078
25.457463319151305, 60.15963978221215
25.507576435921287, 60.15579232852352
25.55768955269127, 60.15194487483489
25.607802669461254, 60.14809742114626
25.657915786231236, 60.144249967457625
25.708028903001217, 60.140402513769
25.758142019771203, 60.13655506008037
25.808255136541185, 60.13270760639173
25.858368253311166, 60.128860152703105
25.90848137008115, 60.125012699014476
25.958594486851133, 60.12116524532585
26.008707603621115, 60.11731779163721
26.0588207203911, 60.113470337948584
26.108933837161082, 60.109622884259956
26.159046953931064, 60.10577543057132
26.209160070701046, 60.10192797688269
26.25927318747103, 60.098080523194064
26.309386304241013, 60.094233069505435
26.359499421010995, 60.0903856158168
26.40961253778098, 60.08653816212817
26.45972565455096, 60.08269070843954
26.509838771320943, 60.07884325475091
26.55995188809093, 60.07499580106228
26.61006500486091, 60.07114834737365
26.660178121630892, 60.067300893685015
26.710291238400877, 60.06345343999639
26.76040435517086, 60.05960598630776
26.81051747194084, 60.05575853261913
26.860630588710826, 60.051911078930495
26.910743705480808, 60.048063625241866
26.96085682225079, 60.04421617155324
27.010969939020775, 60.0403687178646
27.061083055790757, 60.036521264175974
27.11119617256074, 60.032673810487346
27.16130928933072, 60.02882635679872
27.211422406100706, 60.02497890311008
27.261535522870687, 60.02113144942145
27.31164863964067, 60.017283995732825
27.361761756410655, 60.01343654204419
27.411874873180636, 60.00958908835556
27.461987989950618, 60.00574163466693
27.512101106720603, 60.001894180978304
27.562214223490585, 59.99804672728967
27.612327340260567, 59.99419927360104
27.662440457030552, 59.99035181991241
27.712553573800534, 59.98650436622378
27.762666690570516, 59.98265691253515
27.8127798073405, 59.97880945884652
27.862892924110483, 59.97496200515789
27.913006040880465, 59.971114551469256
27.96311915765045, 59.96726709778063
28.01323227442043, 59.963419644092
28.063345391190413, 59.959572190403364
28.1134585079604, 59.955724736714735
28.16357162473038, 59.95187728302611
28.213684741500362, 59.94802982933747
28.263797858270344, 59.94418237564884
28.31391097504033, 59.940334921960215
28.36402409181031, 59.93648746827159
28.414137208580293, 59.93264001458295
28.464250325350278, 59.92879256089432
28.51436344212026, 59.924945107205694
28.56447655889024, 59.92109765351706
28.614589675660227, 59.91725019982843
28.66470279243021, 59.9134027461398
28.71481590920019, 59.909555292451174
28.764929025970176, 59.90570783876254
28.815042142740158, 59.90186038507391
28.86515525951014, 59.89801293138528
28.915268376280125, 59.894165477696646
28.965381493050106, 59.89031802400802
29.015494609820088, 59.88647057031939
29.065607726590073, 59.882623116630754
29.115720843360055, 59.878775662942125
29.165833960130037, 59.8749282092535
29.21594707690002, 59.87108075556487
29.266060193670004, 59.86723330187623
29.316173310439986, 59.863385848187605
29.366286427209968, 59.859538394498976
29.416399543979953, 59.85569094081034
29.466512660749935, 59.85184348712171
29.516625777519916, 59.847996033433084
29.5667388942899, 59.844148579744456
29.616852011059883, 59.84030112605582
29.666965127829865, 59.83645367236719
29.71707824459985, 59.83260621867856
29.767191361369832, 59.82875876498993
29.817304478139814, 59.8249113113013
29.8674175949098, 59.82106385761267
29.91753071167978, 59.81721640392404
29.967643828449763, 59.81336895023541
30.017756945219748, 59.80952149654678
30.06787006198973, 59.80567404285815
30.11798317875971, 59.801826589169515
30.168096295529693, 59.79797913548089
30.21820941229968, 59.79413168179226
30.26832252906966, 59.79028422810363
30.318435645839642, 59.786436774414994
30.368548762609628, 59.782589320726366
30.41866187937961, 59.77874186703774
30.46877499614959, 59.7748944133491
30.518888112919576, 59.771046959660474
30.569001229689558, 59.767199505971845
30.61911434645954, 59.76335205228321
30.669227463229525, 59.75950459859458
30.719340579999507, 59.75565714490595
30.76945369676949, 59.751809691217325
30.819566813539474, 59.74796223752869
30.869679930309456, 59.74411478384006
30.919793047079438, 59.74026733015143
30.969906163849423, 59.7364198764628
31.020019280619405, 59.73257242277417
31.070132397389386, 59.72872496908554
31.120245514159368, 59.72487751539691
31.170358630929353, 59.72103006170828
31.220471747699335, 59.71718260801965
31.270584864469317, 59.71333515433102
31.320697981239302, 59.709487700642384
31.370811098009284, 59.705640246953756
31.420924214779266, 59.70179279326513
31.47103733154925, 59.6979453395765
31.521150448319233, 59.694097885887864
31.571263565089215, 59.690250432199235
31.6213766818592, 59.68640297851061
31.67148979862918, 59.68255552482197
31.721602915399163, 59.67870807113334
31.77171603216915, 59.674860617444715
31.82182914893913, 59.67101316375608
31.871942265709112, 59.66716571006745
31.922055382479098, 59.66331825637882
31.97216849924908, 59.659470802690194
32.022281616019065, 59.65562334900156
32.07239473278904, 59.65177589531293
32.12250784955903, 59.6479284416243
32.17262096632901, 59.644080987935666
32.22273408309899, 59.64023353424704
32.27284719986898, 59.63638608055841
32.32296031663896, 59.632538626869774
32.37307343340894, 59.628691173181146
32.423186550178926, 59.62484371949252
32.47329966694891, 59.62099626580389
32.52341278371889, 59.61714881211525
32.573525900488875, 59.613301358426625
32.62363901725885, 59.609453904738
32.67375213402884, 59.60560645104937
32.72386525079882, 59.60175899736073
32.7739783675688, 59.597911543672105
32.82409148433879, 59.594064089983476
32.87420460110877, 59.59021663629484
32.92431771787875, 59.58636918260621
32.974430834648736, 59.582521728917584
33.02454395141872, 59.57867427522895
33.0746570681887, 59.57482682154032
33.124770184958685, 59.57097936785169
33.17488330172867, 59.56713191416306
33.22499641849865, 59.56328446047443
33.27510953526863, 59.5594370067858
33.32522265203862, 59.55558955309717
33.3753357688086, 59.551742099408536
33.42544888557858, 59.54789464571991
33.47556200234857, 59.54404719203128
33.525675119118546, 59.54019973834265
33.57578823588853, 59.536352284654015
33.625901352658516, 59.53250483096539
33.676014469428495, 59.52865737727676
33.72612758619848, 59.52480992358812
33.776240702968465, 59.520962469899494
33.82635381973844, 59.517115016210866
33.87646693650843, 59.51326756252223
33.926580053278414, 59.5094201088336
33.97669317004839, 59.505572655144974
34.02680628681838, 59.501725201456345
34.07691940358836, 59.49787774776771
34.12703252035834, 59.49403029407908
34.177145637128326, 59.49018284039045
34.22725875389831, 59.48633538670182
34.27737187066829, 59.48248793301319
34.327484987438275, 59.47864047932456
34.37759810420826, 59.47479302563593
34.42771122097824, 59.4709455719473
34.477824337748224, 59.46709811825867
34.52793745451821, 59.46325066457004
34.57805057128819, 59.459403210881405
34.62816368805817, 59.455555757192776
34.67827680482815, 59.45170830350415
34.728389921598136, 59.44786084981552
34.77850303836812, 59.444013396126884
34.8286161551381, 59.440165942438256
34.878729271908085, 59.43631848874963
34.92884238867807, 59.43247103506099
34.97895550544805, 59.428623581372364
35.029068622218034, 59.424776127683735
35.07918173898802, 59.4209286739951
35.129294855758, 59.41708122030647
35.17940797252798, 59.41323376661784
35.22952108929797, 59.409386312929215
35.279634206067946, 59.40553885924058
35.32974732283793, 59.40169140555195
35.37986043960792, 59.39784395186332
35.429973556377895, 59.39399649817469
35.48008667314788, 59.39014904448606
35.530199789917866, 59.38630159079743
35.580312906687844, 59.3824541371088
35.63042602345783, 59.378606683420166
35.680539140227815, 59.37475922973154
35.73065225699779, 59.37091177604291
35.78076537376778, 59.367064322354274
35.83087849053776, 59.363216868665646
35.88099160730774, 59.35936941497702
35.93110472407773, 59.35552196128839
35.98121784084771, 59.35167450759975
36.03133095761769, 59.347827053911125
36.081444074387676, 59.3439796002225
36.13155719115766, 59.34013214653386
36.18167030792764, 59.33628469284523
36.231783424697625, 59.332437239156604
36.28189654146761, 59.32858978546797
36.33200965823759, 59.32474233177934
36.38212277500757, 59.32089487809071
36.43223589177756, 59.317047424402084
36.48234900854754, 59.31319997071345
36.53246212531752, 59.30935251702482
36.5825752420875, 59.30550506333619
36.632688358857486, 59.30165760964756
36.68280147562747, 59.29781015595893
36.73291459239745, 59.2939627022703
36.783027709167435, 59.29011524858167
36.83314082593742, 59.286267794893035
36.8832539427074, 59.28242034120441
36.93336705947738, 59.27857288751578
36.98348017624737, 59.27472543382714
37.03359329301735, 59.270877980138515
37.08370640978733, 59.26703052644989
37.13381952655732, 59.26318307276125
37.183932643327296, 59.25933561907262
37.23404576009728, 59.255488165383994
37.28415887686727, 59.251640711695366
37.334271993637245, 59.24779325800673
37.38438511040723, 59.2439458043181
37.434498227177215, 59.240098350629474
37.48461134394719, 59.236250896940845
37.53472446071718, 59.23240344325221
37.584837577487164, 59.22855598956358
37.63495069425714, 59.22470853587495
37.68506381102713, 59.22086108218632
37.73517692779711, 59.21701362849769
37.78529004456709, 59.21316617480906
37.83540316133708, 59.209318721120425
37.88551627810706, 59.2054712674318
37.93562939487704, 59.20162381374317
37.985742511647025, 59.19777636005454
38.03585562841701, 59.05695965135329
38.08596874518699, 58.911181306113335
38.136081861956974, 58.76540296087336
38.18619497872696, 58.619624615633384
38.23630809549694, 58.47384627039343
38.28642121226692, 58.328067925153455
38.33653432903691, 58.18228957991349
38.38664744580689, 58.03651123467353
38.43676056257687, 57.89073288943356
38.48687367934686, 57.74495454419358
38.536986796116835, 57.59917619895363
38.58709991288682, 57.45339785371365
38.6372130296568, 57.3076195084737
38.687326146426784, 57.161841163233724
38.73743926319677, 57.01606281799375
38.78755237996675, 56.870284472753795
38.83766549673673, 56.72450612751383
38.88777861350672, 56.57872778227385
38.9378917302767, 56.4329494370339
38.98800484704668, 56.28717109179392
39.03811796381667, 56.14139274655395
39.088231080586645, 55.99561440131399
39.13834419735663, 55.84983605607402
39.188457314126616, 55.70405771083404
39.238570430896594, 55.55827936559409
39.28868354766658, 55.41250102035412
39.338796664436565, 55.266722675114146
39.38890978120654, 55.12094432987419
39.43902289797653, 54.975165984634216
39.489136014746514, 54.82938763939424
39.53924913151649, 54.68360929415429
39.58936224828648, 54.53783094891431
39.63947536505646, 54.392052603674344
39.68958848182644, 54.24627425843438
39.739701598596426, 54.100495913194415
39.78981471536641, 53.95471756795444
39.83992783213639, 53.808939222714486
39.890040948906375, 53.66316087747451
39.94015406567636, 53.517382532234535
39.99026718244634, 53.37160418699458
40.040380299216324, 53.225825841754606
40.09049341598631, 53.08004749651464
40.14060653275629, 52.934269151274684
40.19071964952627, 52.78849080603471
40.24083276629626, 52.64271246079473
40.290945883066236, 52.49693411555478
40.34105899983622, 52.351155770314804
40.39117211660621, 52.20537742507483
40.441285233376185, 52.059599079834875
40.49139835014617, 51.91382073459491
40.54151146691615, 51.768042389354946
40.591624583686134, 51.62226404411498
40.64173770045612, 51.476485698875
40.6918508172261, 51.33070735363505
40.74196393399608, 51.18492900839507
40.79207705076607, 51.0391506631551
40.842190167536046, 50.893372317915144
40.89230328430603, 50.74759397267517
40.94241640107602, 50.6018156274352
40.992529517845995, 50.45603728219524
41.04264263461598, 50.31025893695527
41.092755751385965, 50.1644805917153
41.142868868155944, 50.01870224647534
41.19298198492593, 49.87292390123537
41.243095101695914, 49.72714555599539
41.29320821846589, 49.58136721075544
41.34332133523588, 49.43558886551547
41.39343445200586, 49.289810520275495
41.44354756877584, 49.144032175035534
41.49366068554583, 48.998253829795566
41.54377380231581, 48.85247548455559
41.59388691908579, 48.70669713931564
41.644000035855775, 48.56091879407566
41.69411315262576, 48.415140448835686
41.74422626939574, 48.26936210359573
41.794339386165724, 48.123583758355764
41.84445250293571, 47.97780541311579
41.89456561970569, 47.832027067875835
41.94467873647567, 47.68624872263586
41.99479185324566, 47.540470377395884
42.04490497001564, 47.39469203215593
42.09501808678562, 47.248913686915955
42.14513120355561, 47.10313534167598
42.195244320325585, 46.957356996436026
42.24535743709557, 46.81157865119606
42.295470553865556, 46.66580030595608
42.345583670635534, 46.52002196071613
42.39569678740552, 46.37424361547615
42.4458099041755, 46.2284652702362
42.49592302094548, 46.082686924996224
42.54603613771547, 45.93690857975625
42.59614925448545, 45.791130234516295
42.64626237125543, 45.64535188927633
42.69637548802542, 45.49957354403635
42.746488604795395, 45.35379519879639
42.79660172156538, 45.20801685355642
42.846714838335366, 45.06223850831645
42.896827955105344, 44.91646016307649
42.94694107187533, 44.77068181783652
42.997054188645315, 44.62490347259654
43.04716730541529, 44.47912512735659
43.09728042218528, 44.33334678211662
43.147393538955264, 44.187568436876646
43.19750665572524, 44.04179009163669
43.24761977249523, 43.89601174639672
43.29773288926521, 43.75023340115674
43.34784600603519, 43.60445505591679
43.397959122805176, 43.45867671067681
43.44807223957516, 43.31289836543684
43.49818535634514, 43.16712002019689
43.548298473115125, 43.021341674956915
43.59841158988511, 42.87556332971694
43.64852470665509, 42.72978498447698
43.698637823425074, 42.58400663923701
43.74875094019506, 42.438228293997035
43.79886405696504, 42.29244994875708
43.84897717373502, 42.146671603517106
43.89909029050501, 42.00089325827713
43.949203407274986, 41.855114913037184
43.99931652404497, 41.70933656779721
44.04942964081496, 41.56355822255723
44.099542757584935, 41.41777987731728
44.14965587435492, 41.272001532077304
44.199768991124905, 41.12622318683733
44.249882107894884, 40.980444841597375
44.29999522466487, 40.8346664963574
44.350108341434854, 40.688888151117425
44.40022145820483, 40.54310980587748
44.45033457497482, 40.3973314606375
44.500447691744796, 40.25155311539754
44.55056080851478, 40.10577477015757
44.60067392528477, 39.9599964249176
44.650787042054745, 39.814218079677644
44.70090015882473, 39.66843973443767
44.751013275594715, 39.522661389197694
44.801126392364694, 39.37688304395775
44.85123950913468, 39.23110469871777
44.901352625904664, 39.0853263534778
44.95146574267464, 38.939548008237836
45.00157885944463, 38.79376966299787
45.05169197621461, 38.64799131775789
45.10180509298459, 38.50221297251794
45.15191820975458, 38.35643462727796
45.20203132652456, 38.21065628203799
45.25214444329454, 38.06487793679804
45.302257560064525, 37.919099591558066
45.35237067683451, 37.77332124631809
45.40248379360449, 37.62754290107814
45.452596910374474, 37.48176455583816
45.50271002714446, 37.335986210598186
45.55282314391444, 37.19020786535823
45.60293626068442, 37.04442952011826
45.65304937745441, 36.89865117487828
45.70316249422439, 36.752872829638335
45.75327561099437, 36.60709448439836
45.80338872776436, 36.461316139158384
45.853501844534335, 36.31553779391843
45.90361496130432, 36.169759448678455
45.953728078074306, 36.02398110343848
46.003841194844284, 35.878202758198526
46.05395431161427, 35.73242441295855
46.104067428384255, 35.586646067718576
46.15418054515423, 35.44086772247863
46.20429366192422, 35.295089377238654
46.254406778694204, 35.14931103199868
46.30451989546418, 35.003532686758724
46.35463301223417, 34.85775434151875
46.404746129004145, 34.711975996278795
46.45485924577413, 34.56619765103882
46.504972362544116, 34.420419305798845
46.555085479314094, 34.2746409605589
46.60519859608408, 34.12886261531892
46.655311712854065, 33.98308427007895
46.70542482962404, 33.837305924838994
46.75553794639403, 33.69152757959902
46.805651063164014, 33.54574923435904
46.85576417993399, 33.39997088911909
46.90587729670398, 33.254192543879114
46.95599041347396, 33.10841419863914
47.00610353024394, 32.96263585339919
47.056216647013926, 32.81685750815922
47.10632976378391, 32.67107916291924
47.15644288055389, 32.52530081767929
47.206555997323875, 32.37952247243931
47.25666911409386, 32.23374412719934
47.30678223086384, 32.08796578195938
47.356895347633824, 31.94218743671941
47.40700846440381, 31.796409091479436
47.45712158117379, 31.650630746239482
47.50723469794377, 31.504852400999507
47.55734781471376, 31.359074055759535
47.607460931483736, 31.21329571051958
47.65757404825372, 31.067517365279606
47.70768716502371, 30.92173902003963
47.757800281793685, 30.77596067479968
47.80791339856367, 30.630182329559705
47.858026515333655, 30.48440398431973
47.908139632103634, 30.338625639079776
47.95825274887362, 30.192847293839804
48.008365865643604, 30.04706894859983
48.05847898241358, 29.901290603359875
48.10859209918357, 29.7555122581199
48.15870521595355, 29.609733912879925
48.20881833272353, 29.463955567639974
48.25893144949352, 29.3181772224
48.3090445662635, 29.172398877160024
48.35915768303348, 29.02662053192007
48.409270799803465, 28.8808421866801
48.459383916573444, 28.735063841440144
48.50949703334343, 28.58928549620017
48.559610150113414, 28.443507150960194
48.60972326688339, 28.29772880572024
48.65983638365338, 28.15195046048027
48.70994950042336, 28.006172115240293
48.76006261719334, 27.86039377000034
48.81017573396333, 27.714615424760364
48.86028885073331, 27.568837079520392
48.91040196750329, 27.42305873428044
48.960515084273275, 27.277280389040463
49.01062820104326, 27.131502043800488
49.06074131781324, 26.985723698560534
49.110854434583224, 26.83994535332056
49.16096755135321, 26.69416700808059
49.21108066812319, 26.548388662840637
49.26119378489317, 26.40261031760066
49.31130690166316, 26.256831972360686
49.36142001843314, 26.111053627120732
49.41153313520312, 25.965275281880757
49.46164625197311, 25.819496936640782
49.511759368743085, 25.673718591400828
49.56187248551307, 25.527940246160853
49.611985602283056, 25.382161900920885
49.662098719053034, 25.23638355568093
49.71221183582302, 25.090605210440955
49.762324952593005, 24.94482686520098
49.81243806936298, 24.799048519961026
49.86255118613297, 24.65327017472105
49.912664302902954, 24.507491829481076
49.96277741967293, 24.361713484241122
50.01289053644292, 24.215935139001154
50.0630036532129, 24.07015679376118
