Parameters: [53.744209782486834, 21.36339942980512, 9.388635163786507, 42.478761508431475, 4.419915563121909, -0.059394365967038926, -3.396194831757871]
Points:
0.0, 21.36339942980512
0.05379800779027711, 21.60118208170232
0.10759601558055422, 21.838964733599518
0.16139402337083134, 22.07674738549672
0.21519203116110844, 22.31453003739392
0.26899003895138557, 22.552312689291117
0.32278804674166267, 22.79009534118832
0.3765860545319398, 23.027877993085518
0.4303840623222169, 23.265660644982717
0.484182070112494, 23.503443296879915
0.5379800779027711, 23.741225948777114
0.5917780856930482, 23.979008600674316
0.6455760934833253, 24.216791252571515
0.6993741012736024, 24.454573904468713
0.7531721090638795, 24.692356556365915
0.8069701168541566, 24.930139208263114
0.8607681246444338, 25.167921860160313
0.9145661324347109, 25.40570451205751
0.968364140224988, 25.64348716395471
1.0221621480152652, 25.881269815851912
1.0759601558055423, 26.11905246774911
1.1297581635958194, 26.35683511964631
1.1835561713860965, 26.59461777154351
1.2373541791763736, 26.83240042344071
1.2911521869666507, 27.07018307533791
1.3449501947569278, 27.307965727235107
1.3987482025472049, 27.545748379132306
1.452546210337482, 27.783531031029508
1.506344218127759, 28.021313682926706
1.5601422259180362, 28.259096334823905
1.6139402337083133, 28.496878986721107
1.6677382414985904, 28.734661638618306
1.7215362492888675, 28.972444290515504
1.7753342570791446, 29.210226942412703
1.8291322648694217, 29.4480095943099
1.8829302726596988, 29.6857922462071
1.936728280449976, 29.923574898104302
1.990526288240253, 30.1613575500015
2.0443242960305303, 30.399140201898703
2.098122303820807, 30.6369228537959
2.1519203116110845, 30.8747055056931
2.2057183194013614, 31.1124881575903
2.2595163271916388, 31.350270809487498
2.3133143349819156, 31.588053461384696
2.367112342772193, 31.8258361132819
2.42091035056247, 32.0636187651791
2.474708358352747, 32.3014014170763
2.528506366143024, 32.5391840689735
2.5823043739333014, 32.776966720870696
2.6361023817235782, 33.014749372767895
2.6899003895138556, 33.25253202466509
2.7436983973041325, 33.49031467656229
2.7974964050944098, 33.7280973284595
2.8512944128846867, 33.96587998035669
2.905092420674964, 34.203662632253895
2.958890428465241, 34.441445284151094
3.012688436255518, 34.67922793604829
3.066486444045795, 34.91701058794549
3.1202844518360724, 35.15479323984269
3.1740824596263493, 35.39257589173989
3.2278804674166266, 35.63035854363709
3.2816784752069035, 35.86814119553429
3.335476482997181, 36.10592384743149
3.3892744907874577, 36.34370649932869
3.443072498577735, 36.58148915122589
3.4968705063680123, 36.81927180312309
3.550668514158289, 37.057054455020285
3.6044665219485665, 37.294837106917484
3.6582645297388434, 37.53261975881469
3.7120625375291207, 37.77040241071188
3.7658605453193976, 38.00818506260909
3.819658553109675, 38.245967714506286
3.873456560899952, 38.483750366403484
3.927254568690229, 38.72153301830068
3.981052576480506, 38.95931567019788
4.034850584270783, 39.19709832209509
4.088648592061061, 39.43488097399228
4.142446599851337, 39.672663625889484
4.196244607641614, 39.910446277786676
4.250042615431892, 40.14822892968388
4.303840623222169, 40.38601158158108
4.3576386310124455, 40.62379423347828
4.411436638802723, 40.86157688537548
4.465234646593, 41.099359537272676
4.5190326543832775, 41.33714218916988
4.572830662173554, 41.57492484106707
4.626628669963831, 41.81270749296428
4.680426677754109, 42.05049014486148
4.734224685544386, 42.288272796758676
4.788022693334662, 42.52605544865587
4.84182070112494, 42.76383810055307
4.895618708915217, 43.00162075245027
4.949416716705494, 43.23940340434747
5.003214724495771, 43.47718605624467
5.057012732286048, 43.71496870814187
5.110810740076325, 43.95275136003907
5.164608747866603, 44.19053401193627
5.21840675565688, 44.42831666383347
5.2722047634471565, 44.66609931573067
5.326002771237434, 44.90388196762787
5.379800779027711, 45.14166461952507
5.4335987868179885, 45.379447271422265
5.487396794608265, 45.61722992331947
5.541194802398542, 45.85501257521666
5.5949928101888196, 46.09279522711387
5.648790817979097, 46.33057787901107
5.702588825769373, 46.568360530908265
5.756386833559651, 46.806143182805464
5.810184841349928, 47.04392583470266
5.863982849140205, 47.28170848659987
5.917780856930482, 47.51949113849706
5.971578864720759, 47.757273790394265
6.025376872511036, 47.995056442291464
6.079174880301314, 48.23283909418866
6.13297288809159, 48.47062174608586
6.1867708958818675, 48.70840439798306
6.240568903672145, 48.946187049880265
6.294366911462422, 49.18396970177746
6.3481649192526985, 49.42175235367466
6.401962927042976, 49.659535005571854
6.455760934833253, 49.89731765746906
6.5095589426235305, 50.13510030936626
6.563356950413807, 50.37288296126346
6.617154958204084, 50.610665613160656
6.670952965994362, 50.848448265057854
6.724750973784639, 51.08623091695506
6.778548981574915, 51.32401356885225
6.832346989365193, 51.56179622074946
6.88614499715547, 51.799578872646656
6.939943004945747, 52.037361524543854
6.993741012736025, 52.27514417644106
7.047539020526301, 52.51292682833825
7.101337028316578, 52.75070948023546
7.155135036106856, 52.98849213213265
7.208933043897133, 53.226274784029854
7.2627310516874095, 53.464057435927046
7.316529059477687, 53.70184008782425
7.370327067267964, 53.93962273972145
7.4241250750582415, 54.17740539161865
7.477923082848518, 54.41518804351585
7.531721090638795, 54.652970695413046
7.585519098429073, 54.890753347310245
7.63931710621935, 55.12853599920745
7.693115114009626, 55.36631865110464
7.746913121799904, 55.60410130300185
7.800711129590181, 55.841883954899046
7.854509137380458, 56.079666606796245
7.908307145170735, 56.31744925869344
7.962105152961012, 56.55523191059064
8.01590316075129, 56.79301456248784
8.069701168541567, 57.030797214385046
8.123499176331844, 57.268579866282245
8.177297184122121, 57.506362518179444
8.231095191912397, 57.744145170076635
8.284893199702674, 57.98192782197384
8.338691207492952, 58.21971047387104
8.392489215283229, 58.45749312576824
8.446287223073506, 58.69527577766544
8.500085230863784, 58.93305842956264
8.55388323865406, 59.17084108145984
8.607681246444338, 59.40862373335704
8.661479254234616, 59.64640638525424
8.715277262024891, 59.88418903715144
8.769075269815168, 60.121971689048635
8.822873277605446, 60.359754340945834
8.876671285395723, 60.59753699284303
8.930469293186, 60.83531964474024
8.984267300976278, 61.07310229663744
9.038065308766555, 61.310884948534635
9.091863316556832, 61.548667600431834
9.145661324347108, 61.78645025232903
9.199459332137385, 62.02423290422623
9.253257339927663, 62.26201555612343
9.30705534771794, 62.49979820802063
9.360853355508217, 62.737580859917834
9.414651363298495, 62.858828891023826
9.468449371088772, 62.85563359246083
9.52224737887905, 62.85243829389784
9.576045386669325, 62.84924299533485
9.629843394459602, 62.846047696771855
9.68364140224988, 62.84285239820886
9.737439410040157, 62.83965709964587
9.791237417830434, 62.836461801082876
9.845035425620711, 62.83326650251988
9.898833433410989, 62.83007120395689
9.952631441201266, 62.82687590539389
10.006429448991542, 62.8236806068309
10.060227456781819, 62.820485308267905
10.114025464572096, 62.81729000970491
10.167823472362373, 62.81409471114192
10.22162148015265, 62.81089941257893
10.275419487942928, 62.807704114015934
10.329217495733205, 62.80450881545294
10.383015503523483, 62.80131351688995
10.43681351131376, 62.798118218326955
10.490611519104036, 62.79492291976396
10.544409526894313, 62.79172762120097
10.59820753468459, 62.78853232263798
10.652005542474868, 62.785337024074984
10.705803550265145, 62.78214172551199
10.759601558055422, 62.77894642694899
10.8133995658457, 62.775751128386
10.867197573635977, 62.772555829823006
10.920995581426252, 62.76936053126001
10.97479358921653, 62.76616523269702
11.028591597006807, 62.76296993413403
11.082389604797084, 62.759774635571034
11.136187612587362, 62.75657933700804
11.189985620377639, 62.75338403844505
11.243783628167916, 62.750188739882056
11.297581635958194, 62.74699344131906
11.35137964374847, 62.74379814275607
11.405177651538747, 62.74060284419308
11.458975659329024, 62.737407545630084
11.512773667119301, 62.734212247067084
11.566571674909579, 62.73101694850409
11.620369682699856, 62.7278216499411
11.674167690490133, 62.724626351378106
11.72796569828041, 62.72143105281511
11.781763706070686, 62.71823575425212
11.835561713860963, 62.71504045568913
11.88935972165124, 62.711845157126135
11.943157729441518, 62.70864985856314
11.996955737231795, 62.70545456000015
12.050753745022073, 62.702259261437156
12.10455175281235, 62.69906396287416
12.158349760602627, 62.69586866431117
12.212147768392905, 62.69267336574818
12.26594577618318, 62.68947806718518
12.319743783973458, 62.686282768622185
12.373541791763735, 62.68308747005919
12.427339799554012, 62.6798921714962
12.48113780734429, 62.676696872933206
12.534935815134567, 62.67350157437021
12.588733822924844, 62.67030627580722
12.642531830715122, 62.66711097724423
12.696329838505397, 62.663915678681235
12.750127846295674, 62.66072038011824
12.803925854085952, 62.65752508155525
12.857723861876229, 62.65432978299226
12.911521869666506, 62.651134484429264
12.965319877456784, 62.64793918586627
13.019117885247061, 62.64474388730327
13.072915893037338, 62.64154858874028
13.126713900827614, 62.638353290177285
13.180511908617891, 62.63515799161429
13.234309916408169, 62.6319626930513
13.288107924198446, 62.62876739448831
13.341905931988723, 62.625572095925314
13.395703939779, 62.62237679736232
13.449501947569278, 62.61918149879933
13.503299955359555, 62.615986200236335
13.55709796314983, 62.61279090167334
13.610895970940108, 62.60959560311035
13.664693978730385, 62.60640030454736
13.718491986520663, 62.603205005984364
13.77228999431094, 62.60000970742137
13.826088002101217, 62.59681440885837
13.879886009891495, 62.59361911029538
13.933684017681772, 62.590423811732386
13.98748202547205, 62.58722851316939
14.041280033262325, 62.5840332146064
14.095078041052602, 62.58083791604341
14.14887604884288, 62.577642617480414
14.202674056633157, 62.57444731891742
14.256472064423434, 62.57125202035443
14.310270072213712, 62.568056721791436
14.364068080003989, 62.56486142322844
14.417866087794266, 62.56166612466545
14.471664095584542, 62.55847082610246
14.525462103374819, 62.555275527539465
14.579260111165096, 62.552080228976465
14.633058118955374, 62.54888493041347
14.686856126745651, 62.54568963185048
14.740654134535928, 62.542494333287486
14.794452142326206, 62.53929903472449
14.848250150116483, 62.5361037361615
14.902048157906759, 62.53290843759851
14.955846165697036, 62.529713139035515
15.009644173487313, 62.52651784047252
15.06344218127759, 62.52332254190953
15.117240189067868, 62.520127243346536
15.171038196858145, 62.51693194478354
15.224836204648422, 62.51373664622055
15.2786342124387, 62.51054134765756
15.332432220228975, 62.507346049094565
15.386230228019253, 62.504150750531565
15.44002823580953, 62.50095545196857
15.493826243599807, 62.49776015340558
15.547624251390085, 62.49456485484259
15.601422259180362, 62.491369556279594
15.65522026697064, 62.4881742577166
15.709018274760917, 62.48497895915361
15.762816282551194, 62.481783660590615
15.81661429034147, 62.47858836202762
15.870412298131747, 62.47539306346463
15.924210305922024, 62.47219776490164
15.978008313712301, 62.469002466338644
16.03180632150258, 62.46580716777565
16.085604329292856, 62.46261186921266
16.139402337083133, 62.45941657064966
16.19320034487341, 62.456221272086665
16.246998352663688, 62.45302597352367
16.300796360453965, 62.44983067496068
16.354594368244243, 62.44663537639769
16.40839237603452, 62.443440077834694
16.462190383824794, 62.4402447792717
16.51598839161507, 62.43704948070871
16.56978639940535, 62.433854182145716
16.623584407195626, 62.43065888358272
16.677382414985903, 62.42746358501973
16.73118042277618, 62.42426828645674
16.784978430566458, 62.421072987893744
16.838776438356735, 62.41787768933075
16.892574446147012, 62.41468239076775
16.94637245393729, 62.41148709220476
17.000170461727567, 62.408291793641766
17.053968469517844, 62.40509649507877
17.10776647730812, 62.40190119651578
17.1615644850984, 62.39870589795279
17.215362492888676, 62.395510599389794
17.269160500678954, 62.3923153008268
17.32295850846923, 62.38912000226381
17.376756516259505, 62.385924703700816
17.430554524049782, 62.38272940513782
17.48435253184006, 62.37953410657483
17.538150539630337, 62.37633880801184
17.591948547420614, 62.373143509448845
17.64574655521089, 62.369948210885845
17.69954456300117, 62.36675291232285
17.753342570791446, 62.36355761375986
17.807140578581723, 62.360362315196866
17.860938586372, 62.35716701663387
17.914736594162278, 62.35397171807088
17.968534601952555, 62.35077641950789
18.022332609742833, 62.347581120944895
18.07613061753311, 62.3443858223819
18.129928625323387, 62.34119052381891
18.183726633113665, 62.337995225255916
18.23752464090394, 62.334799926692924
18.291322648694216, 62.33160462812993
18.345120656484493, 62.32840932956694
18.39891866427477, 62.32521403100394
18.452716672065048, 62.322018732440945
18.506514679855325, 62.31882343387795
18.560312687645602, 62.31562813531496
18.61411069543588, 62.31243283675197
18.667908703226157, 62.309237538188974
18.721706711016434, 62.30604223962598
18.77550471880671, 62.30284694106299
18.82930272659699, 62.299651642499995
18.883100734387266, 62.296456343937
18.936898742177544, 62.29326104537401
18.99069674996782, 62.29006574681102
19.0444947577581, 62.286870448248024
19.098292765548376, 62.28367514968503
19.15209077333865, 62.28047985112204
19.205888781128927, 62.27728455255904
19.259686788919204, 62.274089253996046
19.31348479670948, 62.27089395543305
19.36728280449976, 62.26769865687006
19.421080812290036, 62.26450335830707
19.474878820080313, 62.261308059744074
19.52867682787059, 62.25811276118108
19.582474835660868, 62.25491746261809
19.636272843451145, 62.251722164055096
19.690070851241423, 62.2485268654921
19.7438688590317, 62.24533156692911
19.797666866821977, 62.24213626836612
19.851464874612255, 62.238940969803124
19.905262882402532, 62.23574567124013
19.95906089019281, 62.23255037267713
20.012858897983083, 62.22935507411414
20.06665690577336, 62.226159775551146
20.120454913563638, 62.22296447698815
20.174252921353915, 62.21976917842516
20.228050929144192, 62.21657387986217
20.28184893693447, 62.213378581299175
20.335646944724747, 62.21018328273618
20.389444952515024, 62.20698798417319
20.4432429603053, 62.203792685610196
20.49704096809558, 62.2005973870472
20.550838975885856, 62.19740208848421
20.604636983676134, 62.19420678992122
20.65843499146641, 62.191011491358225
20.71223299925669, 62.187816192795225
20.766031007046966, 62.18462089423223
20.819829014837243, 62.18142559566924
20.87362702262752, 62.178230297106246
20.927425030417794, 62.17503499854325
20.98122303820807, 62.17183969998026
21.03502104599835, 62.16864440141727
21.088819053788626, 62.165449102854275
21.142617061578903, 62.16225380429128
21.19641506936918, 62.15905850572829
21.250213077159458, 62.1558632071653
21.304011084949735, 62.152667908602304
21.357809092740013, 62.14947261003931
21.41160710053029, 62.14627731147632
21.465405108320567, 62.143082012913325
21.519203116110845, 62.139886714350325
21.573001123901122, 62.13669141578733
21.6267991316914, 62.13349611722434
21.680597139481677, 62.13030081866135
21.734395147271954, 62.127105520098354
21.788193155062228, 62.12391022153536
21.841991162852505, 62.12071492297237
21.895789170642782, 62.117519624409375
21.94958717843306, 62.11432432584638
22.003385186223337, 62.11112902728339
22.057183194013614, 62.1079337287204
22.11098120180389, 62.104738430157404
22.16477920959417, 62.10154313159441
22.218577217384446, 62.09834783303142
22.272375225174724, 62.09515253446842
22.326173232965, 62.091957235905426
22.379971240755278, 62.08876193734243
22.433769248545556, 62.08556663877944
22.487567256335833, 62.08237134021645
22.54136526412611, 62.079176041653454
22.595163271916388, 62.07598074309046
22.648961279706665, 62.07278544452747
22.70275928749694, 62.069590145964476
22.756557295287216, 62.06639484740148
22.810355303077493, 62.06319954883849
22.86415331086777, 62.0600042502755
22.917951318658048, 62.056808951712505
22.971749326448325, 62.05361365314951
23.025547334238603, 62.05041835458651
23.07934534202888, 62.04722305602352
23.133143349819157, 62.044027757460526
23.186941357609435, 62.04083245889753
23.240739365399712, 62.03763716033454
23.29453737318999, 62.03444186177155
23.348335380980267, 62.031246563208555
23.402133388770544, 62.02805126464556
23.45593139656082, 62.02485596608257
23.5097294043511, 62.021660667519576
23.563527412141372, 62.01846536895658
23.61732541993165, 62.01527007039359
23.671123427721927, 62.0120747718306
23.724921435512204, 62.008879473267605
23.77871944330248, 62.00568417470461
23.83251745109276, 62.00248887614161
23.886315458883036, 61.99929357757862
23.940113466673314, 61.99609827901563
23.99391147446359, 61.992902980452634
24.047709482253868, 61.98970768188964
24.101507490044145, 61.98651238332665
24.155305497834423, 61.983317084763655
24.2091035056247, 61.98012178620066
24.262901513414977, 61.97692648763767
24.316699521205255, 61.97373118907468
24.370497528995532, 61.970535890511684
24.42429553678581, 61.96734059194869
24.478093544576083, 61.9641452933857
24.53189155236636, 61.960949994822705
24.585689560156638, 61.957754696259705
24.639487567946915, 61.95455939769671
24.693285575737193, 61.95136409913372
24.74708358352747, 61.94816880057073
24.800881591317747, 61.944973502007734
24.854679599108024, 61.94177820344474
24.908477606898302, 61.93858290488175
24.96227561468858, 61.935387606318756
25.016073622478856, 61.93219230775576
25.069871630269134, 61.92899700919277
25.12366963805941, 61.92580171062978
25.17746764584969, 61.922606412066784
25.231265653639966, 61.91941111350379
25.285063661430243, 61.9162158149408
25.338861669220517, 61.9130205163778
25.392659677010794, 61.909825217814806
25.44645768480107, 61.90662991925181
25.50025569259135, 61.90343462068882
25.554053700381626, 61.90023932212583
25.607851708171903, 61.897044023562835
25.66164971596218, 61.89384872499984
25.715447723752458, 61.89065342643685
25.769245731542735, 61.887458127873856
25.823043739333013, 61.88426282931086
25.87684174712329, 61.88106753074787
25.930639754913567, 61.87787223218488
25.984437762703845, 61.874676933621885
26.038235770494122, 61.87148163505889
26.0920337782844, 61.86828633649589
26.145831786074677, 61.8650910379329
26.199629793864954, 61.861895739369906
26.253427801655228, 61.85870044080691
26.307225809445505, 61.85550514224392
26.361023817235782, 61.85230984368093
26.41482182502606, 61.849114545117935
26.468619832816337, 61.84591924655494
26.522417840606614, 61.84272394799195
26.57621584839689, 61.839528649428956
26.63001385618717, 61.836333350865964
26.683811863977446, 61.83313805230297
26.737609871767724, 61.82994275373998
26.791407879558, 61.826747455176985
26.84520588734828, 61.823552156613985
26.899003895138556, 61.82035685805099
26.952801902928833, 61.817161559488
27.00659991071911, 61.81396626092501
27.060397918509388, 61.810770962362014
27.11419592629966, 61.80757566379902
27.16799393408994, 61.80438036523603
27.221791941880216, 61.801185066673035
27.275589949670493, 61.79798976811004
27.32938795746077, 61.79479446954705
27.383185965251048, 61.79159917098406
27.436983973041325, 61.788403872421064
27.490781980831603, 61.78520857385807
27.54457998862188, 61.78201327529508
27.598377996412157, 61.778817976732086
27.652176004202435, 61.775622678169086
27.705974011992712, 61.77242737960609
27.75977201978299, 61.7692320810431
27.813570027573267, 61.76603678248011
27.867368035363544, 61.762841483917114
27.92116604315382, 61.75964618535412
27.9749640509441, 61.75645088679113
28.028762058734372, 61.753255588228136
28.08256006652465, 61.75006028966514
28.136358074314927, 61.74686499110215
28.190156082105204, 61.74366969253916
28.24395408989548, 61.740474393976164
28.29775209768576, 61.73727909541317
28.351550105476036, 61.73408379685018
28.405348113266314, 61.73088849828718
28.45914612105659, 61.727693199724186
28.51294412884687, 61.72449790116119
28.566742136637146, 61.7213026025982
28.620540144427423, 61.71810730403521
28.6743381522177, 61.714912005472215
28.728136160007978, 61.71171670690922
28.781934167798255, 61.70852140834623
28.835732175588532, 61.705326109783236
28.889530183378806, 61.70213081122024
28.943328191169083, 61.69893551265725
28.99712619895936, 61.69574021409426
29.050924206749638, 61.692544915531265
29.104722214539915, 61.68934961696827
29.158520222330193, 61.68615431840527
29.21231823012047, 61.68295901984228
29.266116237910747, 61.679763721279286
29.319914245701025, 61.676568422716294
29.373712253491302, 61.6733731241533
29.42751026128158, 61.67017782559031
29.481308269071857, 61.666982527027315
29.535106276862134, 61.66378722846432
29.58890428465241, 61.66059192990133
29.64270229244269, 61.65739663133834
29.696500300232966, 61.654201332775344
29.750298308023243, 61.65100603421235
29.804096315813517, 61.64781073564936
29.857894323603794, 61.644615437086365
29.91169233139407, 61.64142013852337
29.96549033918435, 61.63822483996037
30.019288346974626, 61.63502954139738
30.073086354764904, 61.63183424283439
30.12688436255518, 61.628638944271394
30.18068237034546, 61.6254436457084
30.234480378135736, 61.62224834714541
30.288278385926013, 61.619053048582415
30.34207639371629, 61.61585775001942
30.395874401506568, 61.61266245145643
30.449672409296845, 61.60946715289344
30.503470417087122, 61.606271854330444
30.5572684248774, 61.60307655576745
30.611066432667677, 61.59988125720446
30.66486444045795, 61.596685958641466
30.718662448248228, 61.593490660078466
30.772460456038505, 61.59029536151547
30.826258463828783, 61.58710006295248
30.88005647161906, 61.58390476438949
30.933854479409337, 61.580709465826494
30.987652487199615, 61.5775141672635
31.041450494989892, 61.57431886870051
31.09524850278017, 61.571123570137516
31.149046510570447, 61.56792827157452
31.202844518360724, 61.56473297301153
31.256642526151, 61.56153767444854
31.31044053394128, 61.558342375885545
31.364238541731556, 61.55514707732255
31.418036549521833, 61.55195177875956
31.47183455731211, 61.54875648019656
31.525632565102388, 61.545561181633566
31.57943057289266, 61.54236588307057
31.63322858068294, 61.53917058450758
31.687026588473216, 61.53597528594459
31.740824596263494, 61.532779987381595
31.79462260405377, 61.5295846888186
31.84842061184405, 61.52638939025561
31.902218619634326, 61.523194091692616
31.956016627424603, 61.51999879312962
32.00981463521488, 61.51680349456663
32.06361264300516, 61.51360819600364
32.117410650795435, 61.510412897440645
32.17120865858571, 61.50721759887765
32.22500666637599, 61.50402230031466
32.27880467416627, 61.50082700175166
32.332602681956544, 61.49763170318867
32.38640068974682, 61.494436404625674
32.4401986975371, 61.49124110606268
32.493996705327376, 61.48804580749969
32.54779471311765, 61.484850508936695
32.60159272090793, 61.4816552103737
32.65539072869821, 61.47845991181071
32.709188736488485, 61.47526461324772
32.76298674427876, 61.472069314684724
32.81678475206904, 61.46887401612173
32.87058275985932, 61.46567871755874
32.92438076764959, 61.462483418995745
32.978178775439865, 61.45928812043275
33.03197678323014, 61.45609282186975
33.08577479102042, 61.45289752330676
33.1395727988107, 61.44970222474377
33.193370806600974, 61.446506926180774
33.24716881439125, 61.44331162761778
33.30096682218153, 61.44011632905479
33.354764829971806, 61.436921030491796
33.408562837762084, 61.4337257319288
33.46236084555236, 61.43053043336581
33.51615885334264, 61.42733513480282
33.569956861132916, 61.424139836239824
33.62375486892319, 61.42094453767683
33.67755287671347, 61.41774923911384
33.73135088450375, 61.414553940550846
33.785148892294025, 61.411358641987846
33.8389469000843, 61.40816334342485
33.89274490787458, 61.40496804486186
33.94654291566486, 61.40177274629887
34.000340923455134, 61.398577447735875
34.05413893124541, 61.39538214917288
34.10793693903569, 61.39218685060989
34.161734946825966, 61.388991552046896
34.21553295461624, 61.3857962534839
34.26933096240652, 61.38260095492091
34.3231289701968, 61.37940565635792
34.376926977987075, 61.376210357794925
34.43072498577735, 61.37301505923193
34.48452299356763, 61.36981976066894
34.53832100135791, 61.36662446210594
34.592119009148185, 61.363429163542946
34.64591701693846, 61.36023386497995
34.69971502472873, 61.35703856641696
34.75351303251901, 61.35384326785397
34.80731104030929, 61.350647969290975
34.861109048099564, 61.34745267072798
34.91490705588984, 61.34425737216499
34.96870506368012, 61.341062073602
35.022503071470396, 61.337866775039004
35.07630107926067, 61.33467147647601
35.13009908705095, 61.33147617791302
35.18389709484123, 61.328280879350025
35.237695102631506, 61.32508558078703
35.29149311042178, 61.32189028222403
35.34529111821206, 61.31869498366104
35.39908912600234, 61.31549968509805
35.452887133792615, 61.312304386535054
35.50668514158289, 61.30910908797206
35.56048314937317, 61.30591378940907
35.61428115716345, 61.302718490846075
35.668079164953724, 61.29952319228308
35.721877172744, 61.29632789372009
35.77567518053428, 61.2931325951571
35.829473188324556, 61.289937296594104
35.88327119611483, 61.28674199803111
35.93706920390511, 61.28354669946812
35.99086721169539, 61.280351400905126
36.044665219485665, 61.27715610234213
36.09846322727594, 61.27396080377913
36.15226123506622, 61.27076550521614
36.2060592428565, 61.26757020665315
36.259857250646775, 61.264374908090154
36.31365525843705, 61.26117960952716
36.36745326622733, 61.25798431096417
36.42125127401761, 61.254789012401176
36.47504928180788, 61.25159371383818
36.528847289598154, 61.24839841527519
36.58264529738843, 61.2452031167122
36.63644330517871, 61.242007818149204
36.690241312968986, 61.23881251958621
36.74403932075926, 61.23561722102322
36.79783732854954, 61.232421922460226
36.85163533633982, 61.22922662389723
36.905433344130095, 61.22603132533423
36.95923135192037, 61.22283602677124
37.01302935971065, 61.21964072820825
37.06682736750093, 61.216445429645255
37.120625375291205, 61.21325013108226
37.17442338308148, 61.21005483251927
37.22822139087176, 61.206859533956276
37.28201939866204, 61.20366423539328
37.335817406452314, 61.20046893683029
37.38961541424259, 61.1972736382673
37.44341342203287, 61.194078339704305
37.497211429823146, 61.19088304114131
37.55100943761342, 61.18768774257832
37.6048074454037, 61.18449244401532
37.65860545319398, 61.181297145452326
37.712403460984255, 61.178101846889334
37.76620146877453, 61.17490654832634
37.81999947656481, 61.17171124976335
37.87379748435509, 61.168515951200355
37.927595492145365, 61.16532065263736
37.98139349993564, 61.16212535407437
38.03519150772592, 61.15893005551138
38.0889895155162, 61.155734756948384
38.142787523306474, 61.15253945838539
38.19658553109675, 61.1493441598224
38.25038353888702, 61.146148861259405
38.3041815466773, 61.14295356269641
38.357979554467576, 61.13975826413342
38.41177756225785, 61.13656296557042
38.46557557004813, 61.13336766700743
38.51937357783841, 61.130172368444434
38.573171585628685, 61.12697706988144
38.62696959341896, 61.12378177131845
38.68076760120924, 61.120586472755456
38.73456560899952, 61.11739117419246
38.788363616789795, 61.11419587562947
38.84216162458007, 61.11100057706648
38.89595963237035, 61.107805278503484
38.94975764016063, 61.10460997994049
39.003555647950904, 61.1014146813775
39.05735365574118, 61.098219382814506
39.11115166353146, 61.09502408425151
39.164949671321736, 61.09182878568851
39.21874767911201, 61.08863348712552
39.27254568690229, 61.08543818856253
39.32634369469257, 61.082242889999534
39.380141702482845, 61.07904759143654
39.43393971027312, 61.07585229287355
39.4877377180634, 61.072656994310556
39.54153572585368, 61.06946169574756
39.595333733643955, 61.06626639718457
39.64913174143423, 61.06307109862158
39.70292974922451, 61.059875800058585
39.75672775701479, 61.05668050149559
39.810525764805064, 61.0534852029326
39.86432377259534, 61.050289904369606
39.91812178038562, 61.047094605806606
39.971919788175896, 61.04389930724361
40.025717795966166, 61.04070400868062
40.07951580375644, 61.03750871011763
40.13331381154672, 61.034313411554635
40.187111819337, 61.03111811299164
40.240909827127275, 61.02792281442865
40.29470783491755, 61.024727515865656
40.34850584270783, 61.02153221730266
40.40230385049811, 61.01833691873967
40.456101858288385, 61.01514162017668
40.50989986607866, 61.011946321613685
40.56369787386894, 61.00875102305069
40.61749588165922, 61.0055557244877
40.671293889449494, 61.00236042592471
40.72509189723977, 60.99916512736171
40.77888990503005, 60.995969828798714
40.832687912820326, 60.99277453023572
40.8864859206106, 60.98957923167273
40.94028392840088, 60.986383933109735
40.99408193619116, 60.98318863454674
41.047879943981435, 60.97999333598375
41.10167795177171, 60.97679803742076
41.15547595956199, 60.973602738857764
41.20927396735227, 60.97040744029477
41.263071975142545, 60.96721214173178
41.31686998293282, 60.964016843168785
41.3706679907231, 60.96082154460579
41.42446599851338, 60.9576262460428
41.478264006303654, 60.9544309474798
41.53206201409393, 60.95123564891681
41.58586002188421, 60.948040350353814
41.639658029674486, 60.94484505179082
41.69345603746476, 60.94164975322783
41.74725404525504, 60.938454454664836
41.80105205304531, 60.93525915610184
41.85485006083559, 60.93206385753885
41.908648068625865, 60.92886855897586
41.96244607641614, 60.925673260412864
42.01624408420642, 60.92247796184987
42.0700420919967, 60.91928266328688
42.123840099786975, 60.916087364723886
42.17763810757725, 60.91289206616089
42.23143611536753, 60.90969676759789
42.28523412315781, 60.9065014690349
42.339032130948084, 60.90330617047191
42.39283013873836, 60.900110871908915
42.44662814652864, 60.89691557334592
42.500426154318916, 60.82142967429452
42.55422416210919, 60.638721158278315
42.60802216989947, 60.4560126422621
42.66182017768975, 60.2733041262459
42.715618185480025, 60.090595610229684
42.7694161932703, 59.90788709421348
42.82321420106058, 59.725178578197266
42.87701220885086, 59.54247006218105
42.930810216641135, 59.35976154616485
42.98460822443141, 59.177053030148635
43.03840623222169, 58.99434451413243
43.09220424001197, 58.811635998116216
43.146002247802244, 58.62892748210001
43.19980025559252, 58.4462189660838
43.2535982633828, 58.26351045006759
43.307396271173076, 58.08080193405138
43.36119427896335, 57.898093418035174
43.41499228675363, 57.71538490201896
43.46879029454391, 57.53267638600275
43.522588302334185, 57.34996786998654
43.576386310124455, 57.16725935397036
43.63018431791473, 56.984550837954146
43.68398232570501, 56.80184232193794
43.73778033349529, 56.61913380592173
43.791578341285565, 56.43642528990552
43.84537634907584, 56.25371677388931
43.89917435686612, 56.0710082578731
43.9529723646564, 55.88829974185689
44.006770372446674, 55.70559122584068
44.06056838023695, 55.52288270982447
44.11436638802723, 55.34017419380826
44.168164395817506, 55.157465677792054
44.22196240360778, 54.97475716177584
44.27576041139806, 54.792048645759635
44.32955841918834, 54.60934012974342
44.383356426978615, 54.42663161372721
44.43715443476889, 54.243923097711004
44.49095244255917, 54.0612145816948
44.54475045034945, 53.878506065678586
44.598548458139724, 53.69579754966237
44.65234646593, 53.51308903364617
44.70614447372028, 53.330380517629955
44.759942481510556, 53.14767200161375
44.813740489300834, 52.964963485597536
44.86753849709111, 52.78225496958133
44.92133650488139, 52.59954645356512
44.975134512671666, 52.416837937548905
45.02893252046194, 52.2341294215327
45.08273052825222, 52.051420905516494
45.1365285360425, 51.86871238950028
45.190326543832775, 51.68600387348407
45.24412455162305, 51.50329535746786
45.29792255941333, 51.32058684145165
45.3517205672036, 51.137878325435466
45.40551857499388, 50.95516980941926
45.459316582784155, 50.77246129340305
45.51311459057443, 50.589752777386835
45.56691259836471, 50.40704426137063
45.62071060615499, 50.224335745354416
45.674508613945264, 50.04162722933821
45.72830662173554, 49.858918713322
45.78210462952582, 49.67621019730579
45.835902637316096, 49.49350168128958
45.88970064510637, 49.31079316527337
45.94349865289665, 49.12808464925716
45.99729666068693, 48.945376133240956
46.051094668477205, 48.76266761722474
46.10489267626748, 48.57995910120853
46.15869068405776, 48.397250585192324
46.21248869184804, 48.21454206917611
46.266286699638314, 48.031833553159906
46.32008470742859, 47.84912503714369
46.37388271521887, 47.66641652112749
46.427680723009146, 47.483708005111275
46.481478730799424, 47.30099948909506
46.5352767385897, 47.11829097307886
46.58907474637998, 46.93558245706265
46.642872754170256, 46.75287394104644
46.69667076196053, 46.570165425030225
46.75046876975081, 46.38745690901402
46.80426677754109, 46.20474839299781
46.858064785331365, 46.0220398769816
46.91186279312164, 45.83933136096539
46.96566080091192, 45.65662284494918
47.0194588087022, 45.47391432893297
47.073256816492474, 45.29120581291676
47.127054824282745, 45.10849729690058
47.18085283207302, 44.92578878088437
47.2346508398633, 44.743080264868155
47.28844884765358, 44.56037174885195
47.342246855443854, 44.37766323283574
47.39604486323413, 44.194954716819524
47.44984287102441, 44.01224620080332
47.503640878814686, 43.82953768478711
47.55743888660496, 43.6468291687709
47.61123689439524, 43.46412065275469
47.66503490218552, 43.28141213673848
47.718832909975795, 43.098703620722276
47.77263091776607, 42.91599510470606
47.82642892555635, 42.73328658868985
47.88022693334663, 42.550578072673645
47.934024941136904, 42.36786955665743
47.98782294892718, 42.18516104064122
48.04162095671746, 42.00245252462501
48.095418964507736, 41.81974400860881
48.149216972298014, 41.637035492592595
48.20301498008829, 41.45432697657638
48.25681298787857, 41.27161846056018
48.310610995668846, 41.08890994454397
48.36440900345912, 40.90620142852776
48.4182070112494, 40.723492912511546
48.47200501903968, 40.54078439649534
48.525803026829955, 40.35807588047913
48.57960103462023, 40.175367364462915
48.63339904241051, 39.99265884844671
48.68719705020079, 39.8099503324305
48.740995057991064, 39.62724181641429
48.79479306578134, 39.44453330039808
48.84859107357162, 39.26182478438187
48.90238908136189, 39.07911626836568
48.956187089152166, 38.896407752349475
49.009985096942444, 38.71369923633327
49.06378310473272, 38.53099072031706
49.117581112523, 38.348282204300844
49.171379120313276, 38.16557368828464
49.22517712810355, 37.98286517226843
49.27897513589383, 37.80015665625222
49.33277314368411, 37.61744814023601
49.386571151474385, 37.4347396242198
49.44036915926466, 37.25203110820359
49.49416716705494, 37.069322592187376
49.54796517484522, 36.88661407617117
49.601763182635494, 36.703905560154965
49.65556119042577, 36.52119704413875
49.70935919821605, 36.33848852812254
49.763157206006326, 36.155780012106334
49.816955213796604, 35.97307149609013
49.87075322158688, 35.790362980073915
49.92455122937716, 35.6076544640577
49.978349237167436, 35.4249459480415
50.03214724495771, 35.242237432025284
50.08594525274799, 35.05952891600907
50.13974326053827, 34.876820399992866
50.193541268328545, 34.69411188397666
50.24733927611882, 34.51140336796045
50.3011372839091, 34.328694851944235
50.35493529169938, 34.14598633592803
50.408733299489654, 33.96327781991182
50.46253130727993, 33.78056930389561
50.51632931507021, 33.5978607878794
50.570127322860486, 33.41515227186319
50.62392533065076, 33.23244375584698
50.677723338441034, 33.049735239830795
50.73152134623131, 32.86702672381459
50.78531935402159, 32.68431820779838
50.839117361811866, 32.501609691782164
50.89291536960214, 32.31890117576596
50.94671337739242, 32.13619265974975
51.0005113851827, 31.953484143733537
51.054309392972975, 31.770775627717327
51.10810740076325, 31.58806711170112
51.16190540855353, 31.40535859568491
51.21570341634381, 31.2226500796687
51.269501424134084, 31.03994156365249
51.32329943192436, 30.85723304763628
51.37709743971464, 30.674524531620072
51.430895447504916, 30.491816015603863
51.484693455295194, 30.309107499587654
51.53849146308547, 30.12639898357144
51.59228947087575, 29.943690467555232
51.646087478666026, 29.760981951539023
51.6998854864563, 29.578273435522814
51.75368349424658, 29.395564919506604
51.80748150203686, 29.212856403490395
51.861279509827135, 29.030147887474186
51.91507751761741, 28.847439371457973
51.96887552540769, 28.664730855441768
52.02267353319797, 28.482022339425555
52.076471540988244, 28.29931382340935
52.13026954877852, 28.116605307393137
52.1840675565688, 27.93389679137693
52.237865564359076, 27.751188275360718
52.29166357214935, 27.568479759344513
52.34546157993963, 27.3857712433283
52.39925958772991, 27.203062727312087
52.45305759552018, 27.020354211295903
52.506855603310456, 26.837645695279697
52.56065361110073, 26.654937179263484
52.61445161889101, 26.47222866324728
52.66824962668129, 26.289520147231066
52.722047634471565, 26.10681163121486
52.77584564226184, 25.924103115198648
52.82964365005212, 25.741394599182435
52.8834416578424, 25.55868608316623
52.937239665632674, 25.375977567150017
52.99103767342295, 25.19326905113381
53.04483568121323, 25.010560535117598
53.098633689003506, 24.827852019101393
53.15243169679378, 24.64514350308518
53.20622970458406, 24.462434987068974
53.26002771237434, 24.27972647105276
53.313825720164616, 24.097017955036556
53.36762372795489, 23.914309439020343
53.42142173574517, 23.73160092300413
53.47521974353545, 23.548892406987925
53.529017751325725, 23.366183890971712
53.582815759116, 23.183475374955506
53.63661376690628, 23.000766858939294
53.69041177469656, 22.818058342923088
53.744209782486834, 22.635349826906875
