Parameters: [51.05066672038015, 22.39454090723641, 8.693396101395075, 41.48369627721266, 3.7807602205096638, -0.11449283017440007, -3.1509061249321846]
Points:
0.0, 22.39454090723641
0.05110176848886902, 22.58774444073682
0.10220353697773804, 22.780947974237233
0.15330530546660706, 22.97415150773764
0.20440707395547608, 23.167355041238054
0.25550884244434513, 23.360558574738462
0.3066106109332141, 23.55376210823887
0.3577123794220831, 23.746965641739283
0.40881414791095216, 23.940169175239692
0.4599159163998212, 24.133372708740104
0.5110176848886903, 24.326576242240513
0.5621194533775592, 24.519779775740922
0.6132212218664282, 24.712983309241334
0.6643229903552973, 24.906186842741743
0.7154247588441662, 25.099390376242155
0.7665265273330353, 25.292593909742564
0.8176282958219043, 25.485797443242976
0.8687300643107734, 25.679000976743385
0.9198318327996424, 25.872204510243797
0.9709336012885114, 26.065408043744206
1.0220353697773805, 26.258611577244615
1.0731371382662493, 26.451815110745024
1.1242389067551184, 26.645018644245436
1.1753406752439874, 26.83822217774585
1.2264424437328565, 27.031425711246257
1.2775442122217255, 27.224629244746666
1.3286459807105946, 27.417832778247078
1.3797477491994636, 27.611036311747487
1.4308495176883325, 27.8042398452479
1.4819512861772015, 27.997443378748308
1.5330530546660706, 28.190646912248717
1.5841548231549396, 28.38385044574913
1.6352565916438087, 28.577053979249538
1.6863583601326777, 28.77025751274995
1.7374601286215468, 28.96346104625036
1.7885618971104158, 29.156664579750768
1.8396636655992848, 29.34986811325118
1.8907654340881537, 29.54307164675159
1.9418672025770227, 29.736275180252
1.9929689710658918, 29.92947871375241
2.044070739554761, 30.122682247252822
2.0951725080436296, 30.31588578075323
2.1462742765324987, 30.50908931425364
2.1973760450213677, 30.70229284775405
2.248477813510237, 30.89549638125446
2.299579581999106, 31.08869991475487
2.350681350487975, 31.28190344825528
2.401783118976844, 31.475106981755694
2.452884887465713, 31.668310515256103
2.503986655954582, 31.86151404875651
2.555088424443451, 32.05471758225693
2.60619019293232, 32.247921115757336
2.657291961421189, 32.441124649257745
2.7083937299100582, 32.63432818275815
2.7594954983989273, 32.82753171625856
2.8105972668877963, 33.02073524975897
2.861699035376665, 33.21393878325938
2.912800803865534, 33.407142316759796
2.963902572354403, 33.600345850260204
3.015004340843272, 33.79354938376061
3.066106109332141, 33.98675291726102
3.11720787782101, 34.17995645076144
3.168309646309879, 34.37315998426185
3.2194114147987483, 34.566363517762255
3.2705131832876173, 34.759567051262664
3.3216149517764864, 34.95277058476307
3.3727167202653554, 35.14597411826349
3.4238184887542245, 35.3391776517639
3.4749202572430935, 35.532381185264306
3.5260220257319626, 35.725584718764715
3.5771237942208316, 35.91878825226513
3.6282255627097006, 36.11199178576554
3.6793273311985697, 36.30519531926595
3.7304290996874383, 36.49839885276636
3.7815308681763073, 36.691602386266766
3.8326326366651764, 36.884805919767174
3.8837344051540454, 37.07800945326759
3.9348361736429145, 37.271212986768
3.9859379421317835, 37.46441652026841
4.037039710620653, 37.657620053768824
4.088141479109522, 37.85082358726923
4.13924324759839, 38.04402712076964
4.190345016087259, 38.23723065427005
4.241446784576128, 38.43043418777046
4.292548553064997, 38.62363772127087
4.343650321553866, 38.816841254771276
4.3947520900427355, 39.010044788271685
4.4458538585316045, 39.2032483217721
4.496955627020474, 39.39645185527251
4.548057395509343, 39.589655388772925
4.599159163998212, 39.782858922273334
4.650260932487081, 39.97606245577374
4.70136270097595, 40.16926598927415
4.752464469464819, 40.36246952277456
4.803566237953688, 40.55567305627497
4.854668006442557, 40.74887658977538
4.905769774931426, 40.942080123275794
4.956871543420295, 41.1352836567762
5.007973311909164, 41.32848719027662
5.059075080398033, 41.52169072377703
5.110176848886902, 41.714894257277436
5.161278617375771, 41.908097790777845
5.21238038586464, 42.10130132427825
5.263482154353509, 42.29450485777866
5.314583922842378, 42.48770839127907
5.365685691331247, 42.68091192477949
5.4167874598201164, 42.874115458279896
5.4678892283089855, 43.06731899178031
5.5189909967978545, 43.26052252528072
5.570092765286724, 43.45372605878113
5.621194533775593, 43.64692959228154
5.672296302264462, 43.840133125781946
5.72339807075333, 44.033336659282355
5.774499839242199, 44.226540192782764
5.825601607731068, 44.41974372628317
5.876703376219937, 44.61294725978358
5.927805144708806, 44.806150793284
5.978906913197675, 44.999354326784406
6.030008681686544, 45.19255786028482
6.081110450175413, 45.38576139378523
6.132212218664282, 45.57896492728564
6.183313987153151, 45.77216846078605
6.23441575564202, 45.96537199428646
6.285517524130889, 46.158575527786866
6.336619292619758, 46.351779061287274
6.3877210611086275, 46.54498259478769
6.4388228295974965, 46.7381861282881
6.489924598086366, 46.931389661788515
6.541026366575235, 47.124593195288924
6.592128135064104, 47.31779672878933
6.643229903552973, 47.51100026228974
6.694331672041842, 47.70420379579015
6.745433440530711, 47.89740732929056
6.79653520901958, 48.09061086279097
6.847636977508449, 48.28381439629138
6.898738745997318, 48.47701792979179
6.949840514486187, 48.67022146329221
7.000942282975056, 48.86342499679262
7.052044051463925, 49.056628530293025
7.103145819952794, 49.249832063793434
7.154247588441663, 49.44303559729384
7.205349356930532, 49.63623913079425
7.256451125419401, 49.82944266429466
7.30755289390827, 50.022646197795076
7.358654662397139, 50.215849731295485
7.4097564308860075, 50.409053264795894
7.460858199374877, 50.6022567982963
7.511959967863746, 50.79546033179672
7.563061736352615, 50.98866386529713
7.614163504841484, 51.181867398797536
7.665265273330353, 51.375070932297945
7.716367041819222, 51.56827446579835
7.767468810308091, 51.76147799929876
7.81857057879696, 51.95468153279917
7.869672347285829, 52.14788506629959
7.920774115774698, 52.341088599799996
7.971875884263567, 52.53429213330041
8.022977652752436, 52.72749566680082
8.074079421241306, 52.92069920030123
8.125181189730174, 53.11390273380164
8.176282958219044, 53.307106267302046
8.227384726707912, 53.500309800802455
8.27848649519678, 53.693513334302864
8.32958826368565, 53.88671686780328
8.380690032174519, 54.07992040130368
8.431791800663389, 54.273123934804104
8.482893569152257, 54.466327468304506
8.533995337641127, 54.65953100180492
8.585097106129995, 54.85273453530532
8.636198874618865, 55.04593806880574
8.687300643107733, 55.23914160230615
8.738402411596603, 55.257034168694034
8.789504180085471, 55.25118338259282
8.840605948574341, 55.245332596491615
8.891707717063209, 55.23948181039041
8.942809485552079, 55.2336310242892
8.993911254040947, 55.22778023818799
9.045013022529817, 55.22192945208678
9.096114791018685, 55.21607866598558
9.147216559507555, 55.21022787988437
9.198318327996423, 55.204377093783165
9.249420096485293, 55.19852630768195
9.300521864974161, 55.192675521580746
9.351623633463031, 55.18682473547954
9.4027254019519, 55.180973949378334
9.45382717044077, 55.17512316327712
9.504928938929638, 55.169272377175915
9.556030707418508, 55.16342159107471
9.607132475907376, 55.1575708049735
9.658234244396246, 55.1517200188723
9.709336012885114, 55.14586923277108
9.760437781373984, 55.14001844666988
9.811539549862852, 55.13416766056867
9.86264131835172, 55.128316874467465
9.91374308684059, 55.12246608836626
9.964844855329458, 55.116615302265046
10.015946623818328, 55.11076451616384
10.067048392307196, 55.104913730062634
10.118150160796066, 55.09906294396143
10.169251929284934, 55.093212157860215
10.220353697773804, 55.08736137175901
10.271455466262672, 55.0815105856578
10.322557234751542, 55.0756597995566
10.37365900324041, 55.06980901345539
10.42476077172928, 55.06395822735418
10.475862540218149, 55.05810744125297
10.526964308707019, 55.052256655151766
10.578066077195887, 55.04640586905056
10.629167845684757, 55.040555082949346
10.680269614173625, 55.03470429684814
10.731371382662495, 55.028853510746934
10.782473151151363, 55.02300272464573
10.833574919640233, 55.01715193854452
10.884676688129101, 55.01130115244331
10.935778456617971, 55.0054503663421
10.98688022510684, 54.9995995802409
11.037981993595709, 54.99374879413969
11.089083762084577, 54.987898008038485
11.140185530573447, 54.98204722193727
11.191287299062315, 54.976196435836066
11.242389067551185, 54.97034564973486
11.293490836040053, 54.964494863633654
11.344592604528923, 54.95864407753244
11.395694373017792, 54.952793291431234
11.44679614150666, 54.94694250533003
11.49789790999553, 54.94109171922882
11.548999678484398, 54.935240933127616
11.600101446973268, 54.9293901470264
11.651203215462136, 54.9235393609252
11.702304983951006, 54.91768857482399
11.753406752439874, 54.911837788722785
11.804508520928744, 54.90598700262157
11.855610289417612, 54.900136216520366
11.906712057906482, 54.89428543041916
11.95781382639535, 54.888434644317954
12.00891559488422, 54.88258385821675
12.060017363373088, 54.876733072115535
12.111119131861958, 54.87088228601433
12.162220900350826, 54.86503149991312
12.213322668839696, 54.85918071381192
12.264424437328564, 54.8533299277107
12.315526205817434, 54.8474791416095
12.366627974306303, 54.84162835550829
12.417729742795172, 54.835777569407085
12.46883151128404, 54.82992678330588
12.51993327977291, 54.824075997204666
12.571035048261779, 54.81822521110346
12.622136816750649, 54.812374425002254
12.673238585239517, 54.80652363890105
12.724340353728387, 54.80067285279984
12.775442122217255, 54.79482206669863
12.826543890706125, 54.78897128059742
12.877645659194993, 54.78312049449622
12.928747427683863, 54.77726970839501
12.979849196172731, 54.7714189222938
13.030950964661601, 54.76556813619259
13.08205273315047, 54.759717350091385
13.133154501639337, 54.75386656399018
13.184256270128207, 54.74801577788897
13.235358038617075, 54.74216499178776
13.286459807105945, 54.736314205686554
13.337561575594814, 54.73046341958535
13.388663344083684, 54.72461263348414
13.439765112572552, 54.71876184738293
13.490866881061422, 54.71291106128172
13.54196864955029, 54.70706027518052
13.59307041803916, 54.70120948907931
13.644172186528028, 54.695358702978105
13.695273955016898, 54.68950791687689
13.746375723505766, 54.683657130775686
13.797477491994636, 54.67780634467448
13.848579260483504, 54.67195555857327
13.899681028972374, 54.66610477247207
13.950782797461242, 54.660253986370854
14.001884565950112, 54.65440320026965
14.05298633443898, 54.64855241416844
14.10408810292785, 54.642701628067236
14.155189871416718, 54.63685084196602
14.206291639905588, 54.63100005586482
14.257393408394456, 54.62514926976361
14.308495176883326, 54.619298483662405
14.359596945372195, 54.6134476975612
14.410698713861064, 54.607596911459986
14.461800482349933, 54.60174612535878
14.512902250838803, 54.595895339257574
14.56400401932767, 54.59004455315637
14.61510578781654, 54.584193767055154
14.666207556305409, 54.57834298095395
14.717309324794279, 54.57249219485274
14.768411093283147, 54.566641408751536
14.819512861772015, 54.56079062265033
14.870614630260885, 54.55493983654912
14.921716398749753, 54.54908905044791
14.972818167238623, 54.543238264346705
15.023919935727491, 54.5373874782455
15.075021704216361, 54.531536692144286
15.12612347270523, 54.52568590604308
15.1772252411941, 54.519835119941874
15.228327009682967, 54.51398433384067
15.279428778171837, 54.50813354773946
15.330530546660706, 54.50228276163825
15.381632315149576, 54.49643197553704
15.432734083638444, 54.49058118943584
15.483835852127314, 54.48473040333463
15.534937620616182, 54.478879617233424
15.586039389105052, 54.47302883113221
15.63714115759392, 54.467178045031005
15.68824292608279, 54.4613272589298
15.739344694571658, 54.45547647282859
15.790446463060528, 54.44962568672738
15.841548231549396, 54.443774900626174
15.892650000038266, 54.43792411452497
15.943751768527134, 54.43207332842376
15.994853537016004, 54.426222542322556
16.045955305504872, 54.42037175622134
16.097057073993742, 54.41452097012014
16.148158842482612, 54.40867018401893
16.19926061097148, 54.402819397917725
16.25036237946035, 54.39696861181651
16.30146414794922, 54.391117825715305
16.35256591643809, 54.3852670396141
16.403667684926955, 54.37941625351289
16.454769453415825, 54.37356546741169
16.505871221904695, 54.367714681310474
16.55697299039356, 54.36186389520927
16.60807475888243, 54.35601310910806
16.6591765273713, 54.350162323006856
16.71027829586017, 54.34431153690565
16.761380064349037, 54.33846075080444
16.812481832837907, 54.33260996470323
16.863583601326777, 54.326759178602025
16.914685369815647, 54.32090839250082
16.965787138304513, 54.315057606399606
17.016888906793383, 54.3092068202984
17.067990675282253, 54.30335603419719
17.119092443771123, 54.29750524809599
17.17019421225999, 54.29165446199478
17.22129598074886, 54.28580367589357
17.27239774923773, 54.27995288979236
17.3234995177266, 54.274102103691156
17.374601286215466, 54.26825131758995
17.425703054704336, 54.26240053148874
17.476804823193206, 54.25654974538753
17.527906591682076, 54.250698959286325
17.579008360170942, 54.24484817318512
17.630110128659812, 54.23899738708391
17.681211897148682, 54.2331466009827
17.73231366563755, 54.227295814881494
17.783415434126418, 54.22144502878029
17.834517202615288, 54.21559424267908
17.885618971104158, 54.20974345657787
17.936720739593028, 54.20389267047666
17.987822508081894, 54.198041884375456
18.038924276570764, 54.19219109827425
18.090026045059634, 54.186340312173044
18.1411278135485, 54.18048952607183
18.19222958203737, 54.174638739970625
18.24333135052624, 54.16878795386942
18.29443311901511, 54.16293716776821
18.345534887503977, 54.15708638166701
18.396636655992847, 54.151235595565794
18.447738424481717, 54.14538480946459
18.498840192970587, 54.13953402336338
18.549941961459453, 54.133683237262176
18.601043729948323, 54.12783245116096
18.652145498437193, 54.12198166505976
18.703247266926063, 54.11613087895855
18.75434903541493, 54.110280092857344
18.8054508039038, 54.10442930675614
18.85655257239267, 54.098578520654925
18.90765434088154, 54.09272773455372
18.958756109370405, 54.08687694845251
19.009857877859275, 54.08102616235131
19.060959646348145, 54.075175376250094
19.112061414837015, 54.06932459014889
19.16316318332588, 54.06347380404768
19.21426495181475, 54.057623017946476
19.26536672030362, 54.05177223184527
19.31646848879249, 54.04592144574406
19.367570257281358, 54.04007065964285
19.418672025770228, 54.034219873541645
19.469773794259098, 54.02836908744044
19.520875562747968, 54.02251830133923
19.571977331236834, 54.01666751523802
19.623079099725704, 54.01081672913681
19.674180868214574, 54.00496594303561
19.72528263670344, 53.9991151569344
19.77638440519231, 53.99326437083319
19.82748617368118, 53.98741358473198
19.87858794217005, 53.981562798630776
19.929689710658916, 53.97571201252957
19.980791479147786, 53.969861226428364
20.031893247636656, 53.96401044032715
20.082995016125526, 53.958159654225945
20.134096784614393, 53.95230886812474
20.185198553103262, 53.94645808202353
20.236300321592132, 53.94060729592232
20.287402090081002, 53.93475650982111
20.33850385856987, 53.92890572371991
20.38960562705874, 53.9230549376187
20.44070739554761, 53.917204151517495
20.49180916403648, 53.91135336541628
20.542910932525345, 53.905502579315076
20.594012701014215, 53.89965179321387
20.645114469503085, 53.893801007112664
20.696216237991955, 53.88795022101145
20.74731800648082, 53.882099434910245
20.79841977496969, 53.87624864880904
20.84952154345856, 53.87039786270783
20.90062331194743, 53.86454707660663
20.951725080436297, 53.858696290505414
21.002826848925167, 53.85284550440421
21.053928617414037, 53.846994718303
21.105030385902907, 53.841143932201796
21.156132154391774, 53.83529314610059
21.207233922880643, 53.829442359999376
21.258335691369513, 53.82359157389817
21.30943745985838, 53.817740787796964
21.36053922834725, 53.81189000169576
21.41164099683612, 53.806039215594545
21.46274276532499, 53.80018842949334
21.513844533813856, 53.79433764339213
21.564946302302726, 53.78848685729093
21.616048070791596, 53.78263607118972
21.667149839280466, 53.77678528508851
21.718251607769332, 53.7709344989873
21.769353376258202, 53.765083712886096
21.820455144747072, 53.75923292678489
21.871556913235942, 53.75338214068368
21.92265868172481, 53.74753135458247
21.97376045021368, 53.741680568481264
22.02486221870255, 53.73582978238006
22.075963987191418, 53.72997899627885
22.127065755680285, 53.72412821017764
22.178167524169154, 53.71827742407643
22.229269292658024, 53.71242663797523
22.280371061146894, 53.70657585187402
22.33147282963576, 53.700725065772815
22.38257459812463, 53.6948742796716
22.4336763666135, 53.689023493570396
22.48477813510237, 53.68317270746919
22.535879903591237, 53.677321921367984
22.586981672080107, 53.67147113526677
22.638083440568977, 53.665620349165565
22.689185209057847, 53.65976956306436
22.740286977546713, 53.65391877696315
22.791388746035583, 53.648067990861946
22.842490514524453, 53.64221720476073
22.89359228301332, 53.63636641865953
22.94469405150219, 53.63051563255832
22.99579581999106, 53.624664846457115
23.04689758847993, 53.6188140603559
23.097999356968796, 53.612963274254696
23.149101125457666, 53.60711248815349
23.200202893946535, 53.601261702052284
23.251304662435405, 53.59541091595108
23.30240643092427, 53.589560129849865
23.35350819941314, 53.58370934374866
23.40460996790201, 53.57785855764745
23.45571173639088, 53.57200777154625
23.506813504879748, 53.56615698544504
23.557915273368618, 53.56030619934383
23.609017041857488, 53.55445541324262
23.660118810346358, 53.548604627141415
23.711220578835224, 53.54275384104021
23.762322347324094, 53.536903054938996
23.813424115812964, 53.53105226883779
23.864525884301834, 53.525201482736584
23.9156276527907, 53.51935069663538
23.96672942127957, 53.51349991053417
24.01783118976844, 53.50764912443296
24.06893295825731, 53.50179833833175
24.120034726746177, 53.49594755223055
24.171136495235046, 53.49009676612934
24.222238263723916, 53.48424598002813
24.273340032212786, 53.47839519392692
24.324441800701653, 53.472544407825715
24.375543569190523, 53.46669362172451
24.426645337679393, 53.4608428356233
24.477747106168263, 53.45499204952209
24.52884887465713, 53.449141263420884
24.579950643146, 53.44329047731968
24.63105241163487, 53.43743969121847
24.682154180123735, 53.431588905117266
24.733255948612605, 53.42573811901605
24.784357717101475, 53.41988733291485
24.835459485590345, 53.41403654681364
24.88656125407921, 53.408185760712435
24.93766302256808, 53.40233497461122
24.98876479105695, 53.396484188510016
25.03986655954582, 53.39063340240881
25.090968328034688, 53.384782616307604
25.142070096523558, 53.3789318302064
25.193171865012427, 53.373081044105184
25.244273633501297, 53.36723025800398
25.295375401990164, 53.36137947190277
25.346477170479034, 53.355528685801566
25.397578938967904, 53.34967789970035
25.448680707456774, 53.34382711359915
25.49978247594564, 53.33797632749794
25.55088424443451, 53.332125541396735
25.60198601292338, 53.32627475529553
25.65308778141225, 53.320423969194316
25.704189549901116, 53.31457318309311
25.755291318389986, 53.308722396991904
25.806393086878856, 53.3028716108907
25.857494855367726, 53.297020824789485
25.908596623856592, 53.29117003868828
25.959698392345462, 53.28531925258707
26.010800160834332, 53.279468466485866
26.061901929323202, 53.27361768038466
26.11300369781207, 53.26776689428345
26.16410546630094, 53.26191610818224
26.21520723478981, 53.256065322081035
26.266309003278675, 53.25021453597983
26.317410771767545, 53.24436374987862
26.368512540256415, 53.23851296377741
26.419614308745285, 53.232662177676204
26.47071607723415, 53.226811391575
26.52181784572302, 53.22096060547379
26.57291961421189, 53.21510981937258
26.62402138270076, 53.20925903327137
26.675123151189627, 53.20340824717017
26.726224919678497, 53.19755746106896
26.777326688167367, 53.191706674967755
26.828428456656237, 53.18585588886654
26.879530225145103, 53.180005102765335
26.930631993633973, 53.17415431666413
26.981733762122843, 53.16830353056292
27.032835530611713, 53.16245274446171
27.08393729910058, 53.156601958360504
27.13503906758945, 53.1507511722593
27.18614083607832, 53.14490038615809
27.23724260456719, 53.139049600056886
27.288344373056056, 53.13319881395567
27.339446141544926, 53.12734802785447
27.390547910033796, 53.12149724175326
27.441649678522666, 53.115646455652055
27.492751447011532, 53.10979566955085
27.543853215500402, 53.103944883449635
27.594954983989272, 53.09809409734843
27.64605675247814, 53.09224331124722
27.697158520967008, 53.08639252514602
27.748260289455878, 53.080541739044804
27.799362057944748, 53.0746909529436
27.850463826433614, 53.06884016684239
27.901565594922484, 53.062989380741186
27.952667363411354, 53.05713859463998
28.003769131900224, 53.05128780853877
28.05487090038909, 53.04543702243756
28.10597266887796, 53.039586236336355
28.15707443736683, 53.03373545023515
28.2081762058557, 53.027884664133936
28.259277974344567, 53.02203387803273
28.310379742833437, 53.016183091931524
28.361481511322307, 53.01033230583032
28.412583279811177, 53.00448151972911
28.463685048300043, 52.9986307336279
28.514786816788913, 52.99277994752669
28.565888585277783, 52.986929161425486
28.616990353766653, 52.98107837532428
28.66809212225552, 52.975227589223074
28.71919389074439, 52.96937680312186
28.77029565923326, 52.963526017020655
28.82139742772213, 52.95767523091945
28.872499196210995, 52.95182444481824
28.923600964699865, 52.94597365871703
28.974702733188735, 52.940122872615824
29.025804501677605, 52.93427208651462
29.07690627016647, 52.92842130041341
29.12800803865534, 52.922570514312206
29.17910980714421, 52.91671972821099
29.23021157563308, 52.910868942109786
29.281313344121948, 52.90501815600858
29.332415112610818, 52.899167369907374
29.383516881099688, 52.89331658380616
29.434618649588558, 52.887465797704955
29.485720418077424, 52.88161501160375
29.536822186566294, 52.87576422550254
29.587923955055164, 52.86991343940134
29.63902572354403, 52.864062653300124
29.6901274920329, 52.85821186719892
29.74122926052177, 52.85236108109771
29.79233102901064, 52.846510294996506
29.843432797499506, 52.8406595088953
29.894534565988376, 52.83480872279409
29.945636334477246, 52.82895793669288
29.996738102966116, 52.823107150591674
30.047839871454983, 52.81725636449047
30.098941639943853, 52.811405578389255
30.150043408432722, 52.80555479228805
30.201145176921592, 52.79970400618684
30.25224694541046, 52.79385322008564
30.30334871389933, 52.78800243398443
30.3544504823882, 52.78215164788322
30.40555225087707, 52.77630086178201
30.456654019365935, 52.770450075680806
30.507755787854805, 52.7645992895796
30.558857556343675, 52.75874850347839
30.609959324832545, 52.75289771737718
30.66106109332141, 52.747046931275975
30.71216286181028, 52.74119614517477
30.76326463029915, 52.73534535907356
30.81436639878802, 52.72949457297235
30.865468167276887, 52.72364378687114
30.916569935765757, 52.71779300076994
30.967671704254627, 52.71194221466873
31.018773472743497, 52.70609142856752
31.069875241232364, 52.70024064246631
31.120977009721233, 52.694389856365106
31.172078778210103, 52.6885390702639
31.22318054669897, 52.682688284162694
31.27428231518784, 52.67683749806148
31.32538408367671, 52.670986711960275
31.37648585216558, 52.66513592585907
31.427587620654446, 52.65928513975786
31.478689389143316, 52.65343435365666
31.529791157632186, 52.64758356755544
31.580892926121056, 52.64173278145424
31.631994694609922, 52.63588199535303
31.683096463098792, 52.630031209251825
31.734198231587662, 52.62418042315061
31.785300000076532, 52.618329637049406
31.8364017685654, 52.6124788509482
31.88750353705427, 52.606628064846994
31.93860530554314, 52.60077727874579
31.989707074032008, 52.594926492644575
32.040808842520875, 52.58907570654337
32.091910611009745, 52.58322492044216
32.143012379498614, 52.57737413434096
32.194114147987484, 52.571523348239744
32.245215916476354, 52.56567256213854
32.296317684965224, 52.55982177603733
32.34741945345409, 52.553970989936126
32.39852122194296, 52.54812020383492
32.44962299043183, 52.542269417733706
32.5007247589207, 52.5364186316325
32.55182652740957, 52.530567845531294
32.60292829589844, 52.52471705943009
32.65403006438731, 52.518866273328875
32.70513183287618, 52.51301548722767
32.75623360136504, 52.50716470112646
32.80733536985391, 52.50131391502526
32.85843713834278, 52.49546312892405
32.90953890683165, 52.48961234282284
32.96064067532052, 52.48376155672163
33.01174244380939, 52.477910770620426
33.06284421229826, 52.47205998451922
33.11394598078712, 52.466209198418014
33.16504774927599, 52.4603584123168
33.21614951776486, 52.454507626215594
33.26725128625373, 52.44865684011439
33.3183530547426, 52.44280605401318
33.36945482323147, 52.43695526791197
33.42055659172034, 52.43110448181076
33.47165836020921, 52.42525369570956
33.522760128698074, 52.41940290960835
33.573861897186944, 52.413552123507145
33.624963665675814, 52.40770133740593
33.676065434164684, 52.401850551304726
33.727167202653554, 52.39599976520352
33.778268971142424, 52.390148979102314
33.829370739631294, 52.3842981930011
33.880472508120164, 52.378447406899895
33.93157427660903, 52.37259662079869
33.9826760450979, 52.36674583469748
34.03377781358677, 52.36089504859628
34.08487958207564, 52.35504426249506
34.135981350564506, 52.34919347639386
34.187083119053376, 52.34334269029265
34.238184887542246, 52.337491904191445
34.289286656031116, 52.33164111809023
34.34038842451998, 52.325790331989026
34.39149019300885, 52.31993954588782
34.44259196149772, 52.314088759786614
34.49369372998659, 52.30823797368541
34.54479549847546, 52.302387187584195
34.59589726696433, 52.29653640148299
34.6469990354532, 52.29068561538178
34.69810080394206, 52.28483482928058
34.74920257243093, 52.27898404317937
34.8003043409198, 52.27313325707816
34.85140610940867, 52.26728247097695
34.90250787789754, 52.261431684875745
34.95360964638641, 52.25558089877454
35.00471141487528, 52.249730112673326
35.05581318336415, 52.24387932657212
35.106914951853014, 52.238028540470914
35.158016720341884, 52.23217775436971
35.209118488830754, 52.2263269682685
35.260220257319624, 52.22047618216729
35.311322025808494, 52.21462539606608
35.362423794297364, 52.20877460996488
35.41352556278623, 52.20292382386367
35.4646273312751, 52.19707303776246
35.515729099763966, 52.19122225166125
35.566830868252836, 52.185371465560046
35.617932636741706, 52.17952067945884
35.669034405230576, 52.17366989335763
35.720136173719446, 52.16781910725642
35.771237942208316, 52.161968321155214
35.822339710697186, 52.15611753505401
35.873441479186056, 52.1502667489528
35.92454324767492, 52.144415962851596
35.97564501616379, 52.13856517675038
36.02674678465266, 52.13271439064918
36.07784855314153, 52.12686360454797
36.1289503216304, 52.121012818446765
36.18005209011927, 52.11516203234555
36.23115385860814, 52.109311246244346
36.282255627097, 52.10346046014314
36.33335739558587, 52.097609674041934
36.38445916407474, 52.09175888794073
36.43556093256361, 52.085908101839514
36.48666270105248, 52.08005731573831
36.53776446954135, 52.0742065296371
36.58886623803022, 52.068355743535896
36.63996800651909, 52.06250495743468
36.69106977500795, 52.05665417133348
36.74217154349682, 52.05080338523227
36.79327331198569, 52.044952599131065
36.84437508047456, 52.03910181302986
36.89547684896343, 52.033251026928646
36.9465786174523, 52.02740024082744
36.99768038594117, 52.021549454726234
37.04878215443004, 52.01569866862503
37.099883922918906, 52.00984788252382
37.150985691407776, 52.00399709642261
37.202087459896646, 51.9981463103214
37.253189228385516, 51.9922955242202
37.304290996874386, 51.98644473811899
37.355392765363256, 51.98059395201778
37.406494533852126, 51.97474316591657
37.457596302340995, 51.968892379815365
37.50869807082986, 51.96304159371416
37.55979983931873, 51.95719080761295
37.6109016078076, 51.95134002151174
37.66200337629647, 51.945489235410534
37.71310514478534, 51.93963844930933
37.76420691327421, 51.93378766320812
37.81530868176308, 51.92793687710691
37.86641045025194, 51.9220860910057
37.91751221874081, 51.9162353049045
37.96861398722968, 51.91038451880329
38.01971575571855, 51.904533732702085
38.07081752420742, 51.89868294660087
38.12191929269629, 51.892832160499665
38.17302106118516, 51.88698137439846
38.22412282967403, 51.88113058829725
38.27522459816289, 51.87527980219605
38.32632636665176, 51.869429016094834
38.37742813514063, 51.86357822999363
38.4285299036295, 51.85772744389242
38.47963167211837, 51.851876657791216
38.53073344060724, 51.84602587169
38.58183520909611, 51.8401750855888
38.63293697758498, 51.83432429948759
38.684038746073846, 51.828473513386385
38.735140514562715, 51.82262272728518
38.786242283051585, 51.816771941183966
38.837344051540455, 51.81092115508276
38.888445820029325, 51.80507036898155
38.939547588518195, 51.79921958288035
38.990649357007065, 51.793368796779134
39.041751125495935, 51.78751801067793
39.0928528939848, 51.78166722457672
39.14395466247367, 51.775816438475516
39.19505643096254, 51.76996565237431
39.24615819945141, 51.7641148662731
39.29725996794028, 51.75826408017189
39.34836173642915, 51.752413294070685
39.39946350491802, 51.74656250796948
39.45056527340688, 51.740711721868266
39.50166704189575, 51.73486093576706
39.55276881038462, 51.729010149665854
39.60387057887349, 51.72315936356465
39.65497234736236, 51.71730857746344
39.70607411585123, 51.71145779136223
39.7571758843401, 51.70560700526102
39.80827765282897, 51.699756219159816
39.85937942131783, 51.69390543305861
39.9104811898067, 51.6880546469574
39.96158295829557, 51.68220386085619
40.01268472678444, 51.676353074754985
40.06378649527331, 51.67050228865378
40.11488826376218, 51.66465150255257
40.16599003225105, 51.65880071645136
40.21709180073992, 51.652949930350154
40.268193569228785, 51.64709914424895
40.319295337717655, 51.64124835814774
40.370397106206525, 51.635397572046536
40.421498874695395, 51.62954678594532
40.472600643184265, 51.62369599984412
40.523702411673135, 51.61784521374291
40.574804180162005, 51.611994427641704
40.625905948650875, 51.60614364154049
40.67700771713974, 51.600292855439285
40.72810948562861, 51.59444206933808
40.77921125411748, 51.58859128323687
40.83031302260635, 51.58274049713567
40.88141479109522, 51.576889711034454
40.93251655958409, 51.57103892493325
40.98361832807296, 51.56518813883204
41.03472009656182, 51.559337352730836
41.08582186505069, 51.55348656662963
41.13692363353956, 51.54763578052842
41.18802540202843, 51.54178499442721
41.2391271705173, 51.535934208326005
41.29022893900617, 51.5300834222248
41.34133070749504, 51.524232636123585
41.39243247598391, 51.51838185002238
41.44353424447277, 51.51253106392117
41.49463601296164, 51.47346271875061
41.54573778145051, 51.312445843424165
41.59683954993938, 51.15142896809772
41.64794131842825, 50.99041209277127
41.69904308691712, 50.82939521744483
41.75014485540599, 50.66837834211838
41.80124662389486, 50.507361466791934
41.852348392383725, 50.34634459146551
41.903450160872595, 50.18532771613906
41.954551929361465, 50.02431084081261
42.005653697850335, 49.863293965486164
42.056755466339204, 49.70227709015972
42.107857234828074, 49.54126021483327
42.158959003316944, 49.380243339506826
42.210060771805814, 49.21922646418038
42.26116254029468, 49.058209588853956
42.31226430878355, 48.89719271352751
42.36336607727242, 48.73617583820106
42.41446784576129, 48.57515896287462
42.46556961425016, 48.41414208754817
42.51667138273903, 48.25312521222172
42.5677731512279, 48.09210833689527
42.61887491971676, 47.93109146156885
42.66997668820563, 47.7700745862424
42.7210784566945, 47.609057710915955
42.77218022518337, 47.44804083558951
42.82328199367224, 47.28702396026306
42.87438376216111, 47.12600708493662
42.92548553064998, 46.96499020961017
42.97658729913885, 46.803973334283725
43.02768906762771, 46.6429564589573
43.07879083611658, 46.48193958363085
43.12989260460545, 46.3209227083044
43.18099437309432, 46.159905832977955
43.23209614158319, 45.99888895765151
43.28319791007206, 45.83787208232506
43.33429967856093, 45.67685520699862
43.3854014470498, 45.51583833167217
43.436503215538664, 45.354821456345746
43.487604984027534, 45.1938045810193
43.538706752516404, 45.032787705692854
43.589808521005274, 44.87177083036641
43.640910289494144, 44.71075395503996
43.692012057983014, 44.54973707971351
43.743113826471884, 44.38872020438706
43.794215594960754, 44.22770332906062
43.84531736344962, 44.06668645373419
43.89641913193849, 43.905669578407746
43.94752090042736, 43.7446527030813
43.99862266891623, 43.583635827754854
44.0497244374051, 43.42261895242841
44.100826205893966, 43.26160207710196
44.151927974382836, 43.100585201775516
44.2030297428717, 42.93956832644909
44.25413151136057, 42.77855145112264
44.30523327984944, 42.6175345757962
44.35633504833831, 42.456517700469746
44.40743681682718, 42.2955008251433
44.45853858531605, 42.134483949816854
44.50964035380492, 41.97346707449041
44.56074212229379, 41.81245019916396
44.61184389078265, 41.65143332383754
44.66294565927152, 41.49041644851109
44.71404742776039, 41.329399573184645
44.76514919624926, 41.1683826978582
44.81625096473813, 41.00736582253175
44.867352733227, 40.8463489472053
44.91845450171587, 40.685332071878854
44.96955627020474, 40.52431519655241
45.020658038693604, 40.36329832122598
45.071759807182474, 40.20228144589954
45.122861575671344, 40.04126457057309
45.173963344160214, 39.880247695246645
45.225065112649084, 39.7192308199202
45.276166881137954, 39.55821394459375
45.327268649626824, 39.39719706926731
45.37837041811569, 39.236180193940854
45.429472186604556, 39.07516331861443
45.480573955093426, 38.91414644328799
45.531675723582296, 38.75312956796154
45.582777492071166, 38.59211269263509
45.633879260560036, 38.431095817308645
45.684981029048906, 38.2700789419822
45.736082797537776, 38.10906206665575
45.78718456602664, 37.94804519132933
45.83828633451551, 37.78702831600288
45.88938810300438, 37.626011440676436
45.94048987149325, 37.46499456534999
45.99159163998212, 37.303977690023544
46.04269340847099, 37.14296081469709
46.09379517695986, 36.981943939370645
46.14489694544873, 36.8209270640442
46.19599871393759, 36.659910188717774
46.24710048242646, 36.49889331339133
46.29820225091533, 36.33787643806488
46.3493040194042, 36.176859562738436
46.40040578789307, 36.01584268741199
46.45150755638194, 35.854825812085544
46.50260932487081, 35.6938089367591
46.55371109335968, 35.532792061432644
46.60481286184854, 35.37177518610622
46.65591463033741, 35.21075831077978
46.70701639882628, 35.04974143545333
46.75811816731515, 34.88872456012689
46.80921993580402, 34.727707684800436
46.86032170429289, 34.56669080947399
46.91142347278176, 34.40567393414754
46.96252524127063, 34.2446570588211
47.013627009759496, 34.08364018349467
47.064728778248366, 33.92262330816823
47.115830546737236, 33.76160643284177
47.166932315226106, 33.600589557515335
47.218034083714976, 33.43957268218888
47.269135852203846, 33.27855580686244
47.320237620692716, 33.11753893153599
47.371339389181585, 32.95652205620954
47.42244115767045, 32.79550518088312
47.47354292615932, 32.63448830555667
47.52464469464819, 32.47347143023023
47.57574646313706, 32.31245455490378
47.62684823162593, 32.151437679577334
47.6779500001148, 31.990420804250885
47.72905176860367, 31.82940392892444
47.78015353709253, 31.668387053598014
47.8312553055814, 31.507370178271568
47.88235707407027, 31.346353302945122
47.93345884255914, 31.185336427618676
47.98456061104801, 31.024319552292226
48.03566237953688, 30.86330267696578
48.08676414802575, 30.702285801639334
48.13786591651462, 30.54126892631289
48.18896768500348, 30.380252050986464
48.24006945349235, 30.219235175660017
48.29117122198122, 30.058218300333568
48.34227299047009, 29.897201425007122
48.39337475895896, 29.736184549680676
48.44447652744783, 29.57516767435423
48.4955782959367, 29.414150799027784
48.54668006442557, 29.253133923701334
48.597781832914436, 29.09211704837491
48.648883601403305, 28.931100173048463
48.699985369892175, 28.770083297722017
48.751087138381045, 28.60906642239557
48.802188906869915, 28.448049547069125
48.853290675358785, 28.287032671742676
48.904392443847655, 28.12601579641623
48.955494212336525, 27.964998921089784
49.00659598082539, 27.80398204576336
49.05769774931426, 27.642965170436913
49.10879951780313, 27.481948295110467
49.159901286292, 27.320931419784017
49.21100305478087, 27.15991454445757
49.26210482326974, 26.998897669131125
49.31320659175861, 26.83788079380468
49.36430836024747, 26.676863918478254
49.41541012873634, 26.51584704315181
49.46651189722521, 26.354830167825362
49.51761366571408, 26.193813292498913
49.56871543420295, 26.032796417172467
49.61981720269182, 25.87177954184602
49.67091897118069, 25.710762666519575
49.72202073966956, 25.549745791193125
49.77312250815842, 25.388728915866704
49.82422427664729, 25.227712040540254
49.87532604513616, 25.066695165213808
49.92642781362503, 24.905678289887362
49.9775295821139, 24.744661414560916
50.02863135060277, 24.58364453923447
50.07973311909164, 24.42262766390802
50.13083488758051, 24.261610788581574
50.181936656069375, 24.10059391325515
50.233038424558245, 23.939577037928704
50.284140193047115, 23.778560162602258
50.335241961535985, 23.61754328727581
50.386343730024855, 23.456526411949362
50.437445498513725, 23.295509536622916
50.488547267002595, 23.13449266129647
50.539649035491465, 22.973475785970024
50.59075080398033, 22.8124589106436
50.6418525724692, 22.651442035317153
50.69295434095807, 22.490425159990703
50.74405610944694, 22.329408284664257
50.79515787793581, 22.16839140933781
50.84625964642468, 22.007374534011365
50.89736141491355, 21.84635765868492
50.94846318340241, 21.685340783358495
50.99956495189128, 21.524323908032045
51.05066672038015, 21.3633070327056
