Parameters: [54.07686219811007, 20.155716457717062, 12.930133907659064, 44.06238093645166, 4.256863585160861, -0.1553626605704268, -2.948324858071264]
Points:
0.0, 20.155716457717062
0.05413099319130137, 20.386144711461704
0.10826198638260275, 20.616572965206345
0.1623929795739041, 20.847001218950986
0.2165239727652055, 21.077429472695627
0.27065496595650684, 21.307857726440268
0.3247859591478082, 21.53828598018491
0.3789169523391096, 21.76871423392955
0.433047945530411, 21.99914248767419
0.48717893872171236, 22.229570741418833
0.5413099319130137, 22.459998995163474
0.5954409251043151, 22.690427248908115
0.6495719182956164, 22.920855502652756
0.7037029114869179, 23.1512837563974
0.7578339046782192, 23.381712010142042
0.8119648978695206, 23.612140263886683
0.866095891060822, 23.842568517631324
0.9202268842521233, 24.072996771375966
0.9743578774434247, 24.303425025120607
1.0284888706347262, 24.533853278865248
1.0826198638260274, 24.76428153260989
1.1367508570173288, 24.99470978635453
1.1908818502086302, 25.22513804009917
1.2450128433999317, 25.455566293843813
1.299143836591233, 25.685994547588454
1.3532748297825343, 25.916422801333095
1.4074058229738358, 26.146851055077736
1.461536816165137, 26.377279308822377
1.5156678093564384, 26.60770756256702
1.5697988025477398, 26.838135816311663
1.6239297957390413, 27.068564070056304
1.6780607889303425, 27.298992323800945
1.732191782121644, 27.529420577545586
1.7863227753129454, 27.759848831290228
1.8404537685042466, 27.99027708503487
1.894584761695548, 28.22070533877951
1.9487157548868494, 28.45113359252415
2.002846748078151, 28.681561846268792
2.0569777412694523, 28.911990100013433
2.1111087344607538, 29.142418353758075
2.1652397276520547, 29.372846607502716
2.219370720843356, 29.603274861247357
2.2735017140346576, 29.833703114991998
2.327632707225959, 30.06413136873664
2.3817637004172605, 30.29455962248128
2.435894693608562, 30.52498787622592
2.4900256867998634, 30.755416129970563
2.5441566799911643, 30.985844383715204
2.598287673182466, 31.216272637459845
2.652418666373767, 31.446700891204486
2.7065496595650687, 31.677129144949127
2.76068065275637, 31.90755739869377
2.8148116459476715, 32.13798565243841
2.868942639138973, 32.36841390618305
2.923073632330274, 32.59884215992769
2.9772046255215754, 32.82927041367233
3.031335618712877, 33.059698667416974
3.0854666119041783, 33.290126921161615
3.1395976050954797, 33.520555174906264
3.193728598286781, 33.7509834286509
3.2478595914780826, 33.981411682395546
3.3019905846693836, 34.21183993614018
3.356121577860685, 34.44226818988483
3.4102525710519864, 34.67269644362946
3.464383564243288, 34.90312469737411
3.5185145574345893, 35.133552951118745
3.5726455506258907, 35.36398120486339
3.626776543817192, 35.594409458608034
3.680907537008493, 35.824837712352675
3.7350385301997946, 36.05526596609731
3.789169523391096, 36.28569421984196
3.8433005165823975, 36.51612247358659
3.897431509773699, 36.74655072733124
3.9515625029650003, 36.97697898107588
4.005693496156302, 37.20740723482052
4.059824489347603, 37.43783548856516
4.113955482538905, 37.668263742309804
4.168086475730206, 37.898691996054445
4.2222174689215075, 38.12912024979909
4.276348462112808, 38.35954850354372
4.3304794553041095, 38.58997675728837
4.384610448495411, 38.82040501103301
4.438741441686712, 39.05083326477765
4.492872434878014, 39.28126151852229
4.547003428069315, 39.511689772266934
4.601134421260617, 39.742118026011575
4.655265414451918, 39.972546279756216
4.7093964076432195, 40.20297453350086
4.763527400834521, 40.4334027872455
4.817658394025822, 40.66383104099015
4.871789387217124, 40.89425929473478
4.925920380408425, 41.12468754847943
4.980051373599727, 41.35511580222406
5.034182366791027, 41.585544055968704
5.088313359982329, 41.815972309713345
5.14244435317363, 42.046400563457986
5.196575346364932, 42.27682881720263
5.250706339556233, 42.507257070947276
5.304837332747534, 42.73768532469191
5.358968325938836, 42.96811357843656
5.413099319130137, 43.19854183218119
5.467230312321439, 43.42897008592584
5.52136130551274, 43.659398339670474
5.575492298704042, 43.88982659341512
5.629623291895343, 44.12025484715976
5.6837542850866445, 44.350683100904405
5.737885278277946, 44.581111354649046
5.7920162714692465, 44.81153960839369
5.846147264660548, 45.04196786213832
5.900278257851849, 45.27239611588297
5.954409251043151, 45.502824369627604
6.008540244234452, 45.73325262337225
6.062671237425754, 45.963680877116886
6.116802230617055, 46.194109130861534
6.1709332238083565, 46.424537384606175
6.225064216999658, 46.65496563835082
6.279195210190959, 46.88539389209546
6.333326203382261, 47.1158221458401
6.387457196573562, 47.34625039958474
6.441588189764864, 47.57667865332938
6.495719182956165, 47.80710690707402
6.549850176147466, 48.03753516081866
6.603981169338767, 48.267963414563305
6.6581121625300685, 48.498391668307946
6.71224315572137, 48.72881992205259
6.766374148912671, 48.95924817579723
6.820505142103973, 49.18967642954187
6.874636135295274, 49.42010468328651
6.928767128486576, 49.65053293703115
6.982898121677877, 49.88096119077579
7.037029114869179, 50.111389444520434
7.09116010806048, 50.341817698265075
7.1452911012517815, 50.57224595200972
7.199422094443083, 50.80267420575436
7.253553087634384, 51.033102459499005
7.307684080825686, 51.26353071324364
7.361815074016986, 51.49395896698828
7.415946067208288, 51.72438722073292
7.470077060399589, 51.95481547447756
7.524208053590891, 52.185243728222204
7.578339046782192, 52.415671981966845
7.6324700399734935, 52.64610023571149
7.686601033164795, 52.87652848945613
7.740732026356096, 53.106956743200776
7.794863019547398, 53.33738499694542
7.848994012738699, 53.56781325069006
7.903125005930001, 53.7982415044347
7.957255999121302, 54.02866975817934
8.011386992312604, 54.25909801192398
8.065517985503904, 54.489526265668616
8.119648978695206, 54.719954519413264
8.173779971886507, 54.9503827731579
8.22791096507781, 55.180811026902546
8.28204195826911, 55.41123928064719
8.336172951460412, 55.64166753439183
8.390303944651713, 55.87209578813647
8.444434937843015, 56.10252404188111
8.498565931034316, 56.33295229562575
8.552696924225616, 56.563380549370386
8.606827917416918, 56.793808803115034
8.660958910608219, 57.024237056859675
8.715089903799521, 57.25466531060432
8.769220896990822, 57.48509356434896
8.823351890182124, 57.7155218180936
8.877482883373425, 57.94595007183824
8.931613876564727, 58.17637832558288
8.985744869756028, 58.40680657932752
9.03987586294733, 58.637234833072164
9.09400685613863, 58.867663086816805
9.148137849329933, 59.09809134056145
9.202268842521233, 59.32851959430609
9.256399835712534, 59.55894784805073
9.310530828903836, 59.78937610179537
9.364661822095137, 60.01980435554001
9.418792815286439, 60.25023260928465
9.47292380847774, 60.48066086302929
9.527054801669042, 60.711089116773934
9.581185794860342, 60.941517370518575
9.635316788051645, 61.17194562426322
9.689447781242945, 61.40237387800786
9.743578774434248, 61.632802131752506
9.797709767625548, 61.86323038549714
9.85184076081685, 62.09365863924179
9.905971754008151, 62.32408689298642
9.960102747199453, 62.55451514673107
10.014233740390754, 62.78494340047571
10.068364733582055, 63.015371654220345
10.122495726773357, 63.245799907964994
10.176626719964657, 63.47622816170963
10.23075771315596, 63.706656415454276
10.28488870634726, 63.93708466919891
10.339019699538563, 64.16751292294356
10.393150692729863, 64.39794117668819
10.447281685921165, 64.62836943043284
10.501412679112466, 64.85879768417749
10.555543672303768, 65.08922593792212
10.609674665495069, 65.31965419166676
10.663805658686371, 65.5500824454114
10.717936651877672, 65.78051069915605
10.772067645068974, 66.01093895290069
10.826198638260275, 66.24136720664532
10.880329631451575, 66.47179546038996
10.934460624642877, 66.70222371413462
10.988591617834178, 66.93265196787925
11.04272261102548, 67.16308022162389
11.096853604216781, 67.39350847536853
11.150984597408083, 67.62393672911318
11.205115590599384, 67.85436498285782
11.259246583790686, 68.08479323660245
11.313377576981987, 68.3152214903471
11.367508570173289, 68.54564974409175
11.42163956336459, 68.77607799783638
11.475770556555892, 69.00650625158103
11.529901549747192, 69.23693450532566
11.584032542938493, 69.46736275907031
11.638163536129795, 69.69779101281495
11.692294529321096, 69.92821926655958
11.746425522512398, 70.15864752030423
11.800556515703699, 70.38907577404888
11.854687508895001, 70.61950402779351
11.908818502086302, 70.84993228153814
11.962949495277604, 71.08036053528281
12.017080488468904, 71.31078878902744
12.071211481660207, 71.54121704277208
12.125342474851507, 71.77164529651671
12.17947346804281, 72.00207355026137
12.23360446123411, 72.232501804006
12.287735454425412, 72.46293005775064
12.341866447616713, 72.69335831149529
12.395997440808014, 72.92378656523992
12.450128433999316, 73.15421481898457
12.504259427190616, 73.3846430727292
12.558390420381919, 73.61507132647385
12.61252141357322, 73.84549958021849
12.666652406764522, 74.07592783396314
12.720783399955822, 74.30635608770777
12.774914393147125, 74.53678434145242
12.829045386338425, 74.76721259519707
12.883176379529727, 74.9976408489417
12.937307372721028, 75.1964181518671
12.99143836591233, 75.18800821674559
13.04556935910363, 75.17959828162407
13.099700352294931, 75.17118834650255
13.153831345486234, 75.16277841138103
13.207962338677534, 75.1543684762595
13.262093331868837, 75.14595854113799
13.316224325060137, 75.13754860601647
13.37035531825144, 75.12913867089495
13.42448631144274, 75.12072873577343
13.478617304634042, 75.1123188006519
13.532748297825343, 75.10390886553039
13.586879291016645, 75.09549893040887
13.641010284207946, 75.08708899528735
13.695141277399248, 75.07867906016583
13.749272270590549, 75.0702691250443
13.803403263781851, 75.06185918992279
13.857534256973151, 75.05344925480127
13.911665250164452, 75.04503931967974
13.965796243355754, 75.03662938455822
14.019927236547055, 75.0282194494367
14.074058229738357, 75.01980951431518
14.128189222929658, 75.01139957919366
14.18232021612096, 75.00298964407213
14.23645120931226, 74.99457970895061
14.290582202503563, 74.98616977382909
14.344713195694863, 74.97775983870757
14.398844188886166, 74.96934990358605
14.452975182077466, 74.96093996846453
14.507106175268769, 74.95253003334301
14.56123716846007, 74.94412009822149
14.615368161651372, 74.93571016309997
14.669499154842672, 74.92730022797845
14.723630148033973, 74.91889029285693
14.777761141225275, 74.91048035773541
14.831892134416576, 74.90207042261389
14.886023127607878, 74.89366048749237
14.940154120799178, 74.88525055237085
14.99428511399048, 74.87684061724933
15.048416107181781, 74.86843068212781
15.102547100373084, 74.86002074700629
15.156678093564384, 74.85161081188477
15.210809086755686, 74.84320087676325
15.264940079946987, 74.83479094164173
15.31907107313829, 74.82638100652021
15.37320206632959, 74.81797107139869
15.42733305952089, 74.80956113627717
15.481464052712193, 74.80115120115565
15.535595045903493, 74.79274126603413
15.589726039094796, 74.78433133091261
15.643857032286096, 74.77592139579109
15.697988025477398, 74.76751146066957
15.752119018668699, 74.75910152554805
15.806250011860001, 74.75069159042653
15.860381005051302, 74.742281655305
15.914511998242604, 74.73387172018349
15.968642991433905, 74.72546178506197
16.022773984625207, 74.71705184994045
16.076904977816508, 74.70864191481893
16.131035971007808, 74.7002319796974
16.18516696419911, 74.69182204457589
16.239297957390413, 74.68341210945437
16.293428950581713, 74.67500217433285
16.347559943773014, 74.66659223921133
16.401690936964314, 74.6581823040898
16.45582193015562, 74.64977236896829
16.50995292334692, 74.64136243384677
16.56408391653822, 74.63295249872525
16.61821490972952, 74.62454256360373
16.672345902920824, 74.6161326284822
16.726476896112125, 74.60772269336069
16.780607889303425, 74.59931275823917
16.834738882494726, 74.59090282311764
16.88886987568603, 74.58249288799612
16.94300086887733, 74.5740829528746
16.99713186206863, 74.56567301775308
17.05126285525993, 74.55726308263156
17.105393848451232, 74.54885314751004
17.159524841642536, 74.54044321238852
17.213655834833837, 74.532033277267
17.267786828025137, 74.52362334214548
17.321917821216438, 74.51521340702396
17.376048814407742, 74.50680347190244
17.430179807599043, 74.49839353678092
17.484310800790343, 74.4899836016594
17.538441793981644, 74.48157366653788
17.592572787172948, 74.47316373141636
17.64670378036425, 74.46475379629484
17.70083477355555, 74.45634386117332
17.75496576674685, 74.4479339260518
17.80909675993815, 74.43952399093028
17.863227753129454, 74.43111405580876
17.917358746320755, 74.42270412068724
17.971489739512055, 74.41429418556572
18.025620732703356, 74.4058842504442
18.07975172589466, 74.39747431532268
18.13388271908596, 74.38906438020116
18.18801371227726, 74.38065444507964
18.24214470546856, 74.37224450995812
18.296275698659866, 74.3638345748366
18.350406691851166, 74.35542463971508
18.404537685042467, 74.34701470459356
18.458668678233767, 74.33860476947204
18.512799671425068, 74.33019483435052
18.566930664616372, 74.321784899229
18.621061657807672, 74.31337496410748
18.675192650998973, 74.30496502898596
18.729323644190274, 74.29655509386444
18.783454637381578, 74.28814515874292
18.837585630572878, 74.2797352236214
18.89171662376418, 74.27132528849988
18.94584761695548, 74.26291535337836
18.999978610146783, 74.25450541825684
19.054109603338084, 74.24609548313532
19.108240596529384, 74.2376855480138
19.162371589720685, 74.22927561289228
19.21650258291199, 74.22086567777076
19.27063357610329, 74.21245574264924
19.32476456929459, 74.20404580752772
19.37889556248589, 74.1956358724062
19.43302655567719, 74.18722593728468
19.487157548868495, 74.17881600216316
19.541288542059796, 74.17040606704164
19.595419535251096, 74.16199613192012
19.649550528442397, 74.1535861967986
19.7036815216337, 74.14517626167708
19.757812514825, 74.13676632655556
19.811943508016302, 74.12835639143404
19.866074501207603, 74.11994645631252
19.920205494398907, 74.11153652119098
19.974336487590207, 74.10312658606946
20.028467480781508, 74.09471665094794
20.08259847397281, 74.08630671582642
20.13672946716411, 74.0778967807049
20.190860460355413, 74.06948684558338
20.244991453546714, 74.06107691046186
20.299122446738014, 74.05266697534034
20.353253439929315, 74.04425704021882
20.40738443312062, 74.0358471050973
20.46151542631192, 74.02743716997578
20.51564641950322, 74.01902723485426
20.56977741269452, 74.01061729973274
20.623908405885825, 74.00220736461122
20.678039399077125, 73.9937974294897
20.732170392268426, 73.98538749436818
20.786301385459726, 73.97697755924666
20.840432378651027, 73.96856762412514
20.89456337184233, 73.96015768900362
20.94869436503363, 73.9517477538821
21.002825358224932, 73.94333781876058
21.056956351416233, 73.93492788363906
21.111087344607537, 73.92651794851754
21.165218337798837, 73.91810801339602
21.219349330990138, 73.9096980782745
21.27348032418144, 73.90128814315298
21.327611317372742, 73.89287820803146
21.381742310564043, 73.88446827290994
21.435873303755343, 73.87605833778842
21.490004296946644, 73.8676484026669
21.544135290137948, 73.85923846754538
21.59826628332925, 73.85082853242386
21.65239727652055, 73.84241859730234
21.70652826971185, 73.83400866218082
21.76065926290315, 73.8255987270593
21.814790256094454, 73.81718879193778
21.868921249285755, 73.80877885681626
21.923052242477056, 73.80036892169474
21.977183235668356, 73.79195898657322
22.03131422885966, 73.7835490514517
22.08544522205096, 73.77513911633018
22.13957621524226, 73.76672918120866
22.193707208433562, 73.75831924608714
22.247838201624866, 73.74990931096562
22.301969194816166, 73.7414993758441
22.356100188007467, 73.73308944072258
22.410231181198768, 73.72467950560106
22.464362174390068, 73.71626957047954
22.518493167581372, 73.70785963535802
22.572624160772673, 73.6994497002365
22.626755153963973, 73.69103976511498
22.680886147155274, 73.68262982999346
22.735017140346578, 73.67421989487194
22.78914813353788, 73.66580995975042
22.84327912672918, 73.6574000246289
22.89741011992048, 73.64899008950738
22.951541113111784, 73.64058015438586
23.005672106303084, 73.63217021926434
23.059803099494385, 73.62376028414282
23.113934092685685, 73.6153503490213
23.168065085876986, 73.60694041389978
23.22219607906829, 73.59853047877826
23.27632707225959, 73.59012054365674
23.33045806545089, 73.58171060853522
23.38458905864219, 73.5733006734137
23.438720051833496, 73.56489073829218
23.492851045024796, 73.55648080317066
23.546982038216097, 73.54807086804914
23.601113031407397, 73.53966093292762
23.6552440245987, 73.5312509978061
23.709375017790002, 73.52284106268458
23.763506010981303, 73.51443112756306
23.817637004172603, 73.50602119244154
23.871767997363904, 73.49761125732002
23.925898990555208, 73.4892013221985
23.98002998374651, 73.48079138707698
24.03416097693781, 73.47238145195546
24.08829197012911, 73.46397151683394
24.142422963320413, 73.45556158171242
24.196553956511714, 73.4471516465909
24.250684949703015, 73.43874171146938
24.304815942894315, 73.43033177634786
24.35894693608562, 73.42192184122634
24.41307792927692, 73.41351190610482
24.46720892246822, 73.4051019709833
24.52133991565952, 73.39669203586178
24.575470908850825, 73.38828210074026
24.629601902042126, 73.37987216561874
24.683732895233426, 73.37146223049722
24.737863888424727, 73.3630522953757
24.791994881616027, 73.35464236025418
24.84612587480733, 73.34623242513265
24.900256867998632, 73.33782249001113
24.954387861189932, 73.32941255488961
25.008518854381233, 73.3210026197681
25.062649847572537, 73.31259268464657
25.116780840763838, 73.30418274952505
25.170911833955138, 73.29577281440353
25.22504282714644, 73.28736287928201
25.279173820337743, 73.2789529441605
25.333304813529043, 73.27054300903897
25.387435806720344, 73.26213307391745
25.441566799911644, 73.25372313879593
25.495697793102945, 73.24531320367441
25.54982878629425, 73.2369032685529
25.60395977948555, 73.22849333343137
25.65809077267685, 73.22008339830985
25.71222176586815, 73.21167346318833
25.766352759059455, 73.2032635280668
25.820483752250755, 73.19485359294528
25.874614745442056, 73.18644365782376
25.928745738633356, 73.17803372270224
25.98287673182466, 73.16962378758072
26.03700772501596, 73.1612138524592
26.09113871820726, 73.15280391733768
26.145269711398562, 73.14439398221616
26.199400704589863, 73.13598404709464
26.253531697781167, 73.12757411197312
26.307662690972467, 73.1191641768516
26.361793684163768, 73.11075424173008
26.41592467735507, 73.10234430660856
26.470055670546373, 73.09393437148704
26.524186663737673, 73.08552443636552
26.578317656928974, 73.077114501244
26.632448650120274, 73.06870456612248
26.68657964331158, 73.06029463100096
26.74071063650288, 73.05188469587944
26.79484162969418, 73.04347476075792
26.84897262288548, 73.0350648256364
26.903103616076784, 73.02665489051488
26.957234609268085, 73.01824495539336
27.011365602459385, 73.00983502027184
27.065496595650686, 73.00142508515032
27.119627588841986, 72.9930151500288
27.17375858203329, 72.98460521490728
27.22788957522459, 72.97619527978576
27.28202056841589, 72.96778534466424
27.336151561607192, 72.95937540954272
27.390282554798496, 72.9509654744212
27.444413547989797, 72.94255553929968
27.498544541181097, 72.93414560417816
27.552675534372398, 72.92573566905664
27.606806527563702, 72.91732573393512
27.660937520755002, 72.9089157988136
27.715068513946303, 72.90050586369208
27.769199507137603, 72.89209592857055
27.823330500328904, 72.88368599344903
27.877461493520208, 72.87527605832751
27.93159248671151, 72.866866123206
27.98572347990281, 72.85845618808447
28.03985447309411, 72.85004625296295
28.093985466285414, 72.84163631784143
28.148116459476714, 72.83322638271991
28.202247452668015, 72.8248164475984
28.256378445859315, 72.81640651247687
28.31050943905062, 72.80799657735535
28.36464043224192, 72.79958664223383
28.41877142543322, 72.79117670711231
28.47290241862452, 72.7827667719908
28.52703341181582, 72.77435683686927
28.581164405007126, 72.76594690174775
28.635295398198426, 72.75753696662623
28.689426391389727, 72.74912703150471
28.743557384581027, 72.7407170963832
28.79768837777233, 72.73230716126167
28.851819370963632, 72.72389722614015
28.905950364154933, 72.71548729101863
28.960081357346233, 72.70707735589711
29.014212350537537, 72.69866742077559
29.068343343728838, 72.69025748565407
29.12247433692014, 72.68184755053255
29.17660533011144, 72.67343761541103
29.230736323302743, 72.66502768028951
29.284867316494044, 72.65661774516799
29.338998309685344, 72.64820781004647
29.393129302876645, 72.63979787492495
29.447260296067945, 72.63138793980343
29.50139128925925, 72.62297800468191
29.55552228245055, 72.61456806956039
29.60965327564185, 72.60615813443887
29.66378426883315, 72.59774819931735
29.717915262024455, 72.58933826419583
29.772046255215756, 72.58092832907431
29.826177248407056, 72.57251839395279
29.880308241598357, 72.56410845883127
29.93443923478966, 72.55569852370975
29.98857022798096, 72.54728858858823
30.042701221172262, 72.53887865346671
30.096832214363562, 72.53046871834519
30.150963207554863, 72.52205878322367
30.205094200746167, 72.51364884810215
30.259225193937468, 72.50523891298063
30.31335618712877, 72.49682897785911
30.36748718032007, 72.48841904273759
30.421618173511373, 72.48000910761607
30.475749166702673, 72.47159917249455
30.529880159893974, 72.46318923737303
30.584011153085275, 72.45477930225151
30.63814214627658, 72.44636936712999
30.69227313946788, 72.43795943200847
30.74640413265918, 72.42954949688695
30.80053512585048, 72.42113956176543
30.85466611904178, 72.41272962664391
30.908797112233085, 72.40431969152239
30.962928105424385, 72.39590975640087
31.017059098615686, 72.38749982127935
31.071190091806987, 72.37908988615783
31.12532108499829, 72.37067995103631
31.17945207818959, 72.36227001591479
31.23358307138089, 72.35386008079327
31.287714064572192, 72.34545014567175
31.341845057763496, 72.33704021055023
31.395976050954797, 72.32863027542871
31.450107044146097, 72.32022034030719
31.504238037337398, 72.31181040518567
31.558369030528702, 72.30340047006413
31.612500023720003, 72.29499053494261
31.666631016911303, 72.2865805998211
31.720762010102604, 72.27817066469957
31.774893003293904, 72.26976072957805
31.82902399648521, 72.26135079445653
31.88315498967651, 72.25294085933501
31.93728598286781, 72.24453092421349
31.99141697605911, 72.23612098909197
32.045547969250414, 72.22771105397045
32.099678962441715, 72.21930111884893
32.153809955633015, 72.21089118372741
32.207940948824316, 72.20248124860589
32.262071942015616, 72.19407131348437
32.31620293520692, 72.18566137836285
32.37033392839822, 72.17725144324133
32.424464921589525, 72.16884150811981
32.478595914780826, 72.16043157299829
32.532726907972126, 72.15202163787677
32.58685790116343, 72.14361170275525
32.64098889435473, 72.13520176763373
32.69511988754603, 72.12679183251221
32.74925088073733, 72.11838189739069
32.80338187392863, 72.10997196226917
32.85751286711994, 72.10156202714765
32.91164386031124, 72.09315209202613
32.96577485350254, 72.08474215690461
33.01990584669384, 72.07633222178309
33.07403683988514, 72.06792228666157
33.12816783307644, 72.05951235154005
33.18229882626774, 72.05110241641853
33.23642981945904, 72.04269248129701
33.29056081265034, 72.03428254617549
33.34469180584165, 72.02587261105397
33.39882279903295, 72.01746267593245
33.45295379222425, 72.00905274081093
33.50708478541555, 72.00064280568941
33.56121577860685, 71.99223287056789
33.61534677179815, 71.98382293544637
33.66947776498945, 71.97541300032485
33.72360875818075, 71.96700306520333
33.77773975137206, 71.95859313008181
33.83187074456336, 71.95018319496029
33.88600173775466, 71.94177325983877
33.94013273094596, 71.93336332471725
33.99426372413726, 71.92495338959573
34.04839471732856, 71.91654345447421
34.10252571051986, 71.90813351935269
34.156656703711164, 71.89972358423117
34.210787696902464, 71.89131364910965
34.26491869009377, 71.88290371398813
34.31904968328507, 71.87449377886661
34.37318067647637, 71.86608384374509
34.427311669667674, 71.85767390862357
34.481442662858974, 71.84926397350205
34.535573656050275, 71.84085403838053
34.589704649241575, 71.83244410325901
34.643835642432876, 71.82403416813749
34.69796663562418, 71.81562423301597
34.752097628815484, 71.80721429789445
34.806228622006785, 71.79880436277293
34.860359615198085, 71.7903944276514
34.914490608389386, 71.78198449252989
34.968621601580686, 71.77357455740837
35.02275259477199, 71.76516462228685
35.07688358796329, 71.75675468716533
35.13101458115459, 71.7483447520438
35.185145574345896, 71.73993481692229
35.239276567537196, 71.73152488180077
35.2934075607285, 71.72311494667925
35.3475385539198, 71.71470501155773
35.4016695471111, 71.7062950764362
35.4558005403024, 71.69788514131469
35.5099315334937, 71.68947520619317
35.564062526685, 71.68106527107165
35.6181935198763, 71.67265533595013
35.67232451306761, 71.6642454008286
35.72645550625891, 71.65583546570709
35.78058649945021, 71.64742553058556
35.83471749264151, 71.63901559546404
35.88884848583281, 71.63060566034252
35.94297947902411, 71.622195725221
35.99711047221541, 71.61378579009948
36.05124146540671, 71.60537585497796
36.10537245859802, 71.59696591985644
36.15950345178932, 71.58855598473492
36.21363444498062, 71.5801460496134
36.26776543817192, 71.57173611449188
36.32189643136322, 71.56332617937036
36.37602742455452, 71.55491624424884
36.43015841774582, 71.54650630912732
36.48428941093712, 71.5380963740058
36.53842040412842, 71.52968643888428
36.59255139731973, 71.52127650376276
36.64668239051103, 71.51286656864124
36.70081338370233, 71.50445663351972
36.75494437689363, 71.4960466983982
36.80907537008493, 71.48763676327668
36.863206363276234, 71.47922682815516
36.917337356467534, 71.47081689303364
36.971468349658835, 71.46240695791212
37.025599342850136, 71.4539970227906
37.07973033604144, 71.44558708766908
37.133861329232744, 71.43717715254755
37.187992322424044, 71.42876721742604
37.242123315615345, 71.42035728230451
37.296254308806645, 71.411947347183
37.350385301997946, 71.40353741206147
37.40451629518925, 71.39512747693996
37.45864728838055, 71.38671754181843
37.512778281571855, 71.37830760669691
37.566909274763155, 71.36989767157539
37.621040267954456, 71.36148773645387
37.675171261145756, 71.35307780133235
37.72930225433706, 71.34466786621083
37.78343324752836, 71.3362579310893
37.83756424071966, 71.32784799596779
37.89169523391096, 71.31943806084627
37.94582622710226, 71.31102812572475
37.99995722029357, 71.30261819060323
38.05408821348487, 71.2942082554817
38.10821920667617, 71.28579832036019
38.16235019986747, 71.27738838523867
38.21648119305877, 71.26897845011715
38.27061218625007, 71.26056851499563
38.32474317944137, 71.2521585798741
38.37887417263267, 71.24374864475259
38.43300516582398, 71.23533870963107
38.48713615901528, 71.22692877450955
38.54126715220658, 71.21851883938803
38.59539814539788, 71.2101089042665
38.64952913858918, 71.20169896914499
38.70366013178048, 71.19328903402346
38.75779112497178, 71.18487909890194
38.81192211816308, 71.17646916378042
38.86605311135438, 71.1680592286589
38.92018410454569, 71.15964929353738
38.97431509773699, 71.15123935841586
39.02844609092829, 71.14282942329434
39.08257708411959, 71.13441948817282
39.13670807731089, 71.1260095530513
39.19083907050219, 71.11759961792978
39.24497006369349, 71.10918968280826
39.299101056884794, 71.10077974768674
39.353232050076095, 71.09236981256522
39.4073630432674, 71.0839598774437
39.4614940364587, 71.07554994232218
39.51562502965, 71.06714000720066
39.569756022841304, 71.05873007207914
39.623887016032604, 71.05032013695762
39.678018009223905, 71.0419102018361
39.732149002415206, 71.03350026671458
39.786279995606506, 71.02509033159306
39.840410988797814, 71.01668039647154
39.894541981989114, 71.00827046135002
39.948672975180415, 70.9998605262285
40.002803968371715, 70.99145059110698
40.056934961563016, 70.98304065598546
40.11106595475432, 70.97463072086394
40.16519694794562, 70.96622078574242
40.21932794113692, 70.9578108506209
40.27345893432822, 70.94940091549938
40.327589927519526, 70.94099098037786
40.381720920710826, 70.93258104525634
40.43585191390213, 70.92417111013482
40.48998290709343, 70.9157611750133
40.54411390028473, 70.90735123989178
40.59824489347603, 70.89894130477026
40.65237588666733, 70.89053136964874
40.70650687985863, 70.88212143452722
40.76063787304994, 70.8737114994057
40.81476886624124, 70.86530156428418
40.86889985943254, 70.85689162916266
40.92303085262384, 70.84848169404114
40.97716184581514, 70.84007175891962
41.03129283900644, 70.8316618237981
41.08542383219774, 70.82325188867658
41.13955482538904, 70.81484195355506
41.19368581858034, 70.80643201843354
41.24781681177165, 70.79802208331202
41.30194780496295, 70.7896121481905
41.35607879815425, 70.78120221306898
41.41020979134555, 70.77279227794746
41.46434078453685, 70.76438234282594
41.51847177772815, 70.75597240770442
41.57260277091945, 70.7475624725829
41.62673376411075, 70.73915253746138
41.680864757302054, 70.73074260233986
41.73499575049336, 70.72233266721834
41.78912674368466, 70.71392273209682
41.84325773687596, 70.7055127969753
41.89738873006726, 70.69710286185378
41.95151972325856, 70.68869292673226
42.005650716449864, 70.68028299161074
42.059781709641165, 70.67187305648922
42.113912702832465, 70.6634631213677
42.16804369602377, 70.65505318624618
42.22217468921507, 70.64664325112466
42.276305682406374, 70.63823331600314
42.330436675597674, 70.62982338088162
42.384567668788975, 70.6214134457601
42.438698661980276, 70.61300351063858
42.492829655171576, 70.60459357551706
42.54696064836288, 70.59618364039554
42.60109164155418, 70.58777370527402
42.655222634745485, 70.5793637701525
42.709353627936785, 70.57095383503096
42.763484621128086, 70.56254389990946
42.81761561431939, 70.55413396478792
42.87174660751069, 70.54572402966642
42.92587760070199, 70.53731409454488
42.98000859389329, 70.52890415942338
43.03413958708459, 70.52049422430184
43.088270580275896, 70.51208428918032
43.1424015734672, 70.5036743540588
43.1965325666585, 70.49526441893728
43.2506635598498, 70.48685448381576
43.3047945530411, 70.47844454869424
43.3589255462324, 70.47003461357272
43.4130565394237, 70.4616246784512
43.467187532615, 70.45321474332968
43.5213185258063, 70.44480480820816
43.57544951899761, 70.43639487308664
43.62958051218891, 70.42798493796512
43.68371150538021, 70.4195750028436
43.73784249857151, 70.41116506772208
43.79197349176281, 70.40275513260056
43.84610448495411, 70.39434519747904
43.90023547814541, 70.38593526235752
43.95436647133671, 70.377525327236
44.00849746452801, 70.36911539211448
44.06262845771932, 70.3600141394493
44.11675945091062, 70.20041838663131
44.17089044410192, 70.0408226338133
44.22502143729322, 69.88122688099531
44.27915243048452, 69.72163112817731
44.33328342367582, 69.56203537535932
44.387414416867124, 69.40243962254132
44.441545410058424, 69.24284386972332
44.49567640324973, 69.0832481169053
44.54980739644103, 68.9236523640873
44.60393838963233, 68.76405661126931
44.65806938282363, 68.6044608584513
44.712200376014934, 68.44486510563331
44.766331369206235, 68.28526935281532
44.820462362397535, 68.12567359999731
44.874593355588836, 67.96607784717932
44.928724348780136, 67.80648209436131
44.982855341971444, 67.64688634154331
45.036986335162744, 67.4872905887253
45.091117328354045, 67.32769483590731
45.145248321545346, 67.1680990830893
45.199379314736646, 67.00850333027131
45.25351030792795, 66.84890757745332
45.30764130111925, 66.68931182463531
45.36177229431055, 66.52971607181732
45.415903287501855, 66.3701203189993
45.470034280693156, 66.2105245661813
45.524165273884456, 66.0509288133633
45.57829626707576, 65.8913330605453
45.63242726026706, 65.73173730772731
45.68655825345836, 65.57214155490931
45.74068924664966, 65.41254580209132
45.79482023984096, 65.25295004927331
45.84895123303226, 65.09335429645532
45.90308222622357, 64.9337585436373
45.95721321941487, 64.7741627908193
46.01134421260617, 64.6145670380013
46.06547520579747, 64.4549712851833
46.11960619898877, 64.29537553236531
46.17373719218007, 64.1357797795473
46.22786818537137, 63.976184026729314
46.28199917856267, 63.816588273911314
46.33613017175397, 63.656992521093315
46.39026116494528, 63.497396768275294
46.44439215813658, 63.3378010154573
46.49852315132788, 63.1782052626393
46.55265414451918, 63.0186095098213
46.60678513771048, 62.859013757003304
46.66091613090178, 62.699418004185304
46.71504712409308, 62.53982225136731
46.76917811728438, 62.38022649854931
46.82330911047569, 62.22063074573129
46.87744010366699, 62.06103499291329
46.93157109685829, 61.9014392400953
46.98570209004959, 61.7418434872773
47.03983308324089, 61.5822477344593
47.093964076432194, 61.42265198164131
47.148095069623494, 61.26305622882331
47.202226062814795, 61.10346047600531
47.256357056006095, 60.94386472318731
47.3104880491974, 60.7842689703693
47.3646190423887, 60.6246732175513
47.418750035580004, 60.4650774647333
47.472881028771305, 60.3054817119153
47.527012021962605, 60.1458859590973
47.581143015153906, 59.98629020627931
47.635274008345206, 59.82669445346131
47.68940500153651, 59.66709870064331
47.74353599472781, 59.50750294782531
47.797666987919115, 59.347907195007295
47.851797981110415, 59.188311442189296
47.905928974301716, 59.028715689371296
47.96005996749302, 58.8691199365533
48.01419096068432, 58.7095241837353
48.06832195387562, 58.549928430917305
48.12245294706692, 58.390332678099305
48.17658394025822, 58.230736925281306
48.230714933449526, 58.071141172463285
48.28484592664083, 57.91154541964529
48.33897691983213, 57.751949666827294
48.39310791302343, 57.592353914009294
48.44723890621473, 57.4327581611913
48.50136989940603, 57.2731624083733
48.55550089259733, 57.1135666555553
48.60963188578863, 56.953970902737304
48.66376287897993, 56.794375149919304
48.71789387217124, 56.63477939710129
48.77202486536254, 56.47518364428329
48.82615585855384, 56.31558789146529
48.88028685174514, 56.15599213864729
48.93441784493644, 55.9963963858293
48.98854883812774, 55.8368006330113
49.04267983131904, 55.6772048801933
49.09681082451034, 55.5176091273753
49.15094181770165, 55.35801337455729
49.20507281089295, 55.19841762173929
49.25920380408425, 55.03882186892129
49.31333479727555, 54.87922611610329
49.36746579046685, 54.71963036328529
49.42159678365815, 54.5600346104673
49.47572777684945, 54.4004388576493
49.529858770040754, 54.2408431048313
49.583989763232054, 54.08124735201331
49.63812075642336, 53.921651599195286
49.69225174961466, 53.76205584637729
49.74638274280596, 53.60246009355929
49.800513735997264, 53.442864340741295
49.854644729188564, 53.28326858792329
49.908775722379865, 53.123672835105296
49.962906715571165, 52.9640770822873
50.017037708762466, 52.8044813294693
50.071168701953766, 52.644885576651305
50.125299695145074, 52.485289823833284
50.179430688336375, 52.325694071015285
50.233561681527675, 52.166098318197285
50.287692674718976, 52.00650256537929
50.341823667910276, 51.84690681256129
50.39595466110158, 51.687311059743294
50.45008565429288, 51.5277153069253
50.50421664748418, 51.368119554107295
50.558347640675485, 51.20852380128928
50.612478633866786, 51.04892804847128
50.66660962705809, 50.88933229565329
50.72074062024939, 50.72973654283528
50.77487161344069, 50.57014079001729
50.82900260663199, 50.41054503719929
50.88313359982329, 50.25094928438129
50.93726459301459, 50.0913535315633
50.99139558620589, 49.9317577787453
51.0455265793972, 49.77216202592728
51.0996575725885, 49.61256627310928
51.1537885657798, 49.45297052029129
51.2079195589711, 49.29337476747329
51.2620505521624, 49.13377901465529
51.3161815453537, 48.9741832618373
51.370312538545, 48.81458750901929
51.4244435317363, 48.6549917562013
51.47857452492761, 48.49539600338328
51.53270551811891, 48.33580025056528
51.58683651131021, 48.17620449774728
51.64096750450151, 48.016608744929286
51.69509849769281, 47.85701299211129
51.74922949088411, 47.69741723929329
51.80336048407541, 47.537821486475295
51.85749147726671, 47.37822573365729
51.91162247045801, 47.218629980839296
51.96575346364932, 47.059034228021275
52.01988445684062, 46.89943847520328
52.07401545003192, 46.739842722385276
52.12814644322322, 46.580246969567284
52.18227743641452, 46.420651216749285
52.236408429605824, 46.261055463931285
52.290539422797124, 46.10145971111329
52.344670415988425, 45.94186395829529
52.398801409179725, 45.782268205477294
52.45293240237103, 45.62267245265927
52.507063395562334, 45.46307669984128
52.561194388753634, 45.30348094702328
52.615325381944935, 45.14388519420528
52.669456375136235, 44.98428944138729
52.723587368327536, 44.82469368856928
52.777718361518836, 44.66509793575129
52.83184935471014, 44.50550218293329
52.885980347901445, 44.34590643011528
52.940111341092745, 44.18631067729727
52.994242334284046, 44.02671492447928
53.048373327475346, 43.86711917166128
53.10250432066665, 43.70752341884328
53.15663531385795, 43.54792766602529
53.21076630704925, 43.38833191320728
53.26489730024055, 43.22873616038929
53.31902829343185, 43.06914040757129
53.37315928662316, 42.909544654753276
53.42729027981446, 42.74994890193527
53.48142127300576, 42.59035314911728
53.53555226619706, 42.43075739629928
53.58968325938836, 42.27116164348128
53.64381425257966, 42.111565890663286
53.69794524577096, 41.95197013784529
53.75207623896226, 41.79237438502729
53.80620723215357, 41.632778632209266
53.86033822534487, 41.473182879391274
53.91446921853617, 41.313587126573275
53.96860021172747, 41.153991373755275
54.02273120491877, 40.99439562093728
54.07686219811007, 40.834799868119276
