Parameters: [54.72281574391049, 20.75867682420244, 13.530622679073542, 39.19683883780077, 3.5634930965590823, -0.08374461862583238, -2.947799920892223]
Points:
0.0, 20.75867682420244
0.054777593337247736, 20.95387639990584
0.10955518667449547, 21.149075975609247
0.1643327800117432, 21.34427555131265
0.21911037334899094, 21.53947512701605
0.27388796668623866, 21.734674702719456
0.3286655600234864, 21.929874278422858
0.38344315336073415, 22.12507385412626
0.4382207466979819, 22.320273429829665
0.49299834003522963, 22.515473005533067
0.5477759333724773, 22.71067258123647
0.6025535267097251, 22.90587215693987
0.6573311200469728, 23.101071732643277
0.7121087133842205, 23.29627130834668
0.7668863067214683, 23.49147088405008
0.821663900058716, 23.686670459753486
0.8764414933959638, 23.88187003545689
0.9312190867332115, 24.07706961116029
0.9859966800704593, 24.272269186863696
1.040774273407707, 24.467468762567098
1.0955518667449546, 24.6626683382705
1.1503294600822025, 24.857867913973905
1.2051070534194501, 25.053067489677307
1.259884646756698, 25.24826706538071
1.3146622400939456, 25.443466641084115
1.3694398334311935, 25.638666216787517
1.424217426768441, 25.83386579249092
1.478995020105689, 26.029065368194324
1.5337726134429366, 26.224264943897726
1.5885502067801844, 26.419464519601128
1.643327800117432, 26.614664095304533
1.69810539345468, 26.809863671007935
1.7528829867919276, 27.005063246711337
1.8076605801291752, 27.200262822414743
1.862438173466423, 27.395462398118145
1.9172157668036707, 27.590661973821547
1.9719933601409185, 27.785861549524952
2.026770953478166, 27.981061125228354
2.081548546815414, 28.176260700931756
2.136326140152662, 28.371460276635162
2.1911037334899093, 28.56665985233856
2.245881326827157, 28.761859428041966
2.300658920164405, 28.95705900374537
2.355436513501653, 29.152258579448773
2.4102141068389002, 29.347458155152175
2.464991700176148, 29.54265773085558
2.519769293513396, 29.73785730655898
2.574546886850644, 29.933056882262385
2.629324480187891, 30.128256457965787
2.684102073525139, 30.32345603366919
2.738879666862387, 30.518655609372594
2.7936572601996343, 30.713855185075996
2.848434853536882, 30.909054760779398
2.90321244687413, 31.104254336482803
2.957990040211378, 31.29945391218621
3.0127676335486253, 31.494653487889607
3.067545226885873, 31.689853063593013
3.122322820223121, 31.885052639296415
3.177100413560369, 32.08025221499982
3.2318780068976163, 32.27545179070322
3.286655600234864, 32.47065136640663
3.341433193572112, 32.665850942110026
3.39621078690936, 32.86105051781343
3.4509883802466073, 33.05625009351684
3.505765973583855, 33.251449669220236
3.560543566921103, 33.44664924492364
3.6153211602583504, 33.64184882062705
3.6700987535955982, 33.837048396330445
3.724876346932846, 34.03224797203385
3.779653940270094, 34.227447547737256
3.8344315336073413, 34.422647123440655
3.889209126944589, 34.61784669914406
3.943986720281837, 34.813046274847466
3.998764313619085, 35.008245850550864
4.053541906956332, 35.20344542625427
4.108319500293581, 35.398645001957675
4.163097093630828, 35.59384457766107
4.217874686968075, 35.78904415336447
4.272652280305324, 35.984243729067884
4.327429873642571, 36.17944330477128
4.3822074669798186, 36.37464288047468
4.436985060317067, 36.569842456178094
4.491762653654314, 36.76504203188149
4.546540246991562, 36.96024160758489
4.60131784032881, 37.1554411832883
4.656095433666057, 37.3506407589917
4.710873027003306, 37.54584033469511
4.765650620340553, 37.74103991039851
4.8204282136778005, 37.93623948610191
4.875205807015049, 38.13143906180532
4.929983400352296, 38.32663863750872
4.984760993689544, 38.52183821321212
5.039538587026792, 38.71703778891552
5.094316180364039, 38.912237364618925
5.149093773701288, 39.10743694032233
5.203871367038535, 39.30263651602573
5.258648960375782, 39.497836091729134
5.313426553713031, 39.69303566743254
5.368204147050278, 39.88823524313594
5.422981740387526, 40.08343481883934
5.477759333724774, 40.27863439454275
5.532536927062021, 40.47383397024615
5.587314520399269, 40.66903354594955
5.642092113736517, 40.86423312165296
5.696869707073764, 41.05943269735636
5.751647300411013, 41.25463227305977
5.80642489374826, 41.44983184876317
5.8612024870855075, 41.645031424466566
5.915980080422756, 41.84023100016998
5.970757673760003, 42.03543057587338
6.025535267097251, 42.230630151576776
6.080312860434499, 42.42582972728018
6.135090453771746, 42.62102930298359
6.189868047108994, 42.816228878686985
6.244645640446242, 43.01142845439039
6.2994232337834895, 43.206628030093796
6.354200827120738, 43.401827605797195
6.408978420457985, 43.5970271815006
6.463756013795233, 43.792226757204006
6.518533607132481, 43.987426332907404
6.573311200469728, 44.18262590861081
6.628088793806976, 44.377825484314215
6.682866387144224, 44.57302506001761
6.737643980481471, 44.76822463572102
6.79242157381872, 44.963424211424424
6.847199167155967, 45.15862378712782
6.9019767604932145, 45.35382336283123
6.956754353830463, 45.549022938534634
7.01153194716771, 45.74422251423803
7.066309540504958, 45.93942208994144
7.121087133842206, 46.13462166564484
7.175864727179453, 46.32982124134824
7.230642320516701, 46.52502081705165
7.285419913853949, 46.72022039275505
7.3401975071911965, 46.91541996845845
7.394975100528445, 47.11061954416186
7.449752693865692, 47.30581911986526
7.50453028720294, 47.50101869556866
7.559307880540188, 47.696218271272066
7.614085473877435, 47.89141784697547
7.668863067214683, 48.08661742267887
7.723640660551931, 48.281816998382276
7.778418253889178, 48.47701657408568
7.833195847226427, 48.67221614978908
7.887973440563674, 48.867415725492485
7.9427510339009215, 49.06261530119589
7.99752862723817, 49.25781487689929
8.052306220575417, 49.453014452602694
8.107083813912665, 49.6482140283061
8.161861407249912, 49.8434136040095
8.216639000587161, 50.038613179712904
8.271416593924409, 50.23381275541631
8.326194187261656, 50.42901233111971
8.380971780598903, 50.624211906823106
8.43574937393615, 50.81941148252651
8.490526967273398, 51.01461105822992
8.545304560610647, 51.20981063393332
8.600082153947895, 51.40501020963673
8.654859747285142, 51.60020978534013
8.70963734062239, 51.795409361043525
8.764414933959637, 51.99060893674693
8.819192527296886, 52.185808512450336
8.873970120634134, 52.38100808815374
8.928747713971381, 52.57620766385715
8.983525307308629, 52.771407239560546
9.038302900645876, 52.966606815263944
9.093080493983123, 53.16180639096735
9.147858087320373, 53.357005966670755
9.20263568065762, 53.55220554237416
9.257413273994867, 53.74740511807756
9.312190867332115, 53.942604693780964
9.366968460669362, 54.13780426948436
9.421746054006611, 54.333003845187775
9.476523647343859, 54.528203420891174
9.531301240681106, 54.72340299659458
9.586078834018354, 54.91860257229798
9.640856427355601, 55.11380214800138
9.695634020692848, 55.30900172370478
9.750411614030098, 55.504201299408194
9.805189207367345, 55.69940087511159
9.859966800704592, 55.894600450815
9.91474439404184, 56.0898000265184
9.969521987379087, 56.2849996022218
10.024299580716336, 56.48019917792521
10.079077174053584, 56.675398753628606
10.133854767390831, 56.87059832933201
10.188632360728079, 57.06579790503541
10.243409954065326, 57.260997480738816
10.298187547402575, 57.45619705644222
10.352965140739823, 57.65139663214563
10.40774273407707, 57.846596207849025
10.462520327414317, 58.04179578355243
10.517297920751565, 58.23699535925583
10.572075514088812, 58.432194934959234
10.626853107426061, 58.62739451066264
10.681630700763309, 58.822594086366045
10.736408294100556, 59.017793662069444
10.791185887437804, 59.21299323777285
10.845963480775051, 59.40819281347625
10.9007410741123, 59.60339238917966
10.955518667449548, 59.79859196488306
11.010296260786795, 59.993791540586464
11.065073854124043, 60.18899111628986
11.11985144746129, 60.38419069199327
11.174629040798537, 60.57939026769667
11.229406634135787, 60.77458984340007
11.284184227473034, 60.96978941910348
11.338961820810281, 61.164988994806876
11.393739414147529, 61.36018857051028
11.448517007484776, 61.55538814621368
11.503294600822025, 61.75058772191709
11.558072194159273, 61.94578729762049
11.61284978749652, 62.1409868733239
11.667627380833768, 62.336186449027295
11.722404974171015, 62.5313860247307
11.777182567508262, 62.7265856004341
11.831960160845512, 62.92178517613751
11.886737754182759, 63.11698475184091
11.941515347520006, 63.312184327544315
11.996292940857254, 63.507383903247714
12.051070534194501, 63.70258347895112
12.10584812753175, 63.897783054654525
12.160625720868998, 64.09298263035792
12.215403314206245, 64.28818220606132
12.270180907543493, 64.48338178176473
12.32495850088074, 64.67858135746813
12.379736094217987, 64.87378093317153
12.434513687555237, 65.06898050887494
12.489291280892484, 65.26418008457834
12.544068874229731, 65.45937966028174
12.598846467566979, 65.65457923598515
12.653624060904226, 65.84977881168855
12.708401654241475, 66.04497838739195
12.763179247578723, 66.24017796309536
12.81795684091597, 66.43537753879876
12.872734434253218, 66.63057711450216
12.927512027590465, 66.82577669020557
12.982289620927714, 67.02097626590898
13.037067214264962, 67.21617584161237
13.09184480760221, 67.41137541731578
13.146622400939457, 67.60657499301918
13.201399994276704, 67.80177456872258
13.256177587613951, 67.99697414442599
13.3109551809512, 68.19217372012939
13.365732774288448, 68.38737329583279
13.420510367625695, 68.5825728715362
13.475287960962943, 68.7777724472396
13.53006555430019, 68.972972022943
13.58484314763744, 68.97041666076517
13.639620740974687, 68.9658293321019
13.694398334311934, 68.96124200343863
13.749175927649182, 68.95665467477536
13.803953520986429, 68.9520673461121
13.858731114323676, 68.94748001744883
13.913508707660926, 68.94289268878556
13.968286300998173, 68.93830536012229
14.02306389433542, 68.93371803145902
14.077841487672668, 68.92913070279575
14.132619081009915, 68.92454337413248
14.187396674347164, 68.91995604546922
14.242174267684412, 68.91536871680594
14.29695186102166, 68.91078138814268
14.351729454358907, 68.9061940594794
14.406507047696154, 68.90160673081614
14.461284641033401, 68.89701940215288
14.51606223437065, 68.8924320734896
14.570839827707898, 68.88784474482634
14.625617421045146, 68.88325741616306
14.680395014382393, 68.8786700874998
14.73517260771964, 68.87408275883652
14.78995020105689, 68.86949543017326
14.844727794394137, 68.86490810151
14.899505387731384, 68.86032077284672
14.954282981068632, 68.85573344418346
15.00906057440588, 68.85114611552018
15.063838167743127, 68.84655878685692
15.118615761080376, 68.84197145819364
15.173393354417623, 68.83738412953038
15.22817094775487, 68.83279680086711
15.282948541092118, 68.82820947220384
15.337726134429365, 68.82362214354058
15.392503727766615, 68.8190348148773
15.447281321103862, 68.81444748621404
15.50205891444111, 68.80986015755076
15.556836507778357, 68.8052728288875
15.611614101115604, 68.80068550022423
15.666391694452853, 68.79609817156096
15.7211692877901, 68.7915108428977
15.775946881127348, 68.78692351423442
15.830724474464596, 68.78233618557115
15.885502067801843, 68.77774885690788
15.94027966113909, 68.77316152824461
15.99505725447634, 68.76857419958135
16.049834847813585, 68.76398687091807
16.104612441150834, 68.75939954225481
16.159390034488084, 68.75481221359153
16.21416762782533, 68.75022488492827
16.26894522116258, 68.74563755626501
16.323722814499824, 68.74105022760173
16.378500407837073, 68.73646289893847
16.433278001174322, 68.7318755702752
16.488055594511568, 68.72728824161193
16.542833187848817, 68.72270091294865
16.597610781186063, 68.71811358428539
16.652388374523312, 68.71352625562213
16.707165967860558, 68.70893892695885
16.761943561197807, 68.70435159829559
16.816721154535056, 68.69976426963231
16.8714987478723, 68.69517694096905
16.92627634120955, 68.69058961230577
16.981053934546797, 68.68600228364251
17.035831527884046, 68.68141495497925
17.090609121221295, 68.67682762631597
17.14538671455854, 68.6722402976527
17.20016430789579, 68.66765296898943
17.254941901233035, 68.66306564032617
17.309719494570285, 68.65847831166289
17.364497087907534, 68.65389098299963
17.41927468124478, 68.64930365433636
17.47405227458203, 68.64471632567309
17.528829867919274, 68.64012899700982
17.583607461256523, 68.63554166834655
17.638385054593773, 68.63095433968329
17.69316264793102, 68.62636701102001
17.747940241268267, 68.62177968235675
17.802717834605513, 68.61719235369348
17.857495427942762, 68.6126050250302
17.91227302128001, 68.60801769636694
17.967050614617257, 68.60343036770367
18.021828207954506, 68.5988430390404
18.076605801291752, 68.59425571037714
18.131383394629, 68.58966838171386
18.186160987966247, 68.5850810530506
18.240938581303496, 68.58049372438732
18.295716174640745, 68.57590639572406
18.35049376797799, 68.57131906706078
18.40527136131524, 68.56673173839752
18.460048954652486, 68.56214440973426
18.514826547989735, 68.55755708107098
18.569604141326984, 68.55296975240772
18.62438173466423, 68.54838242374444
18.67915932800148, 68.54379509508118
18.733936921338724, 68.5392077664179
18.788714514675974, 68.53462043775464
18.843492108013223, 68.53003310909138
18.89826970135047, 68.5254457804281
18.953047294687718, 68.52085845176484
19.007824888024963, 68.51627112310156
19.062602481362212, 68.5116837944383
19.11738007469946, 68.50709646577502
19.172157668036707, 68.50250913711176
19.226935261373956, 68.4979218084485
19.281712854711202, 68.49333447978522
19.33649044804845, 68.48874715112196
19.391268041385697, 68.48415982245868
19.446045634722946, 68.47957249379542
19.500823228060195, 68.47498516513214
19.55560082139744, 68.47039783646888
19.61037841473469, 68.46581050780561
19.665156008071936, 68.46122317914234
19.719933601409185, 68.45663585047907
19.774711194746434, 68.4520485218158
19.82948878808368, 68.44746119315253
19.88426638142093, 68.44287386448927
19.939043974758174, 68.438286535826
19.993821568095424, 68.43369920716273
20.048599161432673, 68.42911187849946
20.10337675476992, 68.42452454983619
20.158154348107168, 68.41993722117292
20.212931941444413, 68.41534989250965
20.267709534781662, 68.41076256384639
20.32248712811891, 68.40617523518311
20.377264721456157, 68.40158790651985
20.432042314793406, 68.39700057785657
20.486819908130652, 68.39241324919331
20.5415975014679, 68.38782592053003
20.59637509480515, 68.38323859186677
20.651152688142396, 68.37865126320351
20.705930281479645, 68.37406393454023
20.76070787481689, 68.36947660587697
20.81548546815414, 68.36488927721369
20.870263061491386, 68.36030194855043
20.925040654828635, 68.35571461988715
20.979818248165884, 68.35112729122389
21.03459584150313, 68.34653996256063
21.08937343484038, 68.34195263389735
21.144151028177625, 68.33736530523409
21.198928621514874, 68.33277797657081
21.253706214852123, 68.32819064790755
21.30848380818937, 68.32360331924428
21.363261401526618, 68.31901599058101
21.418038994863863, 68.31442866191774
21.472816588201113, 68.30984133325447
21.527594181538362, 68.3052540045912
21.582371774875607, 68.30066667592793
21.637149368212857, 68.29607934726467
21.691926961550102, 68.2914920186014
21.74670455488735, 68.28690468993813
21.8014821482246, 68.28231736127486
21.856259741561846, 68.27773003261159
21.911037334899095, 68.27314270394832
21.96581492823634, 68.26855537528505
22.02059252157359, 68.26396804662178
22.075370114910836, 68.25938071795852
22.130147708248085, 68.25479338929524
22.184925301585334, 68.25020606063198
22.23970289492258, 68.2456187319687
22.29448048825983, 68.24103140330544
22.349258081597075, 68.23644407464216
22.404035674934324, 68.2318567459789
22.458813268271573, 68.22726941731564
22.51359086160882, 68.22268208865236
22.568368454946068, 68.2180947599891
22.623146048283314, 68.21350743132582
22.677923641620563, 68.20892010266256
22.732701234957812, 68.20433277399928
22.787478828295058, 68.19974544533602
22.842256421632307, 68.19515811667276
22.897034014969552, 68.19057078800948
22.9518116083068, 68.18598345934622
23.00658920164405, 68.18139613068294
23.061366794981296, 68.17680880201968
23.116144388318546, 68.17222147335642
23.17092198165579, 68.16763414469314
23.22569957499304, 68.16304681602988
23.28047716833029, 68.1584594873666
23.335254761667535, 68.15387215870334
23.390032355004784, 68.14928483004006
23.44480994834203, 68.1446975013768
23.49958754167928, 68.14011017271353
23.554365135016525, 68.13552284405026
23.609142728353774, 68.130935515387
23.663920321691023, 68.12634818672372
23.71869791502827, 68.12176085806045
23.773475508365518, 68.11717352939718
23.828253101702764, 68.11258620073392
23.883030695040013, 68.10799887207065
23.937808288377262, 68.10341154340738
23.992585881714508, 68.09882421474411
24.047363475051757, 68.09423688608084
24.102141068389002, 68.08964955741757
24.15691866172625, 68.0850622287543
24.2116962550635, 68.08047490009103
24.266473848400747, 68.07588757142777
24.321251441737996, 68.0713002427645
24.37602903507524, 68.06671291410123
24.43080662841249, 68.06212558543795
24.48558422174974, 68.05753825677469
24.540361815086985, 68.05295092811141
24.595139408424235, 68.04836359944815
24.64991700176148, 68.04377627078489
24.70469459509873, 68.03918894212161
24.759472188435975, 68.03460161345835
24.814249781773224, 68.03001428479507
24.869027375110473, 68.02542695613181
24.92380496844772, 68.02083962746855
24.978582561784968, 68.01625229880527
25.033360155122214, 68.01166497014201
25.088137748459463, 68.00707764147873
25.142915341796712, 68.00249031281547
25.197692935133958, 67.99790298415219
25.252470528471207, 67.99331565548893
25.307248121808453, 67.98872832682567
25.362025715145702, 67.98414099816239
25.41680330848295, 67.97955366949913
25.471580901820197, 67.97496634083585
25.526358495157446, 67.97037901217259
25.58113608849469, 67.96579168350931
25.63591368183194, 67.96120435484605
25.69069127516919, 67.95661702618278
25.745468868506435, 67.9520296975195
25.800246461843685, 67.94744236885624
25.85502405518093, 67.94285504019297
25.90980164851818, 67.9382677115297
25.96457924185543, 67.93368038286643
26.019356835192674, 67.92909305420316
26.074134428529923, 67.9245057255399
26.12891202186717, 67.91991839687662
26.18368961520442, 67.91533106821336
26.238467208541664, 67.91074373955009
26.293244801878913, 67.90615641088682
26.348022395216162, 67.90156908222355
26.402799988553408, 67.89698175356028
26.457577581890657, 67.89239442489702
26.512355175227903, 67.88780709623374
26.567132768565152, 67.88321976757048
26.6219103619024, 67.8786324389072
26.676687955239647, 67.87404511024394
26.731465548576896, 67.86945778158068
26.78624314191414, 67.8648704529174
26.84102073525139, 67.86028312425414
26.89579832858864, 67.85569579559086
26.950575921925886, 67.8511084669276
27.005353515263135, 67.84652113826432
27.06013110860038, 67.84193380960106
27.11490870193763, 67.8373464809378
27.16968629527488, 67.83275915227452
27.224463888612124, 67.82817182361126
27.279241481949374, 67.82358449494798
27.33401907528662, 67.81899716628472
27.38879666862387, 67.81440983762144
27.443574261961114, 67.80982250895818
27.498351855298363, 67.80523518029491
27.553129448635612, 67.80064785163164
27.607907041972858, 67.79606052296838
27.662684635310107, 67.7914731943051
27.717462228647353, 67.78688586564184
27.772239821984602, 67.78229853697856
27.82701741532185, 67.7777112083153
27.881795008659097, 67.77312387965203
27.936572601996346, 67.76853655098876
27.99135019533359, 67.7639492223255
28.04612778867084, 67.75936189366222
28.10090538200809, 67.75477456499895
28.155682975345336, 67.75018723633569
28.210460568682585, 67.74559990767241
28.26523816201983, 67.74101257900915
28.32001575535708, 67.73642525034587
28.37479334869433, 67.73183792168261
28.429570942031575, 67.72725059301933
28.484348535368824, 67.72266326435607
28.53912612870607, 67.71807593569281
28.59390372204332, 67.71348860702953
28.648681315380568, 67.70890127836627
28.703458908717813, 67.70431394970299
28.758236502055063, 67.69972662103973
28.813014095392308, 67.69513929237645
28.867791688729557, 67.69055196371319
28.922569282066803, 67.68596463504993
28.977346875404052, 67.68137730638665
29.0321244687413, 67.67678997772339
29.086902062078547, 67.67220264906011
29.141679655415796, 67.66761532039685
29.196457248753042, 67.66302799173357
29.25123484209029, 67.65844066307031
29.30601243542754, 67.65385333440705
29.360790028764786, 67.64926600574377
29.415567622102035, 67.6446786770805
29.47034521543928, 67.64009134841723
29.52512280877653, 67.63550401975397
29.57990040211378, 67.63091669109069
29.634677995451025, 67.62632936242743
29.689455588788274, 67.62174203376416
29.74423318212552, 67.61715470510089
29.79901077546277, 67.61256737643762
29.853788368800018, 67.60798004777435
29.908565962137263, 67.60339271911108
29.963343555474513, 67.59880539044782
30.01812114881176, 67.59421806178455
30.072898742149007, 67.58963073312128
30.127676335486253, 67.585043404458
30.182453928823502, 67.58045607579474
30.23723152216075, 67.57586874713147
30.292009115497997, 67.5712814184682
30.346786708835246, 67.56669408980494
30.401564302172492, 67.56210676114166
30.45634189550974, 67.5575194324784
30.51111948884699, 67.55293210381512
30.565897082184236, 67.54834477515186
30.620674675521485, 67.54375744648858
30.67545226885873, 67.53917011782532
30.73022986219598, 67.53458278916206
30.78500745553323, 67.52999546049878
30.839785048870475, 67.52540813183552
30.894562642207724, 67.52082080317224
30.94934023554497, 67.51623347450898
31.00411782888222, 67.5116461458457
31.058895422219468, 67.50705881718244
31.113673015556714, 67.50247148851918
31.168450608893963, 67.4978841598559
31.22322820223121, 67.49329683119264
31.278005795568458, 67.48870950252936
31.332783388905707, 67.4841221738661
31.387560982242952, 67.47953484520283
31.4423385755802, 67.47494751653956
31.497116168917447, 67.4703601878763
31.551893762254696, 67.46577285921302
31.606671355591942, 67.46118553054976
31.66144894892919, 67.45659820188648
31.71622654226644, 67.45201087322322
31.771004135603686, 67.44742354455995
31.825781728940935, 67.44283621589668
31.88055932227818, 67.43824888723341
31.93533691561543, 67.43366155857014
31.99011450895268, 67.42907422990687
32.04489210228993, 67.4244869012436
32.09966969562717, 67.41989957258033
32.15444728896442, 67.41531224391707
32.20922488230167, 67.4107249152538
32.26400247563892, 67.40613758659053
32.31878006897617, 67.40155025792725
32.37355766231341, 67.39696292926399
32.42833525565066, 67.39237560060072
32.48311284898791, 67.38778827193745
32.53789044232516, 67.38320094327419
32.592668035662406, 67.37861361461091
32.64744562899965, 67.37402628594765
32.7022232223369, 67.36943895728437
32.75700081567415, 67.36485162862111
32.811778409011396, 67.36026429995783
32.866556002348645, 67.35567697129457
32.92133359568589, 67.35108964263131
32.976111189023136, 67.34650231396803
33.030888782360385, 67.34191498530477
33.085666375697635, 67.33732765664149
33.140443969034884, 67.33274032797823
33.195221562372126, 67.32815299931497
33.249999155709375, 67.32356567065169
33.304776749046624, 67.31897834198843
33.35955434238387, 67.31439101332515
33.414331935721115, 67.30980368466189
33.469109529058365, 67.30521635599861
33.523887122395614, 67.30062902733535
33.57866471573286, 67.29604169867208
33.63344230907011, 67.29145437000881
33.688219902407354, 67.28686704134554
33.7429974957446, 67.28227971268227
33.79777508908185, 67.277692384019
33.8525526824191, 67.27310505535573
33.90733027575635, 67.26851772669247
33.96210786909359, 67.2639303980292
34.01688546243084, 67.25934306936593
34.07166305576809, 67.25475574070266
34.12644064910534, 67.25016841203939
34.18121824244259, 67.24558108337612
34.23599583577983, 67.24099375471285
34.29077342911708, 67.23640642604958
34.34555102245433, 67.23181909738632
34.40032861579158, 67.22723176872304
34.45510620912883, 67.22264444005978
34.50988380246607, 67.2180571113965
34.56466139580332, 67.21346978273324
34.61943898914057, 67.20888245406996
34.67421658247782, 67.2042951254067
34.72899417581507, 67.19970779674344
34.78377176915231, 67.19512046808016
34.83854936248956, 67.1905331394169
34.89332695582681, 67.18594581075362
34.94810454916406, 67.18135848209036
35.002882142501306, 67.1767711534271
35.05765973583855, 67.17218382476382
35.1124373291758, 67.16759649610056
35.16721492251305, 67.16300916743728
35.221992515850296, 67.15842183877402
35.276770109187545, 67.15383451011074
35.33154770252479, 67.14924718144748
35.38632529586204, 67.14465985278422
35.441102889199286, 67.14007252412094
35.495880482536535, 67.13548519545768
35.550658075873784, 67.1308978667944
35.605435669211026, 67.12631053813114
35.660213262548275, 67.12172320946786
35.714990855885524, 67.1171358808046
35.769768449222774, 67.11254855214133
35.82454604256002, 67.10796122347806
35.879323635897265, 67.1033738948148
35.934101229234514, 67.09878656615152
35.98887882257176, 67.09419923748825
36.04365641590901, 67.08961190882498
36.098434009246255, 67.08502458016171
36.153211602583504, 67.08043725149845
36.20798919592075, 67.07584992283518
36.262766789258, 67.07126259417191
36.31754438259525, 67.06667526550864
36.37232197593249, 67.06208793684537
36.42709956926974, 67.05750060818211
36.48187716260699, 67.05291327951883
36.53665475594424, 67.04832595085557
36.59143234928149, 67.0437386221923
36.64620994261873, 67.03915129352903
36.70098753595598, 67.03456396486575
36.75576512929323, 67.02997663620249
36.81054272263048, 67.02538930753923
36.86532031596773, 67.02080197887595
36.92009790930497, 67.01621465021269
36.97487550264222, 67.01162732154941
37.02965309597947, 67.00703999288615
37.08443068931672, 67.00245266422287
37.13920828265397, 66.99786533555961
37.19398587599121, 66.99327800689635
37.24876346932846, 66.98869067823307
37.30354106266571, 66.9841033495698
37.35831865600296, 66.97951602090653
37.41309624934021, 66.97492869224327
37.46787384267745, 66.97034136357999
37.5226514360147, 66.96575403491673
37.57742902935195, 66.96116670625347
37.632206622689196, 66.95657937759019
37.686984216026445, 66.95199204892693
37.74176180936369, 66.94740472026365
37.79653940270094, 66.94281739160039
37.851316996038186, 66.93823006293712
37.906094589375435, 66.93364273427385
37.960872182712684, 66.92905540561058
38.015649776049926, 66.9244680769473
38.070427369387176, 66.91988074828404
38.125204962724425, 66.91529341962077
38.179982556061674, 66.9107060909575
38.23476014939892, 66.90611876229423
38.289537742736165, 66.90153143363096
38.344315336073414, 66.8969441049677
38.39909292941066, 66.89235677630442
38.45387052274791, 66.88776944764116
38.50864811608516, 66.88318211897789
38.563425709422404, 66.87859479031462
38.61820330275965, 66.87400746165136
38.6729808960969, 66.86942013298808
38.72775848943415, 66.86483280432482
38.782536082771394, 66.86024547566154
38.83731367610864, 66.85565814699828
38.89209126944589, 66.851070818335
38.94686886278314, 66.84648348967174
39.00164645612039, 66.84189616100848
39.05642404945763, 66.8373088323452
39.11120164279488, 66.83272150368194
39.16597923613213, 66.82813417501866
39.22075682946938, 66.75504439549735
39.27553442280663, 66.59357101019114
39.33031201614387, 66.43209762488495
39.38508960948112, 66.27062423957874
39.43986720281837, 66.10915085427253
39.49464479615562, 65.94767746896632
39.54942238949287, 65.78620408366011
39.60419998283011, 65.62473069835391
39.65897757616736, 65.4632573130477
39.71375516950461, 65.3017839277415
39.76853276284186, 65.14031054243529
39.82331035617911, 64.97883715712908
39.87808794951635, 64.8173637718229
39.9328655428536, 64.65589038651669
39.98764313619085, 64.49441700121048
40.0424207295281, 64.33294361590427
40.097198322865346, 64.17147023059806
40.15197591620259, 64.00999684529187
40.20675350953984, 63.84852345998566
40.261531102877086, 63.68705007467945
40.316308696214335, 63.52557668937324
40.371086289551585, 63.36410330406703
40.42586388288883, 63.20262991876084
40.480641476226076, 63.04115653345463
40.535419069563325, 62.87968314814842
40.590196662900574, 62.71820976284221
40.64497425623782, 62.556736377536
40.699751849575065, 62.39526299222981
40.754529442912315, 62.2337896069236
40.809307036249564, 62.07231622161739
40.86408462958681, 61.91084283631118
40.91886222292406, 61.74936945100497
40.973639816261304, 61.587896065698786
41.02841740959855, 61.42642268039258
41.0831950029358, 61.26494929508637
41.13797259627305, 61.10347590978016
41.1927501896103, 60.94200252447395
41.24752778294754, 60.78052913916776
41.30230537628479, 60.61905575386155
41.35708296962204, 60.45758236855534
41.41186056295929, 60.296108983249134
41.46663815629653, 60.134635597942946
41.52141574963378, 59.97316221263673
41.57619334297103, 59.81168882733052
41.63097093630828, 59.65021544202431
41.68574852964553, 59.4887420567181
41.74052612298277, 59.327268671411915
41.79530371632002, 59.165795286105705
41.85008130965727, 59.004321900799496
41.90485890299452, 58.84284851549329
41.95963649633177, 58.68137513018708
42.01441408966901, 58.51990174488089
42.06919168300626, 58.35842835957468
42.12396927634351, 58.19695497426847
42.17874686968076, 58.03548158896226
42.23352446301801, 57.87400820365605
42.28830205635525, 57.712534818349866
42.3430796496925, 57.55106143304366
42.39785724302975, 57.38958804773745
42.452634836367, 57.22811466243123
42.507412429704246, 57.06664127712502
42.56219002304149, 56.905167891818834
42.61696761637874, 56.743694506512625
42.671745209715986, 56.582221121206416
42.726522803053236, 56.42074773590021
42.781300396390485, 56.259274350594
42.83607798972773, 56.09780096528781
42.890855583064976, 55.9363275799816
42.945633176402225, 55.77485419467539
43.000410769739474, 55.61338080936918
43.055188363076724, 55.45190742406297
43.109965956413966, 55.290434038756786
43.164743549751215, 55.12896065345058
43.219521143088464, 54.96748726814437
43.27429873642571, 54.80601388283815
43.32907632976296, 54.64454049753194
43.383853923100204, 54.483067112225754
43.438631516437454, 54.321593726919545
43.4934091097747, 54.160120341613336
43.54818670311195, 53.99864695630713
43.6029642964492, 53.83717357100092
43.65774188978644, 53.67570018569473
43.71251948312369, 53.51422680038852
43.76729707646094, 53.35275341508231
43.82207466979819, 53.1912800297761
43.87685226313544, 53.02980664446989
43.93162985647268, 52.868333259163705
43.98640744980993, 52.706859873857496
44.04118504314718, 52.54538648855129
44.09596263648443, 52.38391310324508
44.15074022982167, 52.22243971793888
44.20551782315892, 52.060966332632674
44.26029541649617, 51.899492947326465
44.31507300983342, 51.738019562020256
44.36985060317067, 51.57654617671405
44.42462819650791, 51.41507279140786
44.47940578984516, 51.25359940610165
44.53418338318241, 51.09212602079544
44.58896097651966, 50.93065263548923
44.64373856985691, 50.769179250183015
44.69851616319415, 50.607705864876834
44.7532937565314, 50.446232479570625
44.80807134986865, 50.284759094264416
44.8628489432059, 50.12328570895821
44.917626536543146, 49.961812323652
44.97240412988039, 49.8003389383458
45.02718172321764, 49.638865553039594
45.08195931655489, 49.477392167733385
45.136736909892136, 49.315918782427175
45.191514503229385, 49.154445397120966
45.24629209656663, 48.99297201181478
45.301069689903876, 48.83149862650857
45.355847283241125, 48.67002524120236
45.410624876578375, 48.50855185589615
45.465402469915624, 48.34707847058994
45.520180063252866, 48.185605085283754
45.574957656590115, 48.024131699977545
45.629735249927364, 47.862658314671336
45.68451284326461, 47.70118492936513
45.73929043660186, 47.53971154405892
45.794068029939105, 47.37823815875272
45.848845623276354, 47.21676477344651
45.9036232166136, 47.055291388140304
45.95840080995085, 46.893818002834095
46.0131784032881, 46.732344617527886
46.067955996625344, 46.5708712322217
46.12273358996259, 46.40939784691549
46.17751118329984, 46.24792446160928
46.23228877663709, 46.08645107630307
46.28706636997434, 45.92497769099686
46.34184396331158, 45.763504305690674
46.39662155664883, 45.602030920384465
46.45139914998608, 45.440557535078256
46.50617674332333, 45.279084149772046
46.56095433666058, 45.11761076446584
46.61573192999782, 44.95613737915964
46.67050952333507, 44.79466399385343
46.72528711667232, 44.633190608547224
46.78006471000957, 44.471717223241015
46.83484230334681, 44.31024383793483
46.88961989668406, 44.14877045262862
46.94439749002131, 43.98729706732241
46.99917508335856, 43.8258236820162
47.05395267669581, 43.66435029670999
47.10873027003305, 43.5028769114038
47.1635078633703, 43.341403526097594
47.21828545670755, 43.179930140791384
47.2730630500448, 43.018456755485175
47.327840643382046, 42.856983370178966
47.38261823671929, 42.69550998487277
47.43739583005654, 42.53403659956656
47.49217342339379, 42.37256321426035
47.546951016731036, 42.211089828954144
47.601728610068285, 42.049616443647935
47.65650620340553, 41.88814305834175
47.71128379674278, 41.72666967303554
47.766061390080026, 41.56519628772933
47.820838983417275, 41.40372290242312
47.875616576754524, 41.24224951711691
47.930394170091766, 41.08077613181072
47.985171763429015, 40.91930274650451
48.039949356766265, 40.757829361198304
48.094726950103514, 40.596355975892095
48.14950454344076, 40.434882590585886
48.204282136778005, 40.27340920527969
48.259059730115254, 40.11193581997348
48.3138373234525, 39.95046243466727
48.36861491678975, 39.788989049361064
48.423392510127, 39.627515664054854
48.478170103464244, 39.46604227874867
48.53294769680149, 39.30456889344246
48.58772529013874, 39.14309550813625
48.64250288347599, 38.98162212283004
48.69728047681324, 38.82014873752383
48.75205807015048, 38.65867535221764
48.80683566348773, 38.49720196691143
48.86161325682498, 38.335728581605224
48.91639085016223, 38.174255196299015
48.97116844349948, 38.012781810992806
49.02594603683672, 37.85130842568661
49.08072363017397, 37.6898350403804
49.13550122351122, 37.52836165507419
49.19027881684847, 37.36688826976798
49.24505641018572, 37.205414884461774
49.29983400352296, 37.043941499155586
49.35461159686021, 36.88246811384938
49.40938919019746, 36.72099472854317
49.46416678353471, 36.55952134323696
49.51894437687195, 36.39804795793077
49.5737219702092, 36.23657457262456
49.62849956354645, 36.07510118731835
49.6832771568837, 35.913627802012144
49.73805475022095, 35.752154416705935
49.79283234355819, 35.59068103139974
49.84760993689544, 35.42920764609353
49.90238753023269, 35.26773426078732
49.957165123569936, 35.10626087548111
50.011942716907186, 34.9447874901749
50.06672031024443, 34.783314104868715
50.12149790358168, 34.621840719562506
50.176275496918926, 34.4603673342563
50.231053090256175, 34.29889394895009
50.285830683593424, 34.13742056364388
50.340608276930666, 33.97594717833769
50.395385870267916, 33.81447379303148
50.450163463605165, 33.65300040772527
50.504941056942414, 33.49152702241906
50.55971865027966, 33.330053637112854
50.614496243616905, 33.16858025180667
50.669273836954154, 33.00710686650046
50.724051430291404, 32.84563348119425
50.77882902362865, 32.68416009588803
50.8336066169659, 32.52268671058182
50.888384210303144, 32.361213325275635
50.94316180364039, 32.199739939969426
50.99793939697764, 32.03826655466322
51.05271699031489, 31.876793169357008
51.10749458365214, 31.7153197840508
51.16227217698938, 31.55384639874461
51.21704977032663, 31.3923730134384
51.27182736366388, 31.230899628132192
51.32660495700113, 31.069426242825983
51.38138255033838, 30.907952857519774
51.43616014367562, 30.746479472213586
51.49093773701287, 30.585006086907377
51.54571533035012, 30.423532701601168
51.60049292368737, 30.262059316294952
51.65527051702462, 30.100585930988743
51.71004811036186, 29.939112545682555
51.76482570369911, 29.777639160376346
51.81960329703636, 29.616165775070137
51.87438089037361, 29.454692389763927
51.92915848371086, 29.29321900445772
51.9839360770481, 29.13174561915153
52.03871367038535, 28.97027223384532
52.0934912637226, 28.808798848539112
52.14826885705985, 28.647325463232903
52.20304645039709, 28.485852077926715
52.25782404373434, 28.324378692620506
52.31260163707159, 28.162905307314297
52.36737923040884, 28.001431922008088
52.422156823746086, 27.83995853670188
52.47693441708333, 27.678485151395684
52.53171201042058, 27.517011766089475
52.586489603757826, 27.355538380783265
52.641267197095075, 27.194064995477056
52.696044790432325, 27.032591610170847
52.75082238376957, 26.87111822486466
52.805599977106816, 26.70964483955845
52.860377570444065, 26.54817145425224
52.915155163781314, 26.386698068946032
52.96993275711856, 26.225224683639823
53.024710350455805, 26.063751298333635
53.079487943793055, 25.902277913027426
53.134265537130304, 25.740804527721217
53.18904313046755, 25.579331142415008
53.2438207238048, 25.4178577571088
53.298598317142044, 25.256384371802604
53.35337591047929, 25.094910986496394
53.40815350381654, 24.933437601190185
53.46293109715379, 24.771964215883976
53.51770869049104, 24.610490830577767
53.57248628382828, 24.44901744527158
53.62726387716553, 24.28754405996537
53.68204147050278, 24.12607067465916
53.73681906384003, 23.96459728935295
53.79159665717728, 23.803123904046743
53.84637425051452, 23.641650518740555
53.90115184385177, 23.480177133434346
53.95592943718902, 23.318703748128137
54.01070703052627, 23.157230362821927
54.06548462386352, 22.99575697751572
54.12026221720076, 22.834283592209523
54.17503981053801, 22.672810206903314
54.22981740387526, 22.511336821597105
54.28459499721251, 22.349863436290896
54.33937259054976, 22.188390050984687
54.394150183887, 22.0269166656785
54.44892777722425, 21.86544328037229
54.5037053705615, 21.70396989506608
54.55848296389875, 21.54249650975987
54.613260557235996, 21.381023124453662
54.66803815057324, 21.219549739147475
54.72281574391049, 21.058076353841265
