Parameters: [50.65368387899204, 18.893402481600667, 5.446074180705789, 35.97295927445905, 4.039752012631359, -0.07193254965073659, -3.4745192119052555]
Points:
0.0, 18.893402481600667
0.0507043882672593, 19.09823563615257
0.1014087765345186, 19.303068790704472
0.1521131648017779, 19.507901945256375
0.2028175530690372, 19.712735099808278
0.2535219413362965, 19.91756825436018
0.3042263296035558, 20.122401408912083
0.3549307178708151, 20.327234563463985
0.4056351061380744, 20.532067718015888
0.4563394944053337, 20.73690087256779
0.507043882672593, 20.941734027119693
0.5577482709398524, 21.146567181671596
0.6084526592071116, 21.3514003362235
0.6591570474743709, 21.5562334907754
0.7098614357416302, 21.761066645327304
0.7605658240088895, 21.965899799879207
0.8112702122761488, 22.17073295443111
0.8619746005434081, 22.375566108983012
0.9126789888106674, 22.580399263534915
0.9633833770779268, 22.785232418086817
1.014087765345186, 22.99006557263872
1.0647921536124454, 23.194898727190623
1.1154965418797047, 23.399731881742525
1.166200930146964, 23.604565036294428
1.2169053184142231, 23.80939819084633
1.2676097066814824, 24.014231345398233
1.3183140949487417, 24.219064499950136
1.369018483216001, 24.42389765450204
1.4197228714832604, 24.62873080905394
1.4704272597505197, 24.833563963605844
1.521131648017779, 25.038397118157746
1.5718360362850383, 25.24323027270965
1.6225404245522976, 25.448063427261552
1.673244812819557, 25.652896581813454
1.7239492010868163, 25.857729736365357
1.7746535893540756, 26.06256289091726
1.825357977621335, 26.267396045469162
1.8760623658885942, 26.472229200021065
1.9267667541558535, 26.677062354572968
1.9774711424231128, 26.88189550912487
2.028175530690372, 27.086728663676773
2.0788799189576315, 27.291561818228676
2.129584307224891, 27.49639497278058
2.18028869549215, 27.70122812733248
2.2309930837594094, 27.906061281884384
2.2816974720266687, 28.110894436436286
2.332401860293928, 28.31572759098819
2.3831062485611874, 28.52056074554009
2.4338106368284462, 28.725393900091994
2.4845150250957055, 28.930227054643893
2.535219413362965, 29.1350602091958
2.585923801630224, 29.3398933637477
2.6366281898974835, 29.544726518299605
2.687332578164743, 29.749559672851504
2.738036966432002, 29.95439282740341
2.7887413546992614, 30.15922598195531
2.8394457429665207, 30.364059136507215
2.89015013123378, 30.568892291059115
2.9408545195010394, 30.77372544561102
2.9915589077682987, 30.97855860016292
3.042263296035558, 31.183391754714826
3.0929676843028173, 31.388224909266725
3.1436720725700766, 31.59305806381863
3.194376460837336, 31.79789121837053
3.2450808491045953, 32.00272437292244
3.2957852373718546, 32.207557527474336
3.346489625639114, 32.41239068202624
3.397194013906373, 32.61722383657814
3.4478984021736325, 32.82205699113005
3.498602790440892, 33.026890145681946
3.549307178708151, 33.23172330023385
3.6000115669754105, 33.43655645478575
3.65071595524267, 33.64138960933766
3.701420343509929, 33.84622276388956
3.7521247317771884, 34.05105591844146
3.8028291200444477, 34.25588907299336
3.853533508311707, 34.46072222754527
3.9042378965789664, 34.66555538209717
3.9549422848462257, 34.870388536649074
4.0056466731134845, 35.07522169120097
4.056351061380744, 35.28005484575288
4.107055449648003, 35.48488800030478
4.157759837915263, 35.689721154856684
4.208464226182522, 35.89455430940858
4.259168614449782, 36.09938746396049
4.30987300271704, 36.30422061851239
4.3605773909843, 36.509053773064295
4.411281779251559, 36.713886927616194
4.461986167518819, 36.9187200821681
4.512690555786078, 37.12355323672
4.5633949440533375, 37.328386391271906
4.614099332320596, 37.533219545823805
4.664803720587856, 37.73805270037571
4.715508108855115, 37.94288585492761
4.766212497122375, 38.147719009479516
4.816916885389634, 38.352552164031415
4.8676212736568925, 38.557385318583314
4.918325661924152, 38.76221847313522
4.969030050191411, 38.96705162768713
5.019734438458671, 39.171884782239026
5.07043882672593, 39.376717936790925
5.1211432149931895, 39.58155109134283
5.171847603260448, 39.78638424589474
5.222551991527708, 39.991217400446644
5.273256379794967, 40.196050554998536
5.323960768062227, 40.40088370955044
5.374665156329486, 40.60571686410235
5.425369544596745, 40.810550018654254
5.476073932864004, 40.89203365538493
5.526778321131264, 40.88838635945839
5.577482709398523, 40.88473906353184
5.628187097665783, 40.8810917676053
5.6788914859330415, 40.87744447167875
5.729595874200301, 40.87379717575221
5.78030026246756, 40.87014987982566
5.83100465073482, 40.86650258389912
5.881709039002079, 40.86285528797257
5.9324134272693385, 40.85920799204603
5.983117815536597, 40.85556069611948
6.033822203803857, 40.85191340019294
6.084526592071116, 40.84826610426639
6.135230980338376, 40.844618808339845
6.185935368605635, 40.840971512413304
6.236639756872894, 40.837324216486756
6.287344145140153, 40.833676920560215
6.338048533407413, 40.83002962463367
6.388752921674672, 40.826382328707126
6.439457309941932, 40.82273503278058
6.4901616982091905, 40.81908773685404
6.540866086476449, 40.81544044092749
6.591570474743709, 40.81179314500095
6.642274863010968, 40.8081458490744
6.692979251278228, 40.80449855314785
6.743683639545487, 40.80085125722131
6.794388027812746, 40.79720396129476
6.845092416080005, 40.79355666536822
6.895796804347265, 40.78990936944167
6.946501192614524, 40.78626207351513
6.997205580881784, 40.782614777588584
7.0479099691490426, 40.77896748166204
7.098614357416302, 40.775320185735495
7.149318745683561, 40.771672889808954
7.200023133950821, 40.768025593882406
7.25072752221808, 40.764378297955865
7.30143191048534, 40.76073100202932
7.352136298752598, 40.75708370610277
7.402840687019858, 40.75343641017623
7.453545075287117, 40.74978911424968
7.504249463554377, 40.74614181832314
7.554953851821636, 40.74249452239659
7.6056582400888955, 40.73884722647005
7.656362628356154, 40.7351999305435
7.707067016623414, 40.73155263461696
7.757771404890673, 40.72790533869041
7.808475793157933, 40.72425804276387
7.859180181425192, 40.72061074683732
7.909884569692451, 40.716963450910775
7.96058895795971, 40.713316154984234
8.011293346226969, 40.709668859057686
8.061997734494229, 40.706021563131145
8.112702122761489, 40.7023742672046
8.163406511028747, 40.698726971278056
8.214110899296006, 40.69507967535151
8.264815287563266, 40.69143237942497
8.315519675830526, 40.68778508349842
8.366224064097784, 40.68413778757188
8.416928452365044, 40.68049049164533
8.467632840632303, 40.67684319571879
8.518337228899563, 40.67319589979224
8.569041617166821, 40.66954860386569
8.61974600543408, 40.66590130793915
8.67045039370134, 40.6622540120126
8.7211547819686, 40.65860671608606
8.771859170235858, 40.654959420159514
8.822563558503118, 40.65131212423297
8.873267946770378, 40.647664828306425
8.923972335037638, 40.644017532379884
8.974676723304896, 40.640370236453336
9.025381111572155, 40.636722940526795
9.076085499839415, 40.63307564460025
9.126789888106675, 40.6294283486737
9.177494276373933, 40.62578105274716
9.228198664641193, 40.62213375682061
9.278903052908452, 40.61848646089407
9.329607441175712, 40.61483916496752
9.38031182944297, 40.61119186904098
9.43101621771023, 40.60754457311443
9.48172060597749, 40.60389727718789
9.53242499424475, 40.60024998126134
9.583129382512007, 40.5966026853348
9.633833770779267, 40.59295538940825
9.684538159046527, 40.58930809348171
9.735242547313785, 40.585660797555164
9.785946935581045, 40.582013501628616
9.836651323848304, 40.578366205702075
9.887355712115564, 40.57471890977553
9.938060100382822, 40.571071613848986
9.988764488650082, 40.56742431792244
10.039468876917342, 40.5637770219959
10.090173265184601, 40.56012972606935
10.14087765345186, 40.55648243014281
10.19158204171912, 40.55283513421626
10.242286429986379, 40.54918783828972
10.292990818253639, 40.54554054236317
10.343695206520897, 40.54189324643662
10.394399594788156, 40.53824595051008
10.445103983055416, 40.53459865458353
10.495808371322676, 40.53095135865699
10.546512759589934, 40.527304062730444
10.597217147857194, 40.5236567668039
10.647921536124453, 40.520009470877355
10.698625924391713, 40.516362174950814
10.749330312658971, 40.512714879024266
10.800034700926231, 40.509067583097725
10.85073908919349, 40.50542028717118
10.90144347746075, 40.501772991244636
10.952147865728008, 40.49812569531809
11.002852253995268, 40.49447839939154
11.053556642262528, 40.490831103465
11.104261030529788, 40.48718380753845
11.154965418797046, 40.48353651161191
11.205669807064305, 40.47988921568536
11.256374195331565, 40.47624191975882
11.307078583598825, 40.47259462383227
11.357782971866083, 40.46894732790573
11.408487360133343, 40.46530003197918
11.459191748400603, 40.46165273605264
11.50989613666786, 40.458005440126094
11.56060052493512, 40.454358144199546
11.61130491320238, 40.450710848273005
11.66200930146964, 40.44706355234646
11.712713689736898, 40.443416256419916
11.763418078004158, 40.43976896049337
11.814122466271417, 40.436121664566826
11.864826854538677, 40.43247436864028
11.915531242805935, 40.42882707271374
11.966235631073195, 40.42517977678719
12.016940019340455, 40.42153248086065
12.067644407607714, 40.4178851849341
12.118348795874972, 40.41423788900756
12.169053184142232, 40.41059059308101
12.219757572409492, 40.40694329715446
12.270461960676752, 40.40329600122792
12.32116634894401, 40.399648705301374
12.37187073721127, 40.39600140937483
12.422575125478529, 40.392354113448285
12.473279513745789, 40.388706817521744
12.523983902013047, 40.385059521595196
12.574688290280307, 40.381412225668655
12.625392678547566, 40.377764929742106
12.676097066814826, 40.374117633815565
12.726801455082084, 40.37047033788902
12.777505843349344, 40.36682304196247
12.828210231616604, 40.36317574603593
12.878914619883863, 40.35952845010938
12.929619008151121, 40.35588115418284
12.980323396418381, 40.35223385825629
13.03102778468564, 40.34858656232975
13.081732172952899, 40.3449392664032
13.132436561220159, 40.34129197047666
13.183140949487418, 40.33764467455011
13.233845337754678, 40.33399737862357
13.284549726021936, 40.330350082697024
13.335254114289196, 40.32670278677048
13.385958502556456, 40.323055490843934
13.436662890823715, 40.319408194917386
13.487367279090973, 40.315760898990845
13.538071667358233, 40.3121136030643
13.588776055625493, 40.308466307137756
13.639480443892753, 40.30481901121121
13.69018483216001, 40.30117171528467
13.74088922042727, 40.29752441935812
13.79159360869453, 40.29387712343158
13.84229799696179, 40.29022982750503
13.893002385229048, 40.28658253157849
13.943706773496308, 40.28293523565194
13.994411161763567, 40.27928793972539
14.045115550030827, 40.27564064379885
14.095819938298085, 40.271993347872304
14.146524326565345, 40.26834605194576
14.197228714832605, 40.264698756019214
14.247933103099864, 40.26105146009267
14.298637491367122, 40.257404164166125
14.349341879634382, 40.253756868239584
14.400046267901642, 40.250109572313036
14.450750656168902, 40.246462276386495
14.50145504443616, 40.24281498045995
14.55215943270342, 40.2391676845334
14.60286382097068, 40.23552038860686
14.653568209237937, 40.23187309268031
14.704272597505197, 40.22822579675377
14.754976985772457, 40.22457850082722
14.805681374039716, 40.22093120490068
14.856385762306974, 40.21728390897413
14.907090150574234, 40.21363661304759
14.957794538841494, 40.20998931712104
15.008498927108754, 40.2063420211945
15.059203315376012, 40.20269472526795
15.109907703643271, 40.19904742934141
15.160612091910531, 40.195400133414864
15.211316480177791, 40.191752837488316
15.262020868445049, 40.188105541561775
15.312725256712309, 40.18445824563523
15.363429644979568, 40.180810949708686
15.414134033246828, 40.17716365378214
15.464838421514086, 40.1735163578556
15.515542809781346, 40.16986906192905
15.566247198048606, 40.16622176600251
15.616951586315865, 40.16257447007596
15.667655974583123, 40.15892717414942
15.718360362850383, 40.15527987822287
15.769064751117643, 40.15163258229632
15.819769139384903, 40.14798528636978
15.87047352765216, 40.14433799044323
15.92117791591942, 40.14069069451669
15.97188230418668, 40.137043398590144
16.022586692453938, 40.1333961026636
16.073291080721198, 40.129748806737055
16.123995468988458, 40.126101510810514
16.174699857255717, 40.122454214883966
16.225404245522977, 40.118806918957425
16.276108633790237, 40.11515962303088
16.326813022057493, 40.111512327104336
16.377517410324753, 40.10786503117779
16.428221798592013, 40.10421773525124
16.478926186859272, 40.1005704393247
16.529630575126532, 40.09692314339815
16.580334963393792, 40.09327584747161
16.63103935166105, 40.08962855154506
16.68174373992831, 40.08598125561852
16.732448128195568, 40.08233395969197
16.783152516462827, 40.07868666376543
16.833856904730087, 40.07503936783888
16.884561292997347, 40.07139207191234
16.935265681264607, 40.067744775985794
16.985970069531866, 40.064097480059246
17.036674457799126, 40.060450184132705
17.087378846066386, 40.05680288820616
17.138083234333642, 40.053155592279616
17.188787622600902, 40.04950829635307
17.23949201086816, 40.04586100042653
17.29019639913542, 40.04221370449998
17.34090078740268, 40.03856640857344
17.39160517566994, 40.03491911264689
17.4423095639372, 40.03127181672035
17.49301395220446, 40.0276245207938
17.543718340471717, 40.02397722486726
17.594422728738977, 40.02032992894071
17.645127117006236, 40.01668263301416
17.695831505273496, 40.01303533708762
17.746535893540756, 40.009388041161074
17.797240281808016, 40.00574074523453
17.847944670075275, 40.002093449307985
17.89864905834253, 39.998446153381444
17.94935344660979, 39.994798857454896
18.00005783487705, 39.991151561528355
18.05076222314431, 39.98750426560181
18.10146661141157, 39.983856969675266
18.15217099967883, 39.98020967374872
18.20287538794609, 39.97656237782217
18.25357977621335, 39.97291508189563
18.304284164480606, 39.96926778596908
18.354988552747866, 39.96562049004254
18.405692941015126, 39.96197319411599
18.456397329282385, 39.95832589818945
18.507101717549645, 39.9546786022629
18.557806105816905, 39.95103130633636
18.608510494084165, 39.94738401040981
18.659214882351424, 39.94373671448327
18.70991927061868, 39.940089418556724
18.76062365888594, 39.93644212263018
18.8113280471532, 39.932794826703635
18.86203243542046, 39.92914753077709
18.91273682368772, 39.925500234850546
18.96344121195498, 39.921852938924
19.01414560022224, 39.91820564299746
19.0648499884895, 39.91455834707091
19.115554376756755, 39.91091105114437
19.166258765024015, 39.90726375521782
19.216963153291275, 39.90361645929128
19.267667541558534, 39.89996916336473
19.318371929825794, 39.89632186743819
19.369076318093054, 39.89267457151164
19.419780706360314, 39.88902727558509
19.47048509462757, 39.88537997965855
19.52118948289483, 39.881732683732004
19.57189387116209, 39.87808538780546
19.62259825942935, 39.874438091878915
19.67330264769661, 39.870790795952374
19.72400703596387, 39.867143500025826
19.77471142423113, 39.863496204099285
19.825415812498388, 39.85984890817274
19.876120200765644, 39.856201612246196
19.926824589032904, 39.85255431631965
19.977528977300164, 39.848907020393106
20.028233365567424, 39.84525972446656
20.078937753834683, 39.84161242854001
20.129642142101943, 39.83796513261347
20.180346530369203, 39.83431783668692
20.231050918636463, 39.83067054076038
20.28175530690372, 39.82702324483383
20.33245969517098, 39.82337594890729
20.38316408343824, 39.81972865298074
20.433868471705498, 39.8160813570542
20.484572859972758, 39.812434061127654
20.535277248240018, 39.80878676520111
20.585981636507277, 39.805139469274565
20.636686024774537, 39.80149217334802
20.687390413041793, 39.797844877421475
20.738094801309053, 39.79419758149493
20.788799189576313, 39.790550285568386
20.839503577843573, 39.78690298964184
20.890207966110832, 39.7832556937153
20.940912354378092, 39.77960839778875
20.991616742645352, 39.77596110186221
21.04232113091261, 39.77231380593566
21.093025519179868, 39.76866651000912
21.143729907447128, 39.76501921408257
21.194434295714387, 39.76137191815603
21.245138683981647, 39.75772462222948
21.295843072248907, 39.754077326302934
21.346547460516167, 39.75043003037639
21.397251848783426, 39.746782734449845
21.447956237050683, 39.7431354385233
21.498660625317942, 39.739488142596755
21.549365013585202, 39.735840846670214
21.600069401852462, 39.732193550743666
21.65077379011972, 39.728546254817125
21.70147817838698, 39.72489895889058
21.75218256665424, 39.721251662964036
21.8028869549215, 39.71760436703749
21.853591343188757, 39.71395707111094
21.904295731456017, 39.7103097751844
21.955000119723277, 39.70666247925785
22.005704507990536, 39.70301518333131
22.056408896257796, 39.69936788740476
22.107113284525056, 39.69572059147822
22.157817672792316, 39.69207329555167
22.208522061059575, 39.68842599962513
22.25922644932683, 39.68477870369858
22.30993083759409, 39.68113140777204
22.36063522586135, 39.677484111845494
22.41133961412861, 39.673836815918946
22.46204400239587, 39.670189519992405
22.51274839066313, 39.66654222406586
22.56345277893039, 39.662894928139316
22.61415716719765, 39.65924763221277
22.664861555464906, 39.65560033628623
22.715565943732166, 39.65195304035968
22.766270331999426, 39.64830574443314
22.816974720266685, 39.64465844850659
22.867679108533945, 39.64101115258005
22.918383496801205, 39.6373638566535
22.969087885068465, 39.63371656072696
23.01979227333572, 39.63006926480041
23.07049666160298, 39.62642196887386
23.12120104987024, 39.62277467294732
23.1719054381375, 39.619127377020774
23.22260982640476, 39.61548008109423
23.27331421467202, 39.611832785167685
23.32401860293928, 39.608185489241144
23.37472299120654, 39.604538193314596
23.425427379473795, 39.600890897388055
23.476131767741055, 39.59724360146151
23.526836156008315, 39.593596305534966
23.577540544275575, 39.58994900960842
23.628244932542835, 39.58630171368188
23.678949320810094, 39.58265441775533
23.729653709077354, 39.57900712182878
23.780358097344614, 39.57535982590224
23.83106248561187, 39.57171252997569
23.88176687387913, 39.56806523404915
23.93247126214639, 39.5644179381226
23.98317565041365, 39.56077064219606
24.03388003868091, 39.55712334626951
24.08458442694817, 39.55347605034297
24.13528881521543, 39.549828754416424
24.18599320348269, 39.54618145848988
24.236697591749945, 39.542534162563335
24.287401980017204, 39.53888686663679
24.338106368284464, 39.535239570710246
24.388810756551724, 39.5315922747837
24.439515144818984, 39.52794497885716
24.490219533086243, 39.52429768293061
24.540923921353503, 39.52065038700407
24.59162830962076, 39.51700309107752
24.64233269788802, 39.51335579515098
24.69303708615528, 39.50970849922443
24.74374147442254, 39.50606120329789
24.7944458626898, 39.50241390737134
24.845150250957058, 39.49876661144479
24.895854639224318, 39.49511931551825
24.946559027491578, 39.491472019591704
24.997263415758834, 39.48782472366516
25.047967804026094, 39.484177427738615
25.098672192293353, 39.480530131812074
25.149376580560613, 39.476882835885526
25.200080968827873, 39.473235539958985
25.250785357095133, 39.46958824403244
25.301489745362392, 39.465940948105896
25.352194133629652, 39.46229365217935
25.40289852189691, 39.45864635625281
25.453602910164168, 39.45499906032626
25.504307298431428, 39.45135176439971
25.555011686698688, 39.44770446847317
25.605716074965947, 39.44405717254662
25.656420463233207, 39.44040987662008
25.707124851500467, 39.43676258069353
25.757829239767727, 39.43311528476699
25.808533628034983, 39.42946798884044
25.859238016302243, 39.4258206929139
25.909942404569502, 39.422173396987354
25.960646792836762, 39.41852610106081
26.011351181104022, 39.414878805134265
26.06205556937128, 39.411231509207724
26.11275995763854, 39.407584213281176
26.163464345905798, 39.40393691735463
26.214168734173057, 39.40028962142809
26.264873122440317, 39.39664232550154
26.315577510707577, 39.392995029575
26.366281898974837, 39.38934773364845
26.416986287242096, 39.38570043772191
26.467690675509356, 39.38205314179536
26.518395063776616, 39.37840584586882
26.569099452043872, 39.37475854994227
26.619803840311132, 39.37111125401573
26.67050822857839, 39.36746395808918
26.72121261684565, 39.363816662162634
26.77191700511291, 39.36016936623609
26.82262139338017, 39.356522070309545
26.87332578164743, 39.352874774383004
26.92403016991469, 39.349227478456456
26.974734558181947, 39.345580182529915
27.025438946449206, 39.34193288660337
27.076143334716466, 39.338285590676826
27.126847722983726, 39.33463829475028
27.177552111250986, 39.33099099882374
27.228256499518245, 39.32734370289719
27.278960887785505, 39.32369640697064
27.329665276052765, 39.3200491110441
27.38036966432002, 39.31640181511755
27.43107405258728, 39.31275451919101
27.48177844085454, 39.30910722326446
27.5324828291218, 39.30545992733792
27.58318721738906, 39.30181263141137
27.63389160565632, 39.29816533548483
27.68459599392358, 39.294518039558284
27.735300382190836, 39.29087074363174
27.786004770458096, 39.287223447705195
27.836709158725355, 39.283576151778654
27.887413546992615, 39.279928855852106
27.938117935259875, 39.27628155992556
27.988822323527135, 39.27263426399902
28.039526711794394, 39.26898696807247
28.090231100061654, 39.26533967214593
28.14093548832891, 39.26169237621938
28.19163987659617, 39.25804508029284
28.24234426486343, 39.25439778436629
28.29304865313069, 39.25075048843975
28.34375304139795, 39.2471031925132
28.39445742966521, 39.24345589658666
28.44516181793247, 39.23980860066011
28.49586620619973, 39.236161304733564
28.546570594466985, 39.23251400880702
28.597274982734245, 39.228866712880475
28.647979371001504, 39.225219416953934
28.698683759268764, 39.221572121027386
28.749388147536024, 39.217924825100845
28.800092535803284, 39.214277529174296
28.850796924070544, 39.210630233247755
28.901501312337803, 39.20698293732121
28.95220570060506, 39.203335641394666
29.00291008887232, 39.19968834546812
29.05361447713958, 39.19604104954158
29.10431886540684, 39.19239375361503
29.1550232536741, 39.18874645768848
29.20572764194136, 39.18509916176194
29.256432030208618, 39.18145186583539
29.307136418475874, 39.17780456990885
29.357840806743134, 39.1741572739823
29.408545195010394, 39.17050997805576
29.459249583277654, 39.166862682129214
29.509953971544913, 39.16321538620267
29.560658359812173, 39.159568090276125
29.611362748079433, 39.15592079434958
29.662067136346693, 39.152273498423035
29.71277152461395, 39.14862620249649
29.76347591288121, 39.144978906569946
29.81418030114847, 39.1413316106434
29.864884689415728, 39.13768431471686
29.915589077682988, 39.13403701879031
29.966293465950248, 39.13038972286377
30.016997854217507, 39.12674242693722
30.067702242484767, 39.12309513101068
30.118406630752023, 39.11944783508413
30.169111019019283, 39.11580053915759
30.219815407286543, 39.11215324323104
30.270519795553803, 39.1085059473045
30.321224183821062, 39.10485865137795
30.371928572088322, 39.101211355451404
30.422632960355582, 39.09756405952486
30.47333734862284, 39.093916763598315
30.524041736890098, 39.090269467671774
30.574746125157358, 39.086622171745226
30.625450513424617, 39.082974875818685
30.676154901691877, 39.07932757989214
30.726859289959137, 39.075680283965596
30.777563678226397, 39.07203298803905
30.828268066493656, 39.06838569211251
30.878972454760913, 39.06473839618596
30.929676843028172, 39.06109110025942
30.980381231295432, 39.05744380433287
31.031085619562692, 39.05379650840632
31.08179000782995, 39.05014921247978
31.13249439609721, 39.04650191655323
31.18319878436447, 39.04285462062669
31.23390317263173, 39.03920732470014
31.284607560898987, 39.0355600287736
31.335311949166247, 39.031912732847054
31.386016337433507, 39.02826543692051
31.436720725700766, 39.024618140993965
31.487425113968026, 39.020970845067424
31.538129502235286, 39.017323549140876
31.588833890502546, 39.01367625321433
31.639538278769805, 39.01002895728779
31.69024266703706, 39.00638166136124
31.74094705530432, 39.0027343654347
31.79165144357158, 38.99908706950815
31.84235583183884, 38.99543977358161
31.8930602201061, 38.99179247765506
31.94376460837336, 38.98814518172852
31.99446899664062, 38.98449788580197
32.045173384907876, 38.98085058987543
32.09587777317514, 38.97720329394888
32.146582161442396, 38.973555998022334
32.19728654970966, 38.96990870209579
32.247990937976915, 38.966261406169245
32.29869532624417, 38.962614110242704
32.349399714511435, 38.958966814316156
32.40010410277869, 38.955319518389615
32.450808491045954, 38.95167222246307
32.50151287931321, 38.948024926536526
32.552217267580474, 38.94437763060998
32.60292165584773, 38.94073033468344
32.653626044114986, 38.93708303875689
32.70433043238225, 38.93343574283034
32.755034820649506, 38.9297884469038
32.80573920891677, 38.92614115097725
32.856443597184025, 38.92249385505071
32.90714798545129, 38.91884655912416
32.957852373718545, 38.91519926319762
33.00855676198581, 38.91155196727107
33.059261150253064, 38.90790467134453
33.10996553852032, 38.904257375417984
33.160669926787584, 38.90061007949144
33.21137431505484, 38.896962783564895
33.2620787033221, 38.893315487638354
33.31278309158936, 38.889668191711806
33.36348747985662, 38.88602089578526
33.41419186812388, 38.88237359985872
33.464896256391135, 38.87872630393217
33.5156006446584, 38.87507900800563
33.566305032925655, 38.87143171207908
33.61700942119292, 38.86778441615254
33.667713809460174, 38.86413712022599
33.71841819772744, 38.86048982429945
33.769122585994694, 38.8568425283729
33.81982697426196, 38.85319523244636
33.87053136252921, 38.84954793651981
33.92123575079647, 38.84590064059327
33.97194013906373, 38.84225334466672
34.02264452733099, 38.838606048740175
34.07334891559825, 38.834958752813634
34.12405330386551, 38.831311456887086
34.17475769213277, 38.827664160960545
34.22546208040003, 38.824016865034
34.276166468667284, 38.820369569107456
34.32687085693455, 38.81672227318091
34.377575245201804, 38.81307497725437
34.42827963346907, 38.80942768132782
34.47898402173632, 38.80578038540128
34.52968841000359, 38.80213308947473
34.58039279827084, 38.79848579354818
34.6310971865381, 38.79483849762164
34.68180157480536, 38.79119120169509
34.73250596307262, 38.78754390576855
34.78321035133988, 38.783896609842
34.83391473960714, 38.78024931391546
34.8846191278744, 38.776602017988914
34.93532351614166, 38.77295472206237
34.98602790440892, 38.769307426135825
35.03673229267618, 38.765660130209284
35.08743668094343, 38.762012834282736
35.1381410692107, 38.75836553835619
35.18884545747795, 38.75471824242965
35.239549845745216, 38.7510709465031
35.29025423401247, 38.74742365057656
35.340958622279736, 38.74377635465001
35.39166301054699, 38.74012905872347
35.44236739881425, 38.73648176279692
35.49307178708151, 38.73283446687038
35.54377617534877, 38.72918717094383
35.59448056361603, 38.72553987501729
35.64518495188329, 38.72189257909074
35.69588934015055, 38.718245283164194
35.74659372841781, 38.71459798723765
35.79729811668506, 38.71095069131111
35.848002504952326, 38.707303395384564
35.89870689321958, 38.703656099458016
35.949411281486846, 38.700008803531475
36.0001156697541, 38.60395951917908
36.050820058021365, 38.427786148016565
36.10152444628862, 38.25161277685408
36.152228834555885, 38.07543940569157
36.20293322282314, 37.899266034529084
36.2536376110904, 37.7230926633666
36.30434199935766, 37.54691929220409
36.35504638762492, 37.3707459210416
36.40575077589218, 37.1945725498791
36.456455164159436, 37.01839917871661
36.5071595524267, 36.8422258075541
36.557863940693956, 36.66605243639162
36.60856832896121, 36.48987906522913
36.659272717228475, 36.31370569406662
36.70997710549573, 36.137532322904136
36.760681493762995, 35.96135895174162
36.81138588203025, 35.78518558057914
36.862090270297514, 35.60901220941663
36.91279465856477, 35.43283883825414
36.963499046832034, 35.256665467091636
37.01420343509929, 35.08049209592915
37.064907823366546, 34.90431872476667
37.11561221163381, 34.728145353604155
37.166316599901066, 34.55197198244167
37.21702098816833, 34.37579861127916
37.267725376435585, 34.199625240116674
37.31842976470285, 34.02345186895417
37.369134152970105, 33.84727849779168
37.41983854123736, 33.67110512662919
37.470542929504624, 33.49493175546669
37.52124731777188, 33.3187583843042
37.571951706039144, 33.14258501314169
37.6226560943064, 32.96641164197921
37.67336048257366, 32.790238270816694
37.72406487084092, 32.61406489965421
37.774769259108176, 32.437891528491726
37.82547364737544, 32.26171815732921
37.876178035642695, 32.08554478616673
37.92688242390996, 31.90937141500422
37.977586812177215, 31.733198043841735
38.02829120044448, 31.557024672679226
38.078995588711734, 31.380851301516742
38.129699976979, 31.20467793035423
38.180404365246254, 31.028504559191745
38.23110875351351, 30.85233118802926
38.28181314178077, 30.67615781686675
38.33251753004803, 30.499984445704264
38.38322191831529, 30.32381107454176
38.43392630658255, 30.14763770337927
38.48463069484981, 29.97146433221676
38.53533508311707, 29.795290961054278
38.586039471384325, 29.619117589891793
38.63674385965159, 29.44294421872928
38.687448247918844, 29.266770847566796
38.73815263618611, 29.090597476404284
38.788857024453364, 28.9144241052418
38.83956141272063, 28.73825073407929
38.89026580098788, 28.562077362916806
38.94097018925514, 28.38590399175432
38.9916745775224, 28.209730620591813
39.04237896578966, 28.033557249429325
39.09308335405692, 27.857383878266816
39.14378774232418, 27.681210507104332
39.19449213059144, 27.50503713594182
39.2451965188587, 27.328863764779335
39.29590090712596, 27.152690393616826
39.34660529539322, 26.976517022454342
39.397309683660474, 26.800343651291854
39.44801407192774, 26.62417028012935
39.49871846019499, 26.44799690896686
39.54942284846226, 26.27182353780435
39.60012723672951, 26.095650166641867
39.650831624996776, 25.919476795479355
39.70153601326403, 25.74330342431687
39.75224040153129, 25.567130053154386
39.80294478979855, 25.390956681991877
39.85364917806581, 25.21478331082939
39.90435356633307, 25.038609939666884
39.95505795460033, 24.862436568504396
40.00576234286759, 24.686263197341887
40.05646673113485, 24.510089826179403
40.10717111940211, 24.33391645501689
40.15787550766937, 24.157743083854406
40.20857989593662, 23.981569712691922
40.259284284203886, 23.80539634152941
40.30998867247114, 23.629222970366925
40.360693060738406, 23.453049599204416
40.41139744900566, 23.27687622804193
40.462101837272925, 23.100702856879423
40.51280622554018, 22.92452948571694
40.56351061380744, 22.748356114554454
40.6142150020747, 22.57218274339194
40.66491939034196, 22.396009372229457
40.71562377860922, 22.21983600106695
40.76632816687648, 22.04366262990446
40.81703255514374, 21.86748925874195
40.867736943410996, 21.691315887579467
40.91844133167825, 21.515142516416983
40.969145719945516, 21.33896914525447
41.01985010821277, 21.162795774091986
41.070554496480035, 20.986622402929477
41.12125888474729, 20.810449031766993
41.171963273014555, 20.634275660604484
41.22266766128181, 20.458102289441996
41.273372049549074, 20.281928918279487
41.32407643781633, 20.105755547117003
41.37478082608359, 19.92958217595452
41.42548521435085, 19.753408804792006
41.476189602618106, 19.57723543362952
41.52689399088537, 19.401062062467012
41.577598379152626, 19.22488869130453
41.62830276741989, 19.048715320142016
41.679007155687145, 18.87254194897953
41.7297115439544, 18.696368577817047
41.780415932221665, 18.520195206654538
41.83112032048892, 18.34402183549205
41.881824708756184, 18.16784846432954
41.93252909702344, 17.991675093167057
41.983233485290704, 17.815501722004548
42.03393787355796, 17.639328350842064
42.08464226182522, 17.46315497967955
42.13534665009248, 17.286981608517067
42.186051038359736, 17.110808237354583
42.236755426627, 16.934634866192074
42.287459814894255, 16.758461495029586
42.33816420316152, 16.582288123867077
42.388868591428775, 16.406114752704593
42.43957297969604, 16.229941381542083
42.490277367963294, 16.0537680103796
42.54098175623055, 15.877594639217111
42.591686144497814, 15.701421268054602
42.64239053276507, 15.525247896892118
42.69309492103233, 15.349074525729609
42.74379930929959, 15.172901154567121
42.79450369756685, 14.996727783404612
42.84520808583411, 14.820554412242128
42.895912474101365, 14.644381041079644
42.94661686236863, 14.468207669917131
42.997321250635885, 14.292034298754647
43.04802563890315, 14.115860927592138
43.098730027170404, 13.939687556429654
43.14943441543767, 13.763514185267145
43.200138803704924, 13.587340814104657
43.25084319197219, 13.411167442942148
43.30154758023944, 13.234994071779663
43.3522519685067, 13.05882070061718
43.40295635677396, 12.882647329454667
43.45366074504122, 12.706473958292182
43.50436513330848, 12.530300587129673
43.55506952157574, 12.354127215967189
43.605773909843, 12.177953844804676
43.65647829811026, 12.001780473642192
43.707182686377514, 11.825607102479708
43.75788707464478, 11.649433731317199
43.808591462912034, 11.473260360154711
43.8592958511793, 11.297086988992202
43.91000023944655, 11.120913617829718
43.96070462771382, 10.944740246667209
44.01140901598107, 10.768566875504725
44.06211340424833, 10.592393504342237
44.11281779251559, 10.416220133179728
44.16352218078285, 10.240046762017244
44.21422656905011, 10.063873390854734
44.26493095731737, 9.887700019692247
44.31563534558463, 9.711526648529738
44.36633973385189, 9.535353277367253
44.41704412211915, 9.359179906204744
44.46774851038641, 9.183006535042257
44.51845289865366, 9.006833163879772
44.56915728692093, 8.830659792717263
44.61986167518818, 8.654486421554779
44.670566063455446, 8.47831305039227
44.7212704517227, 8.302139679229782
44.771974839989966, 8.125966308067273
44.82267922825722, 7.949792936904789
44.87338361652448, 7.773619565742305
44.92408800479174, 7.597446194579792
44.974792393059, 7.421272823417308
45.02549678132626, 7.245099452254799
45.07620116959352, 7.0689260810923145
45.12690555786078, 6.892752709929802
45.17760994612804, 6.716579338767318
45.2283143343953, 6.540405967604812
45.279018722662556, 6.364232596442321
45.32972311092981, 6.1880592252798365
45.380427499197076, 6.011885854117331
45.43113188746433, 5.835712482954847
45.481836275731595, 5.659539111792334
45.53254066399885, 5.48336574062985
45.583245052266115, 5.307192369467337
45.63394944053337, 5.131018998304853
45.68465382880063, 4.954845627142369
45.73535821706789, 4.778672255979856
45.78606260533515, 4.602498884817372
45.83676699360241, 4.4263255136548665
45.887471381869666, 4.250152142492382
45.93817577013693, 4.07397877132987
45.988880158404186, 3.8978054001673854
46.03958454667144, 3.721632029004901
46.090288934938705, 3.5454586578423886
46.14099332320596, 3.3692852866799043
46.191697711473225, 3.1931119155173917
46.24240209974048, 3.0169385443549075
46.293106488007744, 2.840765173192402
46.343810876275, 2.6645918020299106
46.394515264542264, 2.488418430867405
46.44521965280952, 2.312245059704921
46.495924041076776, 2.1360716885424367
46.54662842934404, 1.959898317379924
46.597332817611296, 1.7837249462174398
46.64803720587856, 1.6075515750549272
46.698741594145815, 1.431378203892443
46.74944598241308, 1.2552048327299374
46.800150370680335, 1.0790314615674461
46.85085475894759, 0.9028580904049619
46.901559147214854, 0.7266847192424564
46.95226353548211, 0.5505113480799722
47.002967923749374, 0.3743379769174595
47.05367231201663, 0.1981646057549753
47.10437670028389, 0.02199123459246266
47.15508108855115, -0.15418213657002156
47.205785476818406, -0.33035550773250577
47.25648986508567, -0.5065288788950184
47.307194253352925, -0.6827022500575026
47.35789864162019, -0.8588756212200082
47.408603029887445, -1.0350489923824924
47.45930741815471, -1.211222363545005
47.510011806421964, -1.3873957347074892
47.56071619468923, -1.5635691058700019
47.611420582956484, -1.739742477032486
47.66212497122374, -1.9159158481949703
47.712829359491, -2.092089219357483
47.76353374775826, -2.268262590519967
47.81423813602552, -2.4444359616824727
47.86494252429278, -2.620609332844964
47.91564691256004, -2.7967827040074695
47.9663513008273, -2.9729560751699537
48.017055689094555, -3.149129446332438
48.06776007736182, -3.3253028174949506
48.118464465629074, -3.501476188657435
48.16916885389634, -3.6776495598199475
48.219873242163594, -3.8538229309824317
48.27057763043086, -4.029996302144937
48.32128201869811, -4.2061696733074285
48.37198640696538, -4.382343044469934
48.42269079523263, -4.558516415632418
48.47339518349989, -4.7346897867949025
48.52409957176715, -4.910863157957415
48.57480396003441, -5.087036529119899
48.62550834830167, -5.263209900282412
48.67621273656893, -5.439383271444896
48.72691712483619, -5.615556642607402
48.77762151310345, -5.791730013769893
48.828325901370704, -5.967903384932377
48.87903028963797, -6.144076756094883
48.92973467790522, -6.320250127257367
48.98043906617249, -6.49642349841988
49.03114345443974, -6.672596869582364
49.081847842707006, -6.8487702407448765
49.13255223097426, -7.024943611907361
49.18325661924152, -7.201116983069845
49.23396100750878, -7.377290354232358
49.28466539577604, -7.553463725394842
49.3353697840433, -7.729637096557347
49.38607417231056, -7.9058104677198315
49.43677856057782, -8.081983838882344
49.48748294884508, -8.258157210044828
49.53818733711234, -8.434330581207341
49.5888917253796, -8.610503952369825
49.63959611364685, -8.78667732353231
49.690300501914116, -8.962850694694822
49.74100489018137, -9.139024065857306
49.791709278448636, -9.315197437019812
49.84241366671589, -9.491370808182303
49.893118054983155, -9.667544179344809
49.94382244325041, -9.843717550507293
49.99452683151767, -10.019890921669777
50.04523121978493, -10.19606429283229
50.09593560805219, -10.372237663994774
50.14663999631945, -10.548411035157287
50.19734438458671, -10.72458440631977
50.24804877285397, -10.900757777482276
50.298753161121226, -11.076931148644768
50.34945754938848, -11.253104519807252
50.400161937655746, -11.429277890969757
50.450866325923, -11.605451262132242
50.501570714190265, -11.781624633294754
50.55227510245752, -11.957798004457239
50.602979490724785, -12.133971375619751
50.65368387899204, -12.310144746782235
