Parameters: [51.84639243819803, 19.364006658193993, 13.592521142674128, 44.834749379691964, 3.939493203274131, -0.16708267847478375, -2.612241985290365]
Points:
0.0, 19.364006658193993
0.05189829072892696, 19.568459621782146
0.10379658145785392, 19.7729125853703
0.15569487218678088, 19.977365548958453
0.20759316291570784, 20.181818512546602
0.2594914536446348, 20.386271476134755
0.31138974437356176, 20.59072443972291
0.36328803510248875, 20.79517740331106
0.4151863258314157, 20.999630366899215
0.4670846165603426, 21.204083330487368
0.5189829072892695, 21.408536294075518
0.5708811980181966, 21.61298925766367
0.6227794887471235, 21.817442221251824
0.6746777794760505, 22.021895184839977
0.7265760702049775, 22.22634814842813
0.7784743609339044, 22.430801112016283
0.8303726516628314, 22.635254075604436
0.8822709423917583, 22.83970703919259
0.9341692331206852, 23.04416000278074
0.9860675238496123, 23.248612966368892
1.037965814578539, 23.453065929957045
1.0898641053074662, 23.6575188935452
1.1417623960363932, 23.86197185713335
1.1936606867653201, 24.066424820721505
1.245558977494247, 24.270877784309654
1.297457268223174, 24.475330747897807
1.349355558952101, 24.67978371148596
1.4012538496810278, 24.884236675074114
1.453152140409955, 25.088689638662267
1.505050431138882, 25.29314260225042
1.5569487218678089, 25.497595565838573
1.6088470125967358, 25.702048529426726
1.6607453033256627, 25.906501493014876
1.7126435940545897, 26.11095445660303
1.7645418847835166, 26.315407420191182
1.8164401755124435, 26.519860383779335
1.8683384662413705, 26.724313347367485
1.9202367569702976, 26.92876631095564
1.9721350476992245, 27.13321927454379
2.0240333384281515, 27.337672238131944
2.075931629157078, 27.542125201720097
2.1278299198860053, 27.74657816530825
2.1797282106149325, 27.951031128896403
2.231626501343859, 28.155484092484556
2.2835247920727864, 28.35993705607271
2.335423082801713, 28.564390019660863
2.3873213735306402, 28.768842983249016
2.439219664259567, 28.973295946837165
2.491117954988494, 29.17774891042532
2.5430162457174212, 29.38220187401347
2.594914536446348, 29.58665483760162
2.646812827175275, 29.791107801189774
2.698711117904202, 29.995560764777927
2.750609408633129, 30.20001372836608
2.8025076993620557, 30.404466691954234
2.854405990090983, 30.608919655542387
2.90630428081991, 30.81337261913054
2.9582025715488367, 31.017825582718693
3.010100862277764, 31.222278546306846
3.0619991530066906, 31.426731509895
3.1138974437356177, 31.631184473483152
3.1657957344645444, 31.835637437071302
3.2176940251934716, 32.04009040065945
3.2695923159223983, 32.244543364247605
3.3214906066513255, 32.44899632783576
3.3733888973802526, 32.65344929142391
3.4252871881091793, 32.857902255012064
3.4771854788381065, 33.06235521860022
3.529083769567033, 33.26680818218837
3.5809820602959603, 33.47126114577652
3.632880351024887, 33.67571410936468
3.684778641753814, 33.88016707295283
3.736676932482741, 34.08462003654098
3.788575223211668, 34.289073000129136
3.840473513940595, 34.49352596371729
3.892371804669522, 34.69797892730544
3.944270095398449, 34.902431890893595
3.996168386127376, 35.10688485448174
4.048066676856303, 35.311337818069894
4.09996496758523, 35.51579078165805
4.151863258314156, 35.7202437452462
4.203761549043084, 35.924696708834354
4.255659839772011, 36.12914967242251
4.307558130500937, 36.33360263601066
4.359456421229865, 36.53805559959881
4.411354711958792, 36.742508563186966
4.463253002687718, 36.94696152677511
4.515151293416645, 37.151414490363265
4.567049584145573, 37.35586745395142
4.618947874874499, 37.56032041753957
4.670846165603426, 37.764773381127725
4.722744456332354, 37.96922634471588
4.7746427470612804, 38.17367930830403
4.826541037790207, 38.378132271892184
4.878439328519134, 38.58258523548034
4.9303376192480615, 38.78703819906849
4.982235909976988, 38.991491162656644
5.034134200705915, 39.1959441262448
5.0860324914348425, 39.40039708983295
5.137930782163769, 39.6048500534211
5.189829072892696, 39.809303017009256
5.241727363621623, 40.01375598059741
5.29362565435055, 40.21820894418556
5.345523945079477, 40.422661907773715
5.397422235808404, 40.62711487136187
5.449320526537331, 40.83156783495002
5.501218817266258, 41.036020798538175
5.553117107995185, 41.24047376212632
5.605015398724111, 41.444926725714474
5.656913689453039, 41.64937968930263
5.708811980181966, 41.85383265289078
5.760710270910892, 42.05828561647893
5.81260856163982, 42.26273858006709
5.864506852368747, 42.46719154365524
5.916405143097673, 42.671644507243386
5.9683034338266, 42.87609747083154
6.020201724555528, 43.08055043441969
6.072100015284454, 43.285003398007845
6.123998306013381, 43.489456361596
6.175896596742308, 43.69390932518415
6.227794887471235, 43.898362288772304
6.279693178200162, 44.10281525236046
6.331591468929089, 44.30726821594861
6.3834897596580165, 44.511721179536764
6.435388050386943, 44.71617414312492
6.48728634111587, 44.92062710671307
6.539184631844797, 45.12508007030122
6.591082922573724, 45.329533033889376
6.642981213302651, 45.53398599747753
6.694879504031578, 45.73843896106568
6.746777794760505, 45.942891924653836
6.798676085489432, 46.14734488824199
6.850574376218359, 46.35179785183014
6.902472666947285, 46.55625081541829
6.954370957676213, 46.76070377900645
7.00626924840514, 46.965156742594594
7.058167539134066, 47.16960970618275
7.110065829862994, 47.3740626697709
7.161964120591921, 47.57851563335905
7.213862411320847, 47.78296859694721
7.265760702049774, 47.98742156053535
7.317658992778702, 48.19187452412351
7.369557283507628, 48.39632748771166
7.421455574236555, 48.60078045129981
7.473353864965482, 48.805233414887965
7.525252155694409, 49.00968637847612
7.577150446423336, 49.21413934206427
7.629048737152263, 49.418592305652425
7.68094702788119, 49.62304526924058
7.732845318610117, 49.82749823282873
7.784743609339044, 50.031951196416884
7.836641900067971, 50.23640416000504
7.888540190796898, 50.44085712359319
7.940438481525825, 50.64531008718134
7.992336772254752, 50.849763050769496
8.04423506298368, 51.05421601435765
8.096133353712606, 51.2586689779458
8.148031644441533, 51.46312194153395
8.19992993517046, 51.6675749051221
8.251828225899386, 51.872027868710255
8.303726516628313, 52.07648083229841
8.355624807357241, 52.28093379588657
8.407523098086168, 52.485386759474714
8.459421388815095, 52.68983972306287
8.511319679544021, 52.89429268665102
8.563217970272948, 53.098745650239174
8.615116261001875, 53.30319861382733
8.667014551730801, 53.50765157741547
8.71891284245973, 53.71210454100363
8.770811133188657, 53.916557504591786
8.822709423917583, 54.12101046817994
8.87460771464651, 54.325463431768085
8.926506005375437, 54.52991639535624
8.978404296104364, 54.73436935894439
9.03030258683329, 54.938822322532545
9.082200877562219, 55.143275286120705
9.134099168291145, 55.34772824970885
9.185997459020072, 55.552181213297004
9.237895749748999, 55.75663417688516
9.289794040477926, 55.96108714047331
9.341692331206852, 56.16554010406146
9.393590621935779, 56.36999306764961
9.445488912664707, 56.57444603123777
9.497387203393634, 56.77889899482592
9.549285494122561, 56.983351958414076
9.601183784851488, 57.18780492200222
9.653082075580414, 57.392257885590375
9.704980366309341, 57.59671084917853
9.756878657038268, 57.80116381276668
9.808776947767196, 58.00561677635484
9.860675238496123, 58.21006973994299
9.91257352922505, 58.41452270353114
9.964471819953976, 58.618975667119294
10.016370110682903, 58.82342863070745
10.06826840141183, 59.0278815942956
10.120166692140756, 59.232334557883746
10.172064982869685, 59.436787521471906
10.223963273598612, 59.64124048506006
10.275861564327538, 59.84569344864821
10.327759855056465, 60.05014641223636
10.379658145785392, 60.25459937582451
10.431556436514319, 60.459052339412665
10.483454727243245, 60.66350530300082
10.535353017972174, 60.86795826658898
10.5872513087011, 61.072411230177124
10.639149599430027, 61.27686419376528
10.691047890158954, 61.48131715735343
10.74294618088788, 61.685770120941584
10.794844471616807, 61.89022308452974
10.846742762345734, 62.09467604811788
10.898641053074662, 62.29912901170604
10.95053934380359, 62.503581975294196
11.002437634532516, 62.70803493888235
11.054335925261443, 62.912487902470495
11.10623421599037, 63.11694086605865
11.158132506719296, 63.3213938296468
11.210030797448223, 63.525846793234955
11.261929088177151, 63.730299756823115
11.313827378906078, 63.93475272041126
11.365725669635005, 64.13920568399942
11.417623960363931, 64.34365864758757
11.469522251092858, 64.54811161117573
11.521420541821785, 64.75256457476388
11.573318832550711, 64.95701753835202
11.62521712327964, 65.16147050194019
11.677115414008567, 65.36592346552834
11.729013704737493, 65.5703764291165
11.78091199546642, 65.77482939270463
11.832810286195347, 65.97928235629279
11.884708576924274, 66.18373531988094
11.9366068676532, 66.38818828346909
11.988505158382127, 66.59264124705724
12.040403449111055, 66.7970942106454
12.092301739839982, 67.00154717423355
12.144200030568909, 67.2060001378217
12.196098321297836, 67.41045310140986
12.247996612026762, 67.61490606499801
12.299894902755689, 67.81935902858615
12.351793193484616, 68.0238119921743
12.403691484213544, 68.22826495576247
12.45558977494247, 68.43271791935062
12.507488065671398, 68.63717088293876
12.559386356400324, 68.84162384652691
12.611284647129251, 69.04607681011507
12.663182937858178, 69.25052977370322
12.715081228587104, 69.45498273729137
12.766979519316033, 69.65943570087953
12.81887781004496, 69.86388866446768
12.870776100773886, 70.06834162805583
12.922674391502813, 70.27279459164399
12.97457268223174, 70.47724755523214
13.026470972960666, 70.68170051882029
13.078369263689593, 70.88615348240845
13.130267554418522, 71.0906064459966
13.182165845147448, 71.29505940958475
13.234064135876375, 71.4995123731729
13.285962426605302, 71.70396533676106
13.337860717334229, 71.90841830034921
13.389759008063155, 72.11287126393736
13.441657298792082, 72.31732422752552
13.49355558952101, 72.52177719111367
13.545453880249937, 72.72623015470182
13.597352170978864, 72.9108441339697
13.64925046170779, 72.90217282854645
13.701148752436717, 72.8935015231232
13.753047043165644, 72.88483021769994
13.80494533389457, 72.8761589122767
13.8568436246235, 72.86748760685344
13.908741915352426, 72.8588163014302
13.960640206081353, 72.85014499600693
14.01253849681028, 72.84147369058368
14.064436787539206, 72.83280238516043
14.116335078268133, 72.82413107973719
14.16823336899706, 72.81545977431394
14.220131659725988, 72.80678846889067
14.272029950454915, 72.79811716346742
14.323928241183841, 72.78944585804417
14.375826531912768, 72.78077455262093
14.427724822641695, 72.77210324719766
14.479623113370621, 72.76343194177441
14.531521404099548, 72.75476063635116
14.583419694828477, 72.74608933092792
14.635317985557403, 72.73741802550467
14.68721627628633, 72.7287467200814
14.739114567015257, 72.72007541465815
14.791012857744184, 72.7114041092349
14.84291114847311, 72.70273280381166
14.894809439202037, 72.6940614983884
14.946707729930964, 72.68539019296514
14.998606020659892, 72.6767188875419
15.050504311388819, 72.66804758211865
15.102402602117746, 72.6593762766954
15.154300892846672, 72.65070497127213
15.206199183575599, 72.64203366584888
15.258097474304526, 72.63336236042564
15.309995765033452, 72.62469105500239
15.36189405576238, 72.61601974957912
15.413792346491308, 72.60734844415587
15.465690637220234, 72.59867713873263
15.517588927949161, 72.59000583330938
15.569487218678088, 72.58133452788613
15.621385509407014, 72.57266322246286
15.673283800135941, 72.56399191703962
15.72518209086487, 72.55532061161637
15.777080381593796, 72.54664930619312
15.828978672322723, 72.53797800076987
15.88087696305165, 72.5293066953466
15.932775253780576, 72.52063538992336
15.984673544509503, 72.51196408450011
16.03657183523843, 72.50329277907686
16.08847012596736, 72.4946214736536
16.140368416696283, 72.48595016823035
16.192266707425212, 72.4772788628071
16.24416499815414, 72.46860755738385
16.296063288883065, 72.4599362519606
16.347961579611994, 72.45126494653734
16.39985987034092, 72.44259364111409
16.451758161069847, 72.43392233569084
16.503656451798772, 72.42525103026759
16.5555547425277, 72.41657972484433
16.607453033256625, 72.40790841942108
16.659351323985554, 72.39923711399783
16.711249614714482, 72.39056580857458
16.763147905443407, 72.38189450315133
16.815046196172336, 72.37322319772807
16.86694448690126, 72.36455189230482
16.91884277763019, 72.35588058688157
16.970741068359114, 72.34720928145832
17.022639359088043, 72.33853797603506
17.07453764981697, 72.3298666706118
17.126435940545896, 72.32119536518856
17.178334231274825, 72.31252405976531
17.23023252200375, 72.30385275434206
17.282130812732678, 72.2951814489188
17.334029103461603, 72.28651014349555
17.38592739419053, 72.2778388380723
17.43782568491946, 72.26916753264905
17.489723975648385, 72.26049622722579
17.541622266377313, 72.25182492180254
17.59352055710624, 72.24315361637929
17.645418847835167, 72.23448231095604
17.69731713856409, 72.22581100553279
17.74921542929302, 72.21713970010953
17.80111372002195, 72.20846839468628
17.853012010750874, 72.19979708926303
17.904910301479802, 72.19112578383978
17.956808592208727, 72.18245447841652
18.008706882937656, 72.17378317299327
18.06060517366658, 72.16511186757002
18.11250346439551, 72.15644056214677
18.164401755124437, 72.14776925672352
18.216300045853362, 72.13909795130026
18.26819833658229, 72.13042664587701
18.320096627311216, 72.12175534045376
18.371994918040144, 72.11308403503051
18.42389320876907, 72.10441272960725
18.475791499497998, 72.095741424184
18.527689790226926, 72.08707011876075
18.57958808095585, 72.0783988133375
18.63148637168478, 72.06972750791425
18.683384662413705, 72.06105620249099
18.735282953142633, 72.05238489706774
18.787181243871558, 72.04371359164449
18.839079534600486, 72.03504228622124
18.890977825329415, 72.02637098079798
18.94287611605834, 72.01769967537473
18.99477440678727, 72.00902836995148
19.046672697516193, 72.00035706452823
19.098570988245122, 71.99168575910498
19.150469278974047, 71.98301445368172
19.202367569702975, 71.97434314825847
19.254265860431904, 71.96567184283522
19.30616415116083, 71.95700053741197
19.358062441889757, 71.94832923198871
19.409960732618682, 71.93965792656546
19.46185902334761, 71.93098662114221
19.513757314076535, 71.92231531571896
19.565655604805464, 71.91364401029571
19.617553895534392, 71.90497270487245
19.669452186263317, 71.8963013994492
19.721350476992246, 71.88763009402595
19.77324876772117, 71.8789587886027
19.8251470584501, 71.87028748317944
19.877045349179024, 71.86161617775619
19.928943639907953, 71.85294487233294
19.98084193063688, 71.84427356690969
20.032740221365806, 71.83560226148644
20.084638512094735, 71.82693095606318
20.13653680282366, 71.81825965063993
20.188435093552588, 71.80958834521668
20.240333384281513, 71.80091703979343
20.29223167501044, 71.79224573437017
20.34412996573937, 71.78357442894692
20.396028256468295, 71.77490312352367
20.447926547197223, 71.76623181810042
20.49982483792615, 71.75756051267717
20.551723128655077, 71.74888920725391
20.603621419384, 71.74021790183066
20.65551971011293, 71.73154659640741
20.70741800084186, 71.72287529098416
20.759316291570784, 71.7142039855609
20.811214582299712, 71.70553268013765
20.863112873028637, 71.6968613747144
20.915011163757566, 71.68819006929115
20.96690945448649, 71.6795187638679
21.01880774521542, 71.67084745844464
21.070706035944347, 71.66217615302139
21.122604326673272, 71.65350484759814
21.1745026174022, 71.6448335421749
21.226400908131126, 71.63616223675163
21.278299198860054, 71.62749093132838
21.33019748958898, 71.61881962590513
21.382095780317908, 71.61014832048188
21.433994071046836, 71.60147701505863
21.48589236177576, 71.59280570963537
21.53779065250469, 71.58413440421212
21.589688943233615, 71.57546309878887
21.641587233962543, 71.56679179336562
21.693485524691468, 71.55812048794238
21.745383815420396, 71.54944918251911
21.797282106149325, 71.54077787709586
21.84918039687825, 71.53210657167261
21.90107868760718, 71.52343526624936
21.952976978336103, 71.5147639608261
22.00487526906503, 71.50609265540285
22.056773559793957, 71.4974213499796
22.108671850522885, 71.48875004455635
22.160570141251814, 71.48007873913309
22.21246843198074, 71.47140743370984
22.264366722709667, 71.4627361282866
22.316265013438592, 71.45406482286334
22.36816330416752, 71.4453935174401
22.420061594896445, 71.43672221201683
22.471959885625374, 71.42805090659358
22.523858176354302, 71.41937960117033
22.575756467083227, 71.41070829574709
22.627654757812156, 71.40203699032384
22.67955304854108, 71.39336568490057
22.73145133927001, 71.38469437947732
22.783349629998934, 71.37602307405407
22.835247920727863, 71.36735176863083
22.88714621145679, 71.35868046320756
22.939044502185716, 71.35000915778431
22.990942792914645, 71.34133785236106
23.04284108364357, 71.33266654693782
23.094739374372498, 71.32399524151457
23.146637665101423, 71.3153239360913
23.19853595583035, 71.30665263066805
23.25043424655928, 71.2979813252448
23.302332537288205, 71.28931001982156
23.354230828017133, 71.2806387143983
23.40612911874606, 71.27196740897504
23.458027409474987, 71.2632961035518
23.50992570020391, 71.25462479812855
23.56182399093284, 71.2459534927053
23.613722281661765, 71.23728218728203
23.665620572390694, 71.22861088185878
23.717518863119622, 71.21993957643554
23.769417153848547, 71.21126827101229
23.821315444577476, 71.20259696558902
23.8732137353064, 71.19392566016577
23.92511202603533, 71.18525435474253
23.977010316764254, 71.17658304931928
24.028908607493182, 71.16791174389603
24.08080689822211, 71.15924043847276
24.132705188951036, 71.15056913304952
24.184603479679964, 71.14189782762627
24.23650177040889, 71.13322652220302
24.288400061137818, 71.12455521677975
24.340298351866743, 71.1158839113565
24.39219664259567, 71.10721260593326
24.4440949333246, 71.09854130051
24.495993224053525, 71.08986999508676
24.547891514782453, 71.0811986896635
24.599789805511378, 71.07252738424025
24.651688096240306, 71.063856078817
24.70358638696923, 71.05518477339375
24.75548467769816, 71.04651346797048
24.80738296842709, 71.03784216254724
24.859281259156013, 71.02917085712399
24.91117954988494, 71.02049955170074
24.963077840613867, 71.01182824627749
25.014976131342795, 71.00315694085423
25.06687442207172, 70.99448563543098
25.11877271280065, 70.98581433000773
25.170671003529577, 70.97714302458448
25.222569294258502, 70.96847171916122
25.27446758498743, 70.95980041373797
25.326365875716355, 70.95112910831472
25.378264166445284, 70.94245780289147
25.43016245717421, 70.93378649746822
25.482060747903137, 70.92511519204496
25.533959038632066, 70.9164438866217
25.58585732936099, 70.90777258119846
25.63775562008992, 70.89910127577521
25.689653910818844, 70.89042997035195
25.741552201547773, 70.8817586649287
25.793450492276698, 70.87308735950545
25.845348783005626, 70.8644160540822
25.897247073734555, 70.85574474865895
25.94914536446348, 70.84707344323569
26.001043655192408, 70.83840213781244
26.052941945921333, 70.82973083238919
26.10484023665026, 70.82105952696594
26.156738527379186, 70.81238822154268
26.208636818108115, 70.80371691611943
26.260535108837043, 70.79504561069618
26.31243339956597, 70.78637430527293
26.364331690294897, 70.77770299984968
26.41622998102382, 70.76903169442642
26.46812827175275, 70.76036038900317
26.520026562481675, 70.75168908357992
26.571924853210604, 70.74301777815667
26.623823143939532, 70.7343464727334
26.675721434668457, 70.72567516731016
26.727619725397386, 70.71700386188691
26.77951801612631, 70.70833255646366
26.83141630685524, 70.69966125104041
26.883314597584164, 70.69098994561715
26.935212888313092, 70.6823186401939
26.98711117904202, 70.67364733477065
27.039009469770946, 70.6649760293474
27.090907760499874, 70.65630472392414
27.1428060512288, 70.64763341850089
27.194704341957728, 70.63896211307764
27.246602632686653, 70.63029080765439
27.29850092341558, 70.62161950223114
27.35039921414451, 70.61294819680788
27.402297504873435, 70.60427689138463
27.454195795602363, 70.59560558596138
27.506094086331288, 70.58693428053813
27.557992377060216, 70.57826297511488
27.60989066778914, 70.56959166969162
27.66178895851807, 70.56092036426837
27.713687249247, 70.55224905884512
27.765585539975923, 70.54357775342187
27.81748383070485, 70.53490644799861
27.869382121433777, 70.52623514257536
27.921280412162705, 70.51756383715211
27.97317870289163, 70.50889253172886
28.02507699362056, 70.5002212263056
28.076975284349487, 70.49154992088235
28.128873575078412, 70.4828786154591
28.18077186580734, 70.47420731003585
28.232670156536265, 70.4655360046126
28.284568447265194, 70.45686469918934
28.33646673799412, 70.44819339376609
28.388365028723047, 70.43952208834284
28.440263319451976, 70.43085078291959
28.4921616101809, 70.42217947749634
28.54405990090983, 70.41350817207308
28.595958191638754, 70.40483686664983
28.647856482367683, 70.39616556122658
28.699754773096608, 70.38749425580333
28.751653063825536, 70.37882295038007
28.803551354554465, 70.37015164495682
28.85544964528339, 70.36148033953357
28.907347936012318, 70.35280903411032
28.959246226741243, 70.34413772868707
29.01114451747017, 70.33546642326381
29.063042808199096, 70.32679511784056
29.114941098928025, 70.31812381241731
29.166839389656953, 70.30945250699406
29.21873768038588, 70.3007812015708
29.270635971114807, 70.29210989614755
29.32253426184373, 70.2834385907243
29.37443255257266, 70.27476728530105
29.426330843301585, 70.2660959798778
29.478229134030514, 70.25742467445454
29.530127424759442, 70.24875336903129
29.582025715488367, 70.24008206360804
29.633924006217295, 70.2314107581848
29.68582229694622, 70.22273945276153
29.73772058767515, 70.21406814733828
29.789618878404074, 70.20539684191503
29.841517169133002, 70.19672553649178
29.893415459861927, 70.18805423106853
29.945313750590856, 70.17938292564527
29.997212041319784, 70.17071162022202
30.04911033204871, 70.16204031479877
30.101008622777638, 70.15336900937552
30.152906913506563, 70.14469770395226
30.20480520423549, 70.13602639852901
30.256703494964416, 70.12735509310576
30.308601785693345, 70.11868378768251
30.360500076422273, 70.11001248225926
30.412398367151198, 70.101341176836
30.464296657880126, 70.09266987141275
30.51619494860905, 70.0839985659895
30.56809323933798, 70.07532726056625
30.619991530066905, 70.066655955143
30.671889820795833, 70.05798464971974
30.72378811152476, 70.0493133442965
30.775686402253687, 70.04064203887324
30.827584692982615, 70.03197073345
30.87948298371154, 70.02329942802673
30.93138127444047, 70.01462812260348
30.983279565169394, 70.00595681718023
31.035177855898322, 69.99728551175698
31.08707614662725, 69.98861420633372
31.138974437356175, 69.97994290091047
31.190872728085104, 69.97127159548722
31.24277101881403, 69.96260029006397
31.294669309542957, 69.95392898464073
31.346567600271882, 69.94525767921746
31.39846589100081, 69.93658637379421
31.45036418172974, 69.92791506837096
31.502262472458664, 69.91924376294772
31.554160763187593, 69.91057245752445
31.606059053916518, 69.9019011521012
31.657957344645446, 69.89322984667795
31.70985563537437, 69.8845585412547
31.7617539261033, 69.87588723583146
31.813652216832228, 69.8672159304082
31.865550507561153, 69.85854462498494
31.91744879829008, 69.8498733195617
31.969347089019006, 69.84120201413845
32.02124537974793, 69.8325307087152
32.07314367047686, 69.82385940329193
32.12504196120579, 69.81518809786868
32.17694025193472, 69.80651679244544
32.228838542663645, 69.79784548702219
32.28073683339257, 69.78917418159892
32.332635124121495, 69.78050287617567
32.384533414850424, 69.77183157075243
32.43643170557935, 69.76316026532918
32.48832999630828, 69.75448895990591
32.5402282870372, 69.74581765448266
32.59212657776613, 69.73714634905942
32.64402486849506, 69.72847504363617
32.69592315922399, 69.71980373821292
32.74782144995291, 69.71113243278965
32.79971974068184, 69.7024611273664
32.851618031410766, 69.69378982194316
32.903516322139694, 69.6851185165199
32.95541461286862, 69.67644721109664
33.007312903597544, 69.6677759056734
33.05921119432647, 69.65910460025015
33.1111094850554, 69.6504332948269
33.16300777578433, 69.64176198940365
33.21490606651325, 69.63309068398038
33.26680435724218, 69.62441937855714
33.31870264797111, 69.61574807313389
33.370600938700036, 69.60707676771064
33.422499229428965, 69.59840546228739
33.474397520157886, 69.58973415686413
33.526295810886815, 69.58106285144088
33.57819410161574, 69.57239154601763
33.63009239234467, 69.56372024059438
33.6819906830736, 69.55504893517111
33.73388897380252, 69.54637762974787
33.78578726453145, 69.53770632432462
33.83768555526038, 69.52903501890137
33.88958384598931, 69.5203637134781
33.94148213671823, 69.51169240805486
33.99338042744716, 69.5030211026316
34.045278718176085, 69.49434979720836
34.097177008905014, 69.48567849178511
34.14907529963394, 69.47700718636185
34.200973590362864, 69.4683358809386
34.25287188109179, 69.45966457551535
34.30477017182072, 69.4509932700921
34.35666846254965, 69.44232196466885
34.40856675327858, 69.43365065924559
34.4604650440075, 69.42497935382234
34.51236333473643, 69.41630804839909
34.564261625465356, 69.40763674297584
34.616159916194285, 69.39896543755258
34.668058206923206, 69.39029413212933
34.719956497652134, 69.38162282670608
34.77185478838106, 69.37295152128283
34.82375307910999, 69.36428021585958
34.87565136983892, 69.35560891043632
34.92754966056784, 69.34693760501307
34.97944795129677, 69.33826629958982
35.0313462420257, 69.32959499416657
35.08324453275463, 69.3209236887433
35.135142823483555, 69.31225238332006
35.18704111421248, 69.30358107789681
35.238939404941405, 69.29490977247356
35.290837695670334, 69.28623846705031
35.34273598639926, 69.27756716162705
35.39463427712818, 69.2688958562038
35.44653256785711, 69.26022455078055
35.49843085858604, 69.2515532453573
35.55032914931497, 69.24288193993404
35.6022274400439, 69.23421063451079
35.65412573077282, 69.22553932908754
35.70602402150175, 69.21686802366429
35.757922312230676, 69.20819671824104
35.809820602959604, 69.19952541281778
35.86171889368853, 69.19085410739453
35.913617184417454, 69.18218280197128
35.96551547514638, 69.17351149654803
36.01741376587531, 69.16484019112477
36.06931205660424, 69.15616888570152
36.12121034733316, 69.14749758027827
36.17310863806209, 69.13882627485502
36.22500692879102, 69.13015496943177
36.276905219519946, 69.12148366400851
36.328803510248875, 69.11281235858526
36.380701800977796, 69.10414105316201
36.432600091706725, 69.09546974773876
36.48449838243565, 69.0867984423155
36.53639667316458, 69.07812713689225
36.58829496389351, 69.069455831469
36.64019325462243, 69.06078452604575
36.69209154535136, 69.0521132206225
36.74398983608029, 69.04344191519924
36.79588812680922, 69.03477060977599
36.84778641753814, 69.02609930435274
36.89968470826707, 69.01742799892949
36.951582998995995, 69.00875669350623
37.003481289724924, 69.00008538808298
37.05537958045385, 68.99141408265973
37.107277871182774, 68.98274277723648
37.1591761619117, 68.97407147181323
37.21107445264063, 68.96540016638997
37.26297274336956, 68.95672886096672
37.31487103409849, 68.94805755554347
37.36676932482741, 68.93938625012022
37.41866761555634, 68.93071494469697
37.470565906285266, 68.92204363927371
37.522464197014195, 68.91337233385046
37.574362487743116, 68.90470102842721
37.626260778472044, 68.89602972300396
37.67815906920097, 68.8873584175807
37.7300573599299, 68.87868711215745
37.78195565065883, 68.8700158067342
37.83385394138775, 68.86134450131095
37.88575223211668, 68.85267319588769
37.93765052284561, 68.84400189046444
37.98954881357454, 68.83533058504119
38.041447104303465, 68.82665927961794
38.09334539503239, 68.8179879741947
38.145243685761315, 68.80931666877143
38.197141976490244, 68.80064536334818
38.24904026721917, 68.79197405792493
38.30093855794809, 68.78330275250168
38.35283684867702, 68.77463144707843
38.40473513940595, 68.76596014165517
38.45663343013488, 68.75728883623192
38.50853172086381, 68.74861753080867
38.56043001159273, 68.73994622538542
38.61232830232166, 68.73127491996216
38.664226593050586, 68.72260361453891
38.716124883779514, 68.71393230911566
38.76802317450844, 68.70526100369241
38.819921465237364, 68.69658969826915
38.87181975596629, 68.6879183928459
38.92371804669522, 68.67924708742265
38.97561633742415, 68.6705757819994
39.02751462815307, 68.66190447657615
39.079412918882, 68.65323317115289
39.13131120961093, 68.64456186572964
39.183209500339856, 68.6358905603064
39.235107791068785, 68.62721925488314
39.287006081797706, 68.6185479494599
39.338904372526635, 68.60987664403663
39.39080266325556, 68.60120533861338
39.44270095398449, 68.59253403319013
39.49459924471342, 68.58386272776688
39.54649753544234, 68.57519142234362
39.59839582617127, 68.56652011692037
39.6502941169002, 68.55784881149712
39.70219240762913, 68.54917750607387
39.75409069835805, 68.54050620065063
39.80598898908698, 68.53183489522736
39.857887279815905, 68.52316358980411
39.909785570544834, 68.51449228438086
39.96168386127376, 68.50582097895762
40.013582152002684, 68.49714967353435
40.06548044273161, 68.4884783681111
40.11737873346054, 68.47980706268785
40.16927702418947, 68.4711357572646
40.22117531491839, 68.46246445184136
40.27307360564732, 68.45379314641809
40.32497189637625, 68.44512184099484
40.376870187105176, 68.4364505355716
40.428768477834105, 68.42777923014835
40.480666768563026, 68.41910792472508
40.532565059291954, 68.41043661930183
40.58446335002088, 68.40176531387858
40.63636164074981, 68.39309400845534
40.68825993147874, 68.38442270303207
40.74015822220766, 68.37575139760882
40.79205651293659, 68.36708009218557
40.84395480366552, 68.35840878676233
40.89585309439445, 68.34973748133908
40.94775138512337, 68.34106617591581
40.9996496758523, 68.33239487049256
41.051547966581225, 68.32372356506932
41.103446257310154, 68.31505225964607
41.15534454803908, 68.30638095422282
41.207242838768, 68.29770964879955
41.25914112949693, 68.2890383433763
41.31103942022586, 68.28036703795306
41.36293771095479, 68.2716957325298
41.41483600168372, 68.26302442710654
41.46673429241264, 68.2543531216833
41.51863258314157, 68.24568181626005
41.570530873870496, 68.2370105108368
41.622429164599424, 68.22833920541355
41.674327455328346, 68.21966789999028
41.726225746057274, 68.21099659456704
41.7781240367862, 68.20232528914379
41.83002232751513, 68.19365398372054
41.88192061824406, 68.18498267829727
41.93381890897298, 68.17631137287403
41.98571719970191, 68.16764006745078
42.03761549043084, 68.15896876202753
42.089513781159766, 68.15029745660428
42.141412071888695, 68.14162615118101
42.193310362617616, 68.13295484575777
42.245208653346545, 68.12428354033452
42.29710694407547, 68.11561223491127
42.3490052348044, 68.106940929488
42.40090352553332, 68.09826962406476
42.45280181626225, 68.0895983186415
42.50470010699118, 68.08092701321826
42.55659839772011, 68.07225570779501
42.60849668844904, 68.06358440237175
42.66039497917796, 68.0549130969485
42.71229326990689, 68.04624179152525
42.764191560635815, 68.037570486102
42.816089851364744, 68.02889918067874
42.86798814209367, 68.02022787525549
42.919886432822594, 68.01155656983224
42.97178472355152, 68.00288526440899
43.02368301428045, 67.99421395898574
43.07558130500938, 67.98554265356248
43.1274795957383, 67.97687134813923
43.17937788646723, 67.96820004271598
43.23127617719616, 67.95952873729273
43.283174467925086, 67.95085743186947
43.335072758654015, 67.94218612644622
43.386971049382936, 67.93351482102297
43.438869340111864, 67.92484351559972
43.49076763084079, 67.91617221017647
43.54266592156972, 67.9075009047532
43.59456421229865, 67.89882959932996
43.64646250302757, 67.89015829390671
43.6983607937565, 67.88148698848346
43.75025908448543, 67.8728156830602
43.80215737521436, 67.86414437763695
43.85405566594328, 67.8554730722137
43.90595395667221, 67.84680176679045
43.957852247401135, 67.8381304613672
44.00975053813006, 67.82945915594394
44.06164882885899, 67.82078785052069
44.11354711958791, 67.81211654509744
44.16544541031684, 67.80344523967419
44.21734370104577, 67.79477393425094
44.2692419917747, 67.78610262882768
44.32114028250363, 67.77743132340443
44.37303857323255, 67.76876001798118
44.42493686396148, 67.76008871255793
44.476835154690406, 67.75141740713467
44.528733445419334, 67.74274610171142
44.580631736148256, 67.73407479628817
44.632530026877184, 67.72540349086492
44.68442831760611, 67.71673218544166
44.73632660833504, 67.70806088001841
44.78822489906397, 67.69938957459516
44.84012318979289, 67.67757844739057
44.89202148052182, 67.54200755338366
44.94391977125075, 67.40643665937674
44.995818061979676, 67.27086576536983
45.047716352708605, 67.13529487136292
45.099614643437526, 66.99972397735603
45.151512934166455, 66.86415308334911
45.20341122489538, 66.72858218934219
45.25530951562431, 66.59301129533529
45.30720780635323, 66.45744040132838
45.35910609708216, 66.32186950732148
45.41100438781109, 66.18629861331456
45.46290267854002, 66.05072771930766
45.51480096926895, 65.91515682530074
45.56669925999787, 65.77958593129385
45.6185975507268, 65.64401503728693
45.670495841455725, 65.50844414328002
45.722394132184654, 65.37287324927311
45.77429242291358, 65.2373023552662
45.826190713642504, 65.1017314612593
45.87808900437143, 64.96616056725239
45.92998729510036, 64.83058967324547
45.98188558582929, 64.69501877923857
46.03378387655821, 64.55944788523166
46.08568216728714, 64.42387699122476
46.13758045801607, 64.28830609721784
46.189478748744996, 64.15273520321092
46.241377039473925, 64.01716430920402
46.293275330202846, 63.88159341519712
46.345173620931774, 63.74602252119021
46.3970719116607, 63.610451627183295
46.44897020238963, 63.474880733176384
46.50086849311856, 63.33930983916947
46.55276678384748, 63.20373894516258
46.60466507457641, 63.068168051155666
46.65656336530534, 62.932597157148756
46.70846165603427, 62.79702626314184
46.76035994676319, 62.66145536913495
46.81225823749212, 62.52588447512803
46.864156528221045, 62.39031358112112
46.91605481894997, 62.25474268711421
46.9679531096789, 62.1191717931073
47.01985140040782, 61.9836008991004
47.07174969113675, 61.84803000509349
47.12364798186568, 61.712459111086574
47.17554627259461, 61.57688821707966
47.22744456332353, 61.44131732307277
47.27934285405246, 61.305746429065856
47.33124114478139, 61.170175535058945
47.383139435510316, 61.03460464105203
47.435037726239244, 60.89903374704512
47.486936016968166, 60.76346285303823
47.538834307697094, 60.62789195903131
47.59073259842602, 60.4923210650244
47.64263088915495, 60.35675017101749
47.69452917988388, 60.22117927701058
47.7464274706128, 60.08560838300368
47.79832576134173, 59.95003748899677
47.85022405207066, 59.81446659498985
47.902122342799586, 59.67889570098294
47.95402063352851, 59.543324806976045
48.005918924257436, 59.407753912969135
48.057817214986365, 59.272183018962224
48.10971550571529, 59.136612124955306
48.16161379644422, 59.001041230948395
48.21351208717314, 58.8654703369415
48.26541037790207, 58.72989944293459
48.317308668631, 58.59432854892768
48.36920695935993, 58.45875765492077
48.42110525008886, 58.32318676091385
48.47300354081778, 58.18761586690696
48.52490183154671, 58.05204497290005
48.576800122275635, 57.91647407889313
48.628698413004564, 57.78090318488622
48.680596703733485, 57.645332290879324
48.732494994462414, 57.50976139687241
48.78439328519134, 57.3741905028655
48.83629157592027, 57.238619608858585
48.8881898666492, 57.103048714851674
48.94008815737812, 56.96747782084478
48.99198644810705, 56.83190692683787
49.04388473883598, 56.696336032830956
49.095783029564906, 56.56076513882404
49.147681320293835, 56.42519424481713
49.199579611022756, 56.28962335081023
49.251477901751684, 56.15405245680332
49.30337619248061, 56.01848156279641
49.35527448320954, 55.8829106687895
49.40717277393846, 55.7473397747826
49.45907106466739, 55.61176888077569
49.51096935539632, 55.47619798676878
49.56286764612525, 55.34062709276186
49.61476593685418, 55.20505619875495
49.6666642275831, 55.069485304748056
49.71856251831203, 54.933914410741146
49.770460809040955, 54.798343516734235
49.82235909976988, 54.66277262272732
49.87425739049881, 54.52720172872041
49.92615568122773, 54.39163083471351
49.97805397195666, 54.2560599407066
50.02995226268559, 54.12048904669969
50.08185055341452, 53.98491815269278
50.13374884414344, 53.84934725868588
50.18564713487237, 53.71377636467897
50.2375454256013, 53.57820547067206
50.289443716330226, 53.44263457666514
50.341342007059154, 53.30706368265823
50.393240297788076, 53.171492788651335
50.445138588517004, 53.035921894644424
50.49703687924593, 52.900351000637514
50.54893516997486, 52.764780106630596
50.60083346070379, 52.629209212623685
50.65273175143271, 52.49363831861679
50.70463004216164, 52.35806742460988
50.75652833289057, 52.22249653060297
50.808426623619496, 52.08692563659605
50.86032491434842, 51.95135474258916
50.912223205077346, 51.81578384858224
50.964121495806275, 51.68021295457534
51.0160197865352, 51.54464206056842
51.06791807726413, 51.40907116656151
51.11981636799305, 51.273500272554614
51.17171465872198, 51.1379293785477
51.22361294945091, 51.00235848454079
51.27551124017984, 50.866787590533875
51.32740953090877, 50.731216696526964
51.37930782163769, 50.59564580252007
51.43120611236662, 50.46007490851316
51.483104403095545, 50.324504014506246
51.535002693824474, 50.18893312049933
51.586900984553395, 50.05336222649244
51.638799275282324, 49.91779133248552
51.69069756601125, 49.78222043847861
51.74259585674018, 49.6466495444717
51.79449414746911, 49.51107865046478
51.84639243819803, 49.37550775645789
