Parameters: [53.68536387172213, 19.776584198422448, 7.827907937606949, 41.24759088385195, 3.6260510043198027, 0.1760137922446886, -2.8411355941580703]
Points:
0.0, 19.776584198422448
0.05373910297469683, 19.971444926735092
0.10747820594939365, 20.166305655047736
0.16121730892409047, 20.36116638336038
0.2149564118987873, 20.55602711167303
0.26869551487348414, 20.750887839985673
0.32243461784818095, 20.945748568298317
0.3761737208228778, 21.14060929661096
0.4299128237975746, 21.335470024923605
0.4836519267722714, 21.53033075323625
0.5373910297469683, 21.725191481548894
0.5911301327216651, 21.92005220986154
0.6448692356963619, 22.114912938174186
0.6986083386710588, 22.30977366648683
0.7523474416457556, 22.504634394799474
0.8060865446204524, 22.69949512311212
0.8598256475951492, 22.894355851424763
0.9135647505698461, 23.089216579737407
0.9673038535445428, 23.28407730805005
1.0210429565192398, 23.4789380363627
1.0747820594939366, 23.673798764675343
1.1285211624686333, 23.868659492987987
1.1822602654433303, 24.06352022130063
1.235999368418027, 24.258380949613276
1.2897384713927238, 24.45324167792592
1.3434775743674208, 24.648102406238564
1.3972166773421175, 24.842963134551212
1.4509557803168143, 25.037823862863856
1.5046948832915112, 25.2326845911765
1.558433986266208, 25.427545319489145
1.6121730892409047, 25.62240604780179
1.6659121922156017, 25.817266776114437
1.7196512951902985, 26.012127504427077
1.7733903981649952, 26.206988232739725
1.8271295011396922, 26.40184896105237
1.880868604114389, 26.596709689365014
1.9346077070890857, 26.791570417677658
1.9883468100637827, 26.986431145990302
2.0420859130384796, 27.18129187430295
2.095825016013176, 27.37615260261559
2.149564118987873, 27.57101333092824
2.20330322196257, 27.765874059240883
2.2570423249372666, 27.960734787553527
2.3107814279119636, 28.15559551586617
2.3645205308866606, 28.350456244178815
2.418259633861357, 28.54531697249146
2.471998736836054, 28.740177700804104
2.525737839810751, 28.93503842911675
2.5794769427854476, 29.129899157429392
2.6332160457601446, 29.32475988574204
2.6869551487348415, 29.519620614054684
2.740694251709538, 29.71448134236733
2.794433354684235, 29.909342070679976
2.848172457658932, 30.104202798992617
2.9019115606336285, 30.299063527305265
2.9556506636083255, 30.493924255617905
3.0093897665830225, 30.688784983930553
3.063128869557719, 30.883645712243197
3.116867972532416, 31.07850644055584
3.170607075507113, 31.27336716886849
3.2243461784818095, 31.46822789718113
3.2780852814565065, 31.663088625493778
3.3318243844312034, 31.857949353806422
3.3855634874059, 32.052810082119066
3.439302590380597, 32.247670810431714
3.493041693355294, 32.442531538744355
3.5467807963299904, 32.637392267056995
3.6005198993046874, 32.83225299536964
3.6542590022793844, 33.02711372368229
3.707998105254081, 33.22197445199493
3.761737208228778, 33.41683518030758
3.815476311203475, 33.61169590862022
3.8692154141781714, 33.80655663693287
3.9229545171528684, 34.001417365245516
3.9766936201275653, 34.196278093558156
4.030432723102262, 34.391138821870804
4.084171826076959, 34.585999550183445
4.137910929051656, 34.78086027849609
4.191650032026352, 34.97572100680873
4.24538913500105, 35.17058173512138
4.299128237975746, 35.36544246343403
4.352867340950443, 35.56030319174667
4.40660644392514, 35.75516392005932
4.460345546899837, 35.950024648371965
4.514084649874533, 36.144885376684606
4.567823752849231, 36.339746104997246
4.621562855823927, 36.534606833309894
4.675301958798624, 36.72946756162254
4.729041061773321, 36.92432828993519
4.782780164748018, 37.11918901824783
4.836519267722714, 37.31404974656047
4.890258370697412, 37.50891047487312
4.943997473672108, 37.70377120318577
4.997736576646805, 37.89863193149841
5.051475679621502, 38.093492659811055
5.105214782596199, 38.288353388123696
5.158953885570895, 38.48321411643634
5.212692988545593, 38.67807484474899
5.266432091520289, 38.87293557306163
5.320171194494986, 39.06779630137427
5.373910297469683, 39.26265702968692
5.42764940044438, 39.45751775799957
5.481388503419076, 39.65237848631221
5.5351276063937735, 39.84723921462486
5.58886670936847, 40.0420999429375
5.642605812343167, 40.236960671250145
5.696344915317864, 40.43182139956279
5.7500840182925606, 40.62668212787543
5.803823121267257, 40.821542856188074
5.8575622242419545, 41.01640358450072
5.911301327216651, 41.21126431281337
5.9650404301913476, 41.40612504112601
6.018779533166045, 41.60098576943866
6.0725186361407415, 41.7958464977513
6.126257739115438, 41.99070722606395
6.1799968420901354, 42.185567954376594
6.233735945064832, 42.380428682689235
6.2874750480395285, 42.575289411001876
6.341214151014226, 42.770150139314524
6.3949532539889224, 42.96501086762717
6.448692356963619, 43.15987159593982
6.502431459938316, 43.35473232425246
6.556170562913013, 43.5495930525651
6.6099096658877095, 43.74445378087775
6.663648768862407, 43.939314509190396
6.717387871837103, 44.134175237503044
6.7711269748118, 44.32903596581568
6.824866077786497, 44.523896694128325
6.878605180761194, 44.71875742244097
6.93234428373589, 44.91361815075362
6.986083386710588, 45.10847887906626
7.039822489685284, 45.3033396073789
7.093561592659981, 45.49820033569155
7.147300695634678, 45.6930610640042
7.201039798609375, 45.887921792316845
7.254778901584071, 46.082782520629486
7.308518004558769, 46.27764324894213
7.362257107533465, 46.472503977254775
7.415996210508162, 46.66736470556742
7.469735313482859, 46.86222543388007
7.523474416457556, 47.05708616219271
7.577213519432252, 47.25194689050535
7.63095262240695, 47.446807618818
7.684691725381646, 47.64166834713065
7.738430828356343, 47.83652907544329
7.79216993133104, 48.031389803755935
7.845909034305737, 48.1641460785996
7.899648137280433, 48.173604901906
7.953387240255131, 48.183063725212406
8.007126343229828, 48.19252254851881
8.060865446204524, 48.20198137182521
8.114604549179221, 48.211440195131615
8.168343652153919, 48.220899018438026
8.222082755128614, 48.23035784174443
8.275821858103312, 48.23981666505083
8.329560961078009, 48.249275488357235
8.383300064052705, 48.25873431166364
8.437039167027402, 48.26819313497004
8.4907782700021, 48.27765195827645
8.544517372976795, 48.287110781582854
8.598256475951493, 48.29656960488926
8.65199557892619, 48.30602842819566
8.705734681900886, 48.31548725150206
8.759473784875583, 48.324946074808466
8.81321288785028, 48.334404898114876
8.866951990824976, 48.34386372142128
8.920691093799674, 48.35332254472768
8.974430196774371, 48.362781368034085
9.028169299749067, 48.37224019134049
9.081908402723764, 48.38169901464689
9.135647505698461, 48.3911578379533
9.189386608673157, 48.400616661259704
9.243125711647854, 48.41007548456611
9.296864814622552, 48.41953430787251
9.350603917597248, 48.42899313117891
9.404343020571945, 48.43845195448532
9.458082123546642, 48.447910777791726
9.511821226521338, 48.45736960109813
9.565560329496035, 48.46682842440453
9.619299432470733, 48.476287247710935
9.673038535445428, 48.48574607101734
9.726777638420126, 48.49520489432375
9.780516741394823, 48.50466371763015
9.834255844369519, 48.514122540936555
9.887994947344216, 48.52358136424296
9.941734050318914, 48.53304018754936
9.99547315329361, 48.542499010855764
10.049212256268307, 48.551957834162174
10.102951359243004, 48.56141665746858
10.1566904622177, 48.57087548077498
10.210429565192397, 48.58033430408138
10.264168668167095, 48.589793127387786
10.31790777114179, 48.59925195069419
10.371646874116488, 48.6087107740006
10.425385977091185, 48.618169597307
10.47912508006588, 48.627628420613405
10.532864183040578, 48.63708724391981
10.586603286015276, 48.64654606722621
10.640342388989971, 48.656004890532614
10.694081491964669, 48.665463713839024
10.747820594939366, 48.67492253714543
10.801559697914062, 48.68438136045183
10.85529880088876, 48.69384018375823
10.909037903863457, 48.703299007064636
10.962777006838152, 48.71275783037104
11.01651610981285, 48.72221665367745
11.070255212787547, 48.73167547698385
11.123994315762243, 48.741134300290256
11.17773341873694, 48.75059312359666
11.231472521711638, 48.76005194690306
11.285211624686333, 48.769510770209465
11.33895072766103, 48.778969593515875
11.392689830635728, 48.78842841682228
11.446428933610424, 48.79788724012868
11.500168036585121, 48.807346063435084
11.553907139559819, 48.81680488674149
11.607646242534514, 48.82626371004789
11.661385345509212, 48.8357225333543
11.715124448483909, 48.8451813566607
11.768863551458605, 48.854640179967106
11.822602654433302, 48.86409900327351
11.876341757408, 48.87355782657991
11.930080860382695, 48.883016649886315
11.983819963357393, 48.892475473192725
12.03755906633209, 48.90193429649913
12.091298169306786, 48.91139311980553
12.145037272281483, 48.920851943111934
12.19877637525618, 48.93031076641834
12.252515478230876, 48.93976958972474
12.306254581205573, 48.94922841303115
12.359993684180271, 48.95868723633755
12.413732787154967, 48.968146059643956
12.467471890129664, 48.97760488295036
12.521210993104361, 48.98706370625676
12.574950096079057, 48.996522529563165
12.628689199053754, 49.005981352869576
12.682428302028452, 49.01544017617598
12.736167405003147, 49.02489899948238
12.789906507977845, 49.034357822788785
12.843645610952542, 49.04381664609519
12.897384713927238, 49.05327546940159
12.951123816901935, 49.062734292708
13.004862919876633, 49.072193116014404
13.058602022851328, 49.08165193932081
13.112341125826026, 49.09111076262721
13.166080228800723, 49.10056958593361
13.219819331775419, 49.110028409240016
13.273558434750116, 49.119487232546426
13.327297537724814, 49.12894605585283
13.38103664069951, 49.13840487915923
13.434775743674207, 49.147863702465635
13.488514846648904, 49.15732252577204
13.5422539496236, 49.16678134907844
13.595993052598297, 49.17624017238485
13.649732155572995, 49.185698995691254
13.70347125854769, 49.19515781899766
13.757210361522388, 49.20461664230406
13.810949464497085, 49.21407546561046
13.86468856747178, 49.223534288916866
13.918427670446478, 49.23299311222328
13.972166773421176, 49.24245193552968
14.025905876395871, 49.25191075883608
14.079644979370569, 49.261369582142486
14.133384082345266, 49.27082840544889
14.187123185319962, 49.28028722875529
14.24086228829466, 49.2897460520617
14.294601391269357, 49.299204875368105
14.348340494244052, 49.30866369867451
14.40207959721875, 49.31812252198091
14.455818700193447, 49.327581345287314
14.509557803168143, 49.33704016859372
14.56329690614284, 49.34649899190013
14.617036009117538, 49.35595781520653
14.670775112092233, 49.36541663851293
14.72451421506693, 49.374875461819336
14.778253318041628, 49.38433428512574
14.831992421016324, 49.39379310843214
14.885731523991021, 49.40325193173855
14.939470626965718, 49.412710755044955
14.993209729940414, 49.42216957835136
15.046948832915112, 49.43162840165776
15.100687935889809, 49.441087224964164
15.154427038864505, 49.45054604827057
15.208166141839202, 49.46000487157698
15.2619052448139, 49.46946369488338
15.315644347788595, 49.47892251818978
15.369383450763292, 49.488381341496186
15.42312255373799, 49.49784016480259
15.476861656712686, 49.507298988109
15.530600759687383, 49.5167578114154
15.58433986266208, 49.526216634721806
15.638078965636776, 49.53567545802821
15.691818068611473, 49.54513428133461
15.74555717158617, 49.554593104641015
15.799296274560866, 49.56405192794742
15.853035377535564, 49.57351075125383
15.906774480510261, 49.58296957456023
15.960513583484957, 49.592428397866634
16.014252686459656, 49.60188722117304
16.067991789434352, 49.61134604447944
16.121730892409047, 49.62080486778585
16.175469995383747, 49.63026369109225
16.229209098358442, 49.639722514398656
16.282948201333138, 49.64918133770506
16.336687304307837, 49.65864016101146
16.390426407282533, 49.668098984317865
16.44416551025723, 49.677557807624275
16.497904613231928, 49.68701663093068
16.551643716206623, 49.69647545423708
16.60538281918132, 49.705934277543484
16.659121922156018, 49.71539310084989
16.712861025130714, 49.72485192415629
16.76660012810541, 49.7343107474627
16.82033923108011, 49.7437695707691
16.874078334054804, 49.75322839407551
16.9278174370295, 49.76268721738191
16.9815565400042, 49.77214604068831
17.035295642978895, 49.781604863994716
17.08903474595359, 49.791063687301126
17.14277384892829, 49.80052251060753
17.196512951902985, 49.80998133391393
17.25025205487768, 49.819440157220335
17.30399115785238, 49.82889898052674
17.357730260827076, 49.83835780383314
17.41146936380177, 49.84781662713955
17.46520846677647, 49.857275450445954
17.518947569751166, 49.86673427375236
17.57268667272586, 49.87619309705876
17.62642577570056, 49.88565192036516
17.680164878675257, 49.895110743671566
17.733903981649952, 49.904569566977976
17.78764308462465, 49.91402839028438
17.841382187599347, 49.92348721359078
17.895121290574043, 49.932946036897185
17.948860393548742, 49.94240486020359
18.002599496523437, 49.95186368350999
18.056338599498133, 49.9613225068164
18.110077702472832, 49.970781330122804
18.163816805447528, 49.98024015342921
18.217555908422224, 49.98969897673561
18.271295011396923, 49.99915780004201
18.32503411437162, 50.008616623348416
18.378773217346314, 50.01807544665483
18.432512320321013, 50.02753426996123
18.48625142329571, 50.03699309326763
18.539990526270405, 50.046451916574036
18.593729629245104, 50.05591073988044
18.6474687322198, 50.06536956318684
18.701207835194495, 50.07482838649325
18.754946938169194, 50.084287209799655
18.80868604114389, 50.09374603310606
18.862425144118586, 50.10320485641246
18.916164247093285, 50.112663679718864
18.96990335006798, 50.12212250302527
19.023642453042676, 50.13158132633168
19.077381556017375, 50.14104014963808
19.13112065899207, 50.15049897294448
19.184859761966766, 50.159957796250886
19.238598864941466, 50.16941661955729
19.29233796791616, 50.1788754428637
19.346077070890857, 50.1883342661701
19.399816173865556, 50.197793089476505
19.45355527684025, 50.20725191278291
19.507294379814947, 50.21671073608931
19.561033482789647, 50.226169559395714
19.614772585764342, 50.23562838270212
19.668511688739038, 50.24508720600853
19.722250791713737, 50.25454602931493
19.775989894688433, 50.26400485262133
19.82972899766313, 50.27346367592774
19.883468100637828, 50.28292249923414
19.937207203612523, 50.29238132254055
19.99094630658722, 50.30184014584695
20.044685409561918, 50.311298969153356
20.098424512536614, 50.32075779245976
20.15216361551131, 50.33021661576616
20.20590271848601, 50.339675439072565
20.259641821460704, 50.34913426237897
20.3133809244354, 50.35859308568538
20.3671200274101, 50.36805190899178
20.420859130384795, 50.377510732298184
20.47459823335949, 50.38696955560459
20.52833733633419, 50.39642837891099
20.582076439308885, 50.4058872022174
20.63581554228358, 50.4153460255238
20.68955464525828, 50.424804848830206
20.743293748232976, 50.43426367213661
20.79703285120767, 50.44372249544301
20.85077195418237, 50.453181318749415
20.904511057157066, 50.462640142055825
20.95825016013176, 50.47209896536223
21.01198926310646, 50.48155778866863
21.065728366081157, 50.491016611975034
21.119467469055852, 50.50047543528144
21.17320657203055, 50.50993425858784
21.226945675005247, 50.51939308189425
21.280684777979943, 50.52885190520065
21.334423880954642, 50.53831072850706
21.388162983929337, 50.54776955181346
21.441902086904033, 50.55722837511986
21.495641189878732, 50.566687198426266
21.549380292853428, 50.576146021732676
21.603119395828124, 50.58560484503908
21.656858498802823, 50.59506366834548
21.71059760177752, 50.604522491651885
21.764336704752214, 50.61398131495829
21.818075807726913, 50.62344013826469
21.87181491070161, 50.6328989615711
21.925554013676305, 50.642357784877504
21.979293116651004, 50.65181660818391
22.0330322196257, 50.66127543149031
22.086771322600395, 50.67073425479671
22.140510425575094, 50.680193078103116
22.19424952854979, 50.689651901409526
22.247988631524485, 50.69911072471593
22.301727734499185, 50.70856954802233
22.35546683747388, 50.718028371328735
22.409205940448576, 50.72748719463514
22.462945043423275, 50.73694601794154
22.51668414639797, 50.74640484124795
22.570423249372666, 50.755863664554354
22.624162352347366, 50.76532248786076
22.67790145532206, 50.77478131116716
22.731640558296757, 50.78424013447356
22.785379661271456, 50.79369895777997
22.83911876424615, 50.80315778108638
22.892857867220847, 50.81261660439278
22.946596970195547, 50.82207542769918
23.000336073170242, 50.831534251005586
23.054075176144938, 50.84099307431199
23.107814279119637, 50.85045189761839
23.161553382094333, 50.8599107209248
23.21529248506903, 50.869369544231205
23.269031588043728, 50.87882836753761
23.322770691018423, 50.88828719084401
23.37650979399312, 50.897746014150414
23.430248896967818, 50.90720483745682
23.483987999942514, 50.91666366076323
23.53772710291721, 50.92612248406963
23.59146620589191, 50.93558130737603
23.645205308866604, 50.945040130682436
23.6989444118413, 50.95449895398884
23.752683514816, 50.96395777729525
23.806422617790695, 50.97341660060165
23.86016172076539, 50.982875423908055
23.91390082374009, 50.99233424721446
23.967639926714785, 51.00179307052086
24.02137902968948, 51.011251893827264
24.07511813266418, 51.02071071713367
24.128857235638876, 51.03016954044008
24.18259633861357, 51.03962836374648
24.23633544158827, 51.04908718705288
24.290074544562966, 51.05854601035929
24.34381364753766, 51.06800483366569
24.39755275051236, 51.0774636569721
24.451291853487056, 51.0869224802785
24.505030956461752, 51.096381303584906
24.55877005943645, 51.10584012689131
24.612509162411147, 51.11529895019771
24.666248265385843, 51.124757773504115
24.719987368360542, 51.13421659681052
24.773726471335237, 51.14367542011693
24.827465574309933, 51.15313424342333
24.881204677284632, 51.162593066729734
24.934943780259328, 51.17205189003614
24.988682883234024, 51.18151071334254
25.042421986208723, 51.19096953664895
25.09616108918342, 51.20042835995535
25.149900192158114, 51.209887183261756
25.203639295132813, 51.21934600656816
25.25737839810751, 51.22880482987456
25.311117501082204, 51.238263653180965
25.364856604056904, 51.24772247648737
25.4185957070316, 51.25718129979378
25.472334810006295, 51.26664012310018
25.526073912980994, 51.276098946406584
25.57981301595569, 51.28555776971299
25.633552118930385, 51.29501659301939
25.687291221905085, 51.3044754163258
25.74103032487978, 51.313934239632204
25.794769427854476, 51.32339306293861
25.848508530829175, 51.33285188624501
25.90224763380387, 51.34231070955141
25.955986736778566, 51.351769532857816
26.009725839753266, 51.361228356164226
26.06346494272796, 51.37068717947063
26.117204045702657, 51.38014600277703
26.170943148677356, 51.389604826083435
26.22468225165205, 51.39906364938984
26.278421354626747, 51.40852247269624
26.332160457601447, 51.41798129600265
26.385899560576142, 51.427440119309054
26.439638663550838, 51.43689894261546
26.493377766525537, 51.44635776592186
26.547116869500233, 51.45581658922826
26.60085597247493, 51.465275412534666
26.654595075449627, 51.474734235841076
26.708334178424323, 51.48419305914748
26.76207328139902, 51.49365188245388
26.815812384373718, 51.503110705760285
26.869551487348414, 51.51256952906669
26.92329059032311, 51.52202835237309
26.97702969329781, 51.5314871756795
27.030768796272504, 51.540945998985904
27.0845078992472, 51.55040482229231
27.1382470022219, 51.55986364559871
27.191986105196595, 51.56932246890511
27.24572520817129, 51.57878129221152
27.29946431114599, 51.58824011551793
27.353203414120685, 51.59769893882433
27.40694251709538, 51.60715776213073
27.46068162007008, 51.616616585437136
27.514420723044775, 51.62607540874354
27.56815982601947, 51.63553423204994
27.62189892899417, 51.64499305535635
27.675638031968866, 51.654451878662755
27.72937713494356, 51.66391070196916
27.78311623791826, 51.67336952527556
27.836855340892956, 51.682828348581964
27.890594443867652, 51.69228717188837
27.94433354684235, 51.70174599519478
27.998072649817047, 51.71120481850118
28.051811752791743, 51.72066364180758
28.10555085576644, 51.730122465113986
28.159289958741137, 51.73958128842039
28.213029061715833, 51.74904011172679
28.266768164690532, 51.7584989350332
28.320507267665228, 51.767957758339605
28.374246370639923, 51.77741658164601
28.427985473614623, 51.78687540495241
28.48172457658932, 51.796334228258814
28.535463679564014, 51.80579305156522
28.589202782538713, 51.81525187487163
28.64294188551341, 51.82471069817803
28.696680988488104, 51.834169521484434
28.750420091462804, 51.84362834479084
28.8041591944375, 51.85308716809724
28.857898297412195, 51.86254599140364
28.911637400386894, 51.87200481471005
28.96537650336159, 51.881463638016456
29.019115606336285, 51.89092246132286
29.072854709310985, 51.90038128462926
29.12659381228568, 51.909840107935665
29.180332915260376, 51.91929893124207
29.234072018235075, 51.92875775454848
29.28781112120977, 51.93821657785488
29.341550224184466, 51.947675401161284
29.395289327159166, 51.95713422446769
29.44902843013386, 51.96659304777409
29.502767533108557, 51.97605187108049
29.556506636083256, 51.9855106943869
29.61024573905795, 51.994969517693306
29.663984842032647, 52.00442834099971
29.717723945007346, 52.01388716430611
29.771463047982042, 52.023345987612515
29.825202150956738, 52.03280481091892
29.878941253931437, 52.04226363422533
29.932680356906133, 52.05172245753173
29.98641945988083, 52.061181280838134
30.040158562855527, 52.07064010414454
30.093897665830223, 52.08009892745094
30.14763676880492, 52.08955775075734
30.201375871779618, 52.099016574063754
30.255114974754314, 52.10847539737016
30.30885407772901, 52.11793422067656
30.36259318070371, 52.12739304398296
30.416332283678404, 52.136851867289366
30.4700713866531, 52.14631069059577
30.5238104896278, 52.15576951390218
30.577549592602494, 52.16522833720858
30.63128869557719, 52.174687160514985
30.68502779855189, 52.18414598382139
30.738766901526585, 52.19360480712779
30.79250600450128, 52.2030636304342
30.84624510747598, 52.212522453740604
30.899984210450675, 52.22198127704701
30.95372331342537, 52.23144010035341
31.00746241640007, 52.24089892365981
31.061201519374766, 52.250357746966216
31.11494062234946, 52.25981657027262
31.16867972532416, 52.26927539357903
31.222418828298856, 52.27873421688543
31.276157931273552, 52.288193040191835
31.32989703424825, 52.29765186349824
31.383636137222947, 52.30711068680464
31.437375240197643, 52.31656951011105
31.49111434317234, 52.326028333417455
31.544853446147037, 52.33548715672386
31.598592549121733, 52.34494598003026
31.652331652096432, 52.354404803336664
31.706070755071128, 52.36386362664307
31.759809858045823, 52.37332244994947
31.813548961020523, 52.38278127325588
31.86728806399522, 52.39224009656228
31.921027166969914, 52.401698919868686
31.974766269944613, 52.41115774317509
32.02850537291931, 52.4206165664815
32.08224447589401, 52.4300753897879
32.135983578868704, 52.439534213094305
32.1897226818434, 52.44899303640071
32.243461784818095, 52.45845185970711
32.29720088779279, 52.467910683013514
32.35093999076749, 52.47736950631992
32.40467909374219, 52.48682832962633
32.458418196716885, 52.49628715293273
32.51215729969158, 52.50574597623913
32.565896402666276, 52.515204799545536
32.61963550564097, 52.52466362285194
32.673374608615674, 52.53412244615835
32.72711371159037, 52.54358126946475
32.780852814565066, 52.553040092771155
32.83459191753976, 52.56249891607756
32.88833102051446, 52.57195773938396
32.94207012348915, 52.581416562690364
32.995809226463855, 52.59087538599677
33.04954832943855, 52.60033420930318
33.10328743241325, 52.60979303260958
33.15702653538794, 52.619251855915984
33.21076563836264, 52.62871067922239
33.26450474133733, 52.63816950252879
33.318243844312036, 52.6476283258352
33.37198294728673, 52.6570871491416
33.42572205026143, 52.666545972448006
33.47946115323612, 52.67600479575441
33.53320025621082, 52.68546361906081
33.586939359185514, 52.694922442367215
33.64067846216022, 52.70438126567362
33.69441756513491, 52.71384008898003
33.74815666810961, 52.72329891228643
33.801895771084304, 52.732757735592834
33.855634874059, 52.74221655889924
33.909373977033695, 52.75167538220564
33.9631130800084, 52.76113420551205
34.016852182983094, 52.77059302881845
34.07059128595779, 52.780051852124856
34.124330388932485, 52.78951067543126
34.17806949190718, 52.79896949873766
34.231808594881876, 52.808428322044065
34.28554769785658, 52.81788714535047
34.339286800831275, 52.82734596865688
34.39302590380597, 52.83680479196328
34.446765006780666, 52.846263615269685
34.50050410975536, 52.85572243857609
34.55424321273006, 52.86518126188249
34.60798231570476, 52.8746400851889
34.661721418679456, 52.884098908495304
34.71546052165415, 52.89355773180171
34.76919962462885, 52.90301655510811
34.82293872760354, 52.91247537841451
34.87667783057824, 52.921934201720916
34.93041693355294, 52.93139302502732
34.98415603652764, 52.94085184833373
35.03789513950233, 52.95031067164013
35.09163424247703, 52.959769494946535
35.14537334545172, 52.96922831825294
35.19911244842642, 52.97868714155934
35.25285155140112, 52.98814596486575
35.30659065437582, 52.997604788172154
35.36032975735051, 53.00706361147856
35.41406886032521, 53.01652243478496
35.467807963299904, 53.02598125809136
35.5215470662746, 53.035440081397766
35.5752861692493, 53.04489890470417
35.629025272224, 53.05435772801058
35.682764375198694, 53.06381655131698
35.73650347817339, 53.073275374623385
35.790242581148085, 53.08273419792979
35.84398168412278, 53.09219302123619
35.897720787097484, 53.1016518445426
35.95145989007218, 53.111110667849005
36.005198993046875, 53.12056949115541
36.05893809602157, 53.13002831446181
36.112677198996266, 53.139487137768214
36.16641630197096, 53.14894596107462
36.220155404945665, 53.15840478438103
36.27389450792036, 53.16786360768743
36.327633610895056, 53.17732243099383
36.38137271386975, 53.186781254300236
36.43511181684445, 53.19624007760664
36.48885091981914, 53.20569890091304
36.542590022793846, 53.21515772421945
36.59632912576854, 53.224616547525855
36.65006822874324, 53.23407537083226
36.70380733171793, 53.24353419413866
36.75754643469263, 53.252993017445064
36.811285537667324, 53.26245184075147
36.86502464064203, 53.27191066405788
36.91876374361672, 53.28136948736428
36.97250284659142, 53.29082831067068
37.02624194956611, 53.300287133977086
37.07998105254081, 53.30974595728349
37.133720155515505, 53.31920478058989
37.18745925849021, 53.3286636038963
37.2411983614649, 53.338122427202705
37.2949374644396, 53.34758125050911
37.348676567414294, 53.35704007381551
37.40241567038899, 53.366498897121915
37.456154773363686, 53.37595772042832
37.50989387633839, 53.38541654373473
37.563632979313084, 53.39487536704113
37.61737208228778, 53.404334190347534
37.671111185262475, 53.41379301365394
37.72485028823717, 53.42325183696034
37.77858939121187, 53.43271066026674
37.83232849418657, 53.44216948357315
37.886067597161265, 53.451628306879556
37.93980670013596, 53.46108713018596
37.993545803110656, 53.47054595349236
38.04728490608535, 53.480004776798765
38.10102400906005, 53.48946360010517
38.15476311203475, 53.49892242341158
38.208502215009446, 53.50838124671798
38.26224131798414, 53.517840070024384
38.31598042095884, 53.52729889333079
38.36971952393353, 53.53675771663719
38.42345862690823, 53.54621653994359
38.47719772988293, 53.55567536325
38.53093683285763, 53.565134186556406
38.58467593583232, 53.57459300986281
38.63841503880702, 53.58405183316921
38.692154141781714, 53.593510656475615
38.74589324475641, 53.60296947978202
38.79963234773111, 53.61242830308843
38.85337145070581, 53.62188712639483
38.9071105536805, 53.631345949701235
38.9608496566552, 53.64080477300764
39.014588759629895, 53.65026359631404
39.06832786260459, 53.659722419620444
39.12206696557929, 53.669181242926854
39.17580606855399, 53.67864006623326
39.229545171528684, 53.68809888953966
39.28328427450338, 53.69755771284606
39.337023377478076, 53.707016536152466
39.39076248045277, 53.71647535945887
39.444501583427474, 53.72593418276528
39.49824068640217, 53.73539300607168
39.551979789376865, 53.744851829378085
39.60571889235156, 53.75431065268449
39.65945799532626, 53.76376947599089
39.71319709830095, 53.773228299297294
39.766936201275655, 53.782687122603704
39.82067530425035, 53.79214594591011
39.874414407225046, 53.80160476921651
39.92815351019974, 53.81106359252291
39.98189261317444, 53.820522415829316
40.03563171614913, 53.82998123913572
40.089370819123836, 53.83944006244213
40.14310992209853, 53.84889888574853
40.19684902507323, 53.858357709054935
40.25058812804792, 53.86781653236134
40.30432723102262, 53.87727535566774
40.358066333997314, 53.886734178974145
40.41180543697202, 53.896193002280555
40.46554453994671, 53.90565182558696
40.51928364292141, 53.91511064889336
40.573022745896104, 53.924569472199764
40.6267618488708, 53.93402829550617
40.680500951845495, 53.94348711881257
40.7342400548202, 53.95294594211898
40.787979157794894, 53.96240476542538
40.84171826076959, 53.971863588731786
40.895457363744285, 53.98132241203819
40.94919646671898, 53.99078123534459
41.002935569693676, 54.000240058650995
41.05667467266838, 54.009698881957405
41.110413775643075, 54.01915770526381
41.16415287861777, 54.02861652857021
41.217891981592466, 54.038075351876614
41.27163108456716, 53.975001298346115
41.32537018754186, 53.82232122008658
41.37910929051656, 53.66964114182703
41.432848393491255, 53.51696106356749
41.48658749646595, 53.364280985307964
41.54032659944065, 53.21160090704843
41.59406570241534, 53.05892082878889
41.64780480539004, 52.90624075052936
41.70154390836474, 52.753560672269806
41.755283011339436, 52.60088059401027
41.80902211431413, 52.44820051575074
41.86276121728883, 52.295520437491206
41.91650032026352, 52.14284035923167
41.97023942323822, 51.99016028097214
42.02397852621292, 51.837480202712584
42.07771762918762, 51.68480012445305
42.13145673216231, 51.53212004619352
42.18519583513701, 51.37943996793398
42.238934938111704, 51.22675988967445
42.2926740410864, 51.07407981141492
42.3464131440611, 50.92139973315536
42.4001522470358, 50.76871965489583
42.453891350010494, 50.6160395766363
42.50763045298519, 50.46335949837676
42.561369555959885, 50.310679420117225
42.61510865893458, 50.157999341857696
42.668847761909284, 50.00531926359814
42.72258686488398, 49.85263918533861
42.776325967858675, 49.699959107079074
42.83006507083337, 49.54727902881954
42.883804173808066, 49.39459895056001
42.93754327678276, 49.241918872300474
42.991282379757465, 49.08923879404092
43.04502148273216, 48.93655871578139
43.098760585706856, 48.78387863752185
43.15249968868155, 48.631198559262316
43.20623879165625, 48.47851848100279
43.25997789463094, 48.32583840274325
43.313716997605646, 48.173158324483694
43.36745610058034, 48.020478246224165
43.42119520355504, 47.86779816796463
43.47493430652973, 47.71511808970509
43.52867340950443, 47.562438011445565
43.582412512479124, 47.40975793318603
43.63615161545383, 47.25707785492648
43.68989071842852, 47.10439777666694
43.74362982140322, 46.95171769840741
43.79736892437791, 46.79903762014787
43.85110802735261, 46.64635754188834
43.904847130327305, 46.493677463628806
43.95858623330201, 46.34099738536925
44.0123253362767, 46.18831730710972
44.0660644392514, 46.035637228850184
44.119803542226094, 45.882957150590656
44.17354264520079, 45.73027707233112
44.227281748175486, 45.577596994071584
44.28102085115019, 45.424916915812034
44.334759954124884, 45.2722368375525
44.38849905709958, 45.11955675929296
44.442238160074275, 44.966876681033426
44.49597726304897, 44.8141966027739
44.54971636602367, 44.66151652451436
44.60345546899837, 44.50883644625481
44.657194571973065, 44.356156367995276
44.71093367494776, 44.20347628973574
44.764672777922456, 44.05079621147621
44.81841188089715, 43.898116133216675
44.87215098387185, 43.74543605495714
44.92589008684655, 43.59275597669759
44.979629189821246, 43.44007589843805
45.03336829279594, 43.28739582017852
45.08710739577064, 43.13471574191899
45.14084649874533, 42.98203566365945
45.19458560172003, 42.82935558539992
45.24832470469473, 42.67667550714037
45.30206380766943, 42.52399542888083
45.35580291064412, 42.3713153506213
45.40954201361882, 42.218635272361766
45.463281116593514, 42.06595519410223
45.51702021956821, 41.913275115842694
45.57075932254291, 41.760595037583144
45.62449842551761, 41.60791495932361
45.6782375284923, 41.45523488106407
45.731976631467, 41.30255480280454
45.785715734441695, 41.14987472454501
45.83945483741639, 40.99719464628548
45.89319394039109, 40.84451456802592
45.94693304336579, 40.691834489766386
46.000672146340484, 40.53915441150686
46.05441124931518, 40.38647433324732
46.108150352289876, 40.233794254987785
46.16188945526457, 40.08111417672825
46.215628558239274, 39.9284340984687
46.26936766121397, 39.77575402020916
46.323106764188665, 39.623073941949635
46.37684586716336, 39.4703938636901
46.43058497013806, 39.31771378543056
46.48432407311275, 39.165033707171034
46.538063176087455, 39.01235362891148
46.59180227906215, 38.85967355065195
46.645541382036846, 38.70699347239241
46.69928048501154, 38.554313394132876
46.75301958798624, 38.40163331587334
46.80675869096093, 38.24895323761381
46.860497793935636, 38.096273159354254
46.91423689691033, 37.94359308109472
46.96797599988503, 37.79091300283519
47.02171510285972, 37.638232924575654
47.07545420583442, 37.485552846316125
47.129193308809114, 37.33287276805659
47.18293241178382, 37.18019268979704
47.23667151475851, 37.0275126115375
47.29041061773321, 36.87483253327797
47.344149720707904, 36.72215245501843
47.3978888236826, 36.569472376758895
47.451627926657295, 36.41679229849937
47.505367029632, 36.26411222023981
47.55910613260669, 36.11143214198027
47.61284523558139, 35.958752063720745
47.666584338556085, 35.806071985461216
47.72032344153078, 35.65339190720168
47.774062544505476, 35.500711828942144
47.82780164748018, 35.348031750682594
47.881540750454874, 35.19535167242306
47.93527985342957, 35.04267159416352
47.989018956404266, 34.889991515903986
48.04275805937896, 34.73731143764445
48.09649716235366, 34.58463135938492
48.15023626532836, 34.431951281125365
48.203975368303055, 34.279271202865836
48.25771447127775, 34.1265911246063
48.31145357425245, 33.97391104634677
48.36519267722714, 33.821230968087235
48.41893178020184, 33.6685508898277
48.47267088317654, 33.51587081156815
48.526409986151236, 33.36319073330861
48.58014908912593, 33.21051065504908
48.63388819210063, 33.05783057678954
48.68762729507532, 32.90515049853001
48.74136639805002, 32.75247042027048
48.79510550102472, 32.59979034201092
48.84884460399942, 32.44711026375139
48.90258370697411, 32.29443018549186
48.95632280994881, 32.141750107232326
49.010061912923504, 31.98907002897279
49.0638010158982, 31.836389950713258
49.1175401188729, 31.683709872453704
49.1712792218476, 31.53102979419417
49.225018324822294, 31.378349715934636
49.27875742779699, 31.2256696376751
49.332496530771685, 31.072989559415568
49.38623563374638, 30.920309481156036
49.439974736721084, 30.767629402896482
49.49371383969578, 30.614949324636946
49.547452942670475, 30.462269246377414
49.60119204564517, 30.30958916811788
49.654931148619866, 30.156909089858345
49.70867025159456, 30.004229011598813
49.762409354569265, 29.85154893333926
49.81614845754396, 29.698868855079724
49.869887560518656, 29.54618877682019
49.92362666349335, 29.39350869856066
49.97736576646805, 29.240828620301123
50.03110486944274, 29.08814854204159
50.084843972417445, 28.935468463782037
50.13858307539214, 28.782788385522505
50.19232217836684, 28.63010830726297
50.24606128134153, 28.477428229003436
50.29980038431623, 28.324748150743904
50.353539487290924, 28.172068072484368
50.407278590265626, 28.019387994224815
50.46101769324032, 27.866707915965282
50.51475679621502, 27.714027837705746
50.56849589918971, 27.561347759446214
50.62223500216441, 27.40866768118668
50.675974105139105, 27.255987602927146
50.72971320811381, 27.103307524667592
50.7834523110885, 26.95062744640806
50.8371914140632, 26.797947368148527
50.890930517037894, 26.64526728988899
50.94466962001259, 26.49258721162946
50.998408722987286, 26.339907133369923
51.05214782596199, 26.18722705511037
51.105886928936684, 26.034546976850837
51.15962603191138, 25.881866898591305
51.213365134886075, 25.72918682033177
51.26710423786077, 25.576506742072237
51.32084334083547, 25.423826663812704
51.37458244381017, 25.27114658555315
51.428321546784865, 25.118466507293615
51.48206064975956, 24.965786429034083
51.535799752734256, 24.813106350774547
51.58953885570895, 24.660426272515014
51.64327795868365, 24.507746194255482
51.69701706165835, 24.35506611599593
51.750756164633046, 24.202386037736392
51.80449526760774, 24.04970595947686
51.85823437058244, 23.897025881217328
51.91197347355713, 23.744345802957792
51.96571257653183, 23.59166572469826
52.01945167950653, 23.438985646438706
52.07319078248123, 23.286305568179174
52.12692988545592, 23.133625489919638
52.18066898843062, 22.980945411660105
52.234408091405314, 22.82826533340057
52.28814719438001, 22.675585255141037
52.34188629735471, 22.522905176881483
52.39562540032941, 22.37022509862195
52.4493645033041, 22.217545020362415
52.5031036062788, 22.064864942102883
52.556842709253495, 21.91218486384335
52.61058181222819, 21.759504785583815
52.66432091520289, 21.606824707324265
52.71806001817759, 21.45414462906473
52.771799121152284, 21.301464550805193
52.82553822412698, 21.148784472545664
52.879277327101676, 20.996104394286128
52.93301643007637, 20.843424316026592
52.986755533051074, 20.690744237767042
53.04049463602577, 20.538064159507506
53.094233739000465, 20.38538408124797
53.14797284197516, 20.23270400298844
53.20171194494986, 20.080023924728906
53.25545104792455, 19.92734384646937
53.309190150899255, 19.77466376820982
53.36292925387395, 19.621983689950284
53.416668356848646, 19.469303611690748
53.47040745982334, 19.31662353343122
53.52414656279804, 19.163943455171683
53.57788566577273, 19.011263376912147
53.631624768747436, 18.858583298652597
53.68536387172213, 18.70590322039306
