Parameters: [54.7520536528767, 22.070773368755106, 11.432751419923113, 38.34679012861899, 4.17449815335739, -0.10962031654806426, -2.636412597941868]
Points:
0.0, 22.070773368755106
0.054806860513390086, 22.29956450675957
0.10961372102678017, 22.52835564476403
0.16442058154017025, 22.757146782768494
0.21922744205356035, 22.985937920772958
0.27403430256695044, 23.214729058777422
0.3288411630803405, 23.443520196781883
0.3836480235937306, 23.672311334786347
0.4384548841071207, 23.90110247279081
0.49326174462051076, 24.12989361079527
0.5480686051339009, 24.358684748799735
0.602875465647291, 24.5874758868042
0.657682326160681, 24.81626702480866
0.7124891866740711, 25.045058162813124
0.7672960471874612, 25.273849300817588
0.8221029077008513, 25.50264043882205
0.8769097682142414, 25.731431576826512
0.9317166287276315, 25.960222714830977
0.9865234892410215, 26.189013852835437
1.0413303497544117, 26.4178049908399
1.0961372102678018, 26.646596128844365
1.1509440707811918, 26.875387266848826
1.205750931294582, 27.10417840485329
1.260557791807972, 27.332969542857754
1.315364652321362, 27.561760680862214
1.3701715128347522, 27.790551818866682
1.4249783733481423, 28.019342956871142
1.4797852338615323, 28.248134094875606
1.5345920943749225, 28.47692523288007
1.5893989548883125, 28.70571637088453
1.6442058154017025, 28.934507508888995
1.6990126759150928, 29.16329864689346
1.7538195364284828, 29.39208978489792
1.8086263969418728, 29.620880922902384
1.863433257455263, 29.849672060906848
1.918240117968653, 30.078463198911308
1.973046978482043, 30.307254336915772
2.027853838995433, 30.536045474920236
2.0826606995088235, 30.764836612924697
2.1374675600222135, 30.99362775092916
2.1922744205356035, 31.222418888933625
2.2470812810489935, 31.451210026938085
2.3018881415623835, 31.68000116494255
2.3566950020757735, 31.908792302947013
2.411501862589164, 32.137583440951474
2.466308723102554, 32.36637457895594
2.521115583615944, 32.5951657169604
2.575922444129334, 32.82395685496486
2.630729304642724, 33.05274799296933
2.685536165156114, 33.28153913097379
2.7403430256695045, 33.51033026897825
2.7951498861828945, 33.73912140698272
2.8499567466962845, 33.96791254498718
2.9047636072096745, 34.19670368299164
2.9595704677230645, 34.42549482099611
3.0143773282364545, 34.65428595900057
3.069184188749845, 34.88307709700503
3.123991049263235, 35.111868235009496
3.178797909776625, 35.340659373013956
3.233604770290015, 35.56945051101842
3.288411630803405, 35.798241649022884
3.343218491316795, 36.027032787027345
3.3980253518301855, 36.255823925031805
3.4528322123435755, 36.48461506303627
3.5076390728569655, 36.71340620104073
3.5624459333703555, 36.942197339045194
3.6172527938837455, 37.17098847704966
3.672059654397136, 37.39977961505412
3.726866514910526, 37.62857075305859
3.781673375423916, 37.85736189106305
3.836480235937306, 38.08615302906752
3.891287096450696, 38.31494416707197
3.946093956964086, 38.54373530507644
4.0009008174774765, 38.772526443080906
4.055707677990866, 39.00131758108536
4.1105145385042565, 39.23010871908983
4.165321399017647, 39.458899857094295
4.2201282595310365, 39.68769099509875
4.274935120044427, 39.916482133103216
4.329741980557817, 40.145273271107676
4.384548841071207, 40.374064409112144
4.439355701584597, 40.602855547116604
4.494162562097987, 40.83164668512107
4.5489694226113775, 41.06043782312553
4.603776283124767, 41.28922896112999
4.6585831436381575, 41.51802009913446
4.713390004151547, 41.746811237138914
4.7681968646649375, 41.97560237514338
4.823003725178328, 42.20439351314785
4.8778105856917175, 42.43318465115231
4.932617446205108, 42.66197578915677
4.987424306718498, 42.89076692716124
5.042231167231888, 43.1195580651657
5.097038027745278, 43.34834920317016
5.151844888258668, 43.577140341174626
5.2066517487720585, 43.80593147917909
5.261458609285448, 44.03472261718355
5.3162654697988385, 44.263513755188015
5.371072330312228, 44.49230489319247
5.4258791908256185, 44.721096031196936
5.480686051339009, 44.9498871692014
5.535492911852399, 45.178678307205864
5.590299772365789, 45.407469445210324
5.645106632879179, 45.63626058321479
5.699913493392569, 45.86505172121925
5.7547203539059595, 46.09384285922371
5.809527214419349, 46.32263399722818
5.8643340749327395, 46.55142513523264
5.919140935446129, 46.7802162732371
5.9739477959595195, 47.00900741124157
6.028754656472909, 47.23779854924603
6.0835615169862995, 47.46658968725049
6.13836837749969, 47.69538082525496
6.19317523801308, 47.92417196325942
6.24798209852647, 48.15296310126388
6.30278895903986, 48.381754239268346
6.35759581955325, 48.61054537727281
6.4124026800666405, 48.839336515277274
6.46720954058003, 49.068127653281735
6.5220164010934205, 49.2969187912862
6.57682326160681, 49.525709929290656
6.6316301221202005, 49.754501067295124
6.68643698263359, 49.983292205299584
6.7412438431469806, 50.212083343304045
6.796050703660371, 50.44087448130851
6.850857564173761, 50.66966561931297
6.905664424687151, 50.89845675731744
6.960471285200541, 51.1272478953219
7.015278145713931, 51.35603903332637
7.0700850062273215, 51.58483017133083
7.124891866740711, 51.81362130933529
7.1796987272541015, 52.04241244733976
7.234505587767491, 52.27120358534421
7.2893124482808815, 52.49999472334868
7.344119308794272, 52.728785861353145
7.398926169307662, 52.9575769993576
7.453733029821052, 53.18636813736207
7.508539890334442, 53.415159275366534
7.563346750847832, 53.643950413370995
7.618153611361222, 53.872741551375455
7.672960471874612, 54.10153268937992
7.7277673323880025, 54.33032382738438
7.782574192901392, 54.559114965388844
7.8373810534147825, 54.78790610339331
7.892187913928172, 55.01669724139777
7.9469947744415625, 55.24548837940223
8.001801634954953, 55.4742795174067
8.056608495468343, 55.70307065541116
8.111415355981732, 55.93186179341562
8.166222216495123, 56.16065293142009
8.221029077008513, 56.38944406942455
8.275835937521903, 56.61823520742901
8.330642798035294, 56.84702634543348
8.385449658548684, 57.07581748343794
8.440256519062073, 57.3046086214424
8.495063379575463, 57.53339975944686
8.549870240088854, 57.762190897451326
8.604677100602244, 57.99098203545579
8.659483961115633, 58.21977317346025
8.714290821629024, 58.44856431146472
8.769097682142414, 58.67735544946918
8.823904542655804, 58.90614658747364
8.878711403169193, 59.1349377254781
8.933518263682585, 59.36372886348257
8.988325124195974, 59.59252000148703
9.043131984709364, 59.82131113949149
9.097938845222755, 60.05010227749596
9.152745705736145, 60.27889341550042
9.207552566249534, 60.50768455350488
9.262359426762925, 60.73647569150935
9.317166287276315, 60.96526682951381
9.371973147789705, 61.19405796751827
9.426780008303094, 61.42284910552273
9.481586868816485, 61.6516402435272
9.536393729329875, 61.88043138153166
9.591200589843265, 62.10922251953612
9.646007450356656, 62.338013657540586
9.700814310870046, 62.56680479554505
9.755621171383435, 62.795595933549514
9.810428031896825, 63.024387071553974
9.865234892410216, 63.25317820955844
9.920041752923606, 63.4819693475629
9.974848613436995, 63.71076048556736
10.029655473950386, 63.93955162357183
10.084462334463776, 64.1683427615763
10.139269194977166, 64.39713389958075
10.194076055490555, 64.6259250375852
10.248882916003947, 64.85471617558969
10.303689776517336, 65.08350731359414
10.358496637030726, 65.3122984515986
10.413303497544117, 65.54108958960308
10.468110358057507, 65.76988072760753
10.522917218570896, 65.99867186561198
10.577724079084287, 66.22746300361646
10.632530939597677, 66.45625414162092
10.687337800111067, 66.68504527962537
10.742144660624456, 66.91383641762984
10.796951521137848, 67.1426275556343
10.851758381651237, 67.37141869363877
10.906565242164627, 67.60020983164324
10.961372102678018, 67.8290009696477
11.016178963191408, 68.05779210765216
11.070985823704797, 68.28658324565663
11.125792684218187, 68.51537438366108
11.180599544731578, 68.74416552166555
11.235406405244968, 68.97295665967002
11.290213265758357, 69.20174779767447
11.345020126271748, 69.43053893567894
11.399826986785138, 69.6593300736834
11.454633847298528, 69.7943743004025
11.509440707811919, 69.788366355004
11.564247568325309, 69.78235840960552
11.619054428838698, 69.77635046420704
11.673861289352088, 69.77034251880856
11.728668149865479, 69.76433457341007
11.783475010378869, 69.75832662801159
11.838281870892258, 69.75231868261311
11.89308873140565, 69.74631073721461
11.947895591919039, 69.74030279181613
12.002702452432429, 69.73429484641765
12.057509312945818, 69.72828690101917
12.11231617345921, 69.72227895562068
12.167123033972599, 69.7162710102222
12.221929894485989, 69.71026306482372
12.27673675499938, 69.70425511942524
12.33154361551277, 69.69824717402675
12.38635047602616, 69.69223922862827
12.44115733653955, 69.68623128322979
12.49596419705294, 69.68022333783131
12.55077105756633, 69.67421539243281
12.60557791807972, 69.66820744703433
12.66038477859311, 69.66219950163585
12.7151916391065, 69.65619155623737
12.76999849961989, 69.65018361083888
12.824805360133281, 69.6441756654404
12.87961222064667, 69.63816772004192
12.93441908116006, 69.63215977464344
12.98922594167345, 69.62615182924495
13.044032802186841, 69.62014388384647
13.09883966270023, 69.61413593844799
13.15364652321362, 69.60812799304951
13.208453383727011, 69.60212004765101
13.263260244240401, 69.59611210225253
13.31806710475379, 69.59010415685405
13.37287396526718, 69.58409621145557
13.427680825780572, 69.57808826605708
13.482487686293961, 69.5720803206586
13.53729454680735, 69.56607237526012
13.592101407320742, 69.56006442986164
13.646908267834132, 69.55405648446315
13.701715128347521, 69.54804853906467
13.756521988860912, 69.54204059366619
13.811328849374302, 69.5360326482677
13.866135709887692, 69.53002470286921
13.920942570401081, 69.52401675747073
13.975749430914473, 69.51800881207225
14.030556291427862, 69.51200086667377
14.085363151941252, 69.50599292127528
14.140170012454643, 69.4999849758768
14.194976872968033, 69.49397703047832
14.249783733481422, 69.48796908507984
14.304590593994812, 69.48196113968135
14.359397454508203, 69.47595319428287
14.414204315021593, 69.46994524888439
14.469011175534982, 69.4639373034859
14.523818036048374, 69.45792935808741
14.578624896561763, 69.45192141268893
14.633431757075153, 69.44591346729045
14.688238617588544, 69.43990552189197
14.743045478101934, 69.43389757649348
14.797852338615323, 69.427889631095
14.852659199128713, 69.42188168569652
14.907466059642104, 69.41587374029804
14.962272920155494, 69.40986579489955
15.017079780668883, 69.40385784950107
15.071886641182275, 69.39784990410259
15.126693501695664, 69.3918419587041
15.181500362209054, 69.38583401330561
15.236307222722443, 69.37982606790713
15.291114083235835, 69.37381812250865
15.345920943749224, 69.36781017711016
15.400727804262614, 69.36180223171168
15.455534664776005, 69.3557942863132
15.510341525289395, 69.34978634091472
15.565148385802784, 69.34377839551622
15.619955246316174, 69.33777045011774
15.674762106829565, 69.33176250471926
15.729568967342955, 69.32575455932079
15.784375827856344, 69.31974661392229
15.839182688369736, 69.31373866852381
15.893989548883125, 69.30773072312533
15.948796409396515, 69.30172277772685
16.003603269909906, 69.29571483232836
16.058410130423294, 69.28970688692988
16.113216990936685, 69.2836989415314
16.168023851450076, 69.27769099613292
16.222830711963464, 69.27168305073442
16.277637572476856, 69.26567510533594
16.332444432990247, 69.25966715993746
16.387251293503635, 69.25365921453898
16.442058154017026, 69.24765126914049
16.496865014530417, 69.24164332374201
16.551671875043805, 69.23563537834353
16.606478735557197, 69.22962743294505
16.661285596070588, 69.22361948754656
16.716092456583976, 69.21761154214808
16.770899317097367, 69.2116035967496
16.825706177610755, 69.20559565135112
16.880513038124146, 69.19958770595262
16.935319898637538, 69.19357976055414
16.990126759150925, 69.18757181515566
17.044933619664317, 69.18156386975718
17.099740480177708, 69.17555592435869
17.154547340691096, 69.16954797896021
17.209354201204487, 69.16354003356173
17.26416106171788, 69.15753208816325
17.318967922231266, 69.15152414276476
17.373774782744658, 69.14551619736628
17.42858164325805, 69.1395082519678
17.483388503771437, 69.13350030656932
17.538195364284828, 69.12749236117082
17.59300222479822, 69.12148441577234
17.647809085311607, 69.11547647037386
17.702615945825, 69.10946852497538
17.757422806338386, 69.10346057957689
17.812229666851778, 69.09745263417841
17.86703652736517, 69.09144468877993
17.921843387878557, 69.08543674338145
17.976650248391948, 69.07942879798296
18.03145710890534, 69.07342085258448
18.086263969418727, 69.067412907186
18.14107082993212, 69.06140496178752
18.19587769044551, 69.05539701638902
18.250684550958898, 69.04938907099054
18.30549141147229, 69.04338112559206
18.36029827198568, 69.03737318019358
18.415105132499068, 69.03136523479509
18.46991199301246, 69.02535728939661
18.52471885352585, 69.01934934399813
18.57952571403924, 69.01334139859965
18.63433257455263, 69.00733345320116
18.689139435066018, 69.00132550780268
18.74394629557941, 68.9953175624042
18.7987531560928, 68.98930961700572
18.85356001660619, 68.98330167160722
18.90836687711958, 68.97729372620874
18.96317373763297, 68.97128578081026
19.01798059814636, 68.96527783541178
19.07278745865975, 68.95926989001329
19.12759431917314, 68.95326194461481
19.18240117968653, 68.94725399921633
19.23720804019992, 68.94124605381784
19.292014900713312, 68.93523810841936
19.3468217612267, 68.92923016302088
19.40162862174009, 68.9232222176224
19.456435482253482, 68.9172142722239
19.51124234276687, 68.91120632682542
19.56604920328026, 68.90519838142694
19.62085606379365, 68.89919043602846
19.67566292430704, 68.89318249062997
19.730469784820432, 68.88717454523149
19.78527664533382, 68.88116659983301
19.84008350584721, 68.87515865443453
19.894890366360602, 68.86915070903603
19.94969722687399, 68.86314276363755
20.00450408738738, 68.85713481823908
20.059310947900773, 68.8511268728406
20.11411780841416, 68.8451189274421
20.168924668927552, 68.83911098204362
20.223731529440943, 68.83310303664514
20.27853838995433, 68.82709509124666
20.333345250467723, 68.82108714584817
20.38815211098111, 68.81507920044969
20.4429589714945, 68.80907125505121
20.497765832007893, 68.80306330965273
20.55257269252128, 68.79705536425423
20.607379553034672, 68.79104741885575
20.662186413548064, 68.78503947345727
20.71699327406145, 68.7790315280588
20.771800134574843, 68.7730235826603
20.826606995088234, 68.76701563726182
20.88141385560162, 68.76100769186334
20.936220716115013, 68.75499974646486
20.991027576628404, 68.74899180106637
21.045834437141792, 68.74298385566789
21.100641297655184, 68.73697591026941
21.155448158168575, 68.73096796487093
21.210255018681963, 68.72496001947243
21.265061879195354, 68.71895207407395
21.319868739708742, 68.71294412867547
21.374675600222133, 68.706936183277
21.429482460735525, 68.7009282378785
21.484289321248912, 68.69492029248002
21.539096181762304, 68.68891234708154
21.593903042275695, 68.68290440168306
21.648709902789083, 68.67689645628457
21.703516763302474, 68.67088851088609
21.758323623815865, 68.6648805654876
21.813130484329253, 68.65887262008913
21.867937344842645, 68.65286467469063
21.922744205356036, 68.64685672929215
21.977551065869424, 68.64084878389367
22.032357926382815, 68.6348408384952
22.087164786896206, 68.6288328930967
22.141971647409594, 68.62282494769822
22.196778507922986, 68.61681700229974
22.251585368436373, 68.61080905690126
22.306392228949765, 68.60480111150277
22.361199089463156, 68.59879316610429
22.416005949976544, 68.5927852207058
22.470812810489935, 68.58677727530733
22.525619671003327, 68.58076932990883
22.580426531516714, 68.57476138451035
22.635233392030106, 68.56875343911187
22.690040252543497, 68.56274549371338
22.744847113056885, 68.5567375483149
22.799653973570276, 68.55072960291642
22.854460834083667, 68.54472165751794
22.909267694597055, 68.53871371211946
22.964074555110447, 68.53270576672097
23.018881415623838, 68.52669782132249
23.073688276137226, 68.520689875924
23.128495136650617, 68.51468193052551
23.183301997164005, 68.50867398512703
23.238108857677396, 68.50266603972855
23.292915718190788, 68.49665809433007
23.347722578704175, 68.49065014893158
23.402529439217567, 68.4846422035331
23.457336299730958, 68.47863425813462
23.512143160244346, 68.47262631273614
23.566950020757737, 68.46661836733765
23.62175688127113, 68.46061042193917
23.676563741784516, 68.45460247654069
23.731370602297908, 68.4485945311422
23.7861774628113, 68.44258658574371
23.840984323324687, 68.43657864034523
23.895791183838078, 68.43057069494675
23.95059804435147, 68.42456274954827
24.005404904864857, 68.41855480414978
24.06021176537825, 68.4125468587513
24.115018625891636, 68.40653891335282
24.169825486405028, 68.40053096795434
24.22463234691842, 68.39452302255584
24.279439207431807, 68.38851507715736
24.334246067945198, 68.38250713175889
24.38905292845859, 68.3764991863604
24.443859788971977, 68.37049124096191
24.49866664948537, 68.36448329556343
24.55347350999876, 68.35847535016495
24.608280370512148, 68.35246740476647
24.66308723102554, 68.34645945936798
24.71789409153893, 68.3404515139695
24.77270095205232, 68.33444356857102
24.82750781256571, 68.32843562317254
24.8823146730791, 68.32242767777404
24.93712153359249, 68.31641973237556
24.99192839410588, 68.31041178697708
25.046735254619268, 68.3044038415786
25.10154211513266, 68.29839589618011
25.15634897564605, 68.29238795078163
25.21115583615944, 68.28638000538315
25.26596269667283, 68.28037205998467
25.32076955718622, 68.27436411458618
25.37557641769961, 68.2683561691877
25.430383278213, 68.26234822378922
25.48519013872639, 68.25634027839074
25.53999699923978, 68.25033233299224
25.59480385975317, 68.24432438759376
25.649610720266562, 68.23831644219528
25.70441758077995, 68.2323084967968
25.75922444129334, 68.22630055139831
25.81403130180673, 68.22029260599983
25.86883816232012, 68.21428466060135
25.92364502283351, 68.20827671520287
25.9784518833469, 68.20226876980438
26.03325874386029, 68.1962608244059
26.088065604373682, 68.19025287900742
26.14287246488707, 68.18424493360894
26.19767932540046, 68.17823698821044
26.252486185913853, 68.17222904281196
26.30729304642724, 68.16622109741348
26.36209990694063, 68.16021315201499
26.416906767454023, 68.15420520661651
26.47171362796741, 68.14819726121803
26.526520488480802, 68.14218931581955
26.581327348994193, 68.13618137042106
26.63613420950758, 68.13017342502258
26.690941070020973, 68.1241654796241
26.74574793053436, 68.11815753422562
26.80055479104775, 68.11214958882712
26.855361651561143, 68.10614164342864
26.91016851207453, 68.10013369803016
26.964975372587922, 68.09412575263168
27.019782233101314, 68.08811780723319
27.0745890936147, 68.08210986183471
27.129395954128093, 68.07610191643623
27.184202814641484, 68.07009397103775
27.239009675154872, 68.06408602563926
27.293816535668263, 68.05807808024078
27.348623396181654, 68.0520701348423
27.403430256695042, 68.04606218944382
27.458237117208434, 68.04005424404532
27.513043977721825, 68.03404629864684
27.567850838235213, 68.02803835324836
27.622657698748604, 68.02203040784988
27.677464559261992, 68.01602246245139
27.732271419775383, 68.01001451705291
27.787078280288775, 68.00400657165443
27.841885140802162, 67.99799862625595
27.896692001315554, 67.99199068085746
27.951498861828945, 67.98598273545898
28.006305722342333, 67.9799747900605
28.061112582855724, 67.97396684466202
28.115919443369116, 67.96795889926352
28.170726303882503, 67.96195095386504
28.225533164395895, 67.95594300846656
28.280340024909286, 67.94993506306808
28.335146885422674, 67.94392711766959
28.389953745936065, 67.93791917227111
28.444760606449456, 67.93191122687263
28.499567466962844, 67.92590328147415
28.554374327476236, 67.91989533607565
28.609181187989623, 67.91388739067717
28.663988048503015, 67.9078794452787
28.718794909016406, 67.90187149988022
28.773601769529794, 67.89586355448172
28.828408630043185, 67.88985560908324
28.883215490556577, 67.88384766368476
28.938022351069964, 67.87783971828628
28.992829211583356, 67.87183177288779
29.047636072096747, 67.86582382748931
29.102442932610135, 67.85981588209083
29.157249793123526, 67.85380793669235
29.212056653636918, 67.84779999129385
29.266863514150305, 67.84179204589537
29.321670374663697, 67.8357841004969
29.376477235177088, 67.82977615509841
29.431284095690476, 67.82376820969992
29.486090956203867, 67.81776026430144
29.540897816717255, 67.81175231890296
29.595704677230646, 67.80574437350448
29.650511537744038, 67.79973642810599
29.705318398257425, 67.79372848270751
29.760125258770817, 67.78772053730903
29.814932119284208, 67.78171259191055
29.869738979797596, 67.77570464651205
29.924545840310987, 67.76969670111357
29.97935270082438, 67.7636887557151
30.034159561337766, 67.75768081031661
30.088966421851158, 67.75167286491812
30.14377328236455, 67.74566491951964
30.198580142877937, 67.73965697412116
30.253387003391328, 67.73364902872267
30.30819386390472, 67.72764108332419
30.363000724418107, 67.7216331379257
30.4178075849315, 67.71562519252723
30.472614445444886, 67.70961724712873
30.527421305958278, 67.70360930173025
30.58222816647167, 67.69760135633177
30.637035026985057, 67.6915934109333
30.691841887498448, 67.6855854655348
30.74664874801184, 67.67957752013632
30.801455608525227, 67.67356957473784
30.85626246903862, 67.66756162933936
30.91106932955201, 67.66155368394087
30.965876190065398, 67.65554573854239
31.02068305057879, 67.6495377931439
31.07548991109218, 67.64352984774543
31.13029677160557, 67.63752190234693
31.18510363211896, 67.63151395694845
31.239910492632347, 67.62550601154997
31.29471735314574, 67.6194980661515
31.34952421365913, 67.613490120753
31.404331074172518, 67.60748217535452
31.45913793468591, 67.60147422995604
31.5139447951993, 67.59546628455756
31.56875165571269, 67.58945833915907
31.62355851622608, 67.58345039376059
31.67836537673947, 67.5774424483621
31.73317223725286, 67.57143450296363
31.78797909776625, 67.56542655756513
31.84278595827964, 67.55941861216665
31.89759281879303, 67.55341066676817
31.95239967930642, 67.54740272136969
32.00720653981981, 67.5413947759712
32.0620134003332, 67.53538683057272
32.11682026084659, 67.52937888517424
32.17162712135998, 67.52337093977576
32.22643398187337, 67.51736299437727
32.28124084238676, 67.51135504897879
32.33604770290015, 67.5053471035803
32.39085456341354, 67.49933915818183
32.44566142392693, 67.49333121278333
32.50046828444032, 67.48732326738485
32.55527514495371, 67.48131532198637
32.6100820054671, 67.47530737658789
32.664888865980494, 67.4692994311894
32.71969572649388, 67.46329148579092
32.77450258700727, 67.45728354039244
32.829309447520664, 67.45127559499396
32.88411630803405, 67.44526764959546
32.93892316854744, 67.43925970419699
32.993730029060835, 67.4332517587985
33.04853688957422, 67.42724381340003
33.10334375008761, 67.42123586800153
33.158150610601005, 67.41522792260305
33.21295747111439, 67.40921997720457
33.26776433162778, 67.40321203180609
33.322571192141176, 67.3972040864076
33.377378052654564, 67.39119614100912
33.43218491316795, 67.38518819561064
33.486991773681346, 67.37918025021216
33.541798634194734, 67.37317230481366
33.59660549470812, 67.36716435941518
33.65141235522151, 67.3611564140167
33.706219215734905, 67.35514846861821
33.76102607624829, 67.34914052321973
33.81583293676168, 67.34313257782125
33.870639797275075, 67.33712463242277
33.92544665778846, 67.33111668702429
33.98025351830185, 67.3251087416258
34.035060378815245, 67.31910079622732
34.08986723932863, 67.31309285082884
34.14467409984202, 67.30708490543034
34.199480960355416, 67.30107696003186
34.254287820868804, 67.29506901463338
34.30909468138219, 67.2890610692349
34.363901541895586, 67.28305312383641
34.418708402408974, 67.27704517843793
34.47351526292236, 67.27103723303945
34.52832212343576, 67.26502928764097
34.583128983949145, 67.25902134224248
34.63793584446253, 67.253013396844
34.69274270497593, 67.24700545144552
34.747549565489315, 67.24099750604704
34.8023564260027, 67.23498956064854
34.8571632865161, 67.22898161525006
34.911970147029486, 67.22297366985158
34.96677700754287, 67.2169657244531
35.02158386805627, 67.21095777905461
35.076390728569656, 67.20494983365613
35.131197589083044, 67.19894188825765
35.18600444959644, 67.19293394285917
35.24081131010983, 67.18692599746068
35.295618170623214, 67.1809180520622
35.3504250311366, 67.17491010666372
35.40523189165, 67.16890216126524
35.460038752163385, 67.16289421586674
35.51484561267677, 67.15688627046826
35.56965247319017, 67.15087832506978
35.624459333703555, 67.1448703796713
35.67926619421694, 67.13886243427281
35.73407305473034, 67.13285448887433
35.788879915243726, 67.12684654347585
35.843686775757114, 67.12083859807737
35.89849363627051, 67.11483065267888
35.953300496783896, 67.1088227072804
36.008107357297284, 67.10281476188192
36.06291421781068, 67.09680681648344
36.11772107832407, 67.09079887108494
36.172527938837455, 67.08479092568646
36.22733479935085, 67.07878298028798
36.28214165986424, 67.0727750348895
36.336948520377625, 67.06676708949101
36.39175538089102, 67.06075914409253
36.44656224140441, 67.05475119869405
36.501369101917795, 67.04874325329557
36.55617596243119, 67.04273530789708
36.61098282294458, 67.0367273624986
36.665789683457966, 67.03071941710012
36.72059654397136, 67.02471147170164
36.77540340448475, 67.01870352630314
36.830210264998136, 67.01269558090466
36.88501712551153, 67.00668763550618
36.93982398602492, 67.0006796901077
36.99463084653831, 66.99467174470921
37.0494377070517, 66.98866379931073
37.10424456756509, 66.98265585391225
37.15905142807848, 66.97664790851377
37.213858288591865, 66.97063996311527
37.26866514910526, 66.9646320177168
37.32347200961865, 66.95862407231832
37.378278870132036, 66.95261612691984
37.43308573064543, 66.94660818152134
37.48789259115882, 66.94060023612286
37.542699451672206, 66.93459229072438
37.5975063121856, 66.9285843453259
37.65231317269899, 66.92257639992741
37.70712003321238, 66.91656845452893
37.76192689372577, 66.91056050913045
37.81673375423916, 66.90455256373195
37.87154061475255, 66.89854461833347
37.92634747526594, 66.892536672935
37.98115433577933, 66.88652872753651
38.03596119629272, 66.88052078213803
38.09076805680611, 66.87451283673954
38.1455749173195, 66.86850489134106
38.20038177783289, 66.86249694594258
38.25518863834628, 66.85648900054409
38.30999549885967, 66.85048105514561
38.36480235937306, 66.79895994410707
38.41960921988645, 66.6544664465959
38.47441608039984, 66.50997294908477
38.52922294091323, 66.36547945157363
38.584029801426624, 66.22098595406247
38.63883666194001, 66.07649245655134
38.6936435224534, 65.9319989590402
38.748450382966794, 65.78750546152904
38.80325724348018, 65.6430119640179
38.85806410399357, 65.49851846650677
38.912870964506965, 65.3540249689956
38.96767782502035, 65.20953147148447
39.02248468553374, 65.06503797397333
39.07729154604713, 64.9205444764622
39.13209840656052, 64.77605097895103
39.18690526707391, 64.6315574814399
39.2417121275873, 64.48706398392876
39.29651898810069, 64.3425704864176
39.35132584861408, 64.19807698890646
39.40613270912747, 64.05358349139533
39.460939569640864, 63.909089993884166
39.51574643015425, 63.76459649637303
39.57055329066764, 63.62010299886189
39.625360151181034, 63.47560950135073
39.68016701169442, 63.3311160038396
39.73497387220781, 63.186622506328455
39.789780732721205, 63.0421290088173
39.84458759323459, 62.89763551130616
39.89939445374798, 62.75314201379502
39.954201314261375, 62.608648516283864
40.00900817477476, 62.46415501877273
40.06381503528815, 62.31966152126159
40.118621895801546, 62.17516802375043
40.173428756314934, 62.030674526239295
40.22823561682832, 61.88618102872815
40.283042477341716, 61.741687531216996
40.337849337855104, 61.59719403370586
40.39265619836849, 61.452700536194726
40.44746305888189, 61.30820703868356
40.502269919395275, 61.16371354117243
40.55707677990866, 61.01922004366129
40.61188364042206, 60.87472654615013
40.666690500935445, 60.73023304863899
40.72149736144883, 60.58573955112786
40.77630422196222, 60.441246053616716
40.831111082475616, 60.29675255610556
40.885917942989, 60.152259058594424
40.94072480350239, 60.00776556108328
40.995531664015786, 59.863272063572126
41.050338524529174, 59.71877856606099
41.10514538504256, 59.57428506854985
41.15995224555596, 59.42979157103869
41.214759106069344, 59.28529807352756
41.26956596658273, 59.140804576016414
41.32437282709613, 58.99631107850526
41.379179687609515, 58.85181758099412
41.4339865481229, 58.70732408348298
41.4887934086363, 58.562830585971824
41.543600269149685, 58.41833708846069
41.59840712966307, 58.27384359094955
41.65321399017647, 58.12935009343839
41.708020850689856, 57.984856595927255
41.76282771120324, 57.84036309841611
41.81763457171664, 57.695869600904956
41.872441432230026, 57.55137610339382
41.927248292743414, 57.406882605882686
41.98205515325681, 57.26238910837152
42.0368620137702, 57.11789561086039
42.091668874283585, 56.97340211334925
42.14647573479698, 56.82890861583809
42.20128259531037, 56.68441511832695
42.256089455823755, 56.53992162081582
42.31089631633715, 56.395428123304654
42.36570317685054, 56.25093462579352
42.420510037363925, 56.106441128282384
42.47531689787732, 55.96194763077122
42.53012375839071, 55.817454133260085
42.584930618904096, 55.67296063574895
42.639737479417484, 55.52846713823781
42.69454433993088, 55.38397364072665
42.749351200444266, 55.239480143215516
42.804158060957654, 55.094986645704374
42.85896492147105, 54.95049314819322
42.91377178198444, 54.80599965068208
42.968578642497825, 54.66150615317094
43.02338550301122, 54.517012655659784
43.07819236352461, 54.37251915814865
43.132999224037995, 54.228025660637506
43.18780608455139, 54.08353216312635
43.24261294506478, 53.939038665615215
43.297419805578166, 53.79454516810407
43.35222666609156, 53.650051670592916
43.40703352660495, 53.50555817308178
43.461840387118336, 53.361064675570645
43.51664724763173, 53.21657117805948
43.57145410814512, 53.07207768054835
43.62626096865851, 52.92758418303721
43.6810678291719, 52.78309068552605
43.73587468968529, 52.63859718801491
43.79068155019868, 52.49410369050378
43.84548841071207, 52.349610192992614
43.90029527122546, 52.20511669548148
43.95510213173885, 52.060623197970344
44.00990899225224, 51.91612970045918
44.06471585276563, 51.771636202948045
44.11952271327902, 51.62714270543691
44.17432957379241, 51.482649207925746
44.2291364343058, 51.33815571041461
44.28394329481919, 51.193662212903476
44.33875015533258, 51.04916871539231
44.39355701584597, 50.90467521788118
44.44836387635936, 50.76018172037004
44.50317073687275, 50.6156882228589
44.55797759738614, 50.47119472534774
44.61278445789953, 50.32670122783661
44.66759131841292, 50.18220773032547
44.72239817892631, 50.03771423281431
44.7772050394397, 49.893220735303174
44.83201189995309, 49.74872723779204
44.88681876046648, 49.604233740280876
44.94162562097987, 49.45974024276974
44.99643248149326, 49.315246745258605
45.05123934200665, 49.17075324774744
45.10604620252004, 49.026259750236306
45.16085306303343, 48.88176625272517
45.21565992354682, 48.73727275521401
45.27046678406021, 48.59277925770287
45.3252736445736, 48.44828576019174
45.380080505086994, 48.303792262680574
45.43488736560038, 48.15929876516944
45.48969422611377, 48.0148052676583
45.544501086627164, 47.87031177014714
45.59930794714055, 47.725818272636005
45.65411480765394, 47.58132477512487
45.708921668167335, 47.436831277613706
45.76372852868072, 47.29233778010257
45.81853538919411, 47.147844282591436
45.873342249707505, 47.00335078508027
45.92814911022089, 46.85885728756914
45.98295597073428, 46.714363790058
46.037762831247676, 46.56987029254684
46.092569691761064, 46.4253767950357
46.14737655227445, 46.28088329752457
46.20218341278784, 46.136389800013426
46.256990273301234, 45.99189630250227
46.31179713381462, 45.847402804991134
46.36660399432801, 45.70290930748
46.421410854841405, 45.558415809968835
46.47621771535479, 45.4139223124577
46.53102457586818, 45.269428814946565
46.585831436381575, 45.1249353174354
46.64063829689496, 44.980441819924266
46.69544515740835, 44.83594832241313
46.750252017921746, 44.69145482490197
46.80505887843513, 44.54696132739083
46.85986573894852, 44.4024678298797
46.914672599461916, 44.25797433236853
46.969479459975304, 44.1134808348574
47.02428632048869, 43.96898733734626
47.07909318100209, 43.8244938398351
47.133900041515474, 43.680000342323964
47.18870690202886, 43.53550684481283
47.24351376254226, 43.391013347301666
47.298320623055645, 43.24651984979053
47.35312748356903, 43.102026352279395
47.40793434408243, 42.95753285476823
47.462741204595815, 42.8130393572571
47.5175480651092, 42.66854585974596
47.5723549256226, 42.5240523622348
47.627161786135986, 42.37955886472366
47.68196864664937, 42.23506536721253
47.73677550716277, 42.090571869701364
47.791582367676156, 41.94607837219023
47.846389228189544, 41.801584874679094
47.90119608870294, 41.65709137716793
47.95600294921633, 41.512597879656795
48.010809809729714, 41.36810438214566
48.0656166702431, 41.223610884634525
48.1204235307565, 41.07911738712336
48.175230391269885, 40.934623889612226
48.23003725178327, 40.79013039210109
48.28484411229667, 40.64563689458993
48.339650972810055, 40.50114339707879
48.39445783332344, 40.35664989956766
48.44926469383684, 40.21215640205649
48.504071554350226, 40.06766290454536
48.558878414863614, 39.92316940703422
48.61368527537701, 39.77867590952306
48.668492135890396, 39.634182412011924
48.723298996403784, 39.48968891450079
48.77810585691718, 39.345195416989625
48.83291271743057, 39.20070191947849
48.887719577943955, 39.056208421967355
48.94252643845735, 38.91171492445619
48.99733329897074, 38.767221426945056
49.052140159484125, 38.62272792943392
49.10694701999752, 38.47823443192276
49.16175388051091, 38.33374093441162
49.216560741024296, 38.18924743690049
49.27136760153769, 38.044753939389324
49.32617446205108, 37.90026044187819
49.380981322564466, 37.75576694436705
49.43578818307786, 37.61127344685589
49.49059504359125, 37.466779949344755
49.54540190410464, 37.32228645183362
49.60020876461803, 37.177792954322456
49.65501562513142, 37.03329945681132
49.70982248564481, 36.888805959300186
49.7646293461582, 36.74431246178902
49.81943620667159, 36.59981896427789
49.87424306718498, 36.45532546676675
49.929049927698365, 36.31083196925562
49.98385678821176, 36.16633847174445
50.03866364872515, 36.02184497423332
50.093470509238536, 35.87735147672218
50.14827736975193, 35.73285797921102
50.20308423026532, 35.588364481699884
50.257891090778706, 35.44387098418875
50.3126979512921, 35.299377486677585
50.36750481180549, 35.15488398916645
50.42231167231888, 35.010390491655315
50.47711853283227, 34.86589699414415
50.53192539334566, 34.721403496633016
50.58673225385905, 34.57690999912188
50.64153911437244, 34.43241650161072
50.69634597488583, 34.28792300409958
50.75115283539922, 34.14342950658845
50.80595969591261, 33.99893600907728
50.860766556426, 33.85444251156615
50.91557341693939, 33.70994901405501
50.97038027745278, 33.56545551654386
51.02518713796617, 33.420962019032714
51.07999399847956, 33.27646852152158
51.13480085899295, 33.13197502401042
51.18960771950634, 32.98748152649928
51.24441458001973, 32.842988028988145
51.299221440533124, 32.69849453147699
51.35402830104651, 32.55400103396585
51.4088351615599, 32.40950753645471
51.463642022073294, 32.265014038943555
51.51844888258668, 32.12052054143241
51.57325574310007, 31.976027043921277
51.62806260361346, 31.831533546410135
51.68286946412685, 31.68704004889898
51.73767632464024, 31.542546551387844
51.79248318515363, 31.3980530538767
51.84729004566702, 31.253559556365545
51.90209690618041, 31.10906605885441
51.9569037666938, 30.964572561343267
52.011710627207194, 30.82007906383211
52.06651748772058, 30.675585566320976
52.12132434823397, 30.531092068809834
52.176131208747364, 30.386598571298677
52.23093806926075, 30.242105073787542
52.28574492977414, 30.097611576276407
52.340551790287535, 29.953118078765243
52.39535865080092, 29.808624581254108
52.45016551131431, 29.664131083742973
52.504972371827705, 29.51963758623181
52.55977923234109, 29.375144088720674
52.61458609285448, 29.23065059120954
52.669392953367876, 29.086157093698382
52.72419981388126, 28.94166359618724
52.77900667439465, 28.797170098676105
52.833813534908046, 28.65267660116495
52.888620395421434, 28.508183103653806
52.94342725593482, 28.36368960614267
52.99823411644822, 28.219196108631515
53.053040976961604, 28.074702611120372
53.10784783747499, 27.930209113609237
53.16265469798839, 27.78571561609808
53.217461558501775, 27.64122211858694
53.27226841901516, 27.496728621075803
53.32707527952856, 27.352235123564647
53.381882140041945, 27.207741626053505
53.43668900055533, 27.06324812854237
53.49149586106872, 26.918754631031227
53.546302721582116, 26.77426113352007
53.6011095820955, 26.629767636008935
53.65591644260889, 26.485274138497793
53.710723303122286, 26.340780640986637
53.765530163635674, 26.1962871434755
53.82033702414906, 26.05179364596436
53.87514388466246, 25.907300148453203
53.929950745175844, 25.762806650942068
53.98475760568923, 25.618313153430933
54.03956446620263, 25.47381965591977
54.094371326716015, 25.329326158408634
54.1491781872294, 25.1848326608975
54.2039850477428, 25.040339163386342
54.258791908256185, 24.8958456658752
54.31359876876957, 24.751352168364065
54.36840562928297, 24.60685867085291
54.423212489796356, 24.462365173341766
54.478019350309744, 24.31787167583063
54.53282621082314, 24.173378178319474
54.587633071336526, 24.028884680808332
54.642439931849914, 23.884391183297197
54.69724679236331, 23.73989768578604
54.7520536528767, 23.595404188274898
