Parameters: [54.99809494481643, 20.03976728434932, 7.46985412022783, 38.396384886926114, 4.476064429703971, 0.09375509779041813, -2.6045488372155132]
Points:
0.0, 20.03976728434932
0.055053148092909336, 20.286188722271216
0.11010629618581867, 20.532610160193112
0.165159444278728, 20.77903159811501
0.22021259237163734, 21.025453036036907
0.27526574046454666, 21.271874473958803
0.330318888557456, 21.5182959118807
0.38537203665036535, 21.764717349802595
0.4404251847432747, 22.01113878772449
0.49547833283618403, 22.25756022564639
0.5505314809290933, 22.503981663568286
0.6055846290220027, 22.750403101490182
0.660637777114912, 22.996824539412078
0.7156909252078214, 23.243245977333974
0.7707440733007307, 23.489667415255873
0.8257972213936401, 23.73608885317777
0.8808503694865494, 23.982510291099665
0.9359035175794587, 24.22893172902156
0.9909566656723681, 24.475353166943457
1.0460098137652774, 24.721774604865352
1.1010629618581866, 24.96819604278725
1.1561161099510961, 25.214617480709148
1.2111692580440054, 25.461038918631044
1.2662224061369147, 25.70746035655294
1.321275554229824, 25.953881794474835
1.3763287023227333, 26.20030323239673
1.4313818504156428, 26.44672467031863
1.486434998508552, 26.693146108240526
1.5414881466014614, 26.939567546162422
1.5965412946943707, 27.185988984084318
1.6515944427872802, 27.432410422006214
1.7066475908801895, 27.67883185992811
1.7617007389730988, 27.92525329785001
1.816753887066008, 28.171674735771905
1.8718070351589173, 28.4180961736938
1.9268601832518268, 28.6645176116157
1.9819133313447361, 28.910939049537596
2.0369664794376456, 29.157360487459492
2.0920196275305547, 29.403781925381388
2.147072775623464, 29.650203363303284
2.2021259237163733, 29.89662480122518
2.257179071809283, 30.143046239147075
2.3122322199021923, 30.38946767706897
2.3672853679951014, 30.635889114990867
2.422338516088011, 30.882310552912767
2.47739166418092, 31.128731990834662
2.5324448122738294, 31.37515342875656
2.587497960366739, 31.621574866678458
2.642551108459648, 31.867996304600354
2.6976042565525575, 32.11441774252225
2.7526574046454666, 32.360839180444145
2.807710552738376, 32.60726061836604
2.8627637008312856, 32.85368205628794
2.9178168489241947, 33.10010349420983
2.972869997017104, 33.34652493213173
3.0279231451100137, 33.592946370053625
3.0829762932029228, 33.83936780797552
3.1380294412958323, 34.08578924589742
3.1930825893887413, 34.33221068381931
3.248135737481651, 34.578632121741215
3.3031888855745604, 34.82505355966311
3.3582420336674694, 35.07147499758501
3.413295181760379, 35.3178964355069
3.468348329853288, 35.5643178734288
3.5234014779461975, 35.810739311350694
3.578454626039107, 36.0571607492726
3.633507774132016, 36.30358218719449
3.6885609222249256, 36.55000362511639
3.7436140703178347, 36.796425063038285
3.798667218410744, 37.04284650096018
3.8537203665036537, 37.28926793888208
3.9087735145965627, 37.53568937680397
3.9638266626894723, 37.78211081472587
4.018879810782382, 38.028532252647764
4.073932958875291, 38.27495369056966
4.1289861069682, 38.521375128491556
4.184039255061109, 38.76779656641345
4.239092403154019, 39.01421800433535
4.294145551246928, 39.260639442257244
4.349198699339838, 39.50706088017915
4.404251847432747, 39.753482318101035
4.459304995525656, 39.99990375602293
4.514358143618566, 40.246325193944834
4.569411291711475, 40.49274663186673
4.624464439804385, 40.739168069788626
4.679517587897293, 40.98558950771052
4.734570735990203, 41.23201094563242
4.789623884083112, 41.47843238355432
4.844677032176022, 41.724853821476216
4.899730180268931, 41.97127525939811
4.95478332836184, 42.21769669732001
5.009836476454749, 42.464118135241904
5.064889624547659, 42.7105395731638
5.119942772640568, 42.956961011085696
5.174995920733478, 43.20338244900759
5.2300490688263865, 43.44980388692949
5.285102216919296, 43.69622532485138
5.340155365012206, 43.94264676277328
5.395208513105115, 44.189068200695175
5.450261661198025, 44.43548963861707
5.505314809290933, 44.68191107653897
5.560367957383843, 44.92833251446086
5.615421105476752, 45.17475395238276
5.670474253569662, 45.42117539030466
5.725527401662571, 45.66759682822656
5.78058054975548, 45.914018266148446
5.835633697848389, 46.16043970407035
5.890686845941299, 46.406861141992245
5.945739994034208, 46.65328257991414
6.000793142127118, 46.899704017836044
6.055846290220027, 47.14612545575794
6.110899438312936, 47.39254689367983
6.1659525864058455, 47.63896833160173
6.221005734498755, 47.88538976952363
6.276058882591665, 48.13181120744552
6.331112030684574, 48.37823264536742
6.386165178777483, 48.624654083289315
6.441218326870392, 48.87107552121121
6.496271474963302, 49.117496959133106
6.551324623056211, 49.363918397055
6.606377771149121, 49.6103398349769
6.661430919242029, 49.856761272898794
6.716484067334939, 50.10318271082069
6.771537215427848, 50.349604148742586
6.826590363520758, 50.59602558666448
6.881643511613667, 50.842447024586384
6.936696659706576, 51.08886846250827
6.9917498077994855, 51.33528990043017
7.046802955892395, 51.58171133835207
7.1018561039853045, 51.82813277627397
7.156909252078214, 52.07455421419587
7.211962400171123, 52.32097565211775
7.267015548264032, 52.56739709003966
7.322068696356942, 52.81381852796156
7.377121844449851, 53.060239965883454
7.432174992542761, 53.30666140380535
7.487228140635669, 53.476944509961115
7.542281288728579, 53.48210602324424
7.597334436821488, 53.48726753652736
7.652387584914398, 53.49242904981048
7.707440733007307, 53.4975905630936
7.762493881100216, 53.50275207637672
7.8175470291931255, 53.50791358965984
7.872600177286035, 53.51307510294296
7.9276533253789445, 53.51823661622608
7.982706473471854, 53.52339812950921
8.037759621564764, 53.52855964279233
8.092812769657673, 53.53372115607545
8.147865917750583, 53.53888266935857
8.20291906584349, 53.54404418264169
8.2579722139364, 53.54920569592481
8.31302536202931, 53.55436720920793
8.368078510122219, 53.55952872249105
8.423131658215128, 53.56469023577418
8.478184806308038, 53.5698517490573
8.533237954400947, 53.57501326234042
8.588291102493857, 53.58017477562354
8.643344250586766, 53.58533628890666
8.698397398679676, 53.59049780218978
8.753450546772584, 53.5956593154729
8.808503694865493, 53.60082082875602
8.863556842958403, 53.60598234203915
8.918609991051312, 53.61114385532227
8.973663139144222, 53.61630536860539
9.028716287237131, 53.62146688188851
9.08376943533004, 53.62662839517163
9.13882258342295, 53.63178990845475
9.19387573151586, 53.63695142173787
9.24892887960877, 53.64211293502099
9.303982027701677, 53.64727444830412
9.359035175794586, 53.65243596158724
9.414088323887496, 53.65759747487036
9.469141471980405, 53.66275898815348
9.524194620073315, 53.6679205014366
9.579247768166224, 53.67308201471972
9.634300916259134, 53.67824352800284
9.689354064352043, 53.68340504128596
9.744407212444953, 53.688566554569086
9.799460360537863, 53.693728067852206
9.854513508630772, 53.698889581135326
9.90956665672368, 53.704051094418446
9.96461980481659, 53.709212607701566
10.019672952909499, 53.71437412098469
10.074726101002408, 53.71953563426781
10.129779249095318, 53.72469714755093
10.184832397188227, 53.729858660834054
10.239885545281137, 53.735020174117174
10.294938693374046, 53.740181687400295
10.349991841466956, 53.745343200683415
10.405044989559865, 53.750504713966535
10.460098137652773, 53.755666227249655
10.515151285745683, 53.760827740532775
10.570204433838592, 53.765989253815896
10.625257581931502, 53.77115076709902
10.680310730024411, 53.77631228038214
10.73536387811732, 53.78147379366526
10.79041702621023, 53.786635306948384
10.84547017430314, 53.791796820231504
10.90052332239605, 53.796958333514624
10.955576470488959, 53.802119846797744
11.010629618581866, 53.807281360080864
11.065682766674776, 53.81244287336399
11.120735914767685, 53.81760438664711
11.175789062860595, 53.82276589993023
11.230842210953504, 53.82792741321335
11.285895359046414, 53.83308892649647
11.340948507139323, 53.83825043977959
11.396001655232233, 53.84341195306271
11.451054803325142, 53.84857346634583
11.506107951418052, 53.85373497962896
11.56116109951096, 53.85889649291208
11.61621424760387, 53.8640580061952
11.671267395696779, 53.86921951947832
11.726320543789688, 53.87438103276144
11.781373691882598, 53.87954254604456
11.836426839975507, 53.88470405932768
11.891479988068417, 53.8898655726108
11.946533136161326, 53.89502708589393
12.001586284254236, 53.90018859917705
12.056639432347145, 53.90535011246017
12.111692580440055, 53.91051162574329
12.166745728532963, 53.91567313902641
12.221798876625872, 53.92083465230953
12.276852024718782, 53.92599616559265
12.331905172811691, 53.93115767887577
12.3869583209046, 53.93631919215889
12.44201146899751, 53.94148070544202
12.49706461709042, 53.94664221872514
12.55211776518333, 53.95180373200826
12.607170913276239, 53.95696524529138
12.662224061369148, 53.9621267585745
12.717277209462056, 53.96728827185762
12.772330357554965, 53.97244978514074
12.827383505647875, 53.97761129842386
12.882436653740784, 53.98277281170699
12.937489801833694, 53.98793432499011
12.992542949926603, 53.99309583827323
13.047596098019513, 53.99825735155635
13.102649246112422, 54.00341886483947
13.157702394205332, 54.00858037812259
13.212755542298241, 54.01374189140571
13.26780869039115, 54.01890340468883
13.322861838484059, 54.024064917971955
13.377914986576968, 54.029226431255076
13.432968134669878, 54.034387944538196
13.488021282762787, 54.039549457821316
13.543074430855697, 54.044710971104436
13.598127578948606, 54.049872484387556
13.653180727041516, 54.05503399767068
13.708233875134425, 54.060195510953804
13.763287023227335, 54.065357024236924
13.818340171320243, 54.070518537520044
13.873393319413152, 54.075680050803165
13.928446467506062, 54.080841564086285
13.983499615598971, 54.086003077369405
14.03855276369188, 54.091164590652525
14.09360591178479, 54.096326103935645
14.1486590598777, 54.101487617218766
14.203712207970609, 54.10664913050189
14.258765356063519, 54.11181064378501
14.313818504156428, 54.11697215706813
14.368871652249338, 54.12213367035125
14.423924800342245, 54.127295183634374
14.478977948435155, 54.132456696917494
14.534031096528064, 54.137618210200614
14.589084244620974, 54.142779723483734
14.644137392713883, 54.14794123676686
14.699190540806793, 54.15310275004998
14.754243688899702, 54.1582642633331
14.809296836992612, 54.16342577661622
14.864349985085521, 54.16858728989934
14.919403133178431, 54.17374880318246
14.974456281271339, 54.17891031646558
15.029509429364248, 54.1840718297487
15.084562577457158, 54.18923334303183
15.139615725550067, 54.19439485631495
15.194668873642977, 54.19955636959807
15.249722021735886, 54.20471788288119
15.304775169828796, 54.20987939616431
15.359828317921705, 54.21504090944743
15.414881466014615, 54.22020242273055
15.469934614107524, 54.22536393601367
15.524987762200432, 54.2305254492968
15.580040910293341, 54.23568696257992
15.635094058386251, 54.24084847586304
15.69014720647916, 54.24600998914616
15.74520035457207, 54.25117150242928
15.80025350266498, 54.2563330157124
15.855306650757889, 54.26149452899552
15.910359798850799, 54.26665604227864
15.965412946943708, 54.27181755556177
16.020466095036618, 54.27697906884489
16.075519243129527, 54.28214058212801
16.130572391222437, 54.28730209541113
16.185625539315346, 54.29246360869425
16.240678687408256, 54.29762512197737
16.295731835501165, 54.30278663526049
16.35078498359407, 54.30794814854361
16.40583813168698, 54.313109661826736
16.46089127977989, 54.31827117510986
16.5159444278728, 54.32343268839298
16.57099757596571, 54.3285942016761
16.62605072405862, 54.33375571495922
16.681103872151528, 54.33891722824234
16.736157020244438, 54.34407874152546
16.791210168337347, 54.34924025480858
16.846263316430257, 54.354401768091705
16.901316464523166, 54.359563281374825
16.956369612616076, 54.364724794657945
17.011422760708985, 54.369886307941066
17.066475908801895, 54.375047821224186
17.121529056894804, 54.380209334507306
17.176582204987714, 54.385370847790426
17.231635353080623, 54.39053236107355
17.286688501173533, 54.395693874356674
17.341741649266442, 54.400855387639794
17.39679479735935, 54.406016900922914
17.45184794545226, 54.411178414206034
17.506901093545167, 54.416339927489155
17.561954241638077, 54.421501440772275
17.617007389730986, 54.426662954055395
17.672060537823896, 54.431824467338515
17.727113685916805, 54.43698598062164
17.782166834009715, 54.44214749390476
17.837219982102624, 54.44730900718788
17.892273130195534, 54.452470520471
17.947326278288443, 54.45763203375412
18.002379426381353, 54.46279354703724
18.057432574474262, 54.467955060320364
18.112485722567172, 54.473116573603484
18.16753887066008, 54.47827808688661
18.22259201875299, 54.48343960016973
18.2776451668459, 54.48860111345285
18.33269831493881, 54.49376262673597
18.38775146303172, 54.49892414001909
18.44280461112463, 54.50408565330221
18.49785775921754, 54.50924716658533
18.552910907310448, 54.51440867986845
18.607964055403354, 54.51957019315158
18.663017203496263, 54.5247317064347
18.718070351589173, 54.52989321971782
18.773123499682082, 54.53505473300094
18.828176647774992, 54.54021624628406
18.8832297958679, 54.54537775956718
18.93828294396081, 54.5505392728503
18.99333609205372, 54.55570078613342
19.04838924014663, 54.56086229941655
19.10344238823954, 54.56602381269967
19.15849553633245, 54.57118532598279
19.21354868442536, 54.57634683926591
19.268601832518268, 54.58150835254903
19.323654980611177, 54.58666986583215
19.378708128704087, 54.59183137911527
19.433761276796996, 54.59699289239839
19.488814424889906, 54.60215440568152
19.543867572982816, 54.60731591896464
19.598920721075725, 54.61247743224776
19.653973869168635, 54.61763894553088
19.709027017261544, 54.622800458814
19.76408016535445, 54.62796197209712
19.81913331344736, 54.63312348538024
19.87418646154027, 54.63828499866336
19.92923960963318, 54.643446511946486
19.984292757726088, 54.648608025229606
20.039345905818998, 54.65376953851273
20.094399053911907, 54.65893105179585
20.149452202004817, 54.66409256507897
20.204505350097726, 54.66925407836209
20.259558498190636, 54.67441559164521
20.314611646283545, 54.67957710492833
20.369664794376455, 54.684738618211455
20.424717942469364, 54.689900131494575
20.479771090562274, 54.695061644777695
20.534824238655183, 54.700223158060815
20.589877386748093, 54.705384671343936
20.644930534841002, 54.710546184627056
20.69998368293391, 54.715707697910176
20.75503683102682, 54.720869211193296
20.81008997911973, 54.72603072447642
20.865143127212637, 54.731192237759544
20.920196275305546, 54.736353751042664
20.975249423398456, 54.741515264325784
21.030302571491365, 54.746676777608904
21.085355719584275, 54.751838290892024
21.140408867677184, 54.756999804175145
21.195462015770094, 54.762161317458265
21.250515163863003, 54.76732283074139
21.305568311955913, 54.77248434402451
21.360621460048822, 54.77764585730763
21.41567460814173, 54.78280737059075
21.47072775623464, 54.78796888387387
21.52578090432755, 54.79313039715699
21.58083405242046, 54.79829191044011
21.63588720051337, 54.803453423723234
21.69094034860628, 54.80861493700636
21.74599349669919, 54.81377645028948
21.8010466447921, 54.8189379635726
21.856099792885008, 54.82409947685572
21.911152940977917, 54.82926099013884
21.966206089070827, 54.83442250342196
22.021259237163733, 54.83958401670508
22.076312385256642, 54.8447455299882
22.131365533349552, 54.84990704327133
22.18641868144246, 54.85506855655445
22.24147182953537, 54.86023006983757
22.29652497762828, 54.86539158312069
22.35157812572119, 54.87055309640381
22.4066312738141, 54.87571460968693
22.46168442190701, 54.88087612297005
22.51673756999992, 54.88603763625317
22.571790718092828, 54.8911991495363
22.626843866185737, 54.89636066281942
22.681897014278647, 54.90152217610254
22.736950162371556, 54.90668368938566
22.792003310464466, 54.91184520266878
22.847056458557375, 54.9170067159519
22.902109606650285, 54.92216822923502
22.957162754743194, 54.92732974251814
23.012215902836104, 54.93249125580127
23.067269050929013, 54.93765276908439
23.12232219902192, 54.94281428236751
23.17737534711483, 54.94797579565063
23.23242849520774, 54.95313730893375
23.287481643300648, 54.95829882221687
23.342534791393557, 54.96346033549999
23.397587939486467, 54.96862184878311
23.452641087579376, 54.973783362066236
23.507694235672286, 54.978944875349356
23.562747383765196, 54.984106388632476
23.617800531858105, 54.989267901915596
23.672853679951015, 54.99442941519872
23.727906828043924, 54.99959092848184
23.782959976136834, 55.00475244176496
23.838013124229743, 55.00991395504808
23.893066272322653, 55.015075468331204
23.948119420415562, 55.020236981614325
24.00317256850847, 55.025398494897445
24.05822571660138, 55.030560008180565
24.11327886469429, 55.035721521463685
24.1683320127872, 55.040883034746805
24.22338516088011, 55.046044548029926
24.278438308973016, 55.051206061313046
24.333491457065925, 55.05636757459617
24.388544605158835, 55.06152908787929
24.443597753251744, 55.06669060116241
24.498650901344654, 55.071852114445534
24.553704049437563, 55.077013627728654
24.608757197530473, 55.082175141011774
24.663810345623382, 55.087336654294894
24.71886349371629, 55.092498167578015
24.7739166418092, 55.09765968086114
24.82896978990211, 55.10282119414426
24.88402293799502, 55.10798270742738
24.93907608608793, 55.1131442207105
24.99412923418084, 55.11830573399362
25.04918238227375, 55.12346724727674
25.10423553036666, 55.12862876055986
25.159288678459568, 55.13379027384298
25.214341826552477, 55.13895178712611
25.269394974645387, 55.14411330040923
25.324448122738296, 55.14927481369235
25.379501270831202, 55.15443632697547
25.43455441892411, 55.15959784025859
25.48960756701702, 55.16475935354171
25.54466071510993, 55.16992086682483
25.59971386320284, 55.17508238010795
25.65476701129575, 55.18024389339108
25.70982015938866, 55.1854054066742
25.76487330748157, 55.19056691995732
25.81992645557448, 55.19572843324044
25.874979603667388, 55.20088994652356
25.930032751760297, 55.20605145980668
25.985085899853207, 55.2112129730898
26.040139047946116, 55.21637448637292
26.095192196039026, 55.22153599965605
26.150245344131935, 55.22669751293917
26.205298492224845, 55.23185902622229
26.260351640317754, 55.23702053950541
26.315404788410664, 55.24218205278853
26.370457936503573, 55.24734356607165
26.425511084596483, 55.25250507935477
26.480564232689392, 55.25766659263789
26.5356173807823, 55.26282810592102
26.590670528875208, 55.26798961920414
26.645723676968117, 55.27315113248726
26.700776825061027, 55.27831264577038
26.755829973153936, 55.2834741590535
26.810883121246846, 55.28863567233662
26.865936269339755, 55.29379718561974
26.920989417432665, 55.29895869890286
26.976042565525574, 55.304120212185985
27.031095713618484, 55.309281725469106
27.086148861711393, 55.314443238752226
27.141202009804303, 55.319604752035346
27.196255157897212, 55.324766265318466
27.251308305990122, 55.329927778601586
27.30636145408303, 55.33508929188471
27.36141460217594, 55.34025080516783
27.41646775026885, 55.345412318450954
27.47152089836176, 55.350573831734074
27.52657404645467, 55.355735345017195
27.58162719454758, 55.360896858300315
27.636680342640485, 55.366058371583435
27.691733490733395, 55.371219884866555
27.746786638826304, 55.376381398149675
27.801839786919214, 55.381542911432796
27.856892935012123, 55.38670442471592
27.911946083105033, 55.39186593799904
27.966999231197942, 55.39702745128216
28.02205237929085, 55.40218896456528
28.07710552738376, 55.407350477848404
28.13215867547667, 55.412511991131524
28.18721182356958, 55.417673504414644
28.24226497166249, 55.422835017697764
28.2973181197554, 55.42799653098089
28.35237126784831, 55.43315804426401
28.407424415941218, 55.43831955754713
28.462477564034128, 55.44348107083025
28.517530712127037, 55.44864258411337
28.572583860219947, 55.45380409739649
28.627637008312856, 55.45896561067961
28.682690156405766, 55.46412712396273
28.737743304498675, 55.46928863724586
28.79279645259158, 55.47445015052898
28.84784960068449, 55.4796116638121
28.9029027487774, 55.48477317709522
28.95795589687031, 55.48993469037834
29.01300904496322, 55.49509620366146
29.06806219305613, 55.50025771694458
29.123115341149038, 55.5054192302277
29.178168489241948, 55.51058074351083
29.233221637334857, 55.51574225679395
29.288274785427767, 55.52090377007707
29.343327933520676, 55.52606528336019
29.398381081613586, 55.53122679664331
29.453434229706495, 55.53638830992643
29.508487377799405, 55.54154982320955
29.563540525892314, 55.54671133649267
29.618593673985224, 55.5518728497758
29.673646822078133, 55.55703436305892
29.728699970171043, 55.56219587634204
29.783753118263952, 55.56735738962516
29.838806266356862, 55.57251890290828
29.893859414449768, 55.5776804161914
29.948912562542677, 55.58284192947452
30.003965710635587, 55.58800344275764
30.059018858728496, 55.593164956040766
30.114072006821406, 55.59832646932389
30.169125154914315, 55.60348798260701
30.224178303007225, 55.60864949589013
30.279231451100134, 55.61381100917325
30.334284599193044, 55.61897252245637
30.389337747285953, 55.62413403573949
30.444390895378863, 55.62929554902261
30.499444043471772, 55.63445706230573
30.554497191564682, 55.639618575588855
30.60955033965759, 55.644780088871975
30.6646034877505, 55.649941602155096
30.71965663584341, 55.655103115438216
30.77470978393632, 55.660264628721336
30.82976293202923, 55.665426142004456
30.88481608012214, 55.67058765528758
30.93986922821505, 55.675749168570704
30.994922376307958, 55.680910681853824
31.049975524400864, 55.686072195136944
31.105028672493773, 55.691233708420064
31.160081820586683, 55.696395221703185
31.215134968679592, 55.701556734986305
31.270188116772502, 55.706718248269425
31.32524126486541, 55.711879761552545
31.38029441295832, 55.717041274835665
31.43534756105123, 55.72220278811879
31.49040070914414, 55.72736430140191
31.54545385723705, 55.73252581468503
31.60050700532996, 55.73768732796815
31.65556015342287, 55.74284884125127
31.710613301515778, 55.748010354534394
31.765666449608688, 55.753171867817514
31.820719597701597, 55.75833338110064
31.875772745794507, 55.76349489438376
31.930825893887416, 55.76865640766688
31.985879041980326, 55.77381792095
32.040932190073235, 55.77897943423312
32.095985338166145, 55.78414094751624
32.151038486259054, 55.78930246079936
32.206091634351964, 55.79446397408248
32.26114478244487, 55.79962548736561
32.31619793053778, 55.80478700064873
32.37125107863069, 55.80994851393185
32.4263042267236, 55.81511002721497
32.48135737481651, 55.82027154049809
32.53641052290942, 55.82543305378121
32.59146367100233, 55.83059456706433
32.64651681909524, 55.83575608034745
32.70156996718814, 55.84091759363057
32.75662311528105, 55.8460791069137
32.81167626337396, 55.85124062019682
32.86672941146687, 55.85640213347994
32.92178255955978, 55.86156364676306
32.97683570765269, 55.86672516004618
33.0318888557456, 55.8718866733293
33.08694200383851, 55.87704818661242
33.14199515193142, 55.88220969989554
33.19704830002433, 55.88737121317867
33.25210144811724, 55.89253272646179
33.30715459621015, 55.89769423974491
33.362207744303056, 55.90285575302803
33.417260892395966, 55.90801726631115
33.472314040488875, 55.91317877959427
33.527367188581785, 55.91834029287739
33.582420336674694, 55.923501806160516
33.637473484767604, 55.928663319443636
33.69252663286051, 55.933824832726756
33.74757978095342, 55.93898634600988
33.80263292904633, 55.944147859293
33.85768607713924, 55.94930937257612
33.91273922523215, 55.95447088585924
33.96779237332506, 55.95963239914236
34.02284552141797, 55.96479391242548
34.07789866951088, 55.969955425708605
34.13295181760379, 55.975116938991725
34.1880049656967, 55.980278452274845
34.24305811378961, 55.985439965557966
34.29811126188252, 55.990601478841086
34.35316440997543, 55.995762992124206
34.40821755806834, 56.000924505407326
34.463270706161246, 56.00608601869045
34.518323854254156, 56.011247531973574
34.573377002347065, 56.016409045256694
34.628430150439975, 56.021570558539814
34.683483298532884, 56.026732071822934
34.738536446625794, 56.031893585106054
34.7935895947187, 56.037055098389175
34.84864274281161, 56.042216611672295
34.90369589090452, 56.04737812495542
34.958749038997425, 56.05253963823854
35.013802187090334, 56.05770115152166
35.068855335183244, 56.06286266480478
35.12390848327615, 56.0680241780879
35.17896163136906, 56.07318569137102
35.23401477946197, 56.07834720465414
35.28906792755488, 56.083508717937264
35.34412107564779, 56.088670231220384
35.3991742237407, 56.09383174450351
35.45422737183361, 56.09899325778663
35.50928051992652, 56.10415477106975
35.56433366801943, 56.10931628435287
35.61938681611234, 56.11447779763599
35.67443996420525, 56.11963931091911
35.72949311229816, 56.12480082420223
35.78454626039107, 56.12996233748535
35.83959940848398, 56.13512385076848
35.89465255657689, 56.1402853640516
35.949705704669796, 56.14544687733472
36.004758852762706, 56.15060839061784
36.059812000855615, 56.15576990390096
36.114865148948525, 56.16093141718408
36.169918297041434, 56.1660929304672
36.224971445134344, 56.17125444375033
36.28002459322725, 56.17641595703345
36.33507774132016, 56.18157747031657
36.39013088941307, 56.18673898359969
36.44518403750598, 56.19190049688281
36.50023718559889, 56.19706201016593
36.5552903336918, 56.20222352344905
36.61034348178471, 56.20738503673217
36.66539662987762, 56.21254655001529
36.72044977797053, 56.21770806329842
36.77550292606344, 56.22286957658154
36.83055607415635, 56.22803108986466
36.88560922224926, 56.23319260314778
36.94066237034217, 56.2383541164309
36.99571551843508, 56.24351562971402
37.050768666527986, 56.24867714299714
37.105821814620896, 56.253838656280266
37.160874962713805, 56.259000169563386
37.21592811080671, 56.264161682846506
37.27098125889962, 56.269323196129626
37.32603440699253, 56.27448470941275
37.381087555085436, 56.27964622269587
37.436140703178346, 56.28480773597899
37.491193851271255, 56.28996924926211
37.546246999364165, 56.29513076254523
37.601300147457074, 56.300292275828355
37.656353295549984, 56.305453789111475
37.71140644364289, 56.310615302394595
37.7664595917358, 56.315776815677715
37.82151273982871, 56.320938328960835
37.87656588792162, 56.326099842243956
37.93161903601453, 56.331261355527076
37.98667218410744, 56.336422868810196
38.04172533220035, 56.34158438209332
38.09677848029326, 56.34674589537644
38.15183162838617, 56.351907408659564
38.20688477647908, 56.357068921942684
38.26193792457199, 56.362230435225804
38.3169910726649, 56.367391948508924
38.37204422075781, 56.372553461792045
38.42709736885072, 56.294843364244215
38.482150516943626, 56.15145475139377
38.537203665036536, 56.008066138543334
38.592256813129445, 55.86467752569289
38.647309961222355, 55.721288912842454
38.702363109315264, 55.57790029999201
38.757416257408174, 55.434511687141566
38.81246940550108, 55.29112307429113
38.86752255359399, 55.147734461440685
38.9225757016869, 55.00434584859025
38.97762884977981, 54.860957235739804
39.03268199787272, 54.71756862288937
39.08773514596563, 54.57418001003892
39.14278829405854, 54.43079139718848
39.19784144215145, 54.28740278433804
39.25289459024436, 54.1440141714876
39.30794773833727, 54.00062555863716
39.36300088643018, 53.85723694578672
39.41805403452309, 53.71384833293628
39.47310718261599, 53.57045972008586
39.5281603307089, 53.42707110723541
39.58321347880181, 53.283682494384976
39.63826662689472, 53.14029388153453
39.69331977498763, 52.99690526868409
39.74837292308054, 52.85351665583365
39.80342607117345, 52.71012804298321
39.85847921926636, 52.56673943013277
39.91353236735927, 52.423350817282326
39.968585515452176, 52.27996220443189
40.023638663545086, 52.136573591581445
40.078691811637995, 51.99318497873101
40.133744959730905, 51.849796365880565
40.188798107823814, 51.70640775303012
40.243851255916724, 51.563019140179684
40.29890440400963, 51.41963052732924
40.35395755210254, 51.2762419144788
40.40901070019545, 51.13285330162836
40.46406384828836, 50.989464688777915
40.51911699638127, 50.84607607592748
40.57417014447418, 50.702687463077034
40.62922329256709, 50.5592988502266
40.68427644066, 50.41591023737615
40.73932958875291, 50.272521624525716
40.79438273684582, 50.12913301167527
40.84943588493873, 49.985744398824835
40.90448903303164, 49.84235578597439
40.95954218112455, 49.69896717312395
41.01459532921746, 49.55557856027351
41.069648477310366, 49.412189947423066
41.124701625403276, 49.26880133457263
41.179754773496185, 49.125412721722185
41.234807921589095, 48.98202410887175
41.289861069682004, 48.838635496021304
41.344914217774914, 48.69524688317087
41.39996736586782, 48.55185827032042
41.45502051396073, 48.40846965746998
41.51007366205364, 48.26508104461954
41.56512681014655, 48.1216924317691
41.62017995823946, 47.97830381891866
41.67523310633237, 47.83491520606822
41.73028625442527, 47.691526593217795
41.78533940251818, 47.54813798036736
41.84039255061109, 47.404749367516914
41.895445698704, 47.26136075466647
41.95049884679691, 47.11797214181603
42.00555199488982, 46.974583528965596
42.06060514298273, 46.83119491611515
42.11565829107564, 46.68780630326471
42.17071143916855, 46.54441769041427
42.22576458726146, 46.40102907756383
42.28081773535437, 46.25764046471339
42.33587088344728, 46.114251851862946
42.39092403154019, 45.9708632390125
42.4459771796331, 45.827474626162065
42.501030327726006, 45.68408601331162
42.556083475818916, 45.540697400461184
42.611136623911825, 45.39730878761074
42.666189772004735, 45.2539201747603
42.721242920097644, 45.11053156190986
42.776296068190554, 44.96714294905942
42.83134921628346, 44.82375433620898
42.88640236437637, 44.680365723358534
42.94145551246928, 44.5369771105081
42.99650866056219, 44.39358849765765
43.0515618086551, 44.250199884807216
43.10661495674801, 44.10681127195677
43.16166810484092, 43.96342265910633
43.21672125293383, 43.82003404625589
43.27177440102674, 43.676645433405454
43.32682754911965, 43.53325682055501
43.38188069721256, 43.389868207704566
43.43693384530547, 43.24647959485413
43.49198699339838, 43.103090982003685
43.54704014149129, 42.95970236915325
43.6020932895842, 42.816313756302804
43.657146437677106, 42.67292514345236
43.712199585770016, 42.52953653060192
43.767252733862925, 42.38614791775148
43.822305881955835, 42.24275930490104
43.877359030048744, 42.0993706920506
43.932412178141654, 41.95598207920016
43.987465326234556, 41.81259346634974
44.042518474327466, 41.669204853499295
44.097571622420375, 41.52581624064885
44.152624770513285, 41.382427627798414
44.207677918606194, 41.23903901494798
44.262731066699104, 41.09565040209753
44.31778421479201, 40.95226178924709
44.37283736288492, 40.80887317639665
44.42789051097783, 40.66548456354621
44.48294365907074, 40.52209595069577
44.53799680716365, 40.37870733784533
44.59304995525656, 40.23531872499488
44.64810310334947, 40.091930112144446
44.70315625144238, 39.94854149929401
44.75820939953529, 39.805152886443565
44.8132625476282, 39.66176427359312
44.86831569572111, 39.51837566074268
44.92336884381402, 39.37498704789224
44.97842199190693, 39.2315984350418
45.03347513999984, 39.08820982219136
45.088528288092746, 38.944821209340915
45.143581436185656, 38.80143259649048
45.198634584278565, 38.65804398364004
45.253687732371475, 38.5146553707896
45.308740880464384, 38.37126675793915
45.363794028557294, 38.22787814508871
45.4188471766502, 38.08448953223827
45.47390032474311, 37.941100919387836
45.52895347283602, 37.79771230653739
45.58400662092893, 37.65432369368695
45.63905976902184, 37.51093508083651
45.69411291711475, 37.367546467986074
45.74916606520766, 37.22415785513563
45.80421921330057, 37.080769242285186
45.85927236139348, 36.93738062943474
45.91432550948639, 36.793992016584305
45.9693786575793, 36.65060340373387
46.02443180567221, 36.507214790883424
46.07948495376512, 36.36382617803298
46.13453810185803, 36.22043756518254
46.18959124995094, 36.0770489523321
46.24464439804384, 35.933660339481676
46.29969754613675, 35.79027172663123
46.35475069422966, 35.646883113780795
46.40980384232257, 35.50349450093036
46.46485699041548, 35.360105888079914
46.519910138508386, 35.21671727522947
46.574963286601296, 35.07332866237903
46.630016434694205, 34.9299400495286
46.685069582787115, 34.78655143667815
46.740122730880024, 34.64316282382771
46.795175878972934, 34.499774210977264
46.85022902706584, 34.35638559812683
46.90528217515875, 34.21299698527639
46.96033532325166, 34.06960837242595
47.01538847134457, 33.9262197595755
47.07044161943748, 33.782831146725066
47.12549476753039, 33.63944253387463
47.1805479156233, 33.496053921024185
47.23560106371621, 33.35266530817374
47.29065421180912, 33.2092766953233
47.34570735990203, 33.06588808247286
47.40076050799494, 32.92249946962242
47.45581365608785, 32.77911085677198
47.51086680418076, 32.635722243921535
47.56591995227367, 32.4923336310711
47.62097310036658, 32.348945018220654
47.676026248459486, 32.20555640537022
47.731079396552396, 32.06216779251977
47.786132544645305, 31.918779179669333
47.841185692738215, 31.775390566818892
47.896238840831124, 31.63200195396845
47.951291988924034, 31.48861334111801
48.00634513701694, 31.34522472826757
48.06139828510985, 31.201836115417127
48.11645143320276, 31.058447502566686
48.17150458129567, 30.915058889716246
48.22655772938858, 30.771670276865805
48.28161087748149, 30.628281664015365
48.3366640255744, 30.484893051164924
48.39171717366731, 30.341504438314484
48.44677032176022, 30.19811582546404
48.50182346985312, 30.05472721261362
48.55687661794603, 29.911338599763177
48.61192976603894, 29.767949986912736
48.66698291413185, 29.624561374062296
48.72203606222476, 29.481172761211855
48.77708921031767, 29.337784148361415
48.83214235841058, 29.194395535510974
48.88719550650349, 29.051006922660534
48.9422486545964, 28.907618309810093
48.99730180268931, 28.76422969695965
49.05235495078222, 28.62084108410921
49.107408098875126, 28.47745247125877
49.162461246968036, 28.334063858408328
49.217514395060945, 28.190675245557888
49.272567543153855, 28.047286632707447
49.327620691246764, 27.903898019857007
49.382673839339674, 27.760509407006566
49.43772698743258, 27.617120794156122
49.49278013552549, 27.47373218130568
49.5478332836184, 27.33034356845524
49.60288643171131, 27.1869549556048
49.65793957980422, 27.04356634275436
49.71299272789713, 26.90017772990392
49.76804587599004, 26.75678911705348
49.82309902408295, 26.61340050420304
49.87815217217586, 26.470011891352595
49.93320532026877, 26.326623278502154
49.98825846836168, 26.183234665651714
50.04331161645459, 26.039846052801273
50.0983647645475, 25.896457439950833
50.15341791264041, 25.753068827100392
50.20847106073332, 25.609680214249952
50.263524208826226, 25.46629160139951
50.318577356919135, 25.322902988549068
50.373630505012045, 25.179514375698627
50.428683653104954, 25.036125762848187
50.483736801197864, 24.892737149997746
50.53878994929077, 24.749348537147306
50.59384309738368, 24.605959924296865
50.64889624547659, 24.462571311446425
50.7039493935695, 24.31918269859598
50.759002541662404, 24.175794085745558
50.814055689755314, 24.03240547289512
50.86910883784822, 23.889016860044677
50.92416198594113, 23.74562824719424
50.97921513403404, 23.602239634343796
51.03426828212695, 23.45885102149336
51.08932143021986, 23.315462408642915
51.14437457831277, 23.17207379579247
51.19942772640568, 23.028685182942034
51.25448087449859, 22.88529657009159
51.3095340225915, 22.741907957241153
51.36458717068441, 22.59851934439071
51.41964031877732, 22.455130731540272
51.47469346687023, 22.31174211868983
51.52974661496314, 22.168353505839384
51.58479976305605, 22.024964892988947
51.63985291114896, 21.881576280138503
51.694906059241866, 21.738187667288067
51.749959207334776, 21.594799054437622
51.805012355427685, 21.451410441587186
51.860065503520595, 21.30802182873674
51.915118651613504, 21.164633215886305
51.970171799706414, 21.02124460303586
52.02522494779932, 20.877855990185417
52.08027809589223, 20.73446737733498
52.13533124398514, 20.591078764484536
52.19038439207805, 20.4476901516341
52.24543754017096, 20.304301538783655
52.30049068826387, 20.160912925933218
52.35554383635678, 20.017524313082774
52.41059698444969, 19.87413570023233
52.4656501325426, 19.730747087381893
52.52070328063551, 19.58735847453145
52.57575642872842, 19.443969861681012
52.63080957682133, 19.300581248830568
52.68586272491424, 19.15719263598013
52.74091587300715, 19.013804023129687
52.795969021100056, 18.870415410279243
52.851022169192966, 18.727026797428806
52.906075317285875, 18.583638184578362
52.961128465378785, 18.440249571727925
53.01618161347169, 18.296860958877502
53.0712347615646, 18.15347234602706
53.126287909657506, 18.01008373317662
53.181341057750416, 17.866695120326177
53.236394205843325, 17.72330650747574
53.291447353936235, 17.579917894625297
53.346500502029144, 17.436529281774853
53.401553650122054, 17.293140668924416
53.45660679821496, 17.14975205607397
53.51165994630787, 17.006363443223535
53.56671309440078, 16.86297483037309
53.62176624249369, 16.719586217522654
53.6768193905866, 16.57619760467221
53.73187253867951, 16.432808991821773
53.78692568677242, 16.28942037897133
53.84197883486533, 16.146031766120885
53.89703198295824, 16.002643153270448
53.95208513105115, 15.859254540420004
54.00713827914406, 15.715865927569567
54.06219142723697, 15.572477314719123
54.11724457532988, 15.429088701868686
54.17229772342279, 15.285700089018242
54.227350871515696, 15.142311476167798
54.282404019608606, 14.998922863317361
54.337457167701515, 14.855534250466917
54.392510315794425, 14.71214563761648
54.447563463887334, 14.568757024766036
54.502616611980244, 14.4253684119156
54.55766976007315, 14.281979799065155
54.61272290816606, 14.138591186214718
54.66777605625897, 13.995202573364274
54.72282920435188, 13.85181396051383
54.77788235244479, 13.708425347663393
54.8329355005377, 13.56503673481295
54.88798864863061, 13.421648121962512
54.94304179672352, 13.278259509112068
54.99809494481643, 13.134870896261631
