Parameters: [46.14666202004605, 20.703955223708068, 8.337661510433815, 44.74474668835063, 4.340315233533512, 0.12162934806682196, -3.220121005839472]
Points:
0.0, 20.703955223708068
0.046192854874920974, 20.90444677540209
0.09238570974984195, 21.10493832709611
0.13857856462476292, 21.305429878790136
0.1847714194996839, 21.505921430484157
0.23096427437460487, 21.70641298217818
0.27715712924952585, 21.9069045338722
0.3233499841244468, 22.107396085566222
0.3695428389993678, 22.307887637260247
0.41573569387428877, 22.50837918895427
0.46192854874920974, 22.70887074064829
0.5081214036241307, 22.909362292342312
0.5543142584990517, 23.109853844036333
0.6005071133739727, 23.31034539573036
0.6466999682488936, 23.51083694742438
0.6928928231238146, 23.7113284991184
0.7390856779987356, 23.911820050812423
0.7852785328736566, 24.112311602506445
0.8314713877485775, 24.31280315420047
0.8776642426234985, 24.51329470589449
0.9238570974984195, 24.713786257588513
0.9700499523733405, 24.914277809282535
1.0162428072482614, 25.114769360976556
1.0624356621231823, 25.31526091267058
1.1086285169981034, 25.515752464364603
1.1548213718730245, 25.716244016058624
1.2010142267479453, 25.916735567752646
1.2472070816228662, 26.117227119446667
1.2933999364977873, 26.31771867114069
1.3395927913727084, 26.518210222834714
1.3857856462476292, 26.718701774528736
1.43197850112255, 26.919193326222757
1.4781713559974712, 27.11968487791678
1.5243642108723923, 27.320176429610804
1.5705570657473131, 27.520667981304825
1.616749920622234, 27.721159532998847
1.662942775497155, 27.92165108469287
1.7091356303720762, 28.12214263638689
1.755328485246997, 28.32263418808091
1.801521340121918, 28.523125739774933
1.847714194996839, 28.72361729146896
1.89390704987176, 28.924108843162983
1.940099904746681, 29.124600394857005
1.9862927596216018, 29.325091946551026
2.032485614496523, 29.525583498245048
2.078678469371444, 29.72607504993907
2.1248713242463646, 29.92656660163309
2.1710641791212857, 30.127058153327113
2.2172570339962068, 30.327549705021134
2.263449888871128, 30.52804125671516
2.309642743746049, 30.72853280840918
2.3558355986209696, 30.929024360103202
2.4020284534958907, 31.129515911797228
2.4482213083708118, 31.33000746349125
2.4944141632457324, 31.53049901518527
2.5406070181206535, 31.730990566879292
2.5867998729955746, 31.931482118573314
2.6329927278704957, 32.131973670267335
2.6791855827454167, 32.33246522196136
2.7253784376203374, 32.53295677365538
2.7715712924952585, 32.7334483253494
2.8177641473701796, 32.93393987704343
2.8639570022451, 33.13443142873744
2.9101498571200213, 33.33492298043147
2.9563427119949424, 33.53541453212549
3.0025355668698634, 33.735906083819515
3.0487284217447845, 33.936397635513536
3.094921276619705, 34.13688918720756
3.1411141314946263, 34.33738073890158
3.1873069863695473, 34.5378722905956
3.233499841244468, 34.73836384228962
3.279692696119389, 34.938855393983644
3.32588555099431, 35.13934694567767
3.3720784058692312, 35.339838497371694
3.4182712607441523, 35.540330049065716
3.464464115619073, 35.74082160075974
3.510656970493994, 35.94131315245376
3.556849825368915, 36.14180470414778
3.603042680243836, 36.3422962558418
3.649235535118757, 36.542787807535824
3.695428389993678, 36.743279359229845
3.741621244868599, 36.943770910923874
3.78781409974352, 37.144262462617895
3.8340069546184408, 37.34475401431192
3.880199809493362, 37.54524556600594
3.926392664368283, 37.74573711769996
3.9725855192432036, 37.94622866939398
4.018778374118125, 38.146720221088
4.064971228993046, 38.347211772782025
4.111164083867966, 38.547703324476046
4.157356938742888, 38.748194876170075
4.203549793617809, 38.94868642786409
4.249742648492729, 39.14917797955812
4.295935503367651, 39.34966953125214
4.342128358242571, 39.55016108294616
4.388321213117493, 39.75065263464018
4.4345140679924135, 39.951144186334204
4.480706922867334, 40.151635738028226
4.526899777742256, 40.35212728972225
4.573092632617176, 40.552618841416276
4.619285487492098, 40.75311039311029
4.6654783423670185, 40.95360194480432
4.711671197241939, 41.154093496498334
4.757864052116861, 41.35458504819236
4.804056906991781, 41.555076599886384
4.850249761866702, 41.755568151580405
4.8964426167416235, 41.95605970327443
4.942635471616544, 42.15655125496845
4.988828326491465, 42.35704280666247
5.035021181366386, 42.55753435835649
5.081214036241307, 42.75802591005052
5.1274068911162285, 42.958517461744535
5.173599745991149, 43.15900901343856
5.21979260086607, 43.35950056513258
5.265985455740991, 43.559992116826606
5.312178310615912, 43.76048366852063
5.3583711654908335, 43.96097522021465
5.404564020365754, 44.16146677190867
5.450756875240675, 44.36195832360269
5.496949730115596, 44.56244987529672
5.543142584990517, 44.762941426990736
5.589335439865438, 44.963432978684764
5.635528294740359, 45.16392453037878
5.68172114961528, 45.36441608207281
5.7279140044902, 45.56490763376682
5.774106859365122, 45.76539918546085
5.8202997142400426, 45.96589073715487
5.866492569114964, 46.166382288848894
5.912685423989885, 46.366873840542915
5.958878278864805, 46.56736539223694
6.005071133739727, 46.767856943930965
6.0512639886146475, 46.96834849562498
6.097456843489569, 47.16884004731901
6.14364969836449, 47.36933159901303
6.18984255323941, 47.56982315070705
6.236035408114332, 47.77031470240107
6.2822282629892525, 47.970806254095095
6.328421117864173, 48.171297805789116
6.374613972739095, 48.37178935748314
6.420806827614015, 48.57228090917716
6.466999682488936, 48.77277246087118
6.5131925373638575, 48.97326401256521
6.559385392238778, 49.173755564259224
6.6055782471137, 49.37424711595325
6.65177110198862, 49.574738667647274
6.697963956863541, 49.775230219341296
6.7441568117384625, 49.97572177103532
6.790349666613383, 50.17621332272934
6.836542521488305, 50.37670487442337
6.882735376363225, 50.57719642611738
6.928928231238146, 50.77768797781141
6.9751210861130675, 50.978179529505425
7.021313940987988, 51.178671081199454
7.067506795862909, 51.37916263289347
7.11369965073783, 51.5796541845875
7.159892505612751, 51.78014573628152
7.206085360487672, 51.98063728797554
7.252278215362593, 52.18112883966956
7.298471070237514, 52.38162039136358
7.344663925112435, 52.58211194305761
7.390856779987356, 52.782603494751626
7.4370496348622765, 52.983095046445655
7.483242489737198, 53.18358659813967
7.529435344612119, 53.3840781498337
7.57562819948704, 53.58456970152773
7.621821054361961, 53.78506125322174
7.6680139092368815, 53.985552804915756
7.714206764111803, 54.186044356609784
7.760399618986724, 54.38653590830381
7.806592473861644, 54.58702745999783
7.852785328736566, 54.787519011691856
7.8989781836114865, 54.98801056338587
7.945171038486407, 55.1885021150799
7.991363893361329, 55.388993666773914
8.03755674823625, 55.58948521846794
8.08374960311117, 55.78997677016197
8.129942457986091, 55.990468321855985
8.176135312861012, 56.19095987355
8.222328167735933, 56.39145142524403
8.268521022610855, 56.59194297693806
8.314713877485776, 56.79243452863207
8.360906732360696, 56.894861790678625
8.407099587235617, 56.900480197502404
8.453292442110538, 56.90609860432619
8.499485296985458, 56.91171701114997
8.54567815186038, 56.91733541797375
8.591871006735301, 56.92295382479753
8.638063861610222, 56.92857223162132
8.684256716485143, 56.934190638445095
8.730449571360063, 56.93980904526888
8.776642426234986, 56.94542745209266
8.822835281109906, 56.951045858916444
8.869028135984827, 56.95666426574022
8.915220990859748, 56.96228267256401
8.961413845734668, 56.96790107938779
9.00760670060959, 56.97351948621157
9.053799555484511, 56.97913789303535
9.099992410359432, 56.984756299859136
9.146185265234353, 56.990374706682914
9.192378120109273, 56.9959931135067
9.238570974984196, 57.00161152033048
9.284763829859116, 57.00722992715426
9.330956684734037, 57.01284833397804
9.377149539608958, 57.01846674080183
9.423342394483878, 57.024085147625605
9.469535249358799, 57.02970355444939
9.515728104233721, 57.03532196127317
9.561920959108642, 57.040940368096955
9.608113813983563, 57.04655877492073
9.654306668858483, 57.05217718174452
9.700499523733404, 57.0577955885683
9.746692378608326, 57.06341399539208
9.792885233483247, 57.06903240221586
9.839078088358168, 57.074650809039646
9.885270943233088, 57.080269215863424
9.931463798108009, 57.08588762268721
9.97765665298293, 57.09150602951099
10.023849507857852, 57.097124436334774
10.070042362732773, 57.10274284315855
10.116235217607693, 57.10836124998234
10.162428072482614, 57.113979656806116
10.208620927357535, 57.1195980636299
10.254813782232457, 57.12521647045368
10.301006637107378, 57.130834877277465
10.347199491982298, 57.13645328410124
10.393392346857219, 57.14207169092503
10.43958520173214, 57.14769009774881
10.485778056607062, 57.15330850457259
10.531970911481983, 57.15892691139637
10.578163766356903, 57.164545318220156
10.624356621231824, 57.170163725043935
10.670549476106745, 57.17578213186772
10.716742330981667, 57.181400538691506
10.762935185856588, 57.187018945515284
10.809128040731508, 57.19263735233907
10.855320895606429, 57.19825575916285
10.90151375048135, 57.20387416598663
10.94770660535627, 57.20949257281041
10.993899460231193, 57.2151109796342
11.040092315106113, 57.220729386457975
11.086285169981034, 57.22634779328176
11.132478024855955, 57.23196620010554
11.178670879730875, 57.237584606929325
11.224863734605798, 57.2432030137531
11.271056589480718, 57.24882142057689
11.317249444355639, 57.25443982740067
11.36344229923056, 57.26005823422445
11.40963515410548, 57.26567664104823
11.4558280089804, 57.271295047872016
11.502020863855323, 57.276913454695794
11.548213718730244, 57.28253186151958
11.594406573605164, 57.28815026834336
11.640599428480085, 57.293768675167144
11.686792283355006, 57.29938708199092
11.732985138229928, 57.30500548881471
11.779177993104849, 57.310623895638486
11.82537084797977, 57.31624230246227
11.87156370285469, 57.32186070928605
11.91775655772961, 57.327479116109835
11.963949412604533, 57.33309752293361
12.010142267479454, 57.3387159297574
12.056335122354374, 57.34433433658118
12.102527977229295, 57.34995274340496
12.148720832104216, 57.35557115022874
12.194913686979138, 57.361189557052526
12.241106541854059, 57.366807963876305
12.28729939672898, 57.37242637070009
12.3334922516039, 57.37804477752387
12.37968510647882, 57.383663184347654
12.425877961353741, 57.38928159117143
12.472070816228664, 57.39489999799522
12.518263671103584, 57.400518404818996
12.564456525978505, 57.40613681164278
12.610649380853426, 57.41175521846656
12.656842235728346, 57.417373625290345
12.703035090603269, 57.422992032114124
12.74922794547819, 57.42861043893791
12.79542080035311, 57.43422884576169
12.84161365522803, 57.43984725258547
12.887806510102951, 57.44546565940925
12.933999364977872, 57.45108406623304
12.980192219852794, 57.456702473056815
13.026385074727715, 57.4623208798806
13.072577929602636, 57.46793928670438
13.118770784477556, 57.473557693528164
13.164963639352477, 57.47917610035194
13.2111564942274, 57.48479450717573
13.25734934910232, 57.490412913999506
13.30354220397724, 57.49603132082329
13.349735058852161, 57.50164972764707
13.395927913727082, 57.507268134470856
13.442120768602004, 57.512886541294634
13.488313623476925, 57.51850494811842
13.534506478351846, 57.524123354942205
13.580699333226766, 57.52974176176598
13.626892188101687, 57.53536016858977
13.67308504297661, 57.54097857541355
13.71927789785153, 57.54659698223733
13.76547075272645, 57.55221538906111
13.811663607601371, 57.557833795884896
13.857856462476292, 57.563452202708675
13.904049317351213, 57.56907060953246
13.950242172226135, 57.57468901635624
13.996435027101056, 57.580307423180024
14.042627881975976, 57.5859258300038
14.088820736850897, 57.59154423682759
14.135013591725818, 57.597162643651366
14.18120644660074, 57.60278105047515
14.22739930147566, 57.60839945729893
14.273592156350581, 57.614017864122715
14.319785011225502, 57.61963627094649
14.365977866100422, 57.62525467777028
14.412170720975343, 57.63087308459406
14.458363575850266, 57.63649149141784
14.504556430725186, 57.64210989824162
14.550749285600107, 57.64772830506541
14.596942140475027, 57.653346711889185
14.643134995349948, 57.65896511871297
14.68932785022487, 57.66458352553675
14.735520705099791, 57.670201932360534
14.781713559974712, 57.67582033918431
14.827906414849632, 57.6814387460081
14.874099269724553, 57.687057152831876
14.920292124599476, 57.69267555965566
14.966484979474396, 57.69829396647944
15.012677834349317, 57.703912373303226
15.058870689224237, 57.709530780127004
15.105063544099158, 57.71514918695079
15.15125639897408, 57.72076759377457
15.197449253849001, 57.72638600059835
15.243642108723922, 57.73200440742213
15.289834963598842, 57.73762281424592
15.336027818473763, 57.743241221069695
15.382220673348684, 57.74885962789348
15.428413528223606, 57.75447803471726
15.474606383098527, 57.760096441541044
15.520799237973447, 57.76571484836482
15.566992092848368, 57.77133325518861
15.613184947723289, 57.77695166201239
15.659377802598211, 57.78257006883617
15.705570657473132, 57.78818847565995
15.751763512348052, 57.793806882483736
15.797956367222973, 57.799425289307514
15.844149222097894, 57.8050436961313
15.890342076972814, 57.81066210295508
15.936534931847737, 57.81628050977886
15.982727786722657, 57.82189891660264
16.02892064159758, 57.82751732342643
16.0751134964725, 57.833135730250206
16.12130635134742, 57.83875413707399
16.16749920622234, 57.84437254389778
16.213692061097262, 57.849990950721555
16.259884915972183, 57.85560935754533
16.306077770847104, 57.86122776436912
16.352270625722024, 57.866846171192904
16.398463480596945, 57.87246457801668
16.444656335471866, 57.87808298484047
16.490849190346786, 57.883701391664246
16.53704204522171, 57.88931979848803
16.58323490009663, 57.89493820531181
16.62942775497155, 57.900556612135595
16.675620609846472, 57.906175018959374
16.721813464721393, 57.91179342578316
16.768006319596314, 57.91741183260694
16.814199174471234, 57.92303023943072
16.860392029346155, 57.9286486462545
16.906584884221076, 57.93426705307829
16.952777739095996, 57.939885459902065
16.998970593970917, 57.94550386672585
17.04516344884584, 57.95112227354963
17.09135630372076, 57.956740680373414
17.137549158595682, 57.96235908719719
17.183742013470603, 57.96797749402098
17.229934868345524, 57.97359590084476
17.276127723220444, 57.97921430766854
17.322320578095365, 57.98483271449232
17.368513432970285, 57.990451121316106
17.414706287845206, 57.996069528139884
17.460899142720127, 58.00168793496367
17.50709199759505, 58.00730634178745
17.55328485246997, 58.01292474861123
17.599477707344892, 58.01854315543501
17.645670562219813, 58.0241615622588
17.691863417094734, 58.029779969082576
17.738056271969654, 58.03539837590636
17.784249126844575, 58.04101678273014
17.830441981719495, 58.046635189553925
17.876634836594416, 58.0522535963777
17.922827691469337, 58.05787200320149
17.969020546344257, 58.06349041002527
18.01521340121918, 58.06910881684905
18.061406256094102, 58.07472722367283
18.107599110969023, 58.080345630496616
18.153791965843944, 58.085964037320394
18.199984820718864, 58.09158244414418
18.246177675593785, 58.09720085096796
18.292370530468705, 58.102819257791744
18.338563385343626, 58.10843766461552
18.384756240218547, 58.11405607143931
18.430949095093467, 58.119674478263086
18.47714194996839, 58.12529288508687
18.523334804843312, 58.13091129191065
18.569527659718233, 58.136529698734435
18.615720514593153, 58.14214810555821
18.661913369468074, 58.147766512382
18.708106224342995, 58.15338491920578
18.754299079217915, 58.15900332602956
18.800491934092836, 58.16462173285334
18.846684788967757, 58.17024013967713
18.892877643842677, 58.175858546500905
18.939070498717598, 58.18147695332469
18.985263353592522, 58.187095360148476
19.031456208467443, 58.192713766972254
19.077649063342363, 58.19833217379604
19.123841918217284, 58.20395058061982
19.170034773092205, 58.2095689874436
19.216227627967125, 58.21518739426738
19.262420482842046, 58.22080580109117
19.308613337716967, 58.226424207914945
19.354806192591887, 58.23204261473873
19.400999047466808, 58.23766102156251
19.44719190234173, 58.243279428386295
19.493384757216653, 58.24889783521007
19.539577612091573, 58.25451624203386
19.585770466966494, 58.26013464885764
19.631963321841415, 58.26575305568142
19.678156176716335, 58.2713714625052
19.724349031591256, 58.276989869328986
19.770541886466177, 58.282608276152764
19.816734741341097, 58.28822668297655
19.862927596216018, 58.29384508980033
19.90912045109094, 58.299463496624114
19.95531330596586, 58.30508190344789
20.001506160840783, 58.31070031027168
20.047699015715704, 58.316318717095456
20.093891870590625, 58.32193712391924
20.140084725465545, 58.32755553074302
20.186277580340466, 58.333173937566805
20.232470435215387, 58.33879234439058
20.278663290090307, 58.34441075121437
20.324856144965228, 58.35002915803815
20.37104899984015, 58.35564756486193
20.41724185471507, 58.36126597168571
20.463434709589993, 58.366884378509496
20.509627564464914, 58.372502785333275
20.555820419339835, 58.37812119215706
20.602013274214755, 58.38373959898084
20.648206129089676, 58.389358005804624
20.694398983964597, 58.3949764126284
20.740591838839517, 58.40059481945219
20.786784693714438, 58.406213226275966
20.83297754858936, 58.41183163309975
20.87917040346428, 58.41745003992353
20.9253632583392, 58.423068446747315
20.971556113214124, 58.428686853571094
21.017748968089045, 58.43430526039488
21.063941822963965, 58.43992366721866
21.110134677838886, 58.44554207404244
21.156327532713807, 58.45116048086622
21.202520387588727, 58.45677888769001
21.248713242463648, 58.462397294513785
21.29490609733857, 58.46801570133757
21.34109895221349, 58.47363410816135
21.38729180708841, 58.479252514985134
21.433484661963334, 58.48487092180892
21.479677516838255, 58.4904893286327
21.525870371713175, 58.49610773545648
21.572063226588096, 58.50172614228026
21.618256081463016, 58.50734454910405
21.664448936337937, 58.512962955927826
21.710641791212858, 58.518581362751604
21.75683464608778, 58.52419976957539
21.8030275009627, 58.529818176399175
21.84922035583762, 58.53543658322295
21.89541321071254, 58.54105499004674
21.941606065587465, 58.54667339687052
21.987798920462385, 58.5522918036943
22.033991775337306, 58.55791021051808
22.080184630212226, 58.563528617341866
22.126377485087147, 58.569147024165645
22.172570339962068, 58.57476543098943
22.21876319483699, 58.58038383781321
22.26495604971191, 58.586002244636994
22.31114890458683, 58.59162065146077
22.35734175946175, 58.59723905828456
22.40353461433667, 58.602857465108336
22.449727469211595, 58.60847587193212
22.495920324086516, 58.6140942787559
22.542113178961436, 58.619712685579685
22.588306033836357, 58.625331092403464
22.634498888711278, 58.63094949922725
22.6806917435862, 58.63656790605103
22.72688459846112, 58.64218631287481
22.77307745333604, 58.64780471969859
22.81927030821096, 58.65342312652238
22.86546316308588, 58.659041533346155
22.9116560179608, 58.66465994016994
22.957848872835726, 58.67027834699372
23.004041727710646, 58.675896753817504
23.050234582585567, 58.68151516064128
23.096427437460488, 58.68713356746507
23.14262029233541, 58.692751974288846
23.18881314721033, 58.69837038111263
23.23500600208525, 58.70398878793641
23.28119885696017, 58.709607194760196
23.32739171183509, 58.715225601583974
23.37358456671001, 58.72084400840776
23.419777421584936, 58.72646241523154
23.465970276459856, 58.73208082205532
23.512163131334777, 58.7376992288791
23.558355986209698, 58.74331763570289
23.60454884108462, 58.748936042526665
23.65074169595954, 58.75455444935045
23.69693455083446, 58.76017285617423
23.74312740570938, 58.765791262998015
23.7893202605843, 58.77140966982179
23.83551311545922, 58.77702807664558
23.881705970334142, 58.78264648346936
23.927898825209066, 58.78826489029314
23.974091680083987, 58.79388329711692
24.020284534958908, 58.799501703940706
24.06647738983383, 58.805120110764484
24.11267024470875, 58.81073851758827
24.15886309958367, 58.81635692441205
24.20505595445859, 58.82197533123583
24.25124880933351, 58.82759373805961
24.29744166420843, 58.8332121448834
24.343634519083352, 58.838830551707176
24.389827373958276, 58.84444895853096
24.436020228833197, 58.85006736535475
24.482213083708118, 58.855685772178525
24.528405938583038, 58.86130417900231
24.57459879345796, 58.86692258582609
24.62079164833288, 58.872540992649874
24.6669845032078, 58.87815939947365
24.71317735808272, 58.88377780629744
24.75937021295764, 58.889396213121216
24.805563067832562, 58.895014619945
24.851755922707483, 58.90063302676878
24.897948777582407, 58.906251433592566
24.944141632457328, 58.911869840416344
24.990334487332248, 58.91748824724013
25.03652734220717, 58.92310665406391
25.08272019708209, 58.92872506088769
25.12891305195701, 58.93434346771147
25.17510590683193, 58.93996187453526
25.22129876170685, 58.945580281359035
25.267491616581772, 58.95119868818282
25.313684471456693, 58.9568170950066
25.359877326331613, 58.962435501830385
25.406070181206537, 58.96805390865416
25.452263036081458, 58.97367231547795
25.49845589095638, 58.97929072230173
25.5446487458313, 58.98490912912551
25.59084160070622, 58.99052753594929
25.63703445558114, 58.996145942773076
25.68322731045606, 59.001764349596854
25.729420165330982, 59.00738275642064
25.775613020205903, 59.01300116324442
25.821805875080823, 59.0186195700682
25.867998729955744, 59.02423797689198
25.914191584830668, 59.02985638371577
25.96038443970559, 59.035474790539546
26.00657729458051, 59.04109319736333
26.05277014945543, 59.04671160418711
26.09896300433035, 59.052330011010895
26.14515585920527, 59.05794841783467
26.191348714080192, 59.06356682465846
26.237541568955113, 59.06918523148224
26.283734423830033, 59.07480363830602
26.329927278704954, 59.0804220451298
26.376120133579878, 59.086040451953586
26.4223129884548, 59.091658858777365
26.46850584332972, 59.09727726560115
26.51469869820464, 59.10289567242493
26.56089155307956, 59.108514079248714
26.60708440795448, 59.11413248607249
26.653277262829402, 59.11975089289628
26.699470117704323, 59.125369299720056
26.745662972579243, 59.13098770654384
26.791855827454164, 59.13660611336762
26.838048682329084, 59.142224520191405
26.88424153720401, 59.14784292701519
26.93043439207893, 59.15346133383897
26.97662724695385, 59.15907974066275
27.02282010182877, 59.16469814748653
27.06901295670369, 59.17031655431032
27.115205811578612, 59.1759349611341
27.161398666453533, 59.181553367957875
27.207591521328453, 59.18717177478166
27.253784376203374, 59.192790181605446
27.299977231078294, 59.198408588429224
27.34617008595322, 59.20402699525301
27.39236294082814, 59.20964540207679
27.43855579570306, 59.21526380890057
27.48474865057798, 59.22088221572435
27.5309415054529, 59.22650062254814
27.577134360327822, 59.232119029371916
27.623327215202742, 59.2377374361957
27.669520070077663, 59.24335584301948
27.715712924952584, 59.248974249843265
27.761905779827504, 59.25459265666704
27.808098634702425, 59.26021106349083
27.85429148957735, 59.26582947031461
27.90048434445227, 59.27144787713839
27.94667719932719, 59.27706628396217
27.99287005420211, 59.282684690785956
28.039062909077032, 59.288303097609734
28.085255763951952, 59.29392150443352
28.131448618826873, 59.2995399112573
28.177641473701794, 59.305158318081084
28.223834328576714, 59.31077672490486
28.270027183451635, 59.31639513172865
28.316220038326556, 59.322013538552426
28.36241289320148, 59.32763194537621
28.4086057480764, 59.33325035219999
28.45479860295132, 59.338868759023775
28.50099145782624, 59.34448716584755
28.547184312701162, 59.35010557267134
28.593377167576083, 59.35572397949512
28.639570022451004, 59.3613423863189
28.685762877325924, 59.36696079314268
28.731955732200845, 59.37257919996647
28.778148587075766, 59.378197606790245
28.824341441950686, 59.38381601361403
28.87053429682561, 59.38943442043781
28.91672715170053, 59.395052827261594
28.96292000657545, 59.40067123408537
29.009112861450372, 59.40628964090916
29.055305716325293, 59.411908047732936
29.101498571200214, 59.41752645455672
29.147691426075134, 59.4231448613805
29.193884280950055, 59.428763268204285
29.240077135824976, 59.434381675028064
29.286269990699896, 59.44000008185185
29.33246284557482, 59.44561848867563
29.37865570044974, 59.45123689549941
29.42484855532466, 59.45685530232319
29.471041410199582, 59.46247370914698
29.517234265074503, 59.468092115970755
29.563427119949424, 59.47371052279454
29.609619974824344, 59.47932892961832
29.655812829699265, 59.484947336442104
29.702005684574186, 59.49056574326589
29.748198539449106, 59.49618415008967
29.794391394324027, 59.50180255691345
29.84058424919895, 59.50742096373723
29.88677710407387, 59.51303937056102
29.932969958948792, 59.518657777384796
29.979162813823713, 59.52427618420858
30.025355668698634, 59.52989459103236
30.071548523573554, 59.535512997856145
30.117741378448475, 59.54113140467992
30.163934233323396, 59.54674981150371
30.210127088198316, 59.55236821832749
30.256319943073237, 59.55798662515127
30.30251279794816, 59.56360503197505
30.34870565282308, 59.569223438798836
30.394898507698002, 59.574841845622615
30.441091362572923, 59.5804602524464
30.487284217447844, 59.58607865927018
30.533477072322764, 59.591697066093964
30.579669927197685, 59.59731547291774
30.625862782072605, 59.60293387974153
30.672055636947526, 59.608552286565306
30.718248491822447, 59.61417069338909
30.764441346697367, 59.61978910021287
30.81063420157229, 59.625407507036655
30.856827056447212, 59.631025913860434
30.903019911322133, 59.63664432068422
30.949212766197054, 59.642262727508
30.995405621071974, 59.64788113433178
31.041598475946895, 59.65349954115556
31.087791330821815, 59.65911794797935
31.133984185696736, 59.664736354803125
31.180177040571657, 59.67035476162691
31.226369895446577, 59.67597316845069
31.272562750321498, 59.681591575274474
31.318755605196422, 59.68720998209825
31.364948460071343, 59.69282838892204
31.411141314946263, 59.69844679574582
31.457334169821184, 59.7040652025696
31.503527024696105, 59.70968360939338
31.549719879571025, 59.715302016217166
31.595912734445946, 59.720920423040944
31.642105589320867, 59.72653882986473
31.688298444195787, 59.73215723668851
31.734491299070708, 59.73777564351229
31.78068415394563, 59.74339405033607
31.826877008820553, 59.74901245715986
31.873069863695473, 59.754630863983635
31.919262718570394, 59.76024927080742
31.965455573445315, 59.7658676776312
32.011648428320235, 59.771486084454985
32.05784128319516, 59.77710449127876
32.10403413807008, 59.78272289810255
32.150226992945, 59.788341304926334
32.19641984781992, 59.79395971175011
32.24261270269484, 59.79957811857389
32.28880555756976, 59.805196525397676
32.33499841244468, 59.81081493222146
32.3811912673196, 59.81643333904524
32.427384122194525, 59.82205174586902
32.47357697706944, 59.827670152692804
32.519769831944366, 59.83328855951659
32.56596268681929, 59.83890696634037
32.61215554169421, 59.844525373164146
32.65834839656913, 59.85014377998793
32.70454125144405, 59.85576218681172
32.75073410631897, 59.861380593635495
32.79692696119389, 59.86699900045927
32.843119816068814, 59.87261740728306
32.88931267094373, 59.878235814106844
32.935505525818655, 59.88385422093062
32.98169838069357, 59.88947262775441
33.0278912355685, 59.895091034578186
33.07408409044342, 59.90070944140197
33.12027694531834, 59.90632784822575
33.16646980019326, 59.911946255049536
33.21266265506818, 59.917564661873314
33.2588555099431, 59.9231830686971
33.30504836481802, 59.92880147552088
33.351241219692945, 59.93441988234466
33.39743407456786, 59.94003828916844
33.443626929442786, 59.94565669599223
33.4898197843177, 59.951275102816005
33.53601263919263, 59.95689350963979
33.58220549406755, 59.96251191646357
33.62839834894247, 59.968130323287355
33.67459120381739, 59.97374873011113
33.72078405869231, 59.97936713693492
33.766976913567234, 59.9849855437587
33.81316976844215, 59.99060395058248
33.859362623317075, 59.99622235740626
33.90555547819199, 60.001840764230046
33.95174833306692, 60.007459171053824
33.997941187941834, 60.01307757787761
34.04413404281676, 60.01869598470139
34.09032689769168, 60.024314391525174
34.1365197525666, 60.02993279834895
34.18271260744152, 60.03555120517274
34.22890546231644, 60.041169611996516
34.275098317191365, 60.0467880188203
34.32129117206628, 60.05240642564408
34.367484026941206, 60.058024832467865
34.41367688181612, 60.06364323929164
34.45986973669105, 60.06926164611543
34.50606259156597, 60.07488005293921
34.55225544644089, 60.08049845976299
34.59844830131581, 60.08611686658677
34.64464115619073, 60.091735273410556
34.690834011065654, 60.097353680234335
34.73702686594057, 60.10297208705812
34.783219720815495, 60.1085904938819
34.82941257569041, 60.114208900705684
34.87560543056534, 60.11982730752946
34.92179828544025, 60.12544571435325
34.96799114031518, 60.131064121177026
35.0141839951901, 60.13668252800081
35.06037685006502, 60.14230093482459
35.10656970493994, 60.147919341648375
35.15276255981486, 60.15353774847216
35.198955414689785, 60.15915615529594
35.2451482695647, 60.16477456211972
35.291341124439626, 60.1703929689435
35.33753397931454, 60.17601137576729
35.38372683418947, 60.18162978259107
35.429919689064384, 60.187248189414845
35.47611254393931, 60.19286659623863
35.52230539881423, 60.198485003062416
35.56849825368915, 60.204103409886194
35.614691108564074, 60.20972181670998
35.66088396343899, 60.21534022353376
35.707076818313915, 60.22095863035754
35.75326967318883, 60.22657703718132
35.799462528063756, 60.23219544400511
35.84565538293867, 60.237813850828886
35.8918482378136, 60.24343225765267
35.938041092688515, 60.24905066447645
35.98423394756344, 60.254669071300235
36.03042680243836, 60.26028747812401
36.07661965731328, 60.2659058849478
36.122812512188204, 60.27152429177158
36.16900536706312, 60.27714269859536
36.215198221938046, 60.28276110541914
36.26139107681296, 60.288379512242926
36.30758393168789, 60.293997919066705
36.353776786562804, 60.29961632589049
36.39996964143773, 60.30523473271427
36.446162496312645, 60.310853139538054
36.49235535118757, 60.31647154636183
36.538548206062494, 60.32208995318562
36.58474106093741, 60.327708360009396
36.630933915812335, 60.33332676683318
36.67712677068725, 60.33894517365696
36.723319625562176, 60.344563580480745
36.76951248043709, 60.35018198730452
36.81570533531202, 60.35580039412831
36.861898190186935, 60.36141880095209
36.90809104506186, 60.36703720777587
36.95428389993678, 60.37265561459965
37.0004767548117, 60.37827402142344
37.046669609686624, 60.383892428247215
37.09286246456154, 60.389510835071
37.139055319436466, 60.39512924189478
37.18524817431138, 60.400747648718564
37.23144102918631, 60.40636605554234
37.277633884061224, 60.41198446236613
37.32382673893615, 60.417602869189906
37.370019593811065, 60.42322127601369
37.41621244868599, 60.42883968283747
37.462405303560914, 60.434458089661256
37.50859815843583, 60.440076496485034
37.554791013310755, 60.44569490330882
37.60098386818567, 60.4513133101326
37.647176723060596, 60.45693171695638
37.69336957793551, 60.46255012378016
37.73956243281044, 60.46816853060395
37.785755287685355, 60.473786937427725
37.83194814256028, 60.47940534425151
37.878140997435196, 60.48502375107529
37.92433385231012, 60.490642157899075
37.970526707185044, 60.49626056472286
38.01671956205996, 60.50187897154664
38.062912416934886, 60.507497378370424
38.1091052718098, 60.5131157851942
38.15529812668473, 60.51873419201799
38.201490981559644, 60.524352598841766
38.24768383643457, 60.52997100566555
38.293876691309485, 60.53558941248933
38.34006954618441, 60.541207819313115
38.38626240105933, 60.54682622613689
38.43245525593425, 60.55244463296068
38.478648110809175, 60.55806303978446
38.52484096568409, 60.56368144660824
38.571033820559016, 60.56929985343202
38.61722667543393, 60.57491826025581
38.66341953030886, 60.580536667079585
38.709612385183775, 60.58615507390337
38.7558052400587, 60.59177348072715
38.801998094933616, 60.597391887550934
38.84819094980854, 60.60301029437471
38.89438380468346, 60.6086287011985
38.94057665955838, 60.614247108022276
38.986769514433306, 60.61986551484606
39.03296236930822, 60.62548392166984
39.07915522418315, 60.631102328493625
39.125348079058064, 60.636720735317404
39.17154093393299, 60.64233914214119
39.217733788807905, 60.64795754896497
39.26392664368283, 60.65357595578875
39.31011949855775, 60.65919436261253
39.35631235343267, 60.66481276943632
39.40250520830759, 60.670431176260095
39.44869806318251, 60.67604958308388
39.494890918057436, 60.68166798990766
39.54108377293235, 60.687286396731444
39.58727662780728, 60.69290480355522
39.633469482682194, 60.69852321037901
39.67966233755712, 60.70414161720279
39.725855192432036, 60.70976002402657
39.77204804730696, 60.71537843085035
39.81824090218188, 60.720996837674136
39.8644337570568, 60.726615244497914
39.91062661193172, 60.7322336513217
39.95681946680664, 60.73785205814548
40.00301232168157, 60.74347046496926
40.049205176556484, 60.74908887179304
40.09539803143141, 60.75470727861683
40.141590886306325, 60.760325685440606
40.18778374118125, 60.76594409226439
40.233976596056166, 60.77156249908817
40.28016945093109, 60.777180905911955
40.32636230580601, 60.78279931273573
40.37255516068093, 60.78841771955952
40.418748015555856, 60.794036126383304
40.46494087043077, 60.79965453320708
40.5111337253057, 60.80527294003086
40.557326580180614, 60.810891346854646
40.60351943505554, 60.81650975367843
40.649712289930456, 60.82212816050221
40.69590514480538, 60.82774656732599
40.7420979996803, 60.833364974149774
40.78829085455522, 60.83898338097356
40.83448370943014, 60.84460178779734
40.88067656430506, 60.850220194621116
40.92686941917999, 60.8558386014449
40.973062274054904, 60.86145700826869
41.01925512892983, 60.867075415092465
41.065447983804745, 60.87269382191624
41.11164083867967, 60.87831222874003
41.157833693554586, 60.883930635563814
41.20402654842951, 60.88954904238759
41.25021940330443, 60.89516744921137
41.29641225817935, 60.90078585603516
41.34260511305427, 60.90640426285894
41.38879796792919, 60.91202266968272
41.43499082280412, 60.917641076506506
41.481183677679034, 60.923259483330284
41.52737653255396, 60.92887789015407
41.573569387428876, 60.93449629697785
41.6197622423038, 60.94011470380163
41.66595509717872, 60.94573311062541
41.71214795205364, 60.9513515174492
41.75834080692856, 60.956969924272975
41.80453366180348, 60.96258833109676
41.8507265166784, 60.96820673792054
41.896919371553324, 60.973825144744325
41.94311222642825, 60.9794435515681
41.989305081303165, 60.98506195839189
42.03549793617809, 60.99068036521567
42.081690791053006, 60.99629877203945
42.12788364592793, 61.00191717886323
42.17407650080285, 61.007535585687016
42.22026935567777, 61.013153992510794
42.26646221055269, 61.01877239933458
42.31265506542761, 61.02439080615836
42.35884792030253, 61.030009212982144
42.405040775177454, 61.03562761980592
42.45123363005238, 61.04124602662971
42.497426484927296, 61.046864433453486
42.54361933980222, 61.05248284027727
42.58981219467714, 61.05810124710105
42.63600504955206, 61.063719653924835
42.68219790442698, 61.06933806074861
42.7283907593019, 61.0749564675724
42.77458361417682, 61.08057487439618
42.820776469051744, 61.08619328121996
42.86696932392667, 61.09181168804374
42.913162178801585, 61.097430094867526
42.95935503367651, 61.103048501691305
43.005547888551426, 61.10866690851509
43.05174074342635, 61.11428531533887
43.09793359830127, 61.119903722162654
43.14412645317619, 61.12552212898643
43.19031930805111, 61.13114053581022
43.23651216292603, 61.136758942634
43.28270501780095, 61.14237734945778
43.328897872675874, 61.14799575628157
43.3750907275508, 61.153614163105345
43.421283582425716, 61.15923256992913
43.46747643730064, 61.16485097675291
43.51366929217556, 61.170469383576695
43.55986214705048, 61.17608779040047
43.6060550019254, 61.18170619722426
43.65224785680032, 61.18732460404804
43.69844071167524, 61.19294301087182
43.74463356655016, 61.1985614176956
43.79082642142508, 61.204179824519386
43.837019276300005, 61.209798231343164
43.88321213117493, 61.21541663816695
43.929404986049846, 61.22103504499073
43.97559784092477, 61.226653451814514
44.02179069579969, 61.23227185863829
44.06798355067461, 61.23789026546208
44.11417640554953, 61.243508672285856
44.16036926042445, 61.24912707910964
44.20656211529937, 61.25474548593342
44.252754970174294, 61.260363892757205
44.29894782504921, 61.26598229958098
44.345140679924135, 61.27160070640477
44.39133353479906, 61.27721911322855
44.43752638967398, 61.28283752005233
44.4837192445489, 61.28845592687611
44.52991209942382, 61.294074333699896
44.57610495429874, 61.299692740523675
44.62229780917366, 61.30531114734746
44.66849066404858, 61.31092955417124
44.7146835189235, 61.316547960995024
44.760876373798425, 61.26826498576524
44.80706922867334, 61.11951840346283
44.853262083548266, 60.97077182116039
44.89945493842319, 60.822025238857954
44.94564779329811, 60.67327865655554
44.99184064817303, 60.5245320742531
45.03803350304795, 60.37578549195069
45.08422635792287, 60.22703890964825
45.13041921279779, 60.078292327345835
45.176612067672714, 59.9295457450434
45.22280492254763, 59.78079916274098
45.268997777422555, 59.63205258043854
45.31519063229747, 59.48330599813613
45.3613834871724, 59.33455941583369
45.40757634204732, 59.18581283353125
45.45376919692224, 59.037066251228836
45.49996205179716, 58.8883196689264
45.54615490667208, 58.739573086623984
45.592347761547, 58.59082650432155
45.63854061642192, 58.44207992201913
45.684733471296845, 58.293333339716696
45.73092632617176, 58.14458675741428
45.777119181046686, 57.995840175111844
45.8233120359216, 57.84709359280943
45.86950489079653, 57.69834701050699
45.91569774567145, 57.549600428204556
45.96189060054637, 57.40085384590214
46.00808345542129, 57.2521072635997
46.05427631029621, 57.10336068129729
46.100469165171134, 56.954614098994846
46.14666202004605, 56.80586751669243
