Parameters: [53.27187563508956, 18.42177991299889, 7.296911675613753, 42.12951108373592, 4.232951135699056, -0.10680211588672353, -2.975578660087322]
Points:
0.0, 18.42177991299889
0.053325200835925485, 18.6475028824387
0.10665040167185097, 18.873225851878512
0.15997560250777645, 19.098948821318324
0.21330080334370194, 19.324671790758135
0.26662600417962745, 19.550394760197946
0.3199512050155529, 19.776117729637757
0.37327640585147837, 20.00184069907757
0.4266016066874039, 20.227563668517377
0.4799268075233294, 20.453286637957188
0.5332520083592549, 20.679009607397
0.5865772091951803, 20.90473257683681
0.6399024100311058, 21.13045554627662
0.6932276108670313, 21.356178515716433
0.7465528117029567, 21.581901485156244
0.7998780125388822, 21.807624454596056
0.8532032133748078, 22.033347424035867
0.9065284142107333, 22.259070393475678
0.9598536150466588, 22.48479336291549
1.0131788158825843, 22.7105163323553
1.0665040167185098, 22.936239301795112
1.119829217554435, 23.16196227123492
1.1731544183903606, 23.387685240674735
1.2264796192262861, 23.613408210114542
1.2798048200622116, 23.839131179554354
1.3331300208981371, 24.064854148994165
1.3864552217340627, 24.290577118433976
1.4397804225699882, 24.516300087873788
1.4931056234059135, 24.7420230573136
1.546430824241839, 24.96774602675341
1.5997560250777645, 25.19346899619322
1.65308122591369, 25.419191965633033
1.7064064267496155, 25.644914935072844
1.759731627585541, 25.870637904512655
1.8130568284214665, 26.096360873952467
1.866382029257392, 26.322083843392278
1.9197072300933176, 26.547806812832086
1.9730324309292429, 26.7735297822719
2.0263576317651686, 26.99925275171171
2.079682832601094, 27.224975721151523
2.1330080334370196, 27.45069869059133
2.186333234272945, 27.676421660031142
2.23965843510887, 27.902144629470953
2.292983635944796, 28.127867598910765
2.346308836780721, 28.353590568350576
2.399634037616647, 28.579313537790387
2.4529592384525722, 28.8050365072302
2.506284439288498, 29.03075947667001
2.5596096401244233, 29.25648244610982
2.6129348409603486, 29.48220541554963
2.6662600417962743, 29.707928384989444
2.7195852426321996, 29.93365135442925
2.7729104434681253, 30.159374323869066
2.8262356443040506, 30.385097293308874
2.8795608451399763, 30.61082026274869
2.9328860459759016, 30.836543232188497
2.986211246811827, 31.062266201628308
3.0395364476477527, 31.28798917106812
3.092861648483678, 31.51371214050793
3.1461868493196037, 31.739435109947742
3.199512050155529, 31.96515807938755
3.2528372509914547, 32.190881048827364
3.30616245182738, 32.41660401826717
3.3594876526633057, 32.64232698770699
3.412812853499231, 32.868049957146795
3.4661380543351563, 33.09377292658661
3.519463255171082, 33.31949589602642
3.5727884560070073, 33.545218865466225
3.626113656842933, 33.77094183490604
3.6794388576788584, 33.996664804345855
3.732764058514784, 34.22238777378566
3.7860892593507094, 34.44811074322547
3.839414460186635, 34.673833712665285
3.8927396610225604, 34.8995566821051
3.9460648618584857, 35.12527965154491
3.9993900626944114, 35.351002620984715
4.052715263530337, 35.57672559042453
4.106040464366262, 35.80244855986434
4.159365665202188, 36.02817152930415
4.2126908660381135, 36.25389449874396
4.266016066874039, 36.479617468183775
4.319341267709964, 36.70534043762358
4.37266646854589, 36.93106340706339
4.4259916693818155, 37.156786376503206
4.47931687021774, 37.38250934594302
4.532642071053666, 37.60823231538283
4.585967271889592, 37.833955284822636
4.639292472725518, 38.05967825426245
4.692617673561442, 38.285401223702266
4.745942874397368, 38.511124193142074
4.799268075233294, 38.73684716258188
4.852593276069219, 38.962570132021696
4.9059184769051445, 39.18829310146151
4.95924367774107, 39.41401607090132
5.012568878576996, 39.63973904034113
5.065894079412921, 39.86546200978094
5.1192192802488465, 40.09118497922075
5.172544481084772, 40.316907948660564
5.225869681920697, 40.54263091810037
5.279194882756623, 40.76835388754019
5.332520083592549, 40.994076856979994
5.385845284428474, 41.2197998264198
5.439170485264399, 41.44552279585962
5.492495686100325, 41.67124576529943
5.545820886936251, 41.89696873473924
5.5991460877721755, 42.12269170417905
5.652471288608101, 42.34841467361886
5.705796489444027, 42.57413764305868
5.759121690279953, 42.799860612498485
5.8124468911158775, 43.02558358193829
5.865772091951803, 43.25130655137811
5.919097292787729, 43.47702952081792
5.972422493623654, 43.70275249025772
6.02574769445958, 43.92847545969754
6.079072895295505, 44.15419842913735
6.132398096131431, 44.37992139857716
6.185723296967356, 44.60564436801697
6.239048497803282, 44.83136733745678
6.292373698639207, 45.0570903068966
6.345698899475133, 45.282813276336405
6.399024100311058, 45.50853624577621
6.452349301146984, 45.73425921521603
6.505674501982909, 45.95998218465584
6.558999702818834, 46.18570515409564
6.61232490365476, 46.41142812353546
6.665650104490686, 46.63715109297527
6.7189753053266115, 46.86287406241509
6.772300506162536, 47.08859703185489
6.825625706998462, 47.3143200012947
6.878950907834388, 47.54004297073452
6.932276108670313, 47.765765940174326
6.985601309506238, 47.991488909614134
7.038926510342164, 48.21721187905395
7.09225171117809, 48.44293484849376
7.145576912014015, 48.668657817933564
7.19890211284994, 48.89438078737338
7.252227313685866, 49.120103756813194
7.305552514521791, 49.30832761750541
7.358877715357717, 49.302632373226054
7.4122029161936425, 49.29693712894669
7.465528117029568, 49.29124188466733
7.518853317865493, 49.28554664038797
7.572178518701419, 49.279851396108604
7.6255037195373445, 49.274156151829246
7.67882892037327, 49.26846090754988
7.732154121209195, 49.26276566327052
7.785479322045121, 49.25707041899116
7.838804522881047, 49.2513751747118
7.892129723716971, 49.24567993043244
7.945454924552897, 49.23998468615308
7.998780125388823, 49.23428944187371
8.052105326224748, 49.228594197594354
8.105430527060674, 49.222898953314996
8.1587557278966, 49.21720370903563
8.212080928732524, 49.21150846475627
8.26540612956845, 49.205813220476905
8.318731330404376, 49.20011797619755
8.3720565312403, 49.19442273191819
8.425381732076227, 49.18872748763882
8.478706932912152, 49.18303224335946
8.532032133748078, 49.177336999080104
8.585357334584003, 49.17164175480074
8.638682535419928, 49.16594651052138
8.692007736255855, 49.16025126624202
8.74533293709178, 49.154556021962655
8.798658137927704, 49.148860777683296
8.851983338763631, 49.14316553340393
8.905308539599556, 49.13747028912457
8.95863374043548, 49.13177504484521
9.011958941271407, 49.12607980056585
9.065284142107332, 49.12038455628649
9.118609342943257, 49.11468931200713
9.171934543779184, 49.108994067727764
9.225259744615109, 49.103298823448405
9.278584945451035, 49.097603579169046
9.33191014628696, 49.09190833488968
9.385235347122885, 49.08621309061032
9.438560547958811, 49.080517846330956
9.491885748794736, 49.0748226020516
9.545210949630661, 49.06912735777224
9.598536150466588, 49.06343211349287
9.651861351302513, 49.057736869213514
9.705186552138438, 49.052041624934155
9.758511752974364, 49.04634638065479
9.811836953810289, 49.04065113637543
9.865162154646214, 49.03495589209607
9.91848735548214, 49.029260647816706
9.971812556318065, 49.02356540353735
10.025137757153992, 49.01787015925799
10.078462957989917, 49.01217491497862
10.131788158825842, 49.006479670699264
10.185113359661768, 49.0007844264199
10.238438560497693, 48.99508918214054
10.291763761333618, 48.98939393786118
10.345088962169545, 48.983698693581815
10.39841416300547, 48.978003449302456
10.451739363841394, 48.9723082050231
10.50506456467732, 48.96661296074373
10.558389765513246, 48.96091771646437
10.611714966349172, 48.955222472185014
10.665040167185097, 48.94952722790565
10.718365368021022, 48.94383198362629
10.771690568856949, 48.93813673934692
10.825015769692873, 48.932441495067565
10.878340970528798, 48.926746250788206
10.931666171364725, 48.92105100650884
10.98499137220065, 48.91535576222948
11.038316573036575, 48.90966051795012
11.091641773872501, 48.90396527367076
11.144966974708426, 48.8982700293914
11.198292175544351, 48.89257478511204
11.251617376380278, 48.88687954083267
11.304942577216202, 48.881184296553315
11.358267778052129, 48.87548905227395
11.411592978888054, 48.86979380799459
11.464918179723979, 48.86409856371523
11.518243380559905, 48.858403319435865
11.57156858139583, 48.85270807515651
11.624893782231755, 48.84701283087715
11.678218983067682, 48.84131758659778
11.731544183903607, 48.83562234231842
11.784869384739531, 48.829927098039065
11.838194585575458, 48.8242318537597
11.891519786411383, 48.81853660948034
11.944844987247308, 48.81284136520098
11.998170188083234, 48.807146120921615
12.05149538891916, 48.80145087664226
12.104820589755086, 48.79575563236289
12.15814579059101, 48.79006038808353
12.211470991426935, 48.78436514380417
12.264796192262862, 48.77866989952481
12.318121393098787, 48.77297465524545
12.371446593934712, 48.76727941096609
12.424771794770638, 48.761584166686724
12.478096995606563, 48.755888922407365
12.531422196442488, 48.75019367812801
12.584747397278415, 48.74449843384864
12.63807259811434, 48.73880318956928
12.691397798950266, 48.733107945289916
12.744722999786191, 48.72741270101056
12.798048200622116, 48.7217174567312
12.851373401458043, 48.71602221245183
12.904698602293967, 48.710326968172474
12.958023803129892, 48.704631723893115
13.011349003965819, 48.69893647961375
13.064674204801744, 48.69324123533439
13.117999405637669, 48.68754599105503
13.171324606473595, 48.681850746775666
13.22464980730952, 48.67615550249631
13.277975008145445, 48.67046025821694
13.331300208981371, 48.66476501393758
13.384625409817296, 48.659069769658224
13.437950610653223, 48.65337452537886
13.491275811489148, 48.6476792810995
13.544601012325073, 48.64198403682014
13.597926213161, 48.636288792540775
13.651251413996924, 48.630593548261416
13.704576614832849, 48.62489830398206
13.757901815668776, 48.61920305970269
13.8112270165047, 48.61350781542333
13.864552217340625, 48.60781257114397
13.917877418176552, 48.60211732686461
13.971202619012477, 48.59642208258525
14.024527819848403, 48.59072683830588
14.077853020684328, 48.585031594026525
14.131178221520253, 48.579336349747166
14.18450342235618, 48.5736411054678
14.237828623192105, 48.56794586118844
14.29115382402803, 48.56225061690908
14.344479024863956, 48.55655537262972
14.39780422569988, 48.55086012835036
14.451129426535806, 48.54516488407099
14.504454627371732, 48.53946963979163
14.557779828207657, 48.533774395512275
14.611105029043582, 48.52807915123291
14.664430229879509, 48.52238390695355
14.717755430715433, 48.51668866267419
14.77108063155136, 48.510993418394825
14.824405832387285, 48.50529817411547
14.87773103322321, 48.49960292983611
14.931056234059136, 48.49390768555674
14.984381434895061, 48.48821244127738
15.037706635730986, 48.48251719699802
15.091031836566913, 48.47682195271866
15.144357037402838, 48.4711267084393
15.197682238238762, 48.465431464159934
15.251007439074689, 48.459736219880575
15.304332639910614, 48.45404097560122
15.35765784074654, 48.44834573132185
15.410983041582465, 48.44265048704249
15.46430824241839, 48.43695524276313
15.517633443254317, 48.43125999848377
15.570958644090242, 48.42556475420441
15.624283844926167, 48.41986950992505
15.677609045762093, 48.414174265645684
15.730934246598018, 48.408479021366325
15.784259447433943, 48.40278377708696
15.83758464826987, 48.3970885328076
15.890909849105794, 48.39139328852824
15.94423504994172, 48.385698044248876
15.997560250777646, 48.38000279996952
16.05088545161357, 48.37430755569016
16.104210652449495, 48.36861231141079
16.15753585328542, 48.362917067131434
16.21086105412135, 48.35722182285207
16.264186254957274, 48.35152657857271
16.3175114557932, 48.34583133429335
16.370836656629123, 48.340136090013985
16.424161857465048, 48.334440845734626
16.477487058300976, 48.32874560145527
16.5308122591369, 48.3230503571759
16.584137459972826, 48.31735511289654
16.63746266080875, 48.311659868617184
16.690787861644676, 48.30596462433782
16.7441130624806, 48.30026938005846
16.79743826331653, 48.2945741357791
16.850763464152454, 48.288878891499735
16.90408866498838, 48.283183647220376
16.957413865824304, 48.27748840294101
17.01073906666023, 48.27179315866165
17.064064267496157, 48.26609791438229
17.11738946833208, 48.26040267010293
17.170714669168007, 48.25470742582357
17.22403987000393, 48.24901218154421
17.277365070839856, 48.243316937264844
17.33069027167578, 48.237621692985485
17.38401547251171, 48.231926448706126
17.437340673347634, 48.22623120442676
17.49066587418356, 48.2205359601474
17.543991075019484, 48.214840715868036
17.59731627585541, 48.20914547158868
17.650641476691334, 48.20345022730932
17.703966677527262, 48.19775498302995
17.757291878363187, 48.192059738750594
17.810617079199112, 48.186364494471235
17.863942280035037, 48.18066925019187
17.91726748087096, 48.17497400591251
17.97059268170689, 48.16927876163315
18.023917882542815, 48.163583517353786
18.07724308337874, 48.15788827307443
18.130568284214664, 48.15219302879506
18.18389348505059, 48.1464977845157
18.237218685886514, 48.14080254023634
18.290543886722443, 48.13510729595698
18.343869087558367, 48.12941205167762
18.397194288394292, 48.12371680739826
18.450519489230217, 48.118021563118894
18.503844690066142, 48.112326318839536
18.55716989090207, 48.10663107456018
18.610495091737995, 48.10093583028081
18.66382029257392, 48.09524058600145
18.717145493409845, 48.089545341722086
18.77047069424577, 48.08385009744273
18.823795895081695, 48.07815485316337
18.877121095917623, 48.072459608884
18.930446296753548, 48.066764364604644
18.983771497589473, 48.061069120325286
19.037096698425398, 48.05537387604592
19.090421899261322, 48.04967863176656
19.14374710009725, 48.0439833874872
19.197072300933176, 48.038288143207836
19.2503975017691, 48.03259289892848
19.303722702605025, 48.02689765464912
19.35704790344095, 48.02120241036975
19.410373104276875, 48.015507166090394
19.463698305112803, 48.00981192181103
19.51702350594873, 48.00411667753167
19.570348706784653, 47.99842143325231
19.623673907620578, 47.992726188972945
19.676999108456503, 47.987030944693586
19.730324309292428, 47.98133570041423
19.783649510128356, 47.97564045613486
19.83697471096428, 47.9699452118555
19.890299911800206, 47.964249967576144
19.94362511263613, 47.95855472329678
19.996950313472055, 47.95285947901742
20.050275514307984, 47.947164234738054
20.10360071514391, 47.941468990458695
20.156925915979834, 47.935773746179336
20.21025111681576, 47.93007850189997
20.263576317651683, 47.92438325762061
20.316901518487608, 47.91868801334125
20.370226719323536, 47.91299276906189
20.42355192015946, 47.90729752478253
20.476877120995386, 47.90160228050317
20.53020232183131, 47.895907036223804
20.583527522667236, 47.890211791944445
20.636852723503164, 47.88451654766508
20.69017792433909, 47.87882130338572
20.743503125175014, 47.87312605910636
20.79682832601094, 47.867430814826996
20.850153526846864, 47.86173557054764
20.90347872768279, 47.85604032626828
20.956803928518717, 47.85034508198891
21.01012912935464, 47.844649837709554
21.063454330190567, 47.838954593430195
21.11677953102649, 47.83325934915083
21.170104731862416, 47.82756410487147
21.223429932698345, 47.821868860592105
21.27675513353427, 47.816173616312746
21.330080334370194, 47.81047837203339
21.38340553520612, 47.80478312775402
21.436730736042044, 47.79908788347466
21.49005593687797, 47.793392639195304
21.543381137713897, 47.78769739491594
21.596706338549822, 47.78200215063658
21.650031539385747, 47.77630690635722
21.703356740221672, 47.770611662077854
21.756681941057597, 47.764916417798496
21.81000714189352, 47.75922117351914
21.86333234272945, 47.75352592923977
21.916657543565375, 47.74783068496041
21.9699827444013, 47.74213544068105
22.023307945237224, 47.73644019640169
22.07663314607315, 47.73074495212233
22.129958346909078, 47.72504970784296
22.183283547745003, 47.719354463563604
22.236608748580927, 47.713659219284246
22.289933949416852, 47.70796397500488
22.343259150252777, 47.70226873072552
22.396584351088702, 47.69657348644616
22.44990955192463, 47.6908782421668
22.503234752760555, 47.68518299788744
22.55655995359648, 47.67948775360807
22.609885154432405, 47.67379250932871
22.66321035526833, 47.668097265049354
22.716535556104258, 47.66240202076999
22.769860756940183, 47.65670677649063
22.823185957776108, 47.65101153221127
22.876511158612033, 47.645316287931905
22.929836359447958, 47.63962104365255
22.983161560283882, 47.63392579937319
23.03648676111981, 47.62823055509382
23.089811961955736, 47.62253531081446
23.14313716279166, 47.6168400665351
23.196462363627585, 47.61114482225574
23.24978756446351, 47.60544957797638
23.30311276529944, 47.599754333697014
23.356437966135363, 47.594059089417655
23.40976316697129, 47.588363845138296
23.463088367807213, 47.58266860085893
23.516413568643138, 47.57697335657957
23.569738769479063, 47.57127811230021
23.62306397031499, 47.56558286802085
23.676389171150916, 47.55988762374149
23.72971437198684, 47.55419237946212
23.783039572822766, 47.548497135182764
23.83636477365869, 47.542801890903405
23.889689974494615, 47.53710664662404
23.943015175330544, 47.53141140234468
23.99634037616647, 47.52571615806532
24.049665577002393, 47.520020913785956
24.10299077783832, 47.5143256695066
24.156315978674243, 47.50863042522724
24.20964117951017, 47.50293518094787
24.262966380346096, 47.497239936668514
24.31629158118202, 47.49154469238915
24.369616782017946, 47.48584944810979
24.42294198285387, 47.48015420383043
24.476267183689796, 47.474458959551065
24.529592384525724, 47.468763715271706
24.58291758536165, 47.46306847099235
24.636242786197574, 47.45737322671298
24.6895679870335, 47.45167798243362
24.742893187869424, 47.445982738154264
24.796218388705352, 47.4402874938749
24.849543589541277, 47.43459224959554
24.9028687903772, 47.42889700531617
24.956193991213127, 47.423201761036815
25.00951919204905, 47.417506516757456
25.062844392884976, 47.41181127247809
25.116169593720905, 47.40611602819873
25.16949479455683, 47.40042078391937
25.222819995392754, 47.39472553964001
25.27614519622868, 47.38903029536065
25.329470397064604, 47.38333505108129
25.382795597900532, 47.37763980680192
25.436120798736457, 47.371944562522565
25.489445999572382, 47.3662493182432
25.542771200408307, 47.36055407396384
25.596096401244232, 47.35485882968448
25.649421602080157, 47.349163585405115
25.702746802916085, 47.34346834112576
25.75607200375201, 47.3377730968464
25.809397204587935, 47.33207785256703
25.86272240542386, 47.32638260828767
25.916047606259784, 47.320687364008315
25.969372807095713, 47.31499211972895
26.022698007931638, 47.30929687544959
26.076023208767563, 47.303601631170224
26.129348409603487, 47.297906386890865
26.182673610439412, 47.29221114261151
26.235998811275337, 47.28651589833214
26.289324012111265, 47.28082065405278
26.34264921294719, 47.27512540977342
26.395974413783115, 47.26943016549406
26.44929961461904, 47.2637349212147
26.502624815454965, 47.25803967693534
26.55595001629089, 47.252344432655974
26.609275217126818, 47.246649188376615
26.662600417962743, 47.24095394409726
26.715925618798668, 47.23525869981789
26.769250819634593, 47.22956345553853
26.822576020470517, 47.223868211259166
26.875901221306446, 47.21817296697981
26.92922642214237, 47.21247772270045
26.982551622978296, 47.20678247842108
27.03587682381422, 47.201087234141724
27.089202024650145, 47.195391989862365
27.14252722548607, 47.189696745583
27.195852426322, 47.18400150130364
27.249177627157923, 47.178306257024275
27.302502827993848, 47.172611012744916
27.355828028829773, 47.16691576846556
27.409153229665698, 47.16122052418619
27.462478430501626, 47.15552527990683
27.51580363133755, 47.149830035627474
27.569128832173476, 47.14413479134811
27.6224540330094, 47.13843954706875
27.675779233845326, 47.13274430278939
27.72910443468125, 47.127049058510025
27.78242963551718, 47.121353814230666
27.835754836353104, 47.11565856995131
27.88908003718903, 47.10996332567194
27.942405238024953, 47.10426808139258
27.99573043886088, 47.098572837113224
28.049055639696807, 47.09287759283386
28.10238084053273, 47.0871823485545
28.155706041368656, 47.08148710427513
28.20903124220458, 47.075791859995775
28.262356443040506, 47.070096615716416
28.31568164387643, 47.06440137143705
28.36900684471236, 47.05870612715769
28.422332045548284, 47.05301088287833
28.47565724638421, 47.04731563859897
28.528982447220134, 47.04162039431961
28.58230764805606, 47.03592515004024
28.635632848891984, 47.03022990576088
28.688958049727912, 47.024534661481525
28.742283250563837, 47.01883941720216
28.79560845139976, 47.0131441729228
28.848933652235687, 47.00744892864344
28.90225885307161, 47.001753684364076
28.95558405390754, 46.99605844008472
29.008909254743465, 46.99036319580536
29.06223445557939, 46.98466795152599
29.115559656415314, 46.97897270724663
29.16888485725124, 46.973277462967275
29.222210058087164, 46.96758221868791
29.275535258923092, 46.96188697440855
29.328860459759017, 46.956191730129184
29.382185660594942, 46.950496485849825
29.435510861430867, 46.94480124157047
29.48883606226679, 46.9391059972911
29.54216126310272, 46.93341075301174
29.595486463938645, 46.92771550873238
29.64881166477457, 46.92202026445302
29.702136865610495, 46.91632502017366
29.75546206644642, 46.91062977589429
29.808787267282344, 46.904934531614934
29.862112468118273, 46.899239287335575
29.915437668954198, 46.89354404305621
29.968762869790122, 46.88784879877685
30.022088070626047, 46.88215355449749
30.075413271461972, 46.876458310218126
30.1287384722979, 46.87076306593877
30.182063673133825, 46.86506782165941
30.23538887396975, 46.85937257738004
30.288714074805675, 46.853677333100684
30.3420392756416, 46.847982088821325
30.395364476477525, 46.84228684454196
30.448689677313453, 46.8365916002626
30.502014878149378, 46.830896355983235
30.555340078985303, 46.825201111703876
30.608665279821228, 46.81950586742452
30.661990480657153, 46.81381062314515
30.71531568149308, 46.80811537886579
30.768640882329006, 46.802420134586434
30.82196608316493, 46.79672489030707
30.875291284000856, 46.79102964602771
30.92861648483678, 46.78533440174835
30.981941685672705, 46.779639157468985
31.035266886508634, 46.773943913189626
31.08859208734456, 46.76824866891026
31.141917288180483, 46.7625534246309
31.195242489016408, 46.75685818035154
31.248567689852333, 46.75116293607218
31.301892890688258, 46.74546769179282
31.355218091524186, 46.73977244751346
31.40854329236011, 46.734077203234094
31.461868493196036, 46.728381958954735
31.51519369403196, 46.722686714675376
31.568518894867886, 46.71699147039601
31.621844095703814, 46.71129622611665
31.67516929653974, 46.705600981837286
31.728494497375664, 46.69990573755793
31.78181969821159, 46.69421049327857
31.835144899047513, 46.6885152489992
31.88847009988344, 46.682820004719844
31.941795300719367, 46.677124760440485
31.99512050155529, 46.67142951616112
32.04844570239121, 46.66573427188176
32.10177090322714, 46.6600390276024
32.15509610406307, 46.654343783323036
32.20842130489899, 46.64864853904368
32.26174650573492, 46.64295329476431
32.31507170657084, 46.63725805048495
32.36839690740677, 46.631562806205594
32.4217221082427, 46.62586756192623
32.47504730907862, 46.62017231764687
32.52837250991455, 46.61447707336751
32.58169771075047, 46.608781829088144
32.6350229115864, 46.603086584808786
32.688348112422325, 46.59739134052943
32.74167331325825, 46.59169609625006
32.794998514094175, 46.5860008519707
32.848323714930096, 46.58030560769134
32.901648915766025, 46.57461036341198
32.95497411660195, 46.56891511913262
33.008299317437874, 46.56321987485325
33.0616245182738, 46.557524630573894
33.114949719109724, 46.551829386294536
33.16827491994565, 46.54613414201517
33.221600120781574, 46.54043889773581
33.2749253216175, 46.53474365345645
33.32825052245343, 46.529048409177086
33.38157572328935, 46.52335316489773
33.43490092412528, 46.51765792061836
33.4882261249612, 46.511962676339
33.54155132579713, 46.506267432059644
33.59487652663306, 46.50057218778028
33.64820172746898, 46.49487694350092
33.70152692830491, 46.48918169922156
33.75485212914083, 46.483486454942195
33.80817732997676, 46.477791210662836
33.861502530812686, 46.47209596638348
33.91482773164861, 46.46640072210411
33.968152932484536, 46.46070547782475
34.02147813332046, 46.455010233545394
34.074803334156385, 46.44931498926603
34.128128534992314, 46.44361974498667
34.181453735828235, 46.437924500707304
34.23477893666416, 46.432229256427945
34.288104137500085, 46.426534012148586
34.34142933833601, 46.42083876786922
34.394754539171934, 46.41514352358986
34.44807974000786, 46.4094482793105
34.50140494084379, 46.40375303503114
34.55473014167971, 46.39805779075178
34.60805534251564, 46.39236254647241
34.66138054335156, 46.386667302193054
34.71470574418749, 46.380972057913695
34.76803094502342, 46.37527681363433
34.82135614585934, 46.36958156935497
34.87468134669527, 46.36388632507561
34.92800654753119, 46.358191080796246
34.98133174836712, 46.35249583651689
35.03465694920305, 46.34680059223753
35.08798215003897, 46.34110534795816
35.1413073508749, 46.335410103678804
35.19463255171082, 46.329714859399445
35.247957752546746, 46.32401961512008
35.30128295338267, 46.31832437084072
35.354608154218596, 46.31262912656136
35.407933355054524, 46.306933882281996
35.461258555890446, 46.30123863800264
35.514583756726374, 46.29554339372327
35.567908957562295, 46.28984814944391
35.621234158398224, 46.284152905164554
35.67455935923415, 46.27845766088519
35.72788456007007, 46.27276241660583
35.781209760906, 46.26706717232647
35.83453496174192, 46.261371928047105
35.88786016257785, 46.255676683767746
35.94118536341378, 46.24998143948838
35.9945105642497, 46.24428619520902
36.04783576508563, 46.23859095092966
36.10116096592155, 46.2328957066503
36.15448616675748, 46.22720046237094
36.20781136759341, 46.22150521809158
36.26113656842933, 46.21580997381221
36.31446176926526, 46.210114729532854
36.36778697010118, 46.204419485253496
36.42111217093711, 46.19872424097413
36.47443737177303, 46.19302899669477
36.52776257260896, 46.18733375241541
36.581087773444885, 46.18163850813605
36.63441297428081, 46.17594326385669
36.687738175116735, 46.17024801957732
36.741063375952656, 46.16455277529796
36.794388576788585, 46.158857531018604
36.84771377762451, 46.15316228673924
36.901038978460434, 46.14746704245988
36.95436417929636, 46.14177179818052
37.007689380132284, 46.136076553901155
37.06101458096821, 46.1303813096218
37.11433978180414, 46.12468606534243
37.16766498264006, 46.11899082106307
37.22099018347599, 46.11329557678371
37.27431538431191, 46.10760033250435
37.32764058514784, 46.10190508822499
37.38096578598376, 46.09620984394563
37.43429098681969, 46.090514599666264
37.48761618765562, 46.084819355386905
37.54094138849154, 46.07912411110755
37.59426658932747, 46.07342886682818
37.64759179016339, 46.06773362254882
37.70091699099932, 46.06203837826946
37.754242191835246, 46.0563431339901
37.80756739267117, 46.05064788971074
37.860892593507096, 46.04495264543137
37.91421779434302, 46.039257401152014
37.967542995178945, 46.033562156872655
38.020868196014874, 46.02786691259329
38.074193396850795, 46.02217166831393
38.12751859768672, 46.01647642403457
38.180843798522645, 46.010781179755206
38.23416899935857, 46.00508593547585
38.2874942001945, 45.99939069119648
38.34081940103042, 45.99369544691712
38.39414460186635, 45.988000202637764
38.44746980270227, 45.9823049583584
38.5007950035382, 45.97660971407904
38.55412020437412, 45.97091446979968
38.60744540521005, 45.965219225520315
38.66077060604598, 45.959523981240956
38.7140958068819, 45.9538287369616
38.76742100771783, 45.94813349268223
38.82074620855375, 45.94243824840287
38.87407140938968, 45.936743004123514
38.92739661022561, 45.93104775984415
38.98072181106153, 45.92535251556479
39.03404701189746, 45.91965727128542
39.08737221273338, 45.913962027006065
39.140697413569306, 45.908266782726706
39.194022614405235, 45.90257153844734
39.247347815241156, 45.89687629416798
39.300673016077084, 45.89118104988862
39.353998216913006, 45.88548580560926
39.407323417748934, 45.8797905613299
39.460648618584855, 45.87409531705054
39.513973819420784, 45.86840007277117
39.56729902025671, 45.862704828491815
39.62062422109263, 45.85700958421245
39.67394942192856, 45.85131433993309
39.72727462276448, 45.84561909565373
39.78059982360041, 45.839923851374365
39.83392502443634, 45.83422860709501
39.88725022527226, 45.82853336281565
39.94057542610819, 45.82283811853628
39.99390062694411, 45.81714287425692
40.04722582778004, 45.811447629977565
40.10055102861597, 45.8057523856982
40.15387622945189, 45.80005714141884
40.20720143028782, 45.794361897139474
40.26052663112374, 45.788666652860115
40.31385183195967, 45.78297140858076
40.367177032795595, 45.77727616430139
40.42050223363152, 45.77158092002203
40.473827434467445, 45.76588567574267
40.527152635303366, 45.76019043146331
40.580477836139295, 45.75449518718395
40.633803036975216, 45.74879994290459
40.687128237811145, 45.743104698625224
40.74045343864707, 45.737409454345865
40.793778639482994, 45.73171421006651
40.84710384031892, 45.72601896578714
40.900429041154844, 45.72032372150778
40.95375424199077, 45.714628477228416
41.0070794428267, 45.70893323294906
41.06040464366262, 45.7032379886697
41.11372984449855, 45.69754274439033
41.16705504533447, 45.691847500110974
41.2203802461704, 45.686152255831615
41.27370544700633, 45.68045701155225
41.32703064784225, 45.67476176727289
41.38035584867818, 45.66906652299353
41.4336810495141, 45.663371278714166
41.48700625035003, 45.65767603443481
41.54033145118595, 45.65198079015545
41.59365665202188, 45.64628554587608
41.646981852857806, 45.640590301596724
41.70030705369373, 45.63489505731736
41.753632254529656, 45.629199813038
41.80695745536558, 45.62350456875864
41.860282656201505, 45.617809324479275
41.913607857037434, 45.612114080199916
41.966933057873355, 45.60641883592056
42.02025825870928, 45.60072359164119
42.073583459545205, 45.59502834736183
42.12690866038113, 45.58933310308247
42.18023386121706, 45.4381255445085
42.23355906205298, 45.27945221485626
42.28688426288891, 45.120778885204004
42.34020946372483, 44.962105555551766
42.39353466456076, 44.803432225899506
42.44685986539669, 44.644758896247254
42.50018506623261, 44.486085566595015
42.55351026706854, 44.327412236942756
42.60683546790446, 44.16873890729052
42.66016066874039, 44.01006557763826
42.71348586957631, 43.85139224798602
42.76681107041224, 43.69271891833376
42.82013627124817, 43.5340455886815
42.87346147208409, 43.37537225902926
42.92678667292002, 43.216698929377
42.98011187375594, 43.058025599724765
43.033437074591866, 42.899352270072505
43.086762275427795, 42.740678940420246
43.140087476263716, 42.58200561076801
43.193412677099644, 42.42333228111575
43.246737877935566, 42.26465895146351
43.300063078771494, 42.10598562181125
43.35338827960742, 41.94731229215899
43.406713480443344, 41.78863896250675
43.46003868127927, 41.62996563285449
43.51336388211519, 41.471292303202254
43.56668908295112, 41.312618973549995
43.62001428378704, 41.15394564389776
43.67333948462297, 40.9952723142455
43.7266646854589, 40.83659898459324
43.77998988629482, 40.677925654941006
43.83331508713075, 40.51925232528875
43.88664028796667, 40.36057899563651
43.9399654888026, 40.20190566598425
43.99329068963853, 40.04323233633199
44.04661589047445, 39.88455900667975
44.09994109131038, 39.72588567702749
44.1532662921463, 39.56721234737525
44.20659149298223, 39.408539017722994
44.259916693818155, 39.249865688070734
44.31324189465408, 39.091192358418496
44.366567095490005, 38.93251902876624
44.419892296325926, 38.773845699114
44.473217497161855, 38.61517236946174
44.52654269799778, 38.45649903980948
44.579867898833704, 38.29782571015724
44.63319309966963, 38.13915238050498
44.686518300505554, 37.98047905085274
44.73984350134148, 37.821805721200484
44.793168702177404, 37.663132391548245
44.84649390301333, 37.504459061895986
44.89981910384926, 37.345785732243726
44.95314430468518, 37.187112402591495
45.00646950552111, 37.028439072939236
45.05979470635703, 36.86976574328699
45.11311990719296, 36.71109241363473
45.16644510802889, 36.55241908398248
45.21977030886481, 36.39374575433024
45.27309550970074, 36.23507242467798
45.32642071053666, 36.07639909502574
45.37974591137259, 35.91772576537348
45.433071112208516, 35.75905243572122
45.48639631304444, 35.600379106068985
45.539721513880366, 35.441705776416725
45.59304671471629, 35.28303244676449
45.646371915552216, 35.12435911711223
45.69969711638814, 34.96568578745999
45.753022317224065, 34.80701245780773
45.806347518059994, 34.64833912815547
45.859672718895915, 34.48966579850323
45.91299791973184, 34.33099246885097
45.966323120567765, 34.172319139198734
46.01964832140369, 34.013645809546475
46.07297352223962, 33.854972479894215
46.12629872307554, 33.696299150241984
46.17962392391147, 33.537625820589724
46.23294912474739, 33.37895249093748
46.28627432558332, 33.22027916128522
46.33959952641925, 33.06160583163296
46.39292472725517, 32.90293250198073
46.4462499280911, 32.74425917232847
46.49957512892702, 32.58558584267623
46.55290032976295, 32.42691251302397
46.60622553059888, 32.26823918337171
46.6595507314348, 32.109565853719474
46.71287593227073, 31.950892524067214
46.76620113310665, 31.792219194414976
46.81952633394258, 31.633545864762716
46.8728515347785, 31.474872535110478
46.926176735614426, 31.31619920545822
46.979501936450355, 31.15752587580596
47.032827137286276, 30.99885254615372
47.086152338122204, 30.84017921650146
47.139477538958126, 30.681505886849223
47.192802739794054, 30.522832557196963
47.24612794062998, 30.364159227544704
47.299453141465904, 30.205485897892466
47.35277834230183, 30.04681256824021
47.40610354313775, 29.88813923858797
47.45942874397368, 29.729465908935712
47.51275394480961, 29.570792579283452
47.56607914564553, 29.412119249631214
47.61940434648146, 29.253445919978954
47.67272954731738, 29.094772590326716
47.72605474815331, 28.936099260674457
47.77937994898923, 28.77742593102222
47.83270514982516, 28.618752601369962
47.88603035066109, 28.460079271717703
47.93935555149701, 28.301405942065465
47.99268075233294, 28.142732612413205
48.04600595316886, 27.984059282760967
48.09933115400479, 27.825385953108707
48.152656354840715, 27.666712623456448
48.20598155567664, 27.50803929380421
48.259306756512565, 27.34936596415195
48.312631957348486, 27.19069263449971
48.365957158184415, 27.032019304847452
48.41928235902034, 26.873345975195196
48.472607559856264, 26.714672645542958
48.52593276069219, 26.5559993158907
48.579257961528114, 26.39732598623846
48.63258316236404, 26.2386526565862
48.68590836319997, 26.07997932693394
48.73923356403589, 25.921305997281703
48.79255876487182, 25.762632667629443
48.84588396570774, 25.603959337977205
48.89920916654367, 25.445286008324945
48.95253436737959, 25.286612678672707
49.00585956821552, 25.127939349020448
49.05918476905145, 24.96926601936819
49.11250996988737, 24.810592689715953
49.1658351707233, 24.651919360063694
49.21916037155922, 24.493246030411456
49.27248557239515, 24.334572700759196
49.325810773231076, 24.175899371106937
49.379135974067, 24.0172260414547
49.432461174902926, 23.85855271180244
49.48578637573885, 23.6998793821502
49.539111576574776, 23.54120605249794
49.592436777410704, 23.38253272284568
49.645761978246625, 23.223859393193443
49.699087179082554, 23.065186063541187
49.752412379918475, 22.90651273388895
49.8057375807544, 22.74783940423669
49.85906278159033, 22.58916607458443
49.91238798242625, 22.43049274493219
49.96571318326218, 22.271819415279932
50.0190383840981, 22.113146085627694
50.07236358493403, 21.954472755975434
50.12568878576995, 21.795799426323196
50.17901398660588, 21.637126096670936
50.23233918744181, 21.478452767018677
50.28566438827773, 21.319779437366442
50.33898958911366, 21.161106107714183
50.39231478994958, 21.002432778061944
50.44563999078551, 20.843759448409685
50.49896519162144, 20.685086118757425
50.55229039245736, 20.526412789105187
50.60561559329329, 20.367739459452928
50.65894079412921, 20.20906612980069
50.712265994965136, 20.05039280014843
50.765591195801065, 19.89171947049617
50.818916396636986, 19.733046140843932
50.872241597472915, 19.574372811191672
50.925566798308836, 19.415699481539438
50.978891999144764, 19.257026151887178
51.032217199980686, 19.09835282223494
51.085542400816614, 18.93967949258268
51.13886760165254, 18.78100616293042
51.192192802488464, 18.622332833278183
51.24551800332439, 18.463659503625923
51.29884320416031, 18.304986173973685
51.35216840499624, 18.146312844321425
51.40549360583217, 17.987639514669166
51.45881880666809, 17.828966185016927
51.51214400750402, 17.67029285536467
51.56546920833994, 17.511619525712433
51.61879440917587, 17.352946196060174
51.6721196100118, 17.194272866407914
51.72544481084772, 17.035599536755676
51.77877001168365, 16.876926207103416
51.83209521251957, 16.718252877451178
51.8854204133555, 16.55957954779892
51.938745614191426, 16.40090621814666
51.99207081502735, 16.24223288849442
52.045396015863275, 16.08355955884216
52.0987212166992, 15.924886229189923
52.152046417535125, 15.766212899537667
52.205371618371046, 15.607539569885429
52.258696819206975, 15.44886624023317
52.3120220200429, 15.29019291058091
52.365347220878824, 15.131519580928671
52.41867242171475, 14.972846251276412
52.471997622550674, 14.814172921624174
52.5253228233866, 14.655499591971914
52.57864802422253, 14.496826262319654
52.63197322505845, 14.338152932667416
52.68529842589438, 14.179479603015157
52.7386236267303, 14.020806273362918
52.79194882756623, 13.862132943710662
52.84527402840216, 13.703459614058403
52.89859922923808, 13.544786284406165
52.95192443007401, 13.386112954753905
53.00524963090993, 13.227439625101667
53.05857483174586, 13.068766295449407
53.11190003258178, 12.910092965797169
53.16522523341771, 12.75141963614491
53.218550434253636, 12.59274630649265
53.27187563508956, 12.434072976840412
