Parameters: [47.93620305416891, 16.929337446079767, 14.468278509885831, 44.93945230982182, 3.794626250873862, 0.12437489082320091, -2.9360409045033404]
Points:
0.0, 16.929337446079767
0.04798418724141032, 17.11141950261287
0.09596837448282064, 17.293501559145973
0.14395256172423096, 17.475583615679074
0.19193674896564128, 17.657665672212175
0.2399209362070516, 17.83974772874528
0.2879051234484619, 18.02182978527838
0.33588931068987227, 18.203911841811482
0.38387349793128256, 18.385993898344584
0.43185768517269285, 18.56807595487769
0.4798418724141032, 18.75015801141079
0.5278260596555135, 18.93224006794389
0.5758102468969238, 19.114322124476995
0.6237944341383341, 19.296404181010097
0.6717786213797445, 19.478486237543198
0.7197628086211548, 19.660568294076302
0.7677469958625651, 19.842650350609404
0.8157311831039754, 20.024732407142505
0.8637153703453857, 20.206814463675606
0.9116995575867961, 20.38889652020871
0.9596837448282064, 20.570978576741812
1.0076679320696167, 20.753060633274913
1.055652119311027, 20.935142689808018
1.1036363065524373, 21.11722474634112
1.1516204937938477, 21.29930680287422
1.199604681035258, 21.481388859407325
1.2475888682766683, 21.663470915940426
1.2955730555180787, 21.845552972473527
1.343557242759489, 22.027635029006632
1.3915414300008992, 22.209717085539733
1.4395256172423097, 22.391799142072834
1.4875098044837198, 22.57388119860594
1.5354939917251302, 22.75596325513904
1.5834781789665406, 22.93804531167214
1.6314623662079508, 23.120127368205242
1.6794465534493612, 23.302209424738347
1.7274307406907714, 23.48429148127145
1.7754149279321818, 23.66637353780455
1.8233991151735922, 23.848455594337654
1.8713833024150024, 24.030537650870755
1.9193674896564128, 24.212619707403856
1.9673516768978232, 24.39470176393696
2.0153358641392334, 24.576783820470062
2.063320051380644, 24.758865877003164
2.111304238622054, 24.940947933536265
2.1592884258634646, 25.12302999006937
2.2072726131048745, 25.30511204660247
2.255256800346285, 25.48719410313557
2.3032409875876954, 25.669276159668676
2.3512251748291058, 25.851358216201778
2.399209362070516, 26.03344027273488
2.447193549311926, 26.215522329267984
2.4951777365533365, 26.397604385801085
2.543161923794747, 26.579686442334186
2.5911461110361573, 26.76176849886729
2.6391302982775677, 26.94385055540039
2.687114485518978, 27.125932611933493
2.735098672760388, 27.308014668466598
2.7830828600017985, 27.490096724999695
2.831067047243209, 27.6721787815328
2.8790512344846193, 27.854260838065905
2.9270354217260297, 28.036342894599006
2.9750196089674397, 28.218424951132107
3.02300379620885, 28.400507007665208
3.0709879834502605, 28.58258906419831
3.118972170691671, 28.764671120731414
3.1669563579330813, 28.94675317726452
3.2149405451744912, 29.128835233797616
3.2629247324159016, 29.31091729033072
3.310908919657312, 29.492999346863822
3.3588931068987224, 29.675081403396923
3.406877294140133, 29.857163459930028
3.454861481381543, 30.03924551646313
3.502845668622953, 30.22132757299623
3.5508298558643636, 30.403409629529335
3.598814043105774, 30.585491686062436
3.6467982303471844, 30.767573742595538
3.694782417588595, 30.949655799128642
3.742766604830005, 31.13173785566174
3.790750792071415, 31.313819912194845
3.8387349793128256, 31.49590196872795
3.886719166554236, 31.67798402526105
3.9347033537956464, 31.86006608179415
3.9826875410370564, 32.04214813832725
4.030671728278467, 32.224230194860354
4.078655915519877, 32.40631225139346
4.126640102761288, 32.58839430792656
4.174624290002698, 32.77047636445967
4.222608477244108, 32.952558420992766
4.270592664485519, 33.13464047752587
4.318576851726929, 33.31672253405897
4.366561038968339, 33.49880459059207
4.414545226209749, 33.68088664712518
4.4625294134511595, 33.862968703658275
4.51051360069257, 34.04505076019138
4.55849778793398, 34.22713281672448
4.606481975175391, 34.40921487325758
4.654466162416801, 34.59129692979069
4.7024503496582115, 34.77337898632379
4.750434536899622, 34.955461042856896
4.798418724141032, 35.137543099389994
4.846402911382443, 35.31962515592309
4.894387098623852, 35.501707212456196
4.942371285865263, 35.6837892689893
4.990355473106673, 35.865871325522406
5.0383396603480834, 36.0479533820555
5.086323847589494, 36.2300354385886
5.134308034830904, 36.412117495121706
5.182292222072315, 36.59419955165481
5.230276409313725, 36.776281608187915
5.2782605965551355, 36.95836366472102
5.326244783796546, 37.14044572125412
5.374228971037956, 37.32252777778722
5.422213158279366, 37.50460983432032
5.470197345520776, 37.686691890853425
5.518181532762187, 37.86877394738653
5.566165720003597, 38.05085600391963
5.614149907245007, 38.23293806045273
5.662134094486418, 38.41502011698583
5.710118281727828, 38.597102173518934
5.758102468969239, 38.77918423005204
5.806086656210649, 38.96126628658514
5.854070843452059, 39.14334834311825
5.902055030693469, 39.32543039965134
5.950039217934879, 39.50751245618444
5.99802340517629, 39.68959451271755
6.0460075924177, 39.87167656925065
6.0939917796591105, 40.05375862578376
6.141975966900521, 40.235840682316855
6.189960154141931, 40.41792273884996
6.237944341383342, 40.60000479538306
6.285928528624752, 40.78208685191616
6.333912715866163, 40.96416890844927
6.381896903107573, 41.14625096498237
6.4298810903489825, 41.32833302151547
6.477865277590393, 41.51041507804857
6.525849464831803, 41.69249713458167
6.573833652073214, 41.874579191114776
6.621817839314624, 42.05666124764788
6.6698020265560345, 42.238743304180986
6.717786213797445, 42.42082536071408
6.765770401038855, 42.60290741724718
6.813754588280266, 42.784989473780286
6.861738775521676, 42.96707153031339
6.909722962763086, 43.149153586846495
6.957707150004496, 43.33123564337959
7.005691337245906, 43.51331769991269
7.053675524487317, 43.695399756445795
7.101659711728727, 43.8774818129789
7.149643898970138, 44.059563869512004
7.197628086211548, 44.24164592604511
7.245612273452958, 44.42372798257821
7.293596460694369, 44.60581003911131
7.341580647935779, 44.78789209564441
7.38956483517719, 44.969974152177514
7.437549022418599, 45.15205620871062
7.48553320966001, 45.334138265243716
7.53351739690142, 45.51622032177682
7.58150158414283, 45.69830237830992
7.629485771384241, 45.88038443484302
7.677469958625651, 46.06246649137613
7.725454145867062, 46.24454854790923
7.773438333108472, 46.42663060444234
7.821422520349882, 46.608712660975435
7.869406707591293, 46.79079471750854
7.917390894832703, 46.97287677404164
7.965375082074113, 47.15495883057474
8.013359269315524, 47.33704088710785
8.061343456556934, 47.519122943640944
8.109327643798345, 47.701205000174056
8.157311831039754, 47.88328705670715
8.205296018281164, 48.06536911324025
8.253280205522575, 48.247451169773356
8.301264392763985, 48.429533226306454
8.349248580005396, 48.611615282839566
8.397232767246805, 48.793697339372656
8.445216954488217, 48.97577939590576
8.493201141729626, 49.157861452438866
8.541185328971038, 49.33994350897197
8.589169516212447, 49.522025565505075
8.637153703453858, 49.70410762203818
8.685137890695268, 49.88618967857127
8.733122077936677, 50.068271735104375
8.781106265178089, 50.25035379163748
8.829090452419498, 50.432435848170584
8.87707463966091, 50.61451790470369
8.925058826902319, 50.79659996123678
8.97304301414373, 50.978682017769884
9.02102720138514, 51.16076407430299
9.069011388626551, 51.342846130836094
9.11699557586796, 51.5249281873692
9.164979763109372, 51.7070102439023
9.212963950350781, 51.889092300435394
9.260948137592191, 52.0711743569685
9.308932324833602, 52.2532564135016
9.356916512075012, 52.43533847003471
9.404900699316423, 52.61742052656781
9.452884886557833, 52.7995025831009
9.500869073799244, 52.98158463963402
9.548853261040653, 53.16366669616711
9.596837448282065, 53.34574875270022
9.644821635523474, 53.52783080923332
9.692805822764885, 53.70991286576643
9.740790010006295, 53.89199492229953
9.788774197247704, 54.07407697883262
9.836758384489116, 54.25615903536573
9.884742571730525, 54.43824109189883
9.932726758971937, 54.620323148431936
9.980710946213346, 54.80240520496504
10.028695133454757, 54.984487261498145
10.076679320696167, 55.166569318031236
10.124663507937578, 55.34865137456434
10.172647695178988, 55.530733431097445
10.220631882420399, 55.71281548763055
10.268616069661809, 55.894897544163655
10.316600256903218, 56.076979600696745
10.36458444414463, 56.25906165722985
10.412568631386039, 56.441143713762955
10.46055281862745, 56.62322577029606
10.50853700586886, 56.805307826829164
10.556521193110271, 56.98738988336227
10.60450538035168, 57.16947193989536
10.652489567593092, 57.351553996428464
10.700473754834501, 57.53363605296157
10.748457942075913, 57.715718109494674
10.796442129317322, 57.89780016602778
10.844426316558732, 58.07988222256087
10.892410503800143, 58.261964279093974
10.940394691041552, 58.44404633562708
10.988378878282964, 58.62612839216018
11.036363065524373, 58.80821044869329
11.084347252765784, 58.99029250522639
11.132331440007194, 59.17237456175948
11.180315627248605, 59.3544566182926
11.228299814490015, 59.53653867482569
11.276284001731424, 59.7186207313588
11.324268188972836, 59.9007027878919
11.372252376214245, 60.08278484442499
11.420236563455656, 60.26486690095811
11.468220750697066, 60.4469489574912
11.516204937938477, 60.62903101402431
11.564189125179887, 60.81111307055741
11.612173312421298, 60.993195127090516
11.660157499662708, 61.17527718362362
11.708141686904119, 61.357359240156725
11.756125874145528, 61.539441296689816
11.804110061386938, 61.72152335322292
11.85209424862835, 61.903605409756025
11.900078435869759, 62.08568746628913
11.94806262311117, 62.267769522822235
11.99604681035258, 62.449851579355325
12.04403099759399, 62.63193363588843
12.0920151848354, 62.814015692421535
12.139999372076812, 62.99609774895464
12.187983559318221, 63.178179805487744
12.235967746559632, 63.36026186202085
12.283951933801042, 63.54234391855394
12.331936121042451, 63.724425975087044
12.379920308283863, 63.90650803162015
12.427904495525272, 64.08859008815325
12.475888682766684, 64.27067214468636
12.523872870008093, 64.45275420121945
12.571857057249504, 64.63483625775255
12.619841244490914, 64.81691831428566
12.667825431732325, 64.99900037081876
12.715809618973735, 65.18108242735187
12.763793806215146, 65.36316448388497
12.811777993456555, 65.54524654041806
12.859762180697965, 65.72732859695117
12.907746367939376, 65.90941065348427
12.955730555180786, 66.09149271001738
13.003714742422197, 66.27357476655048
13.051698929663607, 66.45565682308357
13.099683116905018, 66.63773887961669
13.147667304146427, 66.81982093614978
13.195651491387839, 67.00190299268289
13.243635678629248, 67.18398504921599
13.29161986587066, 67.3660671057491
13.339604053112069, 67.5481491622822
13.387588240353478, 67.73023121881529
13.43557242759489, 67.9123132753484
13.4835566148363, 68.0943953318815
13.53154080207771, 68.2764773884146
13.57952498931912, 68.45855944494771
13.627509176560531, 68.64064150148081
13.675493363801941, 68.8227235580139
13.723477551043352, 69.00480561454701
13.771461738284762, 69.18688767108011
13.819445925526171, 69.36896972761322
13.867430112767583, 69.55105178414632
13.915414300008992, 69.73313384067941
13.963398487250403, 69.91521589721252
14.011382674491813, 70.09729795374562
14.059366861733224, 70.27938001027873
14.107351048974634, 70.46146206681183
14.155335236216045, 70.64354412334494
14.203319423457454, 70.82562617987803
14.251303610698866, 71.00770823641113
14.299287797940275, 71.18979029294424
14.347271985181685, 71.37187234947734
14.395256172423096, 71.55395440601045
14.443240359664506, 71.73603646254354
14.491224546905917, 71.83390079549591
14.539208734147326, 71.8398688235453
14.587192921388738, 71.84583685159468
14.635177108630147, 71.85180487964408
14.683161295871558, 71.85777290769347
14.731145483112968, 71.86374093574285
14.77912967035438, 71.86970896379225
14.827113857595789, 71.87567699184164
14.875098044837198, 71.88164501989104
14.92308223207861, 71.88761304794042
14.97106641932002, 71.89358107598981
15.01905060656143, 71.89954910403921
15.06703479380284, 71.90551713208859
15.115018981044251, 71.91148516013799
15.16300316828566, 71.91745318818738
15.210987355527072, 71.92342121623676
15.258971542768482, 71.92938924428616
15.306955730009893, 71.93535727233555
15.354939917251302, 71.94132530038493
15.402924104492712, 71.94729332843433
15.450908291734123, 71.95326135648372
15.498892478975533, 71.9592293845331
15.546876666216944, 71.9651974125825
15.594860853458353, 71.97116544063189
15.642845040699765, 71.97713346868127
15.690829227941174, 71.98310149673067
15.738813415182586, 71.98906952478006
15.786797602423995, 71.99503755282944
15.834781789665406, 72.00100558087884
15.882765976906816, 72.00697360892823
15.930750164148225, 72.01294163697762
15.978734351389637, 72.01890966502701
16.026718538631048, 72.0248776930764
16.074702725872456, 72.03084572112579
16.122686913113867, 72.03681374917518
16.17067110035528, 72.04278177722458
16.21865528759669, 72.04874980527397
16.266639474838097, 72.05471783332335
16.31462366207951, 72.06068586137275
16.36260784932092, 72.06665388942214
16.410592036562328, 72.07262191747152
16.45857622380374, 72.07858994552092
16.50656041104515, 72.08455797357031
16.55454459828656, 72.0905260016197
16.60252878552797, 72.09649402966909
16.65051297276938, 72.10246205771848
16.698497160010792, 72.10843008576786
16.746481347252203, 72.11439811381726
16.79446553449361, 72.12036614186665
16.842449721735022, 72.12633416991603
16.890433908976433, 72.13230219796543
16.93841809621784, 72.13827022601482
16.986402283459253, 72.1442382540642
17.034386470700664, 72.1502062821136
17.082370657942075, 72.156174310163
17.130354845183483, 72.16214233821238
17.178339032424894, 72.16811036626177
17.226323219666305, 72.17407839431117
17.274307406907717, 72.18004642236055
17.322291594149124, 72.18601445040994
17.370275781390536, 72.19198247845934
17.418259968631947, 72.19795050650873
17.466244155873355, 72.20391853455811
17.514228343114766, 72.20988656260751
17.562212530356177, 72.2158545906569
17.61019671759759, 72.22182261870628
17.658180904838996, 72.22779064675568
17.706165092080408, 72.23375867480507
17.75414927932182, 72.23972670285445
17.80213346656323, 72.24569473090385
17.850117653804638, 72.25166275895324
17.89810184104605, 72.25763078700263
17.94608602828746, 72.26359881505202
17.99407021552887, 72.26956684310142
18.04205440277028, 72.2755348711508
18.09003859001169, 72.28150289920019
18.138022777253102, 72.28747092724959
18.18600696449451, 72.29343895529897
18.23399115173592, 72.29940698334836
18.281975338977333, 72.30537501139776
18.329959526218744, 72.31134303944714
18.37794371346015, 72.31731106749653
18.425927900701563, 72.32327909554593
18.473912087942974, 72.32924712359531
18.521896275184382, 72.3352151516447
18.569880462425793, 72.3411831796941
18.617864649667204, 72.34715120774348
18.665848836908616, 72.35311923579287
18.713833024150023, 72.35908726384227
18.761817211391435, 72.36505529189166
18.809801398632846, 72.37102331994105
18.857785585874257, 72.37699134799044
18.905769773115665, 72.38295937603984
18.953753960357076, 72.38892740408922
19.001738147598488, 72.39489543213861
19.049722334839895, 72.400863460188
19.097706522081307, 72.40683148823739
19.145690709322718, 72.41279951628678
19.19367489656413, 72.41876754433618
19.241659083805537, 72.42473557238556
19.28964327104695, 72.43070360043495
19.33762745828836, 72.43667162848435
19.38561164552977, 72.44263965653373
19.43359583277118, 72.44860768458312
19.48158002001259, 72.45457571263252
19.529564207254, 72.4605437406819
19.57754839449541, 72.4665117687313
19.62553258173682, 72.47247979678069
19.67351676897823, 72.47844782483007
19.721500956219643, 72.48441585287947
19.76948514346105, 72.49038388092886
19.817469330702462, 72.49635190897824
19.865453517943873, 72.50231993702764
19.913437705185284, 72.50828796507703
19.961421892426692, 72.51425599312641
20.009406079668103, 72.5202240211758
20.057390266909515, 72.5261920492252
20.105374454150923, 72.5321600772746
20.153358641392334, 72.53812810532398
20.201342828633745, 72.54409613337337
20.249327015875156, 72.55006416142277
20.297311203116564, 72.55603218947215
20.345295390357975, 72.56200021752154
20.393279577599387, 72.56796824557094
20.441263764840798, 72.57393627362032
20.489247952082206, 72.57990430166971
20.537232139323617, 72.58587232971911
20.58521632656503, 72.59184035776849
20.633200513806436, 72.59780838581788
20.681184701047847, 72.60377641386728
20.72916888828926, 72.60974444191666
20.77715307553067, 72.61571246996606
20.825137262772078, 72.62168049801545
20.87312145001349, 72.62764852606483
20.9211056372549, 72.63361655411423
20.96908982449631, 72.63958458216362
21.01707401173772, 72.645552610213
21.06505819897913, 72.6515206382624
21.113042386220542, 72.65748866631179
21.16102657346195, 72.66345669436117
21.20901076070336, 72.66942472241057
21.256994947944772, 72.67539275045996
21.304979135186183, 72.68136077850936
21.35296332242759, 72.68732880655874
21.400947509669002, 72.69329683460813
21.448931696910414, 72.69926486265753
21.496915884151825, 72.70523289070691
21.544900071393233, 72.7112009187563
21.592884258634644, 72.7171689468057
21.640868445876055, 72.72313697485508
21.688852633117463, 72.72910500290448
21.736836820358874, 72.73507303095387
21.784821007600286, 72.74104105900325
21.832805194841697, 72.74700908705265
21.880789382083105, 72.75297711510204
21.928773569324516, 72.75894514315142
21.976757756565927, 72.76491317120082
22.024741943807335, 72.77088119925021
22.072726131048746, 72.77684922729959
22.120710318290158, 72.78281725534899
22.16869450553157, 72.78878528339838
22.216678692772977, 72.79475331144776
22.264662880014388, 72.80072133949716
22.3126470672558, 72.80668936754655
22.36063125449721, 72.81265739559593
22.40861544173862, 72.81862542364533
22.45659962898003, 72.82459345169472
22.50458381622144, 72.8305614797441
22.55256800346285, 72.8365295077935
22.60055219070426, 72.8424975358429
22.64853637794567, 72.84846556389229
22.696520565187082, 72.85443359194167
22.74450475242849, 72.86040161999107
22.7924889396699, 72.86636964804046
22.840473126911313, 72.87233767608984
22.888457314152724, 72.87830570413924
22.936441501394132, 72.88427373218863
22.984425688635543, 72.89024176023801
23.032409875876954, 72.89620978828741
23.080394063118362, 72.9021778163368
23.128378250359773, 72.90814584438618
23.176362437601185, 72.91411387243558
23.224346624842596, 72.92008190048497
23.272330812084004, 72.92604992853435
23.320314999325415, 72.93201795658375
23.368299186566826, 72.93798598463314
23.416283373808238, 72.94395401268252
23.464267561049645, 72.94992204073192
23.512251748291057, 72.95589006878131
23.560235935532468, 72.9618580968307
23.608220122773876, 72.96782612488009
23.656204310015287, 72.97379415292949
23.7041884972567, 72.97976218097887
23.75217268449811, 72.98573020902826
23.800156871739517, 72.99169823707766
23.84814105898093, 72.99766626512704
23.89612524622234, 73.00363429317643
23.94410943346375, 73.00960232122583
23.99209362070516, 73.01557034927521
24.04007780794657, 73.0215383773246
24.08806199518798, 73.027506405374
24.13604618242939, 73.0334744334234
24.1840303696708, 73.03944246147277
24.232014556912212, 73.04541048952217
24.279998744153623, 73.05137851757156
24.32798293139503, 73.05734654562094
24.375967118636442, 73.06331457367034
24.423951305877853, 73.06928260171973
24.471935493119265, 73.07525062976912
24.519919680360672, 73.08121865781851
24.567903867602084, 73.0871866858679
24.615888054843495, 73.09315471391729
24.663872242084903, 73.09912274196668
24.711856429326314, 73.10509077001608
24.759840616567725, 73.11105879806546
24.807824803809137, 73.11702682611485
24.855808991050544, 73.12299485416425
24.903793178291956, 73.12896288221363
24.951777365533367, 73.13493091026302
24.99976155277478, 73.14089893831242
25.047745740016186, 73.1468669663618
25.095729927257597, 73.1528349944112
25.14371411449901, 73.15880302246059
25.191698301740416, 73.16477105050997
25.239682488981828, 73.17073907855936
25.28766667622324, 73.17670710660876
25.33565086346465, 73.18267513465815
25.383635050706058, 73.18864316270754
25.43161923794747, 73.19461119075693
25.47960342518888, 73.20057921880633
25.527587612430292, 73.2065472468557
25.5755717996717, 73.2125152749051
25.62355598691311, 73.2184833029545
25.671540174154522, 73.22445133100388
25.71952436139593, 73.23041935905327
25.76750854863734, 73.23638738710267
25.815492735878752, 73.24235541515205
25.863476923120164, 73.24832344320144
25.91146111036157, 73.25429147125084
25.959445297602983, 73.26025949930022
26.007429484844394, 73.26622752734961
26.055413672085805, 73.27219555539901
26.103397859327213, 73.27816358344839
26.151382046568624, 73.28413161149778
26.199366233810036, 73.29009963954718
26.247350421051443, 73.29606766759656
26.295334608292855, 73.30203569564596
26.343318795534266, 73.30800372369535
26.391302982775677, 73.31397175174473
26.439287170017085, 73.31993977979413
26.487271357258496, 73.32590780784352
26.535255544499908, 73.3318758358929
26.58323973174132, 73.3378438639423
26.631223918982727, 73.34381189199169
26.679208106224138, 73.34977992004109
26.72719229346555, 73.35574794809047
26.775176480706957, 73.36171597613986
26.82316066794837, 73.36768400418926
26.87114485518978, 73.37365203223864
26.91912904243119, 73.37962006028803
26.9671132296726, 73.38558808833743
27.01509741691401, 73.39155611638681
27.06308160415542, 73.3975241444362
27.111065791396832, 73.4034921724856
27.15904997863824, 73.40946020053498
27.20703416587965, 73.41542822858437
27.255018353121063, 73.42139625663377
27.30300254036247, 73.42736428468315
27.350986727603882, 73.43333231273255
27.398970914845293, 73.43930034078194
27.446955102086704, 73.44526836883132
27.494939289328112, 73.45123639688072
27.542923476569523, 73.45720442493011
27.590907663810935, 73.46317245297949
27.638891851052342, 73.46914048102889
27.686876038293754, 73.47510850907828
27.734860225535165, 73.48107653712766
27.782844412776576, 73.48704456517706
27.830828600017984, 73.49301259322645
27.878812787259395, 73.49898062127585
27.926796974500807, 73.50494864932523
27.974781161742218, 73.51091667737462
28.022765348983626, 73.51688470542402
28.070749536225037, 73.5228527334734
28.11873372346645, 73.5288207615228
28.166717910707856, 73.53478878957219
28.214702097949267, 73.54075681762157
28.26268628519068, 73.54672484567097
28.31067047243209, 73.55269287372036
28.358654659673498, 73.55866090176974
28.40663884691491, 73.56462892981914
28.45462303415632, 73.57059695786853
28.50260722139773, 73.57656498591791
28.55059140863914, 73.5825330139673
28.59857559588055, 73.5885010420167
28.646559783121962, 73.59446907006608
28.69454397036337, 73.60043709811548
28.74252815760478, 73.60640512616487
28.790512344846192, 73.61237315421425
28.838496532087603, 73.61834118226365
28.88648071932901, 73.62430921031304
28.934464906570422, 73.63027723836242
28.982449093811834, 73.63624526641182
29.030433281053245, 73.64221329446121
29.078417468294653, 73.6481813225106
29.126401655536064, 73.65414935055999
29.174385842777475, 73.66011737860939
29.222370030018883, 73.66608540665877
29.270354217260294, 73.67205343470816
29.318338404501706, 73.67802146275756
29.366322591743117, 73.68398949080695
29.414306778984525, 73.68995751885633
29.462290966225936, 73.69592554690573
29.510275153467347, 73.70189357495512
29.55825934070876, 73.7078616030045
29.606243527950166, 73.7138296310539
29.654227715191578, 73.71979765910329
29.70221190243299, 73.72576568715267
29.750196089674397, 73.73173371520207
29.798180276915808, 73.73770174325146
29.84616446415722, 73.74366977130084
29.89414865139863, 73.74963779935024
29.94213283864004, 73.75560582739963
29.99011702588145, 73.76157385544902
30.03810121312286, 73.76754188349841
30.086085400364272, 73.7735099115478
30.13406958760568, 73.77947793959719
30.18205377484709, 73.78544596764658
30.230037962088502, 73.79141399569598
30.27802214932991, 73.79738202374536
30.32600633657132, 73.80335005179475
30.373990523812733, 73.80931807984415
30.421974711054144, 73.81528610789353
30.469958898295552, 73.82125413594292
30.517943085536963, 73.82722216399232
30.565927272778374, 73.83319019204171
30.613911460019786, 73.8391582200911
30.661895647261193, 73.84512624814049
30.709879834502605, 73.85109427618988
30.757864021744016, 73.85706230423926
30.805848208985424, 73.86303033228866
30.853832396226835, 73.86899836033805
30.901816583468246, 73.87496638838743
30.949800770709658, 73.88093441643683
30.997784957951065, 73.88690244448622
31.045769145192477, 73.8928704725356
31.093753332433888, 73.898838500585
31.1417375196753, 73.9048065286344
31.189721706916707, 73.91077455668378
31.23770589415812, 73.91674258473317
31.28569008139953, 73.92271061278257
31.333674268640937, 73.92867864083195
31.38165845588235, 73.93464666888134
31.42964264312376, 73.94061469693074
31.47762683036517, 73.94658272498012
31.52561101760658, 73.95255075302951
31.57359520484799, 73.95851878107891
31.6215793920894, 73.96448680912829
31.669563579330813, 73.97045483717768
31.71754776657222, 73.97642286522708
31.765531953813632, 73.98239089327646
31.813516141055043, 73.98835892132585
31.86150032829645, 73.99432694937525
31.909484515537862, 74.00029497742464
31.957468702779273, 74.00626300547403
32.005452890020685, 74.01223103352342
32.053437077262096, 74.01819906157282
32.10142126450351, 74.0241670896222
32.14940545174491, 74.03013511767159
32.19738963898632, 74.03610314572099
32.245373826227734, 74.04207117377037
32.293358013469145, 74.04803920181976
32.34134220071056, 74.05400722986916
32.38932638795197, 74.05997525791854
32.43731057519338, 74.06594328596793
32.48529476243478, 74.07191131401733
32.533278949676195, 74.07787934206671
32.581263136917606, 74.0838473701161
32.62924732415902, 74.0898153981655
32.67723151140043, 74.09578342621488
32.72521569864184, 74.10175145426427
32.77319988588325, 74.10771948231367
32.821184073124655, 74.11368751036305
32.86916826036607, 74.11965553841245
32.91715244760748, 74.12562356646184
32.96513663484889, 74.13159159451122
33.0131208220903, 74.13755962256062
33.06110500933171, 74.14352765061001
33.10908919657312, 74.1494956786594
33.157073383814534, 74.15546370670879
33.20505757105594, 74.16143173475818
33.25304175829735, 74.16739976280758
33.30102594553876, 74.17336779085696
33.34901013278017, 74.17933581890635
33.396994320021584, 74.18530384695575
33.444978507262995, 74.19127187500513
33.492962694504406, 74.19723990305452
33.54094688174581, 74.20320793110392
33.58893106898722, 74.2091759591533
33.63691525622863, 74.2151439872027
33.684899443470044, 74.22111201525209
33.732883630711456, 74.22708004330147
33.78086781795287, 74.23304807135086
33.82885200519428, 74.23901609940026
33.87683619243568, 74.24498412744964
33.924820379677094, 74.25095215549904
33.972804566918505, 74.25692018354843
34.020788754159916, 74.26288821159781
34.06877294140133, 74.2688562396472
34.11675712864274, 74.2748242676966
34.16474131588415, 74.28079229574598
34.21272550312556, 74.28676032379538
34.260709690366966, 74.29272835184477
34.30869387760838, 74.29869637989415
34.35667806484979, 74.30466440794355
34.4046622520912, 74.31063243599294
34.45264643933261, 74.31660046404232
34.50063062657402, 74.32256849209172
34.54861481381543, 74.32853652014111
34.59659900105684, 74.3345045481905
34.64458318829825, 74.34047257623989
34.69256737553966, 74.34644060428928
34.74055156278107, 74.35240863233868
34.78853575002248, 74.35837666038806
34.836519937263894, 74.36434468843746
34.884504124505305, 74.37031271648685
34.93248831174671, 74.37628074453623
34.98047249898812, 74.38224877258563
35.02845668622953, 74.38821680063502
35.07644087347094, 74.3941848286844
35.124425060712355, 74.4001528567338
35.172409247953766, 74.40612088478319
35.22039343519518, 74.41208891283257
35.26837762243659, 74.41805694088197
35.31636180967799, 74.42402496893136
35.364345996919404, 74.42999299698074
35.412330184160815, 74.43596102503014
35.46031437140223, 74.44192905307953
35.50829855864364, 74.44789708112891
35.55628274588505, 74.45386510917831
35.60426693312646, 74.4598331372277
35.652251120367865, 74.46580116527709
35.700235307609276, 74.47176919332648
35.74821949485069, 74.47773722137588
35.7962036820921, 74.48370524942527
35.84418786933351, 74.48967327747465
35.89217205657492, 74.49564130552405
35.94015624381633, 74.50160933357344
35.98814043105774, 74.50757736162282
36.03612461829915, 74.51354538967222
36.08410880554056, 74.51951341772161
36.13209299278197, 74.52548144577099
36.18007718002338, 74.53144947382039
36.22806136726479, 74.53741750186978
36.276045554506204, 74.54338552991916
36.324029741747616, 74.54935355796856
36.37201392898902, 74.55532158601795
36.41999811623043, 74.56128961406733
36.46798230347184, 74.56725764211673
36.515966490713254, 74.57322567016612
36.563950677954665, 74.5791936982155
36.611934865196076, 74.5851617262649
36.65991905243749, 74.5911297543143
36.70790323967889, 74.59709778236368
36.7558874269203, 74.60306581041307
36.803871614161714, 74.60903383846247
36.851855801403126, 74.61500186651185
36.89983998864454, 74.62096989456124
36.94782417588595, 74.62693792261064
36.99580836312736, 74.63290595066002
37.043792550368764, 74.63887397870941
37.091776737610175, 74.64484200675881
37.139760924851586, 74.65081003480819
37.187745112093, 74.65677806285758
37.23572929933441, 74.66274609090698
37.28371348657582, 74.66871411895637
37.33169767381723, 74.67468214700575
37.379681861058636, 74.68065017505515
37.42766604830005, 74.68661820310454
37.47565023554146, 74.69258623115392
37.52363442278287, 74.69855425920332
37.57161861002428, 74.70452228725271
37.61960279726569, 74.7104903153021
37.6675869845071, 74.71645834335149
37.715571171748515, 74.72242637140089
37.76355535898992, 74.72839439945027
37.81153954623133, 74.73436242749966
37.85952373347274, 74.74033045554906
37.90750792071415, 74.74629848359844
37.955492107955564, 74.75226651164783
38.003476295196975, 74.75823453969723
38.05146048243839, 74.76420256774661
38.09944466967979, 74.770170595796
38.1474288569212, 74.7761386238454
38.19541304416261, 74.78210665189478
38.243397231404025, 74.78807467994417
38.291381418645436, 74.79404270799357
38.33936560588685, 74.80001073604296
38.38734979312826, 74.80597876409234
38.43533398036966, 74.81194679214174
38.483318167611074, 74.81791482019113
38.531302354852485, 74.82388284824052
38.5792865420939, 74.82985087628991
38.62727072933531, 74.8358189043393
38.67525491657672, 74.84178693238869
38.72323910381813, 74.84775496043808
38.77122329105954, 74.85372298848748
38.819207478300946, 74.85969101653686
38.86719166554236, 74.86565904458625
38.91517585278377, 74.87162707263565
38.96316004002518, 74.87759510068503
39.01114422726659, 74.88356312873442
39.059128414508, 74.88953115678382
39.107112601749414, 74.8954991848332
39.15509678899082, 74.9014672128826
39.20308097623223, 74.90743524093199
39.25106516347364, 74.91340326898137
39.29904935071505, 74.91937129703076
39.34703353795646, 74.92533932508016
39.395017725197874, 74.93130735312954
39.443001912439286, 74.93727538117894
39.49098609968069, 74.94324340922833
39.5389702869221, 74.94921143727771
39.58695447416351, 74.9551794653271
39.634938661404924, 74.9611474933765
39.682922848646335, 74.96711552142588
39.730907035887746, 74.97308354947528
39.77889122312916, 74.97905157752467
39.82687541037057, 74.98501960557407
39.87485959761197, 74.99098763362345
39.922843784853384, 74.99695566167284
39.970827972094796, 75.00292368972224
40.01881215933621, 75.00889171777162
40.06679634657762, 75.01485974582101
40.11478053381903, 75.02082777387041
40.16276472106044, 75.02679580191979
40.210748908301845, 75.03276382996918
40.258733095543256, 75.03873185801858
40.30671728278467, 75.04469988606796
40.35470147002608, 75.05066791411735
40.40268565726749, 75.05663594216675
40.4506698445089, 75.06260397021613
40.49865403175031, 75.06857199826553
40.54663821899172, 75.07454002631492
40.59462240623313, 75.0805080543643
40.64260659347454, 75.0864760824137
40.69059078071595, 75.09244411046309
40.73857496795736, 75.09841213851247
40.78655915519877, 75.10438016656187
40.834543342440185, 75.11034819461126
40.882527529681596, 75.11631622266066
40.930511716923, 75.12228425071004
40.97849590416441, 75.12825227875943
41.02648009140582, 75.13422030680883
41.074464278647234, 75.14018833485821
41.122448465888645, 75.1461563629076
41.17043265313006, 75.152124390957
41.21841684037147, 75.15809241900638
41.26640102761287, 75.16406044705577
41.31438521485428, 75.17002847510517
41.362369402095695, 75.17599650315455
41.410353589337106, 75.18196453120395
41.45833777657852, 75.18793255925334
41.50632196381993, 75.19390058730272
41.55430615106134, 75.19986861535212
41.602290338302744, 75.20583664340151
41.650274525544155, 75.21180467145089
41.69825871278557, 75.21777269950029
41.74624290002698, 75.22374072754968
41.79422708726839, 75.22970875559906
41.8422112745098, 75.23567678364846
41.89019546175121, 75.24164481169785
41.93817964899262, 75.24761283974723
41.98616383623403, 75.25358086779663
42.03414802347544, 75.25954889584602
42.08213221071685, 75.2655169238954
42.13011639795826, 75.2714849519448
42.17810058519967, 75.2774529799942
42.226084772441084, 75.28342100804358
42.274068959682495, 75.28938903609297
42.3220531469239, 75.29535706414237
42.37003733416531, 75.30132509219175
42.41802152140672, 75.30729312024114
42.46600570864813, 75.31326114829054
42.513989895889544, 75.31922917633993
42.561974083130956, 75.32519720438931
42.60995827037237, 75.3311652324387
42.65794245761377, 75.3371332604881
42.70592664485518, 75.34310128853748
42.753910832096594, 75.34906931658688
42.801895019338005, 75.35503734463627
42.849879206579416, 75.36100537268565
42.89786339382083, 75.36697340073505
42.94584758106224, 75.37294142878444
42.99383176830365, 75.37890945683382
43.041815955545054, 75.38487748488322
43.089800142786466, 75.39084551293261
43.13778433002788, 75.396813540982
43.18576851726929, 75.40278156903139
43.2337527045107, 75.40874959708079
43.28173689175211, 75.41471762513017
43.32972107899352, 75.42068565317956
43.377705266234926, 75.42665368122896
43.42568945347634, 75.43262170927834
43.47367364071775, 75.43858973732773
43.52165782795916, 75.44455776537713
43.56964201520057, 75.45052579342652
43.61762620244198, 75.4564938214759
43.665610389683394, 75.4624618495253
43.7135945769248, 75.46842987757469
43.76157876416621, 75.47439790562407
43.80956295140762, 75.48036593367347
43.85754713864903, 75.48633396172286
43.90553132589044, 75.49230198977224
43.953515513131855, 75.49827001782164
44.001499700373266, 75.50423804587103
44.04948388761467, 75.51020607392041
44.09746807485608, 75.51617410196981
44.14545226209749, 75.5221421300192
44.193436449338904, 75.52811015806859
44.241420636580315, 75.53407818611798
44.28940482382173, 75.54004621416738
44.33738901106314, 75.54601424221676
44.38537319830455, 75.55198227026615
44.43335738554595, 75.55795029831555
44.481341572787365, 75.56391832636493
44.529325760028776, 75.56988635441432
44.57730994727019, 75.57585438246372
44.6252941345116, 75.5818224105131
44.67327832175301, 75.5877904385625
44.72126250899442, 75.59375846661189
44.769246696235825, 75.59972649466127
44.81723088347724, 75.60569452271066
44.86521507071865, 75.61166255076006
44.91319925796006, 75.61763057880944
44.96118344520147, 75.55709229689256
45.00916763244288, 75.41620876038243
45.05715181968429, 75.2753252238723
45.1051360069257, 75.1344416873622
45.15312019416711, 74.99355815085207
45.20110438140852, 74.85267461434194
45.24908856864993, 74.7117910778318
45.29707275589134, 74.57090754132167
45.345056943132754, 74.43002400481154
45.393041130374165, 74.28914046830141
45.441025317615576, 74.14825693179128
45.48900950485698, 74.00737339528116
45.53699369209839, 73.86648985877103
45.5849778793398, 73.7256063222609
45.632962066581214, 73.58472278575077
45.680946253822626, 73.44383924924064
45.72893044106404, 73.30295571273051
45.77691462830545, 73.16207217622038
45.82489881554685, 73.02118863971027
45.872883002788264, 72.88030510320014
45.920867190029675, 72.73942156669001
45.968851377271086, 72.59853803017988
46.0168355645125, 72.45765449366975
46.06481975175391, 72.31677095715962
46.11280393899532, 72.17588742064949
46.160788126236724, 72.03500388413937
46.208772313478136, 71.89412034762924
46.25675650071955, 71.75323681111911
46.30474068796096, 71.61235327460898
46.35272487520237, 71.47146973809885
46.40070906244378, 71.33058620158872
46.44869324968519, 71.18970266507858
46.4966774369266, 71.04881912856845
46.54466162416801, 70.90793559205835
46.59264581140942, 70.76705205554822
46.64062999865083, 70.62616851903809
46.68861418589224, 70.48528498252796
46.73659837313365, 70.34440144601783
46.784582560375064, 70.2035179095077
46.832566747616475, 70.06263437299756
46.88055093485788, 69.92175083648745
46.92853512209929, 69.78086729997732
46.9765193093407, 69.63998376346719
47.02450349658211, 69.49910022695707
47.072487683823525, 69.35821669044694
47.120471871064936, 69.2173331539368
47.16845605830635, 69.07644961742668
47.21644024554775, 68.93556608091656
47.26442443278916, 68.79468254440643
47.312408620030574, 68.6537990078963
47.360392807271985, 68.51291547138617
47.4083769945134, 68.37203193487603
47.45636118175481, 68.2311483983659
47.50434536899622, 68.09026486185577
47.55232955623763, 67.94938132534564
47.600313743479035, 67.80849778883554
47.648297930720446, 67.66761425232541
47.69628211796186, 67.52673071581528
47.74426630520327, 67.38584717930515
47.79225049244468, 67.24496364279501
47.84023467968609, 67.10408010628488
47.8882188669275, 66.96319656977475
47.93620305416891, 66.82231303326463
