Parameters: [51.112452289951584, 17.55937169382349, 5.790834935022636, 41.4052491805769, 4.446120081665579, -0.031542680851511296, -3.2407482119947857]
Points:
0.0, 17.55937169382349
0.05116361590585744, 17.786851273953147
0.10232723181171488, 18.014330854082804
0.15349084771757232, 18.24181043421246
0.20465446362342976, 18.469290014342118
0.2558180795292872, 18.696769594471775
0.30698169543514464, 18.92424917460143
0.3581453113410021, 19.15172875473109
0.4093089272468595, 19.37920833486075
0.46047254315271696, 19.606687914990406
0.5116361590585744, 19.834167495120063
0.5627997749644318, 20.06164707524972
0.6139633908702893, 20.289126655379377
0.6651270067761468, 20.516606235509034
0.7162906226820042, 20.74408581563869
0.7674542385878615, 20.971565395768348
0.818617854493719, 21.199044975898005
0.8697814703995765, 21.426524556027662
0.9209450863054339, 21.65400413615732
0.9721087022112913, 21.881483716286976
1.0232723181171488, 22.108963296416633
1.0744359340230063, 22.336442876546293
1.1255995499288636, 22.563922456675947
1.176763165834721, 22.791402036805604
1.2279267817405786, 23.01888161693526
1.279090397646436, 23.24636119706492
1.3302540135522936, 23.473840777194578
1.3814176294581508, 23.701320357324235
1.4325812453640083, 23.928799937453892
1.4837448612698658, 24.15627951758355
1.534908477175723, 24.383759097713206
1.5860720930815806, 24.611238677842863
1.637235708987438, 24.83871825797252
1.6883993248932956, 25.066197838102177
1.739562940799153, 25.293677418231834
1.7907265567050104, 25.52115699836149
1.8418901726108678, 25.74863657849115
1.8930537885167253, 25.976116158620805
1.9442174044225826, 26.20359573875046
1.9953810203284401, 26.43107531888012
2.0465446362342976, 26.65855489900978
2.097708252140155, 26.886034479139433
2.1488718680460126, 27.113514059269093
2.20003548395187, 27.340993639398746
2.251199099857727, 27.568473219528407
2.302362715763585, 27.795952799658064
2.353526331669442, 28.02343237978772
2.4046899475753, 28.250911959917378
2.455853563481157, 28.478391540047035
2.5070171793870144, 28.705871120176692
2.558180795292872, 28.93335070030635
2.6093444111987294, 29.160830280436006
2.660508027104587, 29.388309860565663
2.7116716430104444, 29.615789440695323
2.7628352589163017, 29.843269020824977
2.8139988748221594, 30.070748600954637
2.8651624907280167, 30.29822818108429
2.916326106633874, 30.52570776121395
2.9674897225397316, 30.753187341343608
3.018653338445589, 30.980666921473265
3.069816954351446, 31.20814650160292
3.120980570257304, 31.43562608173258
3.172144186163161, 31.663105661862236
3.223307802069019, 31.890585241991893
3.274471417974876, 32.11806482212155
3.3256350338807334, 32.34554440225121
3.376798649786591, 32.57302398238087
3.4279622656924484, 32.80050356251052
3.479125881598306, 33.02798314264018
3.5302894975041634, 33.255462722769835
3.5814531134100207, 33.482942302899495
3.6326167293158784, 33.710421883029156
3.6837803452217357, 33.93790146315881
3.734943961127593, 34.16538104328846
3.7861075770334507, 34.39286062341812
3.837271192939308, 34.620340203547784
3.8884348088451652, 34.84781978367744
3.939598424751023, 35.07529936380709
3.9907620406568802, 35.30277894393675
4.0419256565627375, 35.53025852406641
4.093089272468595, 35.757738104196065
4.144252888374453, 35.98521768432572
4.19541650428031, 36.21269726445538
4.2465801201861675, 36.44017684458504
4.297743736092025, 36.66765642471469
4.348907351997882, 36.895136004844346
4.40007096790374, 37.12261558497401
4.4512345838095975, 37.35009516510367
4.502398199715454, 37.57757474523332
4.553561815621312, 37.805054325362974
4.60472543152717, 38.03253390549264
4.6558890474330275, 38.260013485622295
4.707052663338884, 38.48749306575195
4.758216279244742, 38.71497264588161
4.8093798951506, 38.94245222601127
4.8605435110564565, 39.16993180614092
4.911707126962314, 39.397411386270576
4.962870742868172, 39.62489096640024
5.014034358774029, 39.8523705465299
5.0651979746798865, 40.07985012665955
5.116361590585744, 40.30732970678921
5.167525206491601, 40.534809286918865
5.218688822397459, 40.762288867048525
5.2698524383033165, 40.98976844717818
5.321016054209174, 41.21724802730784
5.372179670115031, 41.44472760743749
5.423343286020889, 41.67220718756715
5.4745069019267465, 41.89968676769681
5.525670517832603, 42.12716634782647
5.576834133738461, 42.35464592795613
5.627997749644319, 42.58212550808578
5.679161365550176, 42.809605088215434
5.730324981456033, 43.037084668345095
5.781488597361891, 43.264564248474755
5.832652213267748, 43.304800158976455
5.883815829173606, 43.30318632136873
5.934979445079463, 43.301572483761
5.98614306098532, 43.29995864615327
6.037306676891178, 43.298344808545544
6.0884702927970356, 43.296730970937816
6.139633908702892, 43.29511713333009
6.19079752460875, 43.29350329572236
6.241961140514608, 43.29188945811463
6.2931247564204655, 43.290275620506904
6.344288372326322, 43.288661782899176
6.39545198823218, 43.28704794529145
6.446615604138038, 43.28543410768372
6.497779220043895, 43.28382027007599
6.548942835949752, 43.282206432468264
6.60010645185561, 43.280592594860536
6.651270067761467, 43.27897875725281
6.702433683667325, 43.27736491964508
6.753597299573182, 43.27575108203735
6.804760915479039, 43.274137244429625
6.855924531384897, 43.2725234068219
6.907088147290755, 43.27090956921417
6.958251763196612, 43.26929573160644
7.009415379102469, 43.26768189399871
7.060578995008327, 43.266068056390985
7.111742610914185, 43.26445421878326
7.162906226820041, 43.26284038117553
7.214069842725899, 43.2612265435678
7.265233458631757, 43.25961270596007
7.316397074537614, 43.257998868352345
7.367560690443471, 43.25638503074462
7.418724306349329, 43.25477119313689
7.469887922255186, 43.25315735552916
7.521051538161044, 43.251543517921434
7.572215154066901, 43.249929680313706
7.623378769972758, 43.24831584270598
7.674542385878616, 43.24670200509825
7.725706001784474, 43.24508816749052
7.7768696176903305, 43.243474329882794
7.828033233596188, 43.241860492275066
7.879196849502046, 43.240246654667345
7.930360465407904, 43.23863281705962
7.9815240813137605, 43.23701897945189
8.032687697219618, 43.23540514184416
8.083851313125475, 43.23379130423643
8.135014929031334, 43.232177466628706
8.18617854493719, 43.23056362902098
8.237342160843047, 43.22894979141325
8.288505776748906, 43.22733595380552
8.339669392654763, 43.225722116197794
8.39083300856062, 43.224108278590066
8.441996624466478, 43.22249444098234
8.493160240372335, 43.22088060337461
8.544323856278192, 43.21926676576688
8.59548747218405, 43.217652928159154
8.646651088089907, 43.216039090551426
8.697814703995764, 43.2144252529437
8.748978319901623, 43.21281141533597
8.80014193580748, 43.21119757772824
8.851305551713336, 43.209583740120515
8.902469167619195, 43.20796990251279
8.953632783525052, 43.20635606490506
9.004796399430909, 43.20474222729733
9.055960015336767, 43.2031283896896
9.107123631242624, 43.201514552081875
9.158287247148483, 43.19990071447415
9.20945086305434, 43.19828687686642
9.260614478960196, 43.19667303925869
9.311778094866055, 43.19505920165096
9.362941710771912, 43.193445364043235
9.414105326677769, 43.19183152643551
9.465268942583627, 43.19021768882778
9.516432558489484, 43.18860385122005
9.56759617439534, 43.18699001361232
9.6187597903012, 43.185376176004596
9.669923406207056, 43.18376233839687
9.721087022112913, 43.18214850078914
9.772250638018772, 43.18053466318141
9.823414253924629, 43.178920825573684
9.874577869830485, 43.177306987965956
9.925741485736344, 43.17569315035823
9.9769051016422, 43.1740793127505
10.028068717548058, 43.17246547514277
10.079232333453916, 43.170851637535044
10.130395949359773, 43.16923779992732
10.18155956526563, 43.167623962319595
10.232723181171488, 43.16601012471187
10.283886797077345, 43.16439628710414
10.335050412983202, 43.16278244949641
10.38621402888906, 43.161168611888684
10.437377644794918, 43.159554774280956
10.488541260700774, 43.15794093667323
10.539704876606633, 43.1563270990655
10.59086849251249, 43.15471326145777
10.642032108418348, 43.153099423850044
10.693195724324205, 43.151485586242316
10.744359340230062, 43.14987174863459
10.79552295613592, 43.14825791102686
10.846686572041778, 43.14664407341913
10.897850187947634, 43.145030235811404
10.949013803853493, 43.14341639820368
11.00017741975935, 43.14180256059595
11.051341035665207, 43.14018872298822
11.102504651571065, 43.13857488538049
11.153668267476922, 43.136961047772765
11.204831883382779, 43.13534721016504
11.255995499288638, 43.13373337255731
11.307159115194494, 43.13211953494958
11.358322731100351, 43.13050569734185
11.40948634700621, 43.128891859734125
11.460649962912067, 43.1272780221264
11.511813578817923, 43.12566418451867
11.562977194723782, 43.12405034691094
11.614140810629639, 43.12243650930321
11.665304426535496, 43.120822671695485
11.716468042441354, 43.11920883408776
11.767631658347211, 43.11759499648003
11.818795274253068, 43.1159811588723
11.869958890158927, 43.114367321264574
11.921122506064783, 43.112753483656846
11.97228612197064, 43.11113964604912
12.023449737876499, 43.10952580844139
12.074613353782356, 43.10791197083366
12.125776969688213, 43.106298133225934
12.176940585594071, 43.104684295618206
12.228104201499928, 43.10307045801048
12.279267817405785, 43.10145662040275
12.330431433311643, 43.09984278279502
12.3815950492175, 43.0982289451873
12.432758665123359, 43.096615107579574
12.483922281029216, 43.095001269971846
12.535085896935072, 43.09338743236412
12.586249512840931, 43.09177359475639
12.637413128746788, 43.09015975714866
12.688576744652645, 43.088545919540934
12.739740360558503, 43.086932081933206
12.79090397646436, 43.08531824432548
12.842067592370217, 43.08370440671775
12.893231208276076, 43.08209056911002
12.944394824181932, 43.080476731502294
12.99555844008779, 43.078862893894566
13.046722055993648, 43.07724905628684
13.097885671899505, 43.07563521867911
13.149049287805362, 43.07402138107138
13.20021290371122, 43.072407543463655
13.251376519617077, 43.07079370585593
13.302540135522934, 43.0691798682482
13.353703751428792, 43.06756603064047
13.40486736733465, 43.06595219303274
13.456030983240506, 43.064338355425015
13.507194599146365, 43.06272451781729
13.558358215052221, 43.06111068020956
13.609521830958078, 43.05949684260183
13.660685446863937, 43.0578830049941
13.711849062769794, 43.056269167386375
13.76301267867565, 43.05465532977865
13.81417629458151, 43.05304149217092
13.865339910487366, 43.05142765456319
13.916503526393225, 43.049813816955464
13.967667142299081, 43.048199979347736
14.018830758204938, 43.04658614174001
14.069994374110797, 43.04497230413228
14.121157990016654, 43.04335846652455
14.17232160592251, 43.041744628916824
14.22348522182837, 43.040130791309096
14.274648837734226, 43.03851695370137
14.325812453640083, 43.03690311609364
14.376976069545941, 43.03528927848591
14.428139685451798, 43.033675440878184
14.479303301357655, 43.032061603270456
14.530466917263514, 43.03044776566273
14.58163053316937, 43.028833928055
14.632794149075227, 43.02722009044728
14.683957764981086, 43.02560625283955
14.735121380886943, 43.023992415231824
14.7862849967928, 43.022378577624096
14.837448612698658, 43.02076474001637
14.888612228604515, 43.01915090240864
14.939775844510372, 43.01753706480091
14.99093946041623, 43.015923227193184
15.042103076322087, 43.014309389585456
15.093266692227944, 43.01269555197773
15.144430308133803, 43.01108171437
15.19559392403966, 43.00946787676227
15.246757539945516, 43.007854039154545
15.297921155851375, 43.00624020154682
15.349084771757232, 43.00462636393909
15.400248387663089, 43.00301252633136
15.451412003568947, 43.00139868872363
15.502575619474804, 42.999784851115905
15.553739235380661, 42.99817101350818
15.60490285128652, 42.99655717590045
15.656066467192376, 42.99494333829272
15.707230083098235, 42.99332950068499
15.758393699004092, 42.991715663077265
15.809557314909949, 42.99010182546954
15.860720930815807, 42.98848798786181
15.911884546721664, 42.98687415025408
15.963048162627521, 42.98526031264635
16.01421177853338, 42.983646475038626
16.065375394439236, 42.9820326374309
16.116539010345093, 42.98041879982317
16.16770262625095, 42.97880496221544
16.218866242156807, 42.977191124607714
16.270029858062667, 42.975577286999986
16.321193473968524, 42.97396344939226
16.37235708987438, 42.97234961178453
16.423520705780238, 42.9707357741768
16.474684321686095, 42.969121936569074
16.525847937591955, 42.967508098961346
16.57701155349781, 42.96589426135362
16.62817516940367, 42.96428042374589
16.679338785309525, 42.96266658613816
16.730502401215382, 42.961052748530435
16.78166601712124, 42.95943891092271
16.8328296330271, 42.95782507331498
16.883993248932956, 42.95621123570726
16.935156864838813, 42.95459739809953
16.98632048074467, 42.9529835604918
17.037484096650527, 42.951369722884074
17.088647712556384, 42.949755885276346
17.139811328462244, 42.94814204766862
17.1909749443681, 42.94652821006089
17.242138560273958, 42.94491437245316
17.293302176179814, 42.943300534845434
17.34446579208567, 42.94168669723771
17.395629407991528, 42.94007285962998
17.44679302389739, 42.93845902202225
17.497956639803245, 42.93684518441452
17.549120255709102, 42.935231346806795
17.60028387161496, 42.93361750919907
17.651447487520816, 42.93200367159134
17.702611103426673, 42.93038983398361
17.753774719332533, 42.92877599637588
17.80493833523839, 42.927162158768155
17.856101951144247, 42.92554832116043
17.907265567050104, 42.9239344835527
17.95842918295596, 42.92232064594497
18.009592798861817, 42.92070680833724
18.060756414767678, 42.919092970729515
18.111920030673534, 42.91747913312179
18.16308364657939, 42.91586529551406
18.214247262485248, 42.91425145790633
18.265410878391105, 42.912637620298604
18.316574494296965, 42.911023782690876
18.367738110202822, 42.90940994508315
18.41890172610868, 42.90779610747542
18.470065342014536, 42.90618226986769
18.521228957920393, 42.904568432259964
18.57239257382625, 42.902954594652236
18.62355618973211, 42.90134075704451
18.674719805637967, 42.89972691943678
18.725883421543823, 42.89811308182905
18.77704703744968, 42.896499244221324
18.828210653355537, 42.8948854066136
18.879374269261394, 42.89327156900587
18.930537885167254, 42.89165773139814
18.98170150107311, 42.89004389379041
19.032865116978968, 42.888430056182685
19.084028732884825, 42.886816218574964
19.13519234879068, 42.885202380967236
19.18635596469654, 42.88358854335951
19.2375195806024, 42.88197470575178
19.288683196508256, 42.88036086814405
19.339846812414113, 42.878747030536324
19.39101042831997, 42.877133192928596
19.442174044225826, 42.87551935532087
19.493337660131683, 42.87390551771314
19.544501276037543, 42.87229168010541
19.5956648919434, 42.870677842497685
19.646828507849257, 42.86906400488996
19.697992123755114, 42.86745016728223
19.74915573966097, 42.8658363296745
19.80031935556683, 42.86422249206677
19.851482971472688, 42.862608654459045
19.902646587378545, 42.86099481685132
19.9538102032844, 42.85938097924359
20.00497381919026, 42.85776714163586
20.056137435096115, 42.85615330402813
20.107301051001976, 42.854539466420405
20.158464666907832, 42.85292562881268
20.20962828281369, 42.85131179120495
20.260791898719546, 42.84969795359722
20.311955514625403, 42.848084115989494
20.36311913053126, 42.846470278381766
20.41428274643712, 42.84485644077404
20.465446362342977, 42.84324260316631
20.516609978248834, 42.84162876555858
20.56777359415469, 42.840014927950854
20.618937210060547, 42.838401090343126
20.670100825966404, 42.8367872527354
20.721264441872265, 42.83517341512767
20.77242805777812, 42.83355957751994
20.82359167368398, 42.831945739912214
20.874755289589835, 42.830331902304486
20.925918905495692, 42.82871806469676
20.97708252140155, 42.82710422708903
21.02824613730741, 42.8254903894813
21.079409753213266, 42.823876551873575
21.130573369119123, 42.82226271426585
21.18173698502498, 42.82064887665812
21.232900600930837, 42.81903503905039
21.284064216836697, 42.81742120144266
21.335227832742554, 42.815807363834935
21.38639144864841, 42.814193526227214
21.437555064554267, 42.812579688619486
21.488718680460124, 42.81096585101176
21.53988229636598, 42.80935201340403
21.59104591227184, 42.8077381757963
21.6422095281777, 42.806124338188575
21.693373144083555, 42.80451050058085
21.744536759989412, 42.80289666297312
21.79570037589527, 42.80128282536539
21.846863991801126, 42.79966898775766
21.898027607706986, 42.798055150149935
21.949191223612843, 42.79644131254221
22.0003548395187, 42.79482747493448
22.051518455424556, 42.79321363732675
22.102682071330413, 42.79159979971902
22.15384568723627, 42.789985962111295
22.20500930314213, 42.78837212450357
22.256172919047987, 42.78675828689584
22.307336534953844, 42.78514444928811
22.3585001508597, 42.78353061168038
22.409663766765558, 42.781916774072656
22.460827382671415, 42.78030293646493
22.511990998577275, 42.7786890988572
22.563154614483132, 42.77707526124947
22.61431823038899, 42.775461423641744
22.665481846294846, 42.773847586034016
22.716645462200702, 42.77223374842629
22.76780907810656, 42.77061991081856
22.81897269401242, 42.76900607321083
22.870136309918276, 42.767392235603104
22.921299925824133, 42.765778397995376
22.97246354172999, 42.76416456038765
23.023627157635847, 42.76255072277992
23.074790773541707, 42.76093688517219
23.125954389447564, 42.759323047564465
23.17711800535342, 42.75770920995674
23.228281621259278, 42.75609537234901
23.279445237165135, 42.75448153474128
23.33060885307099, 42.75286769713355
23.381772468976852, 42.751253859525825
23.43293608488271, 42.7496400219181
23.484099700788565, 42.74802618431037
23.535263316694422, 42.74641234670264
23.58642693260028, 42.74479850909492
23.637590548506136, 42.74318467148719
23.688754164411996, 42.741570833879464
23.739917780317853, 42.73995699627174
23.79108139622371, 42.73834315866401
23.842245012129567, 42.73672932105628
23.893408628035424, 42.73511548344855
23.94457224394128, 42.733501645840825
23.99573585984714, 42.7318878082331
24.046899475752998, 42.73027397062537
24.098063091658855, 42.72866013301764
24.14922670756471, 42.72704629540991
24.200390323470568, 42.725432457802185
24.251553939376425, 42.72381862019446
24.302717555282285, 42.72220478258673
24.353881171188142, 42.720590944979
24.405044787094, 42.71897710737127
24.456208402999856, 42.717363269763545
24.507372018905713, 42.71574943215582
24.55853563481157, 42.71413559454809
24.60969925071743, 42.71252175694036
24.660862866623287, 42.710907919332634
24.712026482529144, 42.709294081724906
24.763190098435, 42.70768024411718
24.814353714340857, 42.70606640650945
24.865517330246718, 42.70445256890172
24.916680946152574, 42.702838731293994
24.96784456205843, 42.701224893686266
25.019008177964288, 42.69961105607854
25.070171793870145, 42.69799721847081
25.121335409776, 42.69638338086308
25.172499025681862, 42.694769543255354
25.22366264158772, 42.69315570564763
25.274826257493576, 42.6915418680399
25.325989873399433, 42.68992803043217
25.37715348930529, 42.68831419282444
25.428317105211146, 42.686700355216715
25.479480721117007, 42.68508651760899
25.530644337022864, 42.68347268000126
25.58180795292872, 42.68185884239353
25.632971568834577, 42.6802450047858
25.684135184740434, 42.678631167178075
25.73529880064629, 42.67701732957035
25.78646241655215, 42.67540349196262
25.837626032458008, 42.67378965435489
25.888789648363865, 42.67217581674717
25.93995326426972, 42.67056197913944
25.99111688017558, 42.668948141531715
26.042280496081435, 42.66733430392399
26.093444111987296, 42.66572046631626
26.144607727893153, 42.66410662870853
26.19577134379901, 42.6624927911008
26.246934959704866, 42.660878953493075
26.298098575610723, 42.65926511588535
26.349262191516583, 42.65765127827762
26.40042580742244, 42.65603744066989
26.451589423328297, 42.65442360306216
26.502753039234154, 42.652809765454435
26.55391665514001, 42.65119592784671
26.605080271045868, 42.64958209023898
26.656243886951728, 42.64796825263125
26.707407502857585, 42.646354415023524
26.75857111876344, 42.644740577415796
26.8097347346693, 42.64312673980807
26.860898350575155, 42.64151290220034
26.912061966481012, 42.63989906459261
26.963225582386873, 42.638285226984884
27.01438919829273, 42.636671389377156
27.065552814198586, 42.63505755176943
27.116716430104443, 42.6334437141617
27.1678800460103, 42.63182987655397
27.219043661916157, 42.630216038946244
27.270207277822017, 42.628602201338516
27.321370893727874, 42.62698836373079
27.37253450963373, 42.62537452612306
27.423698125539588, 42.62376068851533
27.474861741445444, 42.622146850907605
27.5260253573513, 42.62053301329988
27.57718897325716, 42.61891917569215
27.62835258916302, 42.61730533808442
27.679516205068875, 42.61569150047669
27.730679820974732, 42.614077662868965
27.78184343688059, 42.61246382526124
27.83300705278645, 42.61084998765351
27.884170668692306, 42.60923615004578
27.935334284598163, 42.60762231243805
27.98649790050402, 42.606008474830325
28.037661516409877, 42.6043946372226
28.088825132315733, 42.60278079961488
28.139988748221594, 42.60116696200715
28.19115236412745, 42.59955312439942
28.242315980033307, 42.59793928679169
28.293479595939164, 42.596325449183965
28.34464321184502, 42.59471161157624
28.395806827750878, 42.59309777396851
28.44697044365674, 42.59148393636078
28.498134059562595, 42.58987009875305
28.549297675468452, 42.588256261145325
28.60046129137431, 42.5866424235376
28.651624907280166, 42.58502858592987
28.702788523186022, 42.58341474832214
28.753952139091883, 42.58180091071441
28.80511575499774, 42.580187073106686
28.856279370903597, 42.57857323549896
28.907442986809453, 42.57695939789123
28.95860660271531, 42.5753455602835
29.009770218621167, 42.573731722675774
29.060933834527027, 42.572117885068046
29.112097450432884, 42.57050404746032
29.16326106633874, 42.56889020985259
29.214424682244598, 42.56727637224486
29.265588298150455, 42.565662534637134
29.31675191405631, 42.564048697029406
29.367915529962172, 42.56243485942168
29.41907914586803, 42.56082102181395
29.470242761773886, 42.55920718420622
29.521406377679742, 42.557593346598495
29.5725699935856, 42.55597950899077
29.62373360949146, 42.55436567138304
29.674897225397316, 42.55275183377531
29.726060841303173, 42.55113799616758
29.77722445720903, 42.549524158559855
29.828388073114887, 42.54791032095213
29.879551689020744, 42.5462964833444
29.930715304926604, 42.54468264573667
29.98187892083246, 42.54306880812894
30.033042536738318, 42.541454970521215
30.084206152644175, 42.53984113291349
30.13536976855003, 42.53822729530576
30.18653338445589, 42.53661345769803
30.23769700036175, 42.5349996200903
30.288860616267606, 42.53338578248258
30.340024232173462, 42.531771944874855
30.39118784807932, 42.53015810726713
30.442351463985176, 42.5285442696594
30.493515079891033, 42.52693043205167
30.544678695796893, 42.52531659444394
30.59584231170275, 42.523702756836215
30.647005927608607, 42.52208891922849
30.698169543514464, 42.52047508162076
30.74933315942032, 42.51886124401303
30.800496775326177, 42.5172474064053
30.851660391232038, 42.515633568797575
30.902824007137895, 42.51401973118985
30.95398762304375, 42.51240589358212
31.00515123894961, 42.51079205597439
31.056314854855465, 42.509178218366664
31.107478470761322, 42.507564380758936
31.158642086667182, 42.50595054315121
31.20980570257304, 42.50433670554348
31.260969318478896, 42.50272286793575
31.312132934384753, 42.501109030328024
31.36329655029061, 42.499495192720296
31.41446016619647, 42.49788135511257
31.465623782102327, 42.49626751750484
31.516787398008184, 42.49465367989711
31.56795101391404, 42.493039842289384
31.619114629819897, 42.49142600468166
31.670278245725754, 42.48981216707393
31.721441861631615, 42.4881983294662
31.77260547753747, 42.48658449185847
31.823769093443328, 42.484970654250745
31.874932709349185, 42.48335681664302
31.926096325255042, 42.48174297903529
31.9772599411609, 42.48012914142756
32.02842355706676, 42.47851530381983
32.079587172972616, 42.476901466212105
32.13075078887847, 42.47528762860438
32.18191440478433, 42.47367379099665
32.233078020690186, 42.47205995338892
32.28424163659604, 42.47044611578119
32.3354052525019, 42.468832278173466
32.38656886840776, 42.46721844056574
32.437732484313614, 42.46560460295801
32.48889610021948, 42.46399076535028
32.540059716125334, 42.462376927742554
32.59122333203119, 42.46076309013483
32.64238694793705, 42.459149252527105
32.693550563842905, 42.45753541491938
32.74471417974876, 42.45592157731165
32.79587779565462, 42.45430773970392
32.847041411560475, 42.45269390209619
32.89820502746633, 42.451080064488465
32.94936864337219, 42.44946622688074
33.000532259278046, 42.44785238927301
33.05169587518391, 42.44623855166528
33.10285949108977, 42.444624714057554
33.15402310699562, 42.443010876449826
33.20518672290148, 42.4413970388421
33.25635033880734, 42.43978320123437
33.307513954713194, 42.43816936362664
33.35867757061905, 42.436555526018914
33.40984118652491, 42.434941688411186
33.461004802430764, 42.43332785080346
33.51216841833662, 42.43171401319573
33.56333203424248, 42.430100175588
33.614495650148335, 42.428486337980274
33.6656592660542, 42.426872500372546
33.716822881960056, 42.42525866276482
33.76798649786591, 42.42364482515709
33.81915011377177, 42.42203098754936
33.870313729677626, 42.420417149941635
33.92147734558348, 42.41880331233391
33.97264096148934, 42.41718947472618
34.0238045773952, 42.41557563711845
34.07496819330105, 42.41396179951072
34.12613180920691, 42.412347961902995
34.17729542511277, 42.41073412429527
34.228459041018624, 42.40912028668754
34.27962265692449, 42.40750644907981
34.330786272830345, 42.40589261147208
34.3819498887362, 42.404278773864355
34.43311350464206, 42.40266493625663
34.484277120547915, 42.4010510986489
34.53544073645377, 42.39943726104117
34.58660435235963, 42.397823423433444
34.637767968265486, 42.396209585825716
34.68893158417134, 42.39459574821799
34.7400952000772, 42.39298191061026
34.791258815983056, 42.39136807300254
34.84242243188892, 42.38975423539481
34.89358604779478, 42.38814039778708
34.944749663700634, 42.386526560179355
34.99591327960649, 42.38491272257163
35.04707689551235, 42.3832988849639
35.098240511418204, 42.38168504735617
35.14940412732406, 42.38007120974844
35.20056774322992, 42.378457372140716
35.251731359135775, 42.37684353453299
35.30289497504163, 42.37522969692526
35.35405859094749, 42.37361585931753
35.405222206853345, 42.372002021709804
35.45638582275921, 42.370388184102076
35.507549438665066, 42.36877434649435
35.55871305457092, 42.36716050888662
35.60987667047678, 42.36554667127889
35.66104028638264, 42.363932833671164
35.71220390228849, 42.362318996063436
35.76336751819435, 42.36070515845571
35.81453113410021, 42.35909132084798
35.865694750006064, 42.35747748324025
35.91685836591192, 42.355863645632525
35.96802198181778, 42.3542498080248
36.019185597723634, 42.35263597041707
36.0703492136295, 42.35102213280934
36.121512829535355, 42.34940829520161
36.17267644544121, 42.347794457593885
36.22384006134707, 42.34618061998616
36.275003677252926, 42.34456678237843
36.32616729315878, 42.3429529447707
36.37733090906464, 42.34133910716297
36.428494524970496, 42.339725269555245
36.47965814087635, 42.33811143194752
36.53082175678221, 42.33649759433979
36.58198537268807, 42.33488375673206
36.63314898859393, 42.333269919124334
36.68431260449979, 42.331656081516606
36.735476220405644, 42.33004224390888
36.7866398363115, 42.32842840630115
36.83780345221736, 42.32681456869342
36.888967068123215, 42.325200731085694
36.94013068402907, 42.323586893477966
36.99129429993493, 42.321973055870245
37.042457915840785, 42.32035921826252
37.09362153174664, 42.31874538065479
37.1447851476525, 42.31713154304706
37.195948763558356, 42.31551770543933
37.24711237946422, 42.313903867831606
37.298275995370076, 42.31229003022388
37.34943961127593, 42.31067619261615
37.40060322718179, 42.30906235500842
37.45176684308765, 42.307448517400694
37.502930458993504, 42.305834679792966
37.55409407489936, 42.30422084218524
37.60525769080522, 42.30260700457751
37.656421306711074, 42.30099316696978
37.70758492261693, 42.299379329362054
37.75874853852279, 42.297765491754326
37.80991215442865, 42.2961516541466
37.86107577033451, 42.29453781653887
37.912239386240365, 42.29292397893114
37.96340300214622, 42.291310141323414
38.01456661805208, 42.28969630371569
38.065730233957936, 42.28808246610796
38.11689384986379, 42.28646862850023
38.16805746576965, 42.2848547908925
38.21922108167551, 42.283240953284775
38.27038469758136, 42.28162711567705
38.32154831348722, 42.28001327806932
38.37271192939308, 42.27839944046159
38.42387554529894, 42.27678560285386
38.4750391612048, 42.275171765246135
38.526202777110655, 42.27355792763841
38.57736639301651, 42.27194409003068
38.62853000892237, 42.27033025242295
38.679693624828225, 42.26871641481522
38.73085724073408, 42.267102577207496
38.78202085663994, 42.26548873959977
38.833184472545796, 42.26387490199204
38.88434808845165, 42.26226106438431
38.93551170435751, 42.260647226776584
38.986675320263366, 42.259033389168856
39.03783893616923, 42.25741955156113
39.08900255207509, 42.2558057139534
39.140166167980944, 42.25419187634567
39.1913297838868, 42.252578038737944
39.24249339979266, 42.250964201130216
39.293657015698514, 42.249350363522495
39.34482063160437, 42.24773652591477
39.39598424751023, 42.24612268830704
39.447147863416085, 42.24450885069931
39.49831147932194, 42.242895013091584
39.5494750952278, 42.241281175483856
39.60063871113366, 42.23966733787613
39.65180232703952, 42.2380535002684
39.702965942945376, 42.23643966266067
39.75412955885123, 42.234825825052944
39.80529317475709, 42.233211987445216
39.856456790662946, 42.23159814983749
39.9076204065688, 42.22998431222976
39.95878402247466, 42.22837047462203
40.00994763838052, 42.226756637014304
40.061111254286374, 42.225142799406576
40.11227487019223, 42.22352896179885
40.16343848609809, 42.22191512419112
40.21460210200395, 42.22030128658339
40.26576571790981, 42.218687448975665
40.316929333815665, 42.21707361136794
40.36809294972152, 42.21545977376021
40.41925656562738, 42.21384593615248
40.470420181533235, 42.21223209854475
40.52158379743909, 42.210618260937025
40.57274741334495, 42.2090044233293
40.623911029250806, 42.20739058572157
40.67507464515666, 42.20577674811384
40.72623826106252, 42.20416291050611
40.777401876968376, 42.202549072898385
40.82856549287424, 42.20093523529066
40.8797291087801, 42.19932139768293
40.930892724685954, 42.1977075600752
40.98205634059181, 42.196093722467474
41.03321995649767, 42.194479884859746
41.084383572403524, 42.19286604725202
41.13554718830938, 42.19125220964429
41.18671080421524, 42.18963837203656
41.237874420121095, 42.188024534428834
41.28903803602695, 42.186410696821106
41.34020165193281, 42.18479685921338
41.39136526783867, 42.18318302160565
41.44252888374453, 42.06193095439299
41.493692499650386, 41.8961225576269
41.54485611555624, 41.73031416086081
41.5960197314621, 41.56450576409471
41.64718334736796, 41.39869736732862
41.69834696327381, 41.23288897056253
41.74951057917967, 41.06708057379643
41.80067419508553, 40.90127217703034
41.851837810991384, 40.73546378026425
41.90300142689724, 40.56965538349815
41.9541650428031, 40.403846986732056
42.00532865870896, 40.238038589965946
42.05649227461482, 40.07223019319985
42.107655890520675, 39.906421796433754
42.15881950642653, 39.740613399667666
42.20998312233239, 39.57480500290157
42.261146738238246, 39.408996606135474
42.3123103541441, 39.24318820936938
42.36347397004996, 39.07737981260329
42.414637585955816, 38.911571415837194
42.46580120186167, 38.7457630190711
42.51696481776753, 38.57995462230501
42.568128433673394, 38.41414622553889
42.61929204957925, 38.2483378287728
42.67045566548511, 38.0825294320067
42.721619281390964, 37.91672103524061
42.77278289729682, 37.75091263847452
42.82394651320268, 37.58510424170842
42.875110129108535, 37.41929584494233
42.92627374501439, 37.25348744817624
42.97743736092025, 37.08767905141014
43.028600976826105, 36.92187065464405
43.07976459273196, 36.75606225787796
43.13092820863782, 36.59025386111186
43.18209182454368, 36.424445464345744
43.23325544044954, 36.258637067579656
43.2844190563554, 36.09282867081356
43.33558267226125, 35.927020274047464
43.38674628816711, 35.76121187728137
43.43790990407297, 35.59540348051528
43.489073519978824, 35.429595083749184
43.54023713588468, 35.26378668698309
43.59140075179054, 35.097978290217
43.642564367696394, 34.932169893450904
43.69372798360225, 34.76636149668481
43.74489159950811, 34.60055309991872
43.79605521541397, 34.4347447031526
43.84721883131983, 34.26893630638651
43.898382447225686, 34.10312790962041
43.94954606313154, 33.93731951285432
44.0007096790374, 33.77151111608823
44.051873294943256, 33.60570271932213
44.10303691084911, 33.43989432255604
44.15420052675497, 33.27408592578995
44.20536414266083, 33.10827752902385
44.25652775856668, 32.942469132257756
44.30769137447254, 32.77666073549167
44.358854990378404, 32.61085233872555
44.41001860628426, 32.445043941959455
44.46118222219012, 32.27923554519336
44.512345838095975, 32.11342714842727
44.56350945400183, 31.947618751661174
44.61467306990769, 31.781810354895082
44.665836685813545, 31.61600195812899
44.7170003017194, 31.450193561362894
44.76816391762526, 31.284385164596802
44.819327533531116, 31.11857676783071
44.87049114943697, 30.952768371064614
44.92165476534283, 30.78695997429852
44.97281838124869, 30.621151577532405
45.02398199715455, 30.455343180766313
45.07514561306041, 30.289534784000217
45.126309228966264, 30.12372638723412
45.17747284487212, 29.957917990468033
45.22863646077798, 29.792109593701937
45.279800076683834, 29.62630119693584
45.33096369258969, 29.46049280016975
45.38212730849555, 29.294684403403657
45.433290924401405, 29.12887600663756
45.48445454030726, 28.96306760987147
45.53561815621312, 28.797259213105377
45.58678177211898, 28.63145081633926
45.63794538802484, 28.465642419573165
45.689109003930696, 28.299834022807072
45.74027261983655, 28.13402562604098
45.79143623574241, 27.968217229274885
45.84259985164827, 27.802408832508792
45.89376346755412, 27.6366004357427
45.94492708345998, 27.470792038976604
45.99609069936584, 27.304983642210512
46.047254315271694, 27.13917524544442
46.09841793117755, 26.973366848678324
46.149581547083415, 26.807558451912207
46.20074516298927, 26.641750055146115
46.25190877889513, 26.475941658380023
46.303072394800985, 26.310133261613927
46.35423601070684, 26.144324864847835
46.4053996266127, 25.97851646808174
46.456563242518556, 25.812708071315647
46.50772685842441, 25.646899674549555
46.55889047433027, 25.48109127778346
46.610054090236126, 25.315282881017367
46.66121770614198, 25.14947448425127
46.71238132204784, 24.98366608748518
46.763544937953704, 24.817857690719062
46.81470855385956, 24.65204929395297
46.86587216976542, 24.486240897186875
46.917035785671274, 24.320432500420782
46.96819940157713, 24.15462410365469
47.01936301748299, 23.988815706888595
47.070526633388845, 23.823007310122502
47.1216902492947, 23.65719891335641
47.17285386520056, 23.491390516590315
47.224017481106415, 23.325582119824222
47.27518109701227, 23.159773723058127
47.32634471291813, 22.993965326292034
47.37750832882399, 22.828156929525917
47.42867194472985, 22.662348532759825
47.479835560635706, 22.49654013599373
47.53099917654156, 22.330731739227637
47.58216279244742, 22.164923342461545
47.63332640835328, 21.99911494569545
47.684490024259134, 21.833306548929357
47.73565364016499, 21.667498152163265
47.78681725607085, 21.50168975539717
47.837980871976704, 21.335881358631077
47.88914448788256, 21.17007296186498
47.940308103788425, 21.004264565098868
47.99147171969428, 20.838456168332772
48.04263533560014, 20.67264777156668
48.093798951505995, 20.506839374800585
48.14496256741185, 20.341030978034492
48.19612618331771, 20.1752225812684
48.247289799223566, 20.009414184502305
48.29845341512942, 19.843605787736212
48.34961703103528, 19.67779739097012
48.400780646941136, 19.511988994204025
48.45194426284699, 19.346180597437932
48.50310787875285, 19.180372200671837
48.554271494658714, 19.014563803905723
48.60543511056457, 18.848755407139627
48.65659872647043, 18.682947010373535
48.707762342376284, 18.51713861360744
48.75892595828214, 18.351330216841347
48.810089574188, 18.185521820075255
48.861253190093855, 18.01971342330916
48.91241680599971, 17.853905026543067
48.96358042190557, 17.688096629776975
49.014744037811425, 17.52228823301088
49.06590765371728, 17.356479836244787
49.11707126962314, 17.19067143947869
49.168234885529, 17.024863042712578
49.21939850143486, 16.859054645946483
49.27056211734072, 16.69324624918039
49.32172573324657, 16.527437852414295
49.37288934915243, 16.361629455648202
49.42405296505829, 16.19582105888211
49.475216580964144, 16.030012662116015
49.52638019687, 15.864204265349922
49.57754381277586, 15.69839586858383
49.628707428681714, 15.532587471817735
49.67987104458757, 15.366779075051642
49.731034660493435, 15.200970678285525
49.78219827639929, 15.035162281519433
49.83336189230515, 14.869353884753338
49.884525508211006, 14.703545487987245
49.93568912411686, 14.53773709122115
49.98685274002272, 14.371928694455057
50.038016355928576, 14.206120297688965
50.08917997183443, 14.04031190092287
50.14034358774029, 13.874503504156777
50.19150720364615, 13.708695107390685
50.242670819552, 13.54288671062459
50.29383443545786, 13.377078313858497
50.344998051363724, 13.21126991709238
50.39616166726958, 13.045461520326288
50.44732528317544, 12.879653123560193
50.498488899081295, 12.7138447267941
50.54965251498715, 12.548036330028005
50.60081613089301, 12.382227933261913
50.651979746798865, 12.21641953649582
50.70314336270472, 12.050611139729725
50.75430697861058, 11.884802742963632
50.805470594516436, 11.71899434619754
50.85663421042229, 11.553185949431445
50.90779782632816, 11.387377552665328
50.95896144223401, 11.221569155899235
51.01012505813987, 11.055760759133143
51.06128867404573, 10.889952362367048
51.112452289951584, 10.724143965600955
