Parameters: [51.28206668955861, 23.908792371089266, 10.25706848332867, 40.70500481140372, 4.362653050792308, -0.024352514974967127, -2.6284247041214694]
Points:
0.0, 23.908792371089266
0.05133340008964826, 24.132742185597913
0.10266680017929652, 24.35669200010656
0.1540002002689448, 24.580641814615205
0.20533360035859305, 24.804591629123852
0.2566670004482413, 25.0285414436325
0.3080004005378896, 25.25249125814114
0.35933380062753784, 25.476441072649788
0.4106672007171861, 25.700390887158434
0.46200060080683436, 25.92434070166708
0.5133340008964826, 26.148290516175727
0.5646674009861309, 26.372240330684374
0.6160008010757791, 26.59619014519302
0.6673342011654274, 26.820139959701667
0.7186676012550757, 27.044089774210313
0.7700010013447239, 27.268039588718956
0.8213344014343722, 27.491989403227603
0.8726678015240205, 27.71593921773625
0.9240012016136687, 27.939889032244896
0.975334601703317, 28.163838846753542
1.0266680017929652, 28.38778866126219
1.0780014018826134, 28.611738475770835
1.1293348019722618, 28.83568829027948
1.1806682020619101, 29.059638104788128
1.2320016021515583, 29.28358791929677
1.2833350022412064, 29.50753773380542
1.3346684023308548, 29.731487548314064
1.3860018024205032, 29.955437362822714
1.4373352025101513, 30.179387177331357
1.4886686025997995, 30.403336991840003
1.5400020026894479, 30.62728680634865
1.5913354027790962, 30.851236620857296
1.6426688028687444, 31.075186435365943
1.6940022029583925, 31.299136249874586
1.745335603048041, 31.523086064383236
1.7966690031376893, 31.747035878891882
1.8480024032273374, 31.97098569340053
1.8993358033169856, 32.19493550790917
1.950669203406634, 32.41888532241782
2.0020026034962823, 32.642835136926465
2.0533360035859305, 32.86678495143511
2.1046694036755786, 33.09073476594376
2.156002803765227, 33.3146845804524
2.2073362038548754, 33.53863439496105
2.2586696039445235, 33.76258420946969
2.3100030040341717, 33.986534023978344
2.3613364041238203, 34.21048383848699
2.4126698042134684, 34.43443365299564
2.4640032043031166, 34.65838346750428
2.5153366043927647, 34.88233328201292
2.566670004482413, 35.10628309652157
2.6180034045720615, 35.33023291103022
2.6693368046617096, 35.554182725538865
2.720670204751358, 35.77813254004751
2.7720036048410064, 36.00208235455616
2.8233370049306545, 36.2260321690648
2.8746704050203027, 36.44998198357345
2.926003805109951, 36.673931798082094
2.977337205199599, 36.89788161259074
3.0286706052892476, 37.12183142709939
3.0800040053788957, 37.34578124160804
3.131337405468544, 37.56973105611668
3.1826708055581925, 37.79368087062532
3.2340042056478406, 38.01763068513397
3.285337605737489, 38.241580499642616
3.336671005827137, 38.465530314151266
3.388004405916785, 38.68948012865991
3.4393378060064337, 38.91342994316856
3.490671206096082, 39.1373797576772
3.54200460618573, 39.36132957218585
3.5933380062753786, 39.585279386694495
3.6446714063650267, 39.80922920120314
3.696004806454675, 40.03317901571179
3.747338206544323, 40.25712883022044
3.798671606633971, 40.48107864472908
3.85000500672362, 40.705028459237724
3.901338406813268, 40.92897827374637
3.952671806902916, 41.15292808825502
4.004005206992565, 41.37687790276367
4.055338607082213, 41.60082771727231
4.106672007171861, 41.82477753178095
4.158005407261509, 42.0487273462896
4.209338807351157, 42.27267716079825
4.260672207440805, 42.496626975306896
4.312005607530454, 42.72057678981554
4.363339007620103, 42.94452660432419
4.414672407709751, 43.16847641883284
4.466005807799399, 43.39242623334148
4.517339207889047, 43.616376047850125
4.568672607978695, 43.84032586235877
4.620006008068343, 44.06427567686742
4.6713394081579915, 44.28822549137607
4.722672808247641, 44.51217530588471
4.774006208337289, 44.73612512039335
4.825339608426937, 44.960074934902
4.876673008516585, 45.18402474941065
4.928006408606233, 45.407974563919296
4.979339808695881, 45.63192437842794
5.0306732087855295, 45.85587419293658
5.082006608875178, 46.07982400744523
5.133340008964826, 46.30377382195388
5.184673409054475, 46.527723636462525
5.236006809144123, 46.75167345097117
5.287340209233771, 46.97562326547982
5.338673609323419, 47.19957307998847
5.390007009413067, 47.42352289449711
5.441340409502716, 47.647472709005754
5.492673809592364, 47.8714225235144
5.544007209682013, 48.095372338023054
5.595340609771661, 48.3193221525317
5.646674009861309, 48.54327196704034
5.698007409950957, 48.76722178154898
5.749340810040605, 48.99117159605763
5.8006742101302535, 49.21512141056628
5.852007610219902, 49.439071225074926
5.90334101030955, 49.66302103958357
5.954674410399198, 49.88697085409221
6.006007810488847, 50.11092066860087
6.057341210578495, 50.33487048310951
6.108674610668143, 50.558820297618155
6.1600080107577915, 50.7827701121268
6.21134141084744, 51.00671992663545
6.262674810937088, 51.2306697411441
6.314008211026736, 51.45461955565274
6.365341611116385, 51.678569370161384
6.416675011206033, 51.902519184670034
6.468008411295681, 52.126468999178684
6.519341811385329, 52.35041881368733
6.570675211474978, 52.57436862819597
6.622008611564626, 52.79831844270461
6.673342011654274, 53.02226825721326
6.724675411743922, 53.24621807172191
6.77600881183357, 53.470167886230556
6.827342211923219, 53.6941177007392
6.878675612012867, 53.91806751524785
6.9300090121025155, 54.1420173297565
6.981342412192164, 54.36596714426514
7.032675812281812, 54.589916958773784
7.08400921237146, 54.81386677328243
7.135342612461108, 55.03781658779108
7.186676012550757, 55.26176640229973
7.238009412640405, 55.48571621680837
7.2893428127300535, 55.70966603131701
7.340676212819702, 55.933615845825656
7.39200961290935, 56.15756566033431
7.443343012998998, 56.381515474842956
7.494676413088646, 56.6054652893516
7.546009813178294, 56.82941510386024
7.597343213267942, 57.053364918368885
7.648676613357591, 57.27731473287754
7.70001001344724, 57.501264547386185
7.751343413536888, 57.72521436189483
7.802676813626536, 57.94916417640347
7.854010213716184, 58.17311399091213
7.905343613805832, 58.39706380542077
7.95667701389548, 58.621013619929414
8.00801041398513, 58.84496343443807
8.059343814074778, 59.068913248946714
8.110677214164426, 59.29286306345536
8.162010614254074, 59.516812877964
8.213344014343722, 59.74076269247264
8.26467741443337, 59.964712506981286
8.316010814523018, 60.18866232148994
8.367344214612666, 60.412612135998586
8.418677614702315, 60.63656195050723
8.470011014791963, 60.86051176501587
8.52134441488161, 61.084461579524515
8.572677814971259, 61.30841139403317
8.624011215060907, 61.532361208541815
8.675344615150557, 61.75631102305047
8.726678015240205, 61.980260837559115
8.778011415329853, 62.20421065206776
8.829344815419502, 62.4281604665764
8.88067821550915, 62.652110281085044
8.932011615598798, 62.87606009559369
8.983345015688446, 63.100009910102344
9.034678415778094, 63.32395972461099
9.086011815867742, 63.54790953911963
9.13734521595739, 63.77185935362827
9.188678616047039, 63.995809168136915
9.240012016136687, 64.21975898264557
9.291345416226335, 64.44370879715422
9.342678816315983, 64.66765861166286
9.394012216405631, 64.8916084261715
9.445345616495281, 65.11555824068016
9.49667901658493, 65.3395080551888
9.548012416674577, 65.56345786969744
9.599345816764226, 65.7874076842061
9.650679216853874, 66.01135749871474
9.702012616943522, 66.23530731322339
9.75334601703317, 66.45925712773203
9.804679417122818, 66.68320694224067
9.856012817212466, 66.90715675674932
9.907346217302115, 67.13110657125797
9.958679617391763, 67.35505638576662
10.01001301748141, 67.57900620027526
10.061346417571059, 67.8029560147839
10.112679817660707, 68.02690582929255
10.164013217750355, 68.2508556438012
10.215346617840003, 68.47480545830985
10.266680017929652, 68.65658941702841
10.318013418019301, 68.65533931963401
10.36934681810895, 68.65408922223962
10.420680218198598, 68.65283912484522
10.472013618288246, 68.65158902745081
10.523347018377894, 68.65033893005642
10.574680418467542, 68.64908883266202
10.62601381855719, 68.64783873526763
10.677347218646839, 68.64658863787322
10.728680618736487, 68.64533854047882
10.780014018826135, 68.64408844308443
10.831347418915783, 68.64283834569002
10.882680819005431, 68.64158824829562
10.93401421909508, 68.64033815090123
10.985347619184727, 68.63908805350682
11.036681019274376, 68.63783795611242
11.088014419364026, 68.63658785871803
11.139347819453674, 68.63533776132363
11.190681219543322, 68.63408766392924
11.24201461963297, 68.63283756653483
11.293348019722618, 68.63158746914043
11.344681419812266, 68.63033737174604
11.396014819901914, 68.62908727435163
11.447348219991563, 68.62783717695723
11.49868162008121, 68.62658707956284
11.550015020170859, 68.62533698216843
11.601348420260507, 68.62408688477403
11.652681820350155, 68.62283678737964
11.704015220439803, 68.62158668998524
11.755348620529452, 68.62033659259085
11.8066820206191, 68.61908649519644
11.858015420708748, 68.61783639780204
11.909348820798396, 68.61658630040765
11.960682220888046, 68.61533620301324
12.012015620977694, 68.61408610561884
12.063349021067342, 68.61283600822445
12.11468242115699, 68.61158591083004
12.166015821246638, 68.61033581343564
12.217349221336287, 68.60908571604125
12.268682621425935, 68.60783561864685
12.320016021515583, 68.60658552125246
12.371349421605231, 68.60533542385805
12.42268282169488, 68.60408532646365
12.474016221784527, 68.60283522906926
12.525349621874176, 68.60158513167485
12.576683021963824, 68.60033503428045
12.628016422053472, 68.59908493688606
12.67934982214312, 68.59783483949165
12.73068322223277, 68.59658474209725
12.782016622322418, 68.59533464470286
12.833350022412066, 68.59408454730846
12.884683422501714, 68.59283444991405
12.936016822591363, 68.59158435251966
12.98735022268101, 68.59033425512526
13.038683622770659, 68.58908415773087
13.090017022860307, 68.58783406033646
13.141350422949955, 68.58658396294206
13.192683823039603, 68.58533386554767
13.244017223129251, 68.58408376815326
13.2953506232189, 68.58283367075886
13.346684023308548, 68.58158357336447
13.398017423398196, 68.58033347597006
13.449350823487844, 68.57908337857566
13.500684223577492, 68.57783328118127
13.55201762366714, 68.57658318378687
13.60335102375679, 68.57533308639248
13.654684423846438, 68.57408298899807
13.706017823936087, 68.57283289160367
13.757351224025735, 68.57158279420928
13.808684624115383, 68.57033269681487
13.860018024205031, 68.56908259942047
13.91135142429468, 68.56783250202608
13.962684824384327, 68.56658240463167
14.014018224473975, 68.56533230723727
14.065351624563624, 68.56408220984288
14.116685024653272, 68.56283211244848
14.16801842474292, 68.56158201505409
14.219351824832568, 68.56033191765968
14.270685224922216, 68.55908182026528
14.322018625011864, 68.55783172287089
14.373352025101514, 68.55658162547648
14.424685425191162, 68.55533152808208
14.47601882528081, 68.55408143068769
14.527352225370459, 68.55283133329328
14.578685625460107, 68.55158123589888
14.630019025549755, 68.55033113850449
14.681352425639403, 68.54908104111009
14.732685825729051, 68.5478309437157
14.7840192258187, 68.54658084632129
14.835352625908348, 68.54533074892689
14.886686025997996, 68.5440806515325
14.938019426087644, 68.54283055413809
14.989352826177292, 68.54158045674369
15.04068622626694, 68.5403303593493
15.092019626356588, 68.5390802619549
15.143353026446237, 68.53783016456049
15.194686426535885, 68.5365800671661
15.246019826625535, 68.5353299697717
15.297353226715183, 68.5340798723773
15.348686626804831, 68.5328297749829
15.40002002689448, 68.5315796775885
15.451353426984127, 68.5303295801941
15.502686827073775, 68.5290794827997
15.554020227163424, 68.5278293854053
15.605353627253072, 68.52657928801091
15.65668702734272, 68.5253291906165
15.708020427432368, 68.5240790932221
15.759353827522016, 68.52282899582771
15.810687227611664, 68.5215788984333
15.862020627701312, 68.52032880103891
15.91335402779096, 68.51907870364451
15.964687427880609, 68.5178286062501
16.01602082797026, 68.51657850885572
16.067354228059905, 68.51532841146131
16.118687628149555, 68.51407831406691
16.1700210282392, 68.51282821667252
16.22135442832885, 68.51157811927811
16.272687828418498, 68.51032802188371
16.324021228508148, 68.50907792448932
16.375354628597794, 68.50782782709491
16.426688028687444, 68.50657772970052
16.478021428777094, 68.50532763230612
16.52935482886674, 68.50407753491172
16.58068822895639, 68.50282743751733
16.632021629046037, 68.50157734012292
16.683355029135686, 68.50032724272852
16.734688429225333, 68.49907714533413
16.786021829314983, 68.49782704793972
16.83735522940463, 68.49657695054532
16.88868862949428, 68.49532685315093
16.940022029583925, 68.49407675575652
16.991355429673575, 68.49282665836213
17.04268882976322, 68.49157656096773
17.09402222985287, 68.49032646357333
17.145355629942518, 68.48907636617894
17.196689030032168, 68.48782626878453
17.248022430121814, 68.48657617139013
17.299355830211464, 68.48532607399574
17.350689230301114, 68.48407597660133
17.40202263039076, 68.48282587920693
17.45335603048041, 68.48157578181254
17.504689430570057, 68.48032568441813
17.556022830659707, 68.47907558702373
17.607356230749353, 68.47782548962934
17.658689630839003, 68.47657539223493
17.71002303092865, 68.47532529484054
17.7613564310183, 68.47407519744614
17.812689831107946, 68.47282510005174
17.864023231197596, 68.47157500265735
17.915356631287242, 68.47032490526294
17.966690031376892, 68.46907480786854
18.01802343146654, 68.46782471047415
18.06935683155619, 68.46657461307974
18.12069023164584, 68.46532451568534
18.172023631735485, 68.46407441829095
18.223357031825135, 68.46282432089654
18.27469043191478, 68.46157422350215
18.32602383200443, 68.46032412610775
18.377357232094077, 68.45907402871335
18.428690632183727, 68.45782393131896
18.480024032273374, 68.45657383392455
18.531357432363023, 68.45532373653015
18.58269083245267, 68.45407363913576
18.63402423254232, 68.45282354174135
18.685357632631966, 68.45157344434695
18.736691032721616, 68.45032334695256
18.788024432811262, 68.44907324955815
18.839357832900912, 68.44782315216376
18.890691232990562, 68.44657305476936
18.94202463308021, 68.44532295737496
18.99335803316986, 68.44407285998057
19.044691433259505, 68.44282276258616
19.096024833349155, 68.44157266519176
19.1473582334388, 68.44032256779737
19.19869163352845, 68.43907247040296
19.250025033618098, 68.43782237300856
19.301358433707748, 68.43657227561417
19.352691833797394, 68.43532217821976
19.404025233887044, 68.43407208082537
19.45535863397669, 68.43282198343097
19.50669203406634, 68.43157188603656
19.558025434155986, 68.43032178864217
19.609358834245636, 68.42907169124777
19.660692234335283, 68.42782159385337
19.712025634424933, 68.42657149645898
19.763359034514583, 68.42532139906457
19.81469243460423, 68.42407130167017
19.86602583469388, 68.42282120427578
19.917359234783525, 68.42157110688137
19.968692634873175, 68.42032100948698
20.02002603496282, 68.41907091209258
20.07135943505247, 68.41782081469817
20.122692835142118, 68.41657071730378
20.174026235231768, 68.41532061990938
20.225359635321414, 68.41407052251498
20.276693035411064, 68.41282042512059
20.32802643550071, 68.41157032772618
20.37935983559036, 68.41032023033178
20.430693235680007, 68.40907013293739
20.482026635769657, 68.40782003554298
20.533360035859303, 68.40656993814859
20.584693435948953, 68.40531984075419
20.636026836038603, 68.40406974335978
20.68736023612825, 68.4028196459654
20.7386936362179, 68.40156954857099
20.790027036307546, 68.40031945117659
20.841360436397196, 68.3990693537822
20.892693836486842, 68.39781925638779
20.944027236576492, 68.39656915899339
20.99536063666614, 68.395319061599
21.046694036755788, 68.39406896420459
21.098027436845435, 68.3928188668102
21.149360836935085, 68.3915687694158
21.20069423702473, 68.3903186720214
21.25202763711438, 68.389068574627
21.303361037204027, 68.3878184772326
21.354694437293677, 68.3865683798382
21.406027837383327, 68.3853182824438
21.457361237472973, 68.3840681850494
21.508694637562623, 68.382818087655
21.56002803765227, 68.3815679902606
21.61136143774192, 68.3803178928662
21.662694837831566, 68.37906779547181
21.714028237921216, 68.37781769807741
21.765361638010862, 68.376567600683
21.816695038100512, 68.37531750328861
21.86802843819016, 68.37406740589421
21.91936183827981, 68.3728173084998
21.970695238369455, 68.37156721110541
22.022028638459105, 68.37031711371101
22.07336203854875, 68.3690670163166
22.1246954386384, 68.36781691892222
22.17602883872805, 68.36656682152781
22.227362238817697, 68.36531672413342
22.278695638907347, 68.36406662673902
22.330029038996994, 68.36281652934461
22.381362439086644, 68.36156643195022
22.43269583917629, 68.36031633455582
22.48402923926594, 68.35906623716141
22.535362639355586, 68.35781613976702
22.586696039445236, 68.35656604237262
22.638029439534883, 68.35531594497822
22.689362839624533, 68.35406584758383
22.74069623971418, 68.35281575018942
22.79202963980383, 68.35156565279502
22.843363039893475, 68.35031555540063
22.894696439983125, 68.34906545800622
22.94602984007277, 68.34781536061183
22.99736324016242, 68.34656526321743
23.04869664025207, 68.34531516582302
23.100030040341718, 68.34406506842863
23.151363440431368, 68.34281497103423
23.202696840521014, 68.34156487363983
23.254030240610664, 68.34031477624544
23.30536364070031, 68.33906467885103
23.35669704078996, 68.33781458145663
23.408030440879607, 68.33656448406224
23.459363840969257, 68.33531438666783
23.510697241058903, 68.33406428927344
23.562030641148553, 68.33281419187904
23.6133640412382, 68.33156409448463
23.66469744132785, 68.33031399709024
23.716030841417496, 68.32906389969584
23.767364241507146, 68.32781380230143
23.818697641596792, 68.32656370490704
23.870031041686442, 68.32531360751264
23.921364441776092, 68.32406351011824
23.972697841865738, 68.32281341272385
24.024031241955388, 68.32156331532944
24.075364642045034, 68.32031321793505
24.126698042134684, 68.31906312054065
24.17803144222433, 68.31781302314624
24.22936484231398, 68.31656292575185
24.280698242403627, 68.31531282835745
24.332031642493277, 68.31406273096304
24.383365042582923, 68.31281263356865
24.434698442672573, 68.31156253617425
24.48603184276222, 68.31031243877985
24.53736524285187, 68.30906234138546
24.588698642941516, 68.30781224399105
24.640032043031166, 68.30656214659666
24.691365443120816, 68.30531204920226
24.742698843210462, 68.30406195180785
24.794032243300112, 68.30281185441346
24.84536564338976, 68.30156175701906
24.89669904347941, 68.30031165962465
24.948032443569055, 68.29906156223026
24.999365843658705, 68.29781146483586
25.05069924374835, 68.29656136744146
25.102032643838, 68.29531127004707
25.153366043927647, 68.29406117265266
25.204699444017297, 68.29281107525827
25.256032844106944, 68.29156097786387
25.307366244196594, 68.29031088046946
25.35869964428624, 68.28906078307507
25.41003304437589, 68.28781068568067
25.46136644446554, 68.28656058828626
25.512699844555186, 68.28531049089187
25.564033244644836, 68.28406039349747
25.615366644734483, 68.28281029610307
25.666700044824132, 68.28156019870868
25.71803344491378, 68.28031010131427
25.76936684500343, 68.27906000391988
25.820700245093075, 68.27780990652548
25.872033645182725, 68.27655980913107
25.92336704527237, 68.27530971173668
25.97470044536202, 68.27405961434228
26.026033845451668, 68.27280951694787
26.077367245541318, 68.27155941955348
26.128700645630964, 68.27030932215908
26.180034045720614, 68.26905922476467
26.23136744581026, 68.26780912737028
26.28270084589991, 68.26655902997588
26.33403424598956, 68.26530893258149
26.385367646079207, 68.26405883518709
26.436701046168857, 68.26280873779268
26.488034446258503, 68.26155864039829
26.539367846348153, 68.26030854300389
26.5907012464378, 68.25905844560948
26.64203464652745, 68.2578083482151
26.693368046617096, 68.25655825082069
26.744701446706745, 68.25530815342628
26.796034846796392, 68.2540580560319
26.84736824688604, 68.25280795863749
26.898701646975688, 68.2515578612431
26.950035047065338, 68.2503077638487
27.001368447154984, 68.24905766645429
27.052701847244634, 68.2478075690599
27.10403524733428, 68.2465574716655
27.15536864742393, 68.24530737427109
27.20670204751358, 68.2440572768767
27.258035447603227, 68.2428071794823
27.309368847692877, 68.2415570820879
27.360702247782523, 68.2403069846935
27.412035647872173, 68.2390568872991
27.46336904796182, 68.23780678990471
27.51470244805147, 68.2365566925103
27.566035848141116, 68.2353065951159
27.617369248230766, 68.23405649772151
27.668702648320412, 68.2328064003271
27.720036048410062, 68.2315563029327
27.77136944849971, 68.23030620553831
27.82270284858936, 68.22905610814391
27.874036248679005, 68.2278060107495
27.925369648768655, 68.22655591335511
27.976703048858305, 68.22530581596071
28.02803644894795, 68.2240557185663
28.0793698490376, 68.22280562117191
28.130703249127247, 68.22155552377751
28.182036649216897, 68.22030542638312
28.233370049306544, 68.21905532898872
28.284703449396194, 68.21780523159431
28.33603684948584, 68.21655513419992
28.38737024957549, 68.21530503680552
28.438703649665136, 68.21405493941111
28.490037049754786, 68.21280484201672
28.541370449844432, 68.21155474462232
28.592703849934082, 68.21030464722791
28.64403725002373, 68.20905454983352
28.69537065011338, 68.20780445243912
28.74670405020303, 68.20655435504473
28.798037450292675, 68.20530425765033
28.849370850382325, 68.20405416025592
28.90070425047197, 68.20280406286153
28.95203765056162, 68.20155396546713
29.003371050651268, 68.20030386807272
29.054704450740918, 68.19905377067833
29.106037850830564, 68.19780367328393
29.157371250920214, 68.19655357588952
29.20870465100986, 68.19530347849513
29.26003805109951, 68.19405338110073
29.311371451189157, 68.19280328370634
29.362704851278806, 68.19155318631194
29.414038251368453, 68.19030308891753
29.465371651458103, 68.18905299152314
29.51670505154775, 68.18780289412874
29.5680384516374, 68.18655279673433
29.61937185172705, 68.18530269933994
29.670705251816695, 68.18405260194554
29.722038651906345, 68.18280250455113
29.77337205199599, 68.18155240715674
29.82470545208564, 68.18030230976234
29.876038852175288, 68.17905221236795
29.927372252264938, 68.17780211497355
29.978705652354584, 68.17655201757914
30.030039052444234, 68.17530192018475
30.08137245253388, 68.17405182279035
30.13270585262353, 68.17280172539594
30.184039252713177, 68.17155162800155
30.235372652802827, 68.17030153060715
30.286706052892473, 68.16905143321274
30.338039452982123, 68.16780133581835
30.38937285307177, 68.16655123842395
30.44070625316142, 68.16530114102956
30.49203965325107, 68.16405104363515
30.543373053340716, 68.16280094624075
30.594706453430366, 68.16155084884636
30.646039853520012, 68.16030075145196
30.697373253609662, 68.15905065405755
30.74870665369931, 68.15780055666316
30.80004005378896, 68.15655045926876
30.851373453878605, 68.15530036187435
30.902706853968255, 68.15405026447996
30.9540402540579, 68.15280016708556
31.00537365414755, 68.15155006969117
31.056707054237197, 68.15029997229676
31.108040454326847, 68.14904987490236
31.159373854416494, 68.14779977750797
31.210707254506143, 68.14654968011357
31.262040654595793, 68.14529958271916
31.31337405468544, 68.14404948532477
31.36470745477509, 68.14279938793037
31.416040854864736, 68.14154929053596
31.467374254954386, 68.14029919314157
31.518707655044032, 68.13904909574717
31.570041055133682, 68.13779899835278
31.62137445522333, 68.13654890095837
31.67270785531298, 68.13529880356397
31.724041255402625, 68.13404870616958
31.775374655492275, 68.13279860877518
31.82670805558192, 68.13154851138077
31.87804145567157, 68.13029841398638
31.929374855761218, 68.12904831659198
31.980708255850868, 68.12779821919757
32.03204165594052, 68.12654812180318
32.083375056030164, 68.12529802440878
32.13470845611981, 68.12404792701439
32.186041856209464, 68.12279782961998
32.23737525629911, 68.12154773222558
32.288708656388756, 68.12029763483119
32.3400420564784, 68.11904753743678
32.391375456568056, 68.11779744004238
32.4427088566577, 68.11654734264799
32.49404225674735, 68.11529724525359
32.545375656836995, 68.11404714785918
32.59670905692665, 68.11279705046479
32.648042457016295, 68.11154695307039
32.69937585710594, 68.11029685567598
32.75070925719559, 68.1090467582816
32.80204265728524, 68.10779666088719
32.85337605737489, 68.1065465634928
32.904709457464534, 68.1052964660984
32.95604285755419, 68.10404636870399
33.007376257643834, 68.1027962713096
33.05870965773348, 68.1015461739152
33.11004305782313, 68.10029607652079
33.16137645791278, 68.0990459791264
33.21270985800243, 68.097795881732
33.26404325809207, 68.0965457843376
33.31537665818172, 68.0952956869432
33.36671005827137, 68.0940455895488
33.41804345836102, 68.09279549215441
33.469376858450666, 68.09154539476
33.52071025854031, 68.0902952973656
33.572043658629966, 68.08904519997121
33.62337705871961, 68.0877951025768
33.67471045880926, 68.0865450051824
33.72604385889891, 68.08529490778801
33.77737725898856, 68.0840448103936
33.828710659078205, 68.0827947129992
33.88004405916785, 68.08154461560481
33.931377459257504, 68.08029451821041
33.98271085934715, 68.07904442081602
34.0340442594368, 68.07779432342161
34.08537765952644, 68.07654422602721
34.1367110596161, 68.07529412863282
34.18804445970574, 68.07404403123842
34.23937785979539, 68.07279393384401
34.290711259885036, 68.07154383644962
34.34204465997469, 68.07029373905522
34.393378060064336, 68.06904364166081
34.44471146015398, 68.06779354426642
34.49604486024363, 68.06654344687202
34.54737826033328, 68.06529334947763
34.59871166042293, 68.06404325208322
34.650045060512575, 68.06279315468882
34.70137846060223, 68.06154305729443
34.752711860691875, 68.06029295990002
34.80404526078152, 68.05904286250562
34.85537866087117, 68.05779276511123
34.90671206096082, 68.05654266771683
34.95804546105047, 68.05529257032242
35.009378861140114, 68.05404247292803
35.06071226122976, 68.05279237553363
35.112045661319414, 68.05154227813924
35.16337906140906, 68.05029218074483
35.214712461498706, 68.04904208335043
35.26604586158835, 68.04779198595604
35.317379261678006, 68.04654188856163
35.36871266176765, 68.04529179116723
35.4200460618573, 68.04404169377284
35.47137946194695, 68.04279159637844
35.5227128620366, 68.04154149898403
35.574046262126245, 68.04029140158964
35.62537966221589, 68.03904130419524
35.676713062305545, 68.03779120680085
35.72804646239519, 68.03654110940644
35.77937986248484, 68.03529101201204
35.830713262574484, 68.03404091461765
35.88204666266414, 68.03279081722324
35.933380062753784, 68.03154071982884
35.98471346284343, 68.03029062243445
36.03604686293308, 68.02904052504005
36.08738026302273, 68.02779042764564
36.13871366311238, 68.02654033025125
36.19004706320202, 68.02529023285685
36.24138046329168, 68.02404013546246
36.29271386338132, 68.02279003806805
36.34404726347097, 68.02153994067365
36.395380663560616, 68.02028984327926
36.44671406365027, 68.01903974588485
36.498047463739915, 68.01778964849045
36.54938086382956, 68.01653955109606
36.60071426391921, 68.01528945370166
36.65204766400886, 68.01403935630725
36.70338106409851, 68.01278925891286
36.754714464188154, 68.01153916151846
36.8060478642778, 68.01028906412407
36.857381264367454, 68.00903896672966
36.9087146644571, 68.00778886933526
36.96004806454675, 68.00653877194087
37.0113814646364, 68.00528867454646
37.06271486472605, 68.00403857715206
37.11404826481569, 68.00278847975767
37.16538166490534, 68.00153838236326
37.21671506499499, 68.00028828496886
37.26804846508464, 67.99903818757447
37.319381865174286, 67.99778809018007
37.37071526526393, 67.99653799278568
37.422048665353586, 67.99528789539127
37.47338206544323, 67.99403779799687
37.52471546553288, 67.99278770060248
37.576048865622525, 67.99153760320807
37.62738226571218, 67.99028750581367
37.678715665801825, 67.98903740841928
37.73004906589147, 67.98778731102487
37.781382465981125, 67.98653721363047
37.83271586607077, 67.98528711623608
37.88404926616042, 67.98403701884168
37.935382666250064, 67.98278692144729
37.98671606633972, 67.98153682405288
38.038049466429364, 67.98028672665848
38.08938286651901, 67.97903662926409
38.140716266608656, 67.97778653186968
38.19204966669831, 67.97653643447528
38.243383066787956, 67.97528633708089
38.2947164668776, 67.97403623968648
38.34604986696725, 67.97278614229208
38.3973832670569, 67.97153604489769
38.44871666714655, 67.97028594750329
38.500050067236195, 67.96903585010888
38.55138346732584, 67.96778575271449
38.602716867415495, 67.96653565532009
38.65405026750514, 67.9652855579257
38.70538366759479, 67.96403546053129
38.75671706768444, 67.96278536313689
38.80805046777409, 67.9615352657425
38.859383867863734, 67.9602851683481
38.91071726795338, 67.95903507095369
38.962050668043034, 67.9577849735593
39.01338406813268, 67.9565348761649
39.06471746822233, 67.95528477877049
39.11605086831197, 67.9540346813761
39.16738426840163, 67.9527845839817
39.21871766849127, 67.9515344865873
39.27005106858092, 67.9502843891929
39.321384468670566, 67.9490342917985
39.37271786876022, 67.94778419440411
39.424051268849865, 67.9465340970097
39.47538466893951, 67.9452839996153
39.526718069029165, 67.94403390222091
39.57805146911881, 67.9427838048265
39.62938486920846, 67.9415337074321
39.680718269298104, 67.94028361003771
39.73205166938776, 67.9390335126433
39.783385069477404, 67.93778341524892
39.83471846956705, 67.93653331785451
39.8860518696567, 67.93528322046011
39.93738526974635, 67.93403312306572
39.988718669836, 67.93278302567131
40.04005206992564, 67.93153292827691
40.09138547001529, 67.93028283088252
40.14271887010494, 67.92903273348811
40.19405227019459, 67.92778263609371
40.245385670284236, 67.92653253869932
40.29671907037389, 67.92528244130492
40.348052470463536, 67.92403234391053
40.39938587055318, 67.92278224651612
40.45071927064283, 67.92153214912172
40.50205267073248, 67.92028205172733
40.55338607082213, 67.91903195433292
40.604719470911775, 67.91778185693852
40.65605287100142, 67.91653175954413
40.707386271091075, 67.90908016920831
40.75871967118072, 67.77415419226612
40.81005307127037, 67.63922821532395
40.861386471360014, 67.50430223838177
40.91271987144967, 67.36937626143957
40.96405327153931, 67.2344502844974
41.01538667162896, 67.09952430755521
41.066720071718606, 66.96459833061304
41.11805347180826, 66.82967235367084
41.169386871897906, 66.69474637672866
41.22072027198755, 66.55982039978649
41.272053672077206, 66.42489442284429
41.32338707216685, 66.28996844590212
41.3747204722565, 66.15504246895993
41.426053872346145, 66.02011649201776
41.4773872724358, 65.88519051507556
41.528720672525445, 65.75026453813338
41.58005407261509, 65.61533856119121
41.63138747270474, 65.48041258424902
41.68272087279439, 65.34548660730684
41.73405427288404, 65.21056063036465
41.785387672973684, 65.07563465342247
41.83672107306333, 64.9407086764803
41.888054473152984, 64.8057826995381
41.93938787324263, 64.67085672259593
41.99072127333228, 64.53593074565374
42.04205467342193, 64.40100476871154
42.093388073511576, 64.26607879176937
42.14472147360122, 64.13115281482719
42.19605487369087, 63.99622683788502
42.24738827378052, 63.86130086094282
42.29872167387017, 63.72637488400064
42.350055073959815, 63.591448907058464
42.40138847404946, 63.456522930116286
42.452721874139115, 63.321596953174094
42.50405527422876, 63.18667097623191
42.55538867431841, 63.05174499928974
42.606722074408054, 62.91681902234755
42.65805547449771, 62.78189304540536
42.709388874587354, 62.646967068463184
42.760722274677, 62.512041091521006
42.812055674766654, 62.37711511457881
42.8633890748563, 62.24218913763663
42.91472247494595, 62.10726316069445
42.96605587503559, 61.97233718375227
43.01738927512525, 61.83741120681008
43.06872267521489, 61.702485229867904
43.12005607530454, 61.567559252925726
43.171389475394186, 61.43263327598355
43.22272287548384, 61.29770729904135
43.274056275573486, 61.16278132209917
43.32538967566313, 61.02785534515699
43.37672307575278, 60.892929368214816
43.42805647584243, 60.75800339127262
43.47938987593208, 60.62307741433044
43.530723276021725, 60.48815143738826
43.58205667611138, 60.35322546044607
43.633390076201024, 60.21829948350389
43.68472347629067, 60.08337350656171
43.73605687638032, 59.948447529619536
43.78739027646997, 59.81352155267734
43.83872367655962, 59.67859557573516
43.89005707664926, 59.54366959879298
43.94139047673891, 59.4087436218508
43.99272387682856, 59.273817644908604
44.04405727691821, 59.13889166796643
44.095390677007856, 59.00396569102425
44.1467240770975, 58.86903971408208
44.198057477187156, 58.73411373713988
44.2493908772768, 58.5991877601977
44.30072427736645, 58.46426178325552
44.3520576774561, 58.329335806313324
44.40339107754575, 58.194409829371146
44.454724477635395, 58.05948385242897
44.50605787772504, 57.92455787548679
44.557391277814695, 57.7896318985446
44.60872467790434, 57.654705921602414
44.66005807799399, 57.51977994466024
44.711391478083634, 57.38485396771806
44.76272487817329, 57.249927990775866
44.814058278262934, 57.11500201383369
44.86539167835258, 56.98007603689151
44.91672507844223, 56.84515005994933
44.96805847853188, 56.710224083007134
45.019391878621526, 56.575298106064956
45.07072527871117, 56.44037212912278
45.12205867880082, 56.3054461521806
45.17339207889047, 56.17052017523841
45.22472547898012, 56.03559419829623
45.276058879069765, 55.90066822135405
45.32739227915942, 55.765742244411854
45.378725679249065, 55.630816267469676
45.43005907933871, 55.4958902905275
45.48139247942836, 55.36096431358532
45.53272587951801, 55.22603833664313
45.58405927960766, 55.091112359700944
45.635392679697304, 54.95618638275877
45.68672607978695, 54.82126040581659
45.738059479876604, 54.686334428874396
45.78939287996625, 54.55140845193222
45.8407262800559, 54.41648247499004
45.89205968014554, 54.28155649804786
45.9433930802352, 54.14663052110566
45.99472648032484, 54.011704544163486
46.04605988041449, 53.87677856722131
46.09739328050414, 53.74185259027911
46.14872668059379, 53.60692661333694
46.200060080683436, 53.47200063639475
46.25139348077308, 53.33707465945258
46.302726880862735, 53.20214868251038
46.35406028095238, 53.067222705568206
46.40539368104203, 52.93229672862603
46.456727081131675, 52.79737075168385
46.50806048122133, 52.66244477474165
46.559393881310974, 52.52751879779947
46.61072728140062, 52.392592820857296
46.66206068149027, 52.25766684391512
46.71339408157992, 52.122740866972926
46.76472748166957, 51.98781489003075
46.81606088175921, 51.85288891308856
46.86739428184887, 51.71796293614637
46.91872768193851, 51.58303695920419
46.97006108202816, 51.448110982262016
47.021394482117806, 51.31318500531984
47.07272788220746, 51.17825902837764
47.124061282297106, 51.04333305143547
47.17539468238675, 50.90840707449328
47.2267280824764, 50.77348109755111
47.27806148256605, 50.63855512060891
47.3293948826557, 50.50362914366673
47.380728282745345, 50.36870316672456
47.43206168283499, 50.23377718978237
47.483395082924645, 50.09885121284018
47.53472848301429, 49.963925235898
47.58606188310394, 49.828999258955825
47.637395283193584, 49.69407328201365
47.68872868328324, 49.55914730507145
47.740062083372884, 49.42422132812928
47.79139548346253, 49.28929535118709
47.842728883552184, 49.1543693742449
47.89406228364183, 49.01944339730272
47.945395683731476, 48.884517420360545
47.99672908382112, 48.74959144341837
48.048062483910776, 48.61466546647617
48.09939588400042, 48.47973948953399
48.15072928409007, 48.34481351259181
48.202062684179715, 48.209887535649635
48.25339608426937, 48.07496155870744
48.304729484359015, 47.94003558176526
48.35606288444866, 47.80510960482309
48.40739628453831, 47.6701836278809
48.45872968462796, 47.53525765093871
48.51006308471761, 47.40033167399653
48.561396484807254, 47.265405697054355
48.61272988489691, 47.13047972011216
48.664063284986554, 46.99555374316998
48.7153966850762, 46.86062776622781
48.76673008516585, 46.72570178928562
48.8180634852555, 46.59077581234342
48.86939688534515, 46.45584983540125
48.92073028543479, 46.32092385845907
48.97206368552444, 46.1859978815169
49.02339708561409, 46.0510719045747
49.07473048570374, 45.91614592763252
49.126063885793386, 45.78121995069034
49.17739728588303, 45.646293973748165
49.228730685972685, 45.51136799680597
49.28006408606233, 45.37644201986379
49.33139748615198, 45.24151604292162
49.38273088624163, 45.10659006597942
49.43406428633128, 44.97166408903724
49.485397686420924, 44.83673811209506
49.53673108651057, 44.701812135152885
49.588064486600224, 44.566886158210686
49.63939788668987, 44.43196018126851
49.69073128677952, 44.29703420432633
49.74206468686916, 44.16210822738415
49.79339808695882, 44.02718225044195
49.84473148704846, 43.89225627349978
49.89606488713811, 43.7573302965576
49.947398287227756, 43.62240431961543
49.99873168731741, 43.48747834267323
50.050065087407056, 43.35255236573105
50.1013984874967, 43.21762638878887
50.152731887586356, 43.08270041184667
50.204065287676, 42.9477744349045
50.25539868776565, 42.81284845796232
50.306732087855295, 42.67792248102015
50.35806548794495, 42.54299650407795
50.409398888034595, 42.40807052713576
50.46073228812424, 42.27314455019359
50.51206568821389, 42.13821857325141
50.56339908830354, 42.003292596309215
50.61473248839319, 41.86836661936704
50.666065888482834, 41.73344064242486
50.71739928857248, 41.59851466548268
50.76873268866213, 41.46358868854048
50.82006608875178, 41.32866271159831
50.871399488841426, 41.19373673465613
50.92273288893108, 41.058810757713935
50.974066289020726, 40.92388478077176
51.02539968911037, 40.78895880382958
51.07673308920002, 40.6540328268874
51.12806648928967, 40.5191068499452
51.17939988937932, 40.384180873003025
51.230733289468965, 40.24925489606085
51.28206668955861, 40.11432891911867
