Parameters: [50.41159898935823, 15.583965613643901, 12.829189466854201, 39.927709544574114, 4.346287555368883, -0.1825267836468193, -2.5381162961308386]
Points:
0.0, 15.583965613643901
0.05046206105040864, 15.803288241605557
0.10092412210081728, 16.022610869567213
0.15138618315122593, 16.24193349752887
0.20184824420163455, 16.461256125490525
0.2523103052520432, 16.68057875345218
0.30277236630245186, 16.899901381413837
0.3532344273528605, 17.119224009375493
0.4036964884032691, 17.33854663733715
0.45415854945367773, 17.557869265298805
0.5046206105040864, 17.777191893260458
0.555082671554495, 17.996514521222117
0.6055447326049037, 18.21583714918377
0.6560067936553123, 18.43515977714543
0.706468854705721, 18.654482405107082
0.7569309157561296, 18.873805033068738
0.8073929768065382, 19.093127661030394
0.8578550378569468, 19.31245028899205
0.9083170989073555, 19.531772916953706
0.9587791599577641, 19.751095544915362
1.0092412210081727, 19.970418172877018
1.0597032820585814, 20.189740800838674
1.11016534310899, 20.40906342880033
1.1606274041593987, 20.628386056761986
1.2110894652098074, 20.847708684723642
1.261551526260216, 21.067031312685298
1.3120135873106247, 21.286353940646954
1.3624756483610332, 21.50567656860861
1.412937709411442, 21.724999196570266
1.4633997704618504, 21.944321824531922
1.5138618315122592, 22.16364445249358
1.5643238925626677, 22.38296708045523
1.6147859536130764, 22.60228970841689
1.6652480146634852, 22.821612336378546
1.7157100757138937, 23.040934964340202
1.7661721367643024, 23.260257592301855
1.816634197814711, 23.479580220263514
1.8670962588651197, 23.698902848225167
1.9175583199155282, 23.918225476186826
1.968020380965937, 24.13754810414848
2.0184824420163454, 24.356870732110135
2.068944503066754, 24.57619336007179
2.119406564117163, 24.79551598803345
2.1698686251675716, 25.014838615995103
2.22033068621798, 25.23416124395676
2.2707927472683886, 25.453483871918415
2.3212548083187974, 25.67280649988007
2.371716869369206, 25.892129127841727
2.422178930419615, 26.111451755803383
2.472640991470023, 26.33077438376504
2.523103052520432, 26.550097011726695
2.5735651135708406, 26.76941963968835
2.6240271746212493, 26.988742267650007
2.6744892356716576, 27.208064895611663
2.7249512967220664, 27.427387523573316
2.775413357772475, 27.646710151534975
2.825875418822884, 27.866032779496628
2.8763374798732926, 28.085355407458287
2.926799540923701, 28.30467803541994
2.9772616019741096, 28.5240006633816
3.0277236630245183, 28.743323291343252
3.078185724074927, 28.96264591930491
3.1286477851253354, 29.181968547266564
3.179109846175744, 29.40129117522822
3.229571907226153, 29.620613803189876
3.2800339682765616, 29.839936431151536
3.3304960293269703, 30.059259059113188
3.3809580903773786, 30.278581687074844
3.4314201514277873, 30.4979043150365
3.481882212478196, 30.717226942998156
3.532344273528605, 30.936549570959812
3.582806334579013, 31.155872198921465
3.633268395629422, 31.375194826883124
3.6837304566798306, 31.59451745484478
3.7341925177302393, 31.813840082806436
3.784654578780648, 32.033162710768096
3.8351166398310563, 32.25248533872975
3.885578700881465, 32.4718079666914
3.936040761931874, 32.69113059465306
3.9865028229822825, 32.91045322261472
4.036964884032691, 33.129775850576365
4.0874269450831, 33.349098478538025
4.137889006133508, 33.568421106499684
4.188351067183917, 33.78774373446134
4.238813128234326, 34.007066362423
4.2892751892847345, 34.22638899038465
4.339737250335143, 34.44571161834631
4.390199311385551, 34.66503424630796
4.44066137243596, 34.88435687426961
4.4911234334863686, 35.10367950223127
4.541585494536777, 35.32300213019293
4.592047555587186, 35.542324758154585
4.642509616637595, 35.76164738611624
4.6929716776880035, 35.9809700140779
4.743433738738412, 36.20029264203956
4.793895799788821, 36.41961527000121
4.84435786083923, 36.63893789796286
4.8948199218896375, 36.85826052592452
4.945281982940046, 37.077583153886174
4.995744043990455, 37.29690578184783
5.046206105040864, 37.516228409809486
5.0966681660912725, 37.735551037771145
5.147130227141681, 37.954873665732805
5.19759228819209, 38.17419629369446
5.248054349242499, 38.39351892165611
5.298516410292907, 38.61284154961777
5.348978471343315, 38.83216417757942
5.399440532393724, 39.051486805541074
5.449902593444133, 39.270809433502734
5.5003646544945415, 39.490132061464394
5.55082671554495, 39.709454689426046
5.601288776595359, 39.9287773173877
5.651750837645768, 40.14809994534936
5.702212898696176, 40.36742257331102
5.752674959746585, 40.58674520127268
5.803137020796993, 40.80606782923432
5.853599081847402, 41.02539045719598
5.9040611428978105, 41.24471308515764
5.954523203948219, 41.464035713119294
6.004985264998628, 41.68335834108095
6.055447326049037, 41.902680969042606
6.105909387099445, 42.122003597004266
6.156371448149854, 42.34132622496592
6.206833509200263, 42.56064885292757
6.257295570250671, 42.77997148088923
6.3077576313010795, 42.99929410885088
6.358219692351488, 43.218616736812535
6.408681753401897, 43.437939364774195
6.459143814452306, 43.657261992735855
6.509605875502714, 43.876584620697514
6.560067936553123, 44.09590724865917
6.610529997603532, 44.31522987662082
6.660992058653941, 44.53455250458248
6.7114541197043485, 44.75387513254413
6.761916180754757, 44.97319776050578
6.812378241805166, 45.19252038846744
6.862840302855575, 45.4118430164291
6.913302363905983, 45.631165644390755
6.963764424956392, 45.85048827235241
7.014226486006801, 46.06981090031407
7.06468854705721, 46.28913352827573
7.115150608107618, 46.50845615623738
7.165612669158026, 46.72777878419903
7.216074730208435, 46.94710141216069
7.266536791258844, 47.16642404012235
7.316998852309252, 47.385746668084
7.367460913359661, 47.605069296045656
7.41792297441007, 47.824391924007315
7.468385035460479, 48.043714551968975
7.518847096510887, 48.26303717993062
7.569309157561296, 48.48235980789228
7.619771218611704, 48.70168243585394
7.670233279662113, 48.9210050638156
7.720695340712521, 49.140327691777244
7.77115740176293, 49.359650319738904
7.821619462813339, 49.578972947700564
7.872081523863748, 49.79829557566222
7.922543584914156, 50.01761820362387
7.973005645964565, 50.23694083158553
8.023467707014973, 50.45626345954719
8.073929768065382, 50.67558608750883
8.12439182911579, 50.89490871547049
8.1748538901662, 51.11423134343215
8.225315951216608, 51.33355397139381
8.275778012267017, 51.55287659935546
8.326240073317425, 51.77219922731712
8.376702134367834, 51.991521855278776
8.427164195418243, 52.210844483240436
8.477626256468652, 52.430167111202095
8.52808831751906, 52.64948973916374
8.578550378569469, 52.8688123671254
8.629012439619878, 53.08813499508706
8.679474500670286, 53.30745762304872
8.729936561720695, 53.526780251010365
8.780398622771102, 53.746102878972025
8.830860683821511, 53.96542550693367
8.88132274487192, 54.18474813489533
8.931784805922328, 54.40407076285699
8.982246866972737, 54.62339339081865
9.032708928023146, 54.842716018780294
9.083170989073555, 55.062038646741954
9.133633050123963, 55.28136127470361
9.184095111174372, 55.50068390266527
9.23455717222478, 55.72000653062693
9.28501923327519, 55.93932915858858
9.335481294325598, 56.15865178655024
9.385943355376007, 56.3779744145119
9.436405416426416, 56.597297042473556
9.486867477476824, 56.8166196704352
9.537329538527233, 57.03594229839686
9.587791599577642, 57.25526492635852
9.63825366062805, 57.47458755432018
9.68871572167846, 57.693910182281826
9.739177782728866, 57.913232810243485
9.789639843779275, 58.13255543820513
9.840101904829684, 58.35187806616679
9.890563965880093, 58.57120069412845
9.941026026930501, 58.79052332209011
9.99148808798091, 59.00984595005177
10.041950149031319, 59.229168578013415
10.092412210081728, 59.448491205975074
10.142874271132136, 59.667813833936734
10.193336332182545, 59.88713646189839
10.243798393232954, 60.10645908986004
10.294260454283362, 60.3257817178217
10.344722515333771, 60.54510434578336
10.39518457638418, 60.76442697374502
10.445646637434589, 60.98374960170666
10.496108698484997, 61.20307222966832
10.546570759535406, 61.42239485762998
10.597032820585815, 61.64171748559164
10.647494881636222, 61.86104011355329
10.69795694268663, 62.080362741514946
10.74841900373704, 62.299685369476606
10.798881064787448, 62.51900799743825
10.849343125837857, 62.73833062539991
10.899805186888265, 62.95765325336157
10.950267247938674, 63.17697588132323
11.000729308989083, 63.396298509284875
11.051191370039492, 63.615621137246535
11.1016534310899, 63.834943765208195
11.15211549214031, 64.05426639316985
11.202577553190718, 64.2735890211315
11.253039614241127, 64.49291164909316
11.303501675291535, 64.71223427705482
11.353963736341944, 64.93155690501648
11.404425797392353, 65.15087953297814
11.454887858442762, 65.37020216093978
11.50534991949317, 65.58952478890144
11.555811980543577, 65.80884741686309
11.606274041593986, 66.02817004482475
11.656736102644395, 66.24749267278641
11.707198163694803, 66.46681530074807
11.757660224745212, 66.68613792870971
11.808122285795621, 66.90546055667137
11.85858434684603, 67.12478318463303
11.909046407896438, 67.34410581259469
11.959508468946847, 67.56342844055634
12.009970529997256, 67.782751068518
12.060432591047665, 68.00207369647966
12.110894652098073, 68.22139632444132
12.161356713148482, 68.44071895240296
12.21181877419889, 68.66004158036462
12.2622808352493, 68.87936420832628
12.312742896299708, 69.09868683628794
12.363204957350117, 69.3180094642496
12.413667018400526, 69.53733209221124
12.464129079450933, 69.7566547201729
12.514591140501341, 69.97597734813455
12.56505320155175, 70.19529997609621
12.615515262602159, 70.41462260405787
12.665977323652568, 70.63394523201953
12.716439384702976, 70.85326785998117
12.766901445753385, 71.07259048794283
12.817363506803794, 71.29191311590449
12.867825567854203, 71.33626001565368
12.918287628904611, 71.32704933795397
12.96874968995502, 71.31783866025424
13.019211751005429, 71.30862798255453
13.069673812055838, 71.2994173048548
13.120135873106246, 71.29020662715507
13.170597934156655, 71.28099594945536
13.221059995207064, 71.27178527175563
13.271522056257472, 71.26257459405592
13.321984117307881, 71.2533639163562
13.37244617835829, 71.24415323865648
13.422908239408697, 71.23494256095675
13.473370300459106, 71.22573188325704
13.523832361509514, 71.21652120555731
13.574294422559923, 71.2073105278576
13.624756483610332, 71.19809985015787
13.67521854466074, 71.18888917245815
13.72568060571115, 71.17967849475843
13.776142666761558, 71.17046781705871
13.826604727811967, 71.161257139359
13.877066788862376, 71.15204646165927
13.927528849912784, 71.14283578395955
13.977990910963193, 71.13362510625983
14.028452972013602, 71.12441442856012
14.07891503306401, 71.11520375086039
14.12937709411442, 71.10599307316066
14.179839155164828, 71.09678239546095
14.230301216215237, 71.08757171776122
14.280763277265645, 71.07836104006151
14.331225338316052, 71.06915036236178
14.381687399366461, 71.05993968466207
14.43214946041687, 71.05072900696234
14.482611521467279, 71.04151832926263
14.533073582517687, 71.0323076515629
14.583535643568096, 71.02309697386319
14.633997704618505, 71.01388629616346
14.684459765668914, 71.00467561846374
14.734921826719322, 70.99546494076402
14.785383887769731, 70.9862542630643
14.83584594882014, 70.97704358536458
14.886308009870548, 70.96783290766486
14.936770070920957, 70.95862222996514
14.987232131971366, 70.94941155226542
15.037694193021775, 70.9402008745657
15.088156254072183, 70.93099019686598
15.138618315122592, 70.92177951916626
15.189080376173, 70.91256884146654
15.239542437223408, 70.90335816376681
15.290004498273817, 70.8941474860671
15.340466559324225, 70.88493680836737
15.390928620374634, 70.87572613066766
15.441390681425043, 70.86651545296793
15.491852742475452, 70.85730477526822
15.54231480352586, 70.84809409756849
15.592776864576269, 70.83888341986878
15.643238925626678, 70.82967274216905
15.693700986677086, 70.82046206446933
15.744163047727495, 70.81125138676961
15.794625108777904, 70.80204070906989
15.845087169828313, 70.79283003137017
15.895549230878721, 70.78361935367045
15.94601129192913, 70.77440867597073
15.996473352979539, 70.765197998271
16.046935414029946, 70.7559873205713
16.097397475080356, 70.74677664287157
16.147859536130763, 70.73756596517185
16.198321597181174, 70.72835528747213
16.24878365823158, 70.7191446097724
16.29924571928199, 70.70993393207269
16.3497077803324, 70.70072325437296
16.40016984138281, 70.69151257667325
16.450631902433216, 70.68230189897352
16.501093963483626, 70.67309122127381
16.551556024534033, 70.66388054357408
16.602018085584444, 70.65466986587437
16.65248014663485, 70.64545918817464
16.702942207685258, 70.63624851047493
16.753404268735668, 70.6270378327752
16.803866329786075, 70.61782715507547
16.854328390836486, 70.60861647737576
16.904790451886893, 70.59940579967603
16.955252512937303, 70.59019512197632
17.00571457398771, 70.5809844442766
17.05617663503812, 70.57177376657688
17.106638696088527, 70.56256308887716
17.157100757138938, 70.55335241117744
17.207562818189345, 70.54414173347772
17.258024879239755, 70.53493105577799
17.308486940290162, 70.52572037807828
17.358949001340573, 70.51650970037855
17.40941106239098, 70.50729902267884
17.45987312344139, 70.49808834497911
17.510335184491797, 70.4888776672794
17.560797245542204, 70.47966698957967
17.611259306592615, 70.47045631187996
17.661721367643022, 70.46124563418023
17.712183428693432, 70.45203495648052
17.76264548974384, 70.44282427878079
17.81310755079425, 70.43361360108106
17.863569611844657, 70.42440292338135
17.914031672895067, 70.41519224568162
17.964493733945474, 70.40598156798191
18.014955794995885, 70.39677089028218
18.06541785604629, 70.38756021258247
18.115879917096702, 70.37834953488274
18.16634197814711, 70.36913885718303
18.21680403919752, 70.3599281794833
18.267266100247927, 70.35071750178359
18.317728161298337, 70.34150682408387
18.368190222348744, 70.33229614638414
18.418652283399155, 70.32308546868443
18.46911434444956, 70.3138747909847
18.51957640549997, 70.30466411328499
18.57003846655038, 70.29545343558526
18.620500527600786, 70.28624275788555
18.670962588651197, 70.27703208018582
18.721424649701603, 70.2678214024861
18.771886710752014, 70.25861072478638
18.82234877180242, 70.24940004708665
18.87281083285283, 70.24018936938694
18.92327289390324, 70.23097869168721
18.97373495495365, 70.2217680139875
19.024197016004056, 70.21255733628777
19.074659077054466, 70.20334665858806
19.125121138104873, 70.19413598088833
19.175583199155284, 70.18492530318862
19.22604526020569, 70.1757146254889
19.2765073212561, 70.16650394778918
19.32696938230651, 70.15729327008945
19.37743144335692, 70.14808259238973
19.427893504407326, 70.13887191469001
19.478355565457733, 70.12966123699029
19.528817626508143, 70.12045055929057
19.57927968755855, 70.11123988159085
19.62974174860896, 70.10202920389114
19.680203809659368, 70.09281852619141
19.730665870709778, 70.0836078484917
19.781127931760185, 70.07439717079197
19.831589992810596, 70.06518649309226
19.882052053861003, 70.05597581539253
19.932514114911413, 70.0467651376928
19.98297617596182, 70.03755445999309
20.03343823701223, 70.02834378229336
20.083900298062638, 70.01913310459365
20.134362359113048, 70.00992242689392
20.184824420163455, 70.00071174919421
20.235286481213866, 69.99150107149448
20.285748542264272, 69.98229039379477
20.33621060331468, 69.97307971609504
20.38667266436509, 69.96386903839532
20.437134725415497, 69.9546583606956
20.487596786465907, 69.94544768299588
20.538058847516314, 69.93623700529616
20.588520908566725, 69.92702632759644
20.638982969617132, 69.91781564989672
20.689445030667542, 69.908604972197
20.73990709171795, 69.89939429449728
20.79036915276836, 69.89018361679756
20.840831213818767, 69.88097293909784
20.891293274869177, 69.87176226139812
20.941755335919584, 69.86255158369839
20.992217396969995, 69.85334090599868
21.0426794580204, 69.84413022829895
21.093141519070812, 69.83491955059924
21.14360358012122, 69.82570887289951
21.19406564117163, 69.8164981951998
21.244527702222037, 69.80728751750007
21.294989763272444, 69.79807683980036
21.345451824322854, 69.78886616210063
21.39591388537326, 69.77965548440092
21.44637594642367, 69.77044480670119
21.49683800747408, 69.76123412900147
21.54730006852449, 69.75202345130175
21.597762129574896, 69.74281277360203
21.648224190625307, 69.73360209590231
21.698686251675714, 69.72439141820259
21.749148312726124, 69.71518074050287
21.79961037377653, 69.70597006280315
21.85007243482694, 69.69675938510343
21.90053449587735, 69.6875487074037
21.95099655692776, 69.67833802970398
22.001458617978166, 69.66912735200427
22.051920679028576, 69.65991667430454
22.102382740078983, 69.65070599660483
22.15284480112939, 69.6414953189051
22.2033068621798, 69.63228464120539
22.253768923230208, 69.62307396350566
22.30423098428062, 69.61386328580595
22.354693045331025, 69.60465260810622
22.405155106381436, 69.59544193040651
22.455617167431843, 69.58623125270678
22.506079228482253, 69.57702057500705
22.55654128953266, 69.56780989730734
22.60700335058307, 69.55859921960761
22.657465411633478, 69.5493885419079
22.70792747268389, 69.54017786420818
22.758389533734295, 69.53096718650846
22.808851594784706, 69.52175650880874
22.859313655835113, 69.51254583110902
22.909775716885523, 69.5033351534093
22.96023777793593, 69.49412447570958
23.01069983898634, 69.48491379800986
23.061161900036748, 69.47570312031013
23.111623961087155, 69.46649244261042
23.162086022137565, 69.45728176491069
23.212548083187972, 69.44807108721098
23.263010144238383, 69.43886040951125
23.31347220528879, 69.42964973181154
23.3639342663392, 69.42043905411181
23.414396327389607, 69.4112283764121
23.464858388440017, 69.40201769871237
23.515320449490424, 69.39280702101266
23.565782510540835, 69.38359634331293
23.616244571591242, 69.3743856656132
23.666706632641652, 69.36517498791349
23.71716869369206, 69.35596431021376
23.76763075474247, 69.34675363251405
23.818092815792877, 69.33754295481432
23.868554876843287, 69.32833227711461
23.919016937893694, 69.31912159941488
23.969478998944105, 69.30991092171517
24.019941059994512, 69.30070024401545
24.07040312104492, 69.29148956631573
24.12086518209533, 69.282278888616
24.171327243145736, 69.27306821091628
24.221789304196147, 69.26385753321657
24.272251365246554, 69.25464685551684
24.322713426296964, 69.24543617781713
24.37317548734737, 69.2362255001174
24.42363754839778, 69.22701482241769
24.47409960944819, 69.21780414471796
24.5245616704986, 69.20859346701825
24.575023731549006, 69.19938278931852
24.625485792599417, 69.19017211161879
24.675947853649824, 69.18096143391908
24.726409914700234, 69.17175075621935
24.77687197575064, 69.16254007851964
24.82733403680105, 69.15332940081991
24.87779609785146, 69.1441187231202
24.928258158901865, 69.13490804542047
24.978720219952276, 69.12569736772076
25.029182281002683, 69.11648669002103
25.079644342053093, 69.10727601232131
25.1301064031035, 69.0980653346216
25.18056846415391, 69.08885465692187
25.231030525204318, 69.07964397922215
25.28149258625473, 69.07043330152243
25.331954647305135, 69.06122262382272
25.382416708355546, 69.05201194612299
25.432878769405953, 69.04280126842328
25.483340830456363, 69.03359059072355
25.53380289150677, 69.02437991302384
25.58426495255718, 69.01516923532411
25.634727013607588, 69.00595855762438
25.685189074658, 68.99674787992467
25.735651135708405, 68.98753720222494
25.786113196758816, 68.97832652452523
25.836575257809223, 68.9691158468255
25.88703731885963, 68.95990516912579
25.93749937991004, 68.95069449142606
25.987961440960447, 68.94148381372635
26.038423502010858, 68.93227313602662
26.088885563061265, 68.92306245832691
26.139347624111675, 68.91385178062718
26.189809685162082, 68.90464110292746
26.240271746212493, 68.89543042522774
26.2907338072629, 68.88621974752802
26.34119586831331, 68.8770090698283
26.391657929363717, 68.86779839212858
26.442119990414128, 68.85858771442886
26.492582051464534, 68.84937703672914
26.543044112514945, 68.84016635902942
26.593506173565352, 68.8309556813297
26.643968234615762, 68.82174500362999
26.69443029566617, 68.81253432593026
26.74489235671658, 68.80332364823053
26.795354417766987, 68.79411297053082
26.845816478817394, 68.78490229283109
26.896278539867804, 68.77569161513138
26.94674060091821, 68.76648093743165
26.997202661968622, 68.75727025973194
27.04766472301903, 68.74805958203221
27.09812678406944, 68.7388489043325
27.148588845119846, 68.72963822663277
27.199050906170257, 68.72042754893305
27.249512967220664, 68.71121687123333
27.299975028271074, 68.7020061935336
27.35043708932148, 68.6927955158339
27.40089915037189, 68.68358483813417
27.4513612114223, 68.67437416043445
27.50182327247271, 68.66516348273473
27.552285333523116, 68.65595280503501
27.602747394573527, 68.64674212733529
27.653209455623934, 68.63753144963557
27.70367151667434, 68.62832077193585
27.75413357772475, 68.61911009423612
27.804595638775158, 68.60989941653641
27.85505769982557, 68.60068873883668
27.905519760875976, 68.59147806113697
27.955981821926386, 68.58226738343724
28.006443882976793, 68.57305670573753
28.056905944027204, 68.5638460280378
28.10736800507761, 68.55463535033809
28.15783006612802, 68.54542467263836
28.208292127178428, 68.53621399493865
28.25875418822884, 68.52700331723892
28.309216249279245, 68.5177926395392
28.359678310329656, 68.50858196183948
28.410140371380063, 68.49937128413976
28.460602432430473, 68.49016060644004
28.51106449348088, 68.48094992874032
28.56152655453129, 68.4717392510406
28.611988615581698, 68.46252857334088
28.662450676632105, 68.45331789564116
28.712912737682515, 68.44410721794144
28.763374798732922, 68.43489654024171
28.813836859783333, 68.425685862542
28.86429892083374, 68.41647518484227
28.91476098188415, 68.40726450714256
28.965223042934557, 68.39805382944283
29.015685103984968, 68.38884315174312
29.066147165035375, 68.37963247404339
29.116609226085785, 68.37042179634368
29.167071287136192, 68.36121111864395
29.217533348186603, 68.35200044094424
29.26799540923701, 68.34278976324451
29.31845747028742, 68.33357908554478
29.368919531337827, 68.32436840784507
29.419381592388238, 68.31515773014534
29.469843653438645, 68.30594705244563
29.520305714489055, 68.2967363747459
29.570767775539462, 68.28752569704619
29.62122983658987, 68.27831501934646
29.67169189764028, 68.26910434164675
29.722153958690686, 68.25989366394703
29.772616019741097, 68.25068298624731
29.823078080791504, 68.24147230854759
29.873540141841914, 68.23226163084786
29.92400220289232, 68.22305095314815
29.974464263942732, 68.21384027544842
30.02492632499314, 68.2046295977487
30.07538838604355, 68.19541892004898
30.125850447093956, 68.18620824234927
30.176312508144367, 68.17699756464954
30.226774569194774, 68.16778688694983
30.277236630245184, 68.1585762092501
30.32769869129559, 68.14936553155037
30.378160752346, 68.14015485385066
30.42862281339641, 68.13094417615093
30.479084874446816, 68.12173349845122
30.529546935497226, 68.1125228207515
30.580008996547633, 68.10331214305178
30.630471057598044, 68.09410146535205
30.68093311864845, 68.08489078765234
30.73139517969886, 68.07568010995261
30.781857240749268, 68.0664694322529
30.83231930179968, 68.05725875455317
30.882781362850086, 68.04804807685345
30.933243423900496, 68.03883739915373
30.983705484950903, 68.02962672145401
31.034167546001314, 68.0204160437543
31.08462960705172, 68.01120536605457
31.13509166810213, 68.00199468835486
31.185553729152538, 67.99278401065513
31.23601579020295, 67.98357333295542
31.286477851253355, 67.97436265525569
31.336939912303766, 67.96515197755596
31.387401973354173, 67.95594129985625
31.43786403440458, 67.94673062215652
31.48832609545499, 67.93751994445681
31.538788156505397, 67.92830926675708
31.589250217555808, 67.91909858905737
31.639712278606215, 67.90988791135764
31.690174339656625, 67.90067723365793
31.740636400707032, 67.8914665559582
31.791098461757443, 67.88225587825849
31.84156052280785, 67.87304520055876
31.89202258385826, 67.86383452285904
31.942484644908667, 67.85462384515932
31.992946705959078, 67.8454131674596
32.04340876700949, 67.83620248975988
32.09387082805989, 67.82699181206016
32.1443328891103, 67.81778113436044
32.19479495016071, 67.80857045666072
32.24525701121112, 67.799359778961
32.29571907226153, 67.79014910126128
32.34618113331194, 67.78093842356157
32.39664319436235, 67.77172774586184
32.44710525541275, 67.76251706816213
32.49756731646316, 67.7533063904624
32.54802937751357, 67.74409571276267
32.59849143856398, 67.73488503506296
32.648953499614386, 67.72567435736323
32.6994155606648, 67.71646367966352
32.74987762171521, 67.70725300196379
32.80033968276562, 67.69804232426408
32.85080174381602, 67.68883164656435
32.90126380486643, 67.67962096886464
32.95172586591684, 67.67041029116491
33.00218792696725, 67.66119961346519
33.052649988017656, 67.65198893576547
33.103112049068066, 67.64277825806575
33.15357411011848, 67.63356758036603
33.20403617116889, 67.6243569026663
33.25449823221929, 67.6151462249666
33.3049602932697, 67.60593554726687
33.35542235432011, 67.59672486956715
33.405884415370515, 67.58751419186743
33.456346476420926, 67.57830351416771
33.506808537471336, 67.56909283646799
33.55727059852175, 67.55988215876826
33.60773265957215, 67.55067148106855
33.65819472062256, 67.54146080336882
33.70865678167297, 67.53225012566911
33.75911884272338, 67.52303944796938
33.809580903773785, 67.51382877026967
33.860042964824196, 67.50461809256994
33.910505025874606, 67.49540741487023
33.96096708692502, 67.4861967371705
34.01142914797542, 67.47698605947079
34.06189120902583, 67.46777538177106
34.11235327007624, 67.45856470407134
34.162815331126644, 67.44935402637162
34.213277392177055, 67.4401433486719
34.263739453227466, 67.43093267097218
34.314201514277876, 67.42172199327246
34.36466357532828, 67.41251131557274
34.41512563637869, 67.40330063787302
34.4655876974291, 67.3940899601733
34.51604975847951, 67.38487928247358
34.566511819529914, 67.37566860477386
34.616973880580325, 67.36645792707414
34.667435941630735, 67.35724724937441
34.717898002681146, 67.3480365716747
34.76836006373155, 67.33882589397497
34.81882212478196, 67.32961521627526
34.86928418583237, 67.32040453857553
34.91974624688278, 67.31119386087582
34.970208307933184, 67.30198318317609
35.020670368983595, 67.29277250547636
35.071132430034005, 67.28356182777665
35.12159449108441, 67.27435115007692
35.17205655213482, 67.26514047237721
35.22251861318523, 67.25592979467748
35.27298067423564, 67.24671911697777
35.323442735286044, 67.23750843927805
35.373904796336454, 67.22829776157833
35.424366857386865, 67.2190870838786
35.474828918437275, 67.20987640617889
35.52529097948768, 67.20066572847917
35.57575304053809, 67.19145505077944
35.6262151015885, 67.18224437307973
35.67667716263891, 67.17303369538
35.72713922368931, 67.16382301768029
35.777601284739724, 67.15461233998056
35.828063345790135, 67.14540166228085
35.878525406840545, 67.13619098458112
35.92898746789095, 67.1269803068814
35.97944952894136, 67.11776962918168
36.02991158999177, 67.10855895148197
36.08037365104217, 67.09934827378224
36.13083571209258, 67.09013759608251
36.181297773142994, 67.0809269183828
36.231759834193404, 67.07171624068307
36.28222189524381, 67.06250556298336
36.33268395629422, 67.05329488528363
36.38314601734463, 67.04408420758392
36.43360807839504, 67.0348735298842
36.48407013944544, 67.02566285218448
36.53453220049585, 67.01645217448475
36.584994261546264, 67.00724149678504
36.635456322596674, 66.99803081908532
36.68591838364708, 66.98882014138559
36.73638044469749, 66.97960946368588
36.7868425057479, 66.97039878598615
36.83730456679831, 66.96118810828644
36.88776662784871, 66.95197743058671
36.93822868889912, 66.942766752887
36.988690749949534, 66.93355607518727
37.03915281099994, 66.92434539748756
37.08961487205035, 66.91513471978783
37.14007693310076, 66.90592404208812
37.19053899415117, 66.89671336438839
37.24100105520157, 66.88750268668866
37.29146311625198, 66.87829200898895
37.34192517730239, 66.86908133128922
37.3923872383528, 66.85987065358951
37.44284929940321, 66.85065997588978
37.49331136045362, 66.84144929819007
37.54377342150403, 66.83223862049034
37.59423548255444, 66.82302794279062
37.64469754360484, 66.8138172650909
37.69515960465525, 66.80460658739118
37.74562166570566, 66.79539590969146
37.79608372675607, 66.78618523199174
37.84654578780648, 66.77697455429202
37.89700784885689, 66.7677638765923
37.9474699099073, 66.75855319889259
37.9979319709577, 66.74934252119286
38.04839403200811, 66.74013184349315
38.09885609305852, 66.73092116579342
38.14931815410893, 66.72171048809369
38.199780215159336, 66.71249981039398
38.25024227620975, 66.70328913269425
38.30070433726016, 66.69407845499454
38.35116639831057, 66.68486777729481
38.40162845936097, 66.6756570995951
38.45209052041138, 66.66644642189537
38.50255258146179, 66.65723574419566
38.5530146425122, 66.64802506649593
38.603476703562606, 66.63881438879622
38.65393876461302, 66.6296037110965
38.70440082566343, 66.62039303339677
38.75486288671384, 66.61118235569705
38.80532494776424, 66.60197167799733
38.85578700881465, 66.59276100029761
38.90624906986506, 66.58355032259789
38.956711130915465, 66.57433964489817
39.007173191965876, 66.56512896719845
39.05763525301629, 66.55591828949873
39.1080973140667, 66.54670761179901
39.1585593751171, 66.5374969340993
39.20902143616751, 66.52828625639957
39.25948349721792, 66.51907557869984
39.30994555826833, 66.50986490100013
39.360407619318735, 66.5006542233004
39.410869680369146, 66.49144354560069
39.461331741419556, 66.48223286790096
39.51179380246997, 66.47302219020125
39.56225586352037, 66.46381151250152
39.61271792457078, 66.45460083480181
39.66317998562119, 66.44539015710208
39.713642046671595, 66.43617947940237
39.764104107722005, 66.42696880170264
39.814566168772416, 66.41775812400292
39.865028229822826, 66.4085474463032
39.91549029087323, 66.39933676860348
39.96595235192364, 66.30004173498327
40.01641441297405, 66.17196315549488
40.06687647402446, 66.04388457600648
40.117338535074865, 65.9158059965181
40.167800596125275, 65.7877274170297
40.218262657175686, 65.65964883754131
40.268724718226096, 65.53157025805291
40.3191867792765, 65.40349167856454
40.36964884032691, 65.27541309907613
40.42011090137732, 65.14733451958774
40.47057296242773, 65.01925594009934
40.521035023478134, 64.89117736061097
40.571497084528545, 64.76309878112257
40.621959145578955, 64.63502020163418
40.67242120662936, 64.50694162214579
40.72288326767977, 64.3788630426574
40.77334532873018, 64.250784463169
40.82380738978059, 64.12270588368061
40.874269450830994, 63.99462730419223
40.924731511881404, 63.86654872470383
40.975193572931815, 63.73847014521544
41.025655633982225, 63.61039156572704
41.07611769503263, 63.48231298623866
41.12657975608304, 63.354234406750265
41.17704181713345, 63.22615582726187
41.22750387818386, 63.098077247773475
41.277965939234264, 62.96999866828509
41.328428000284674, 62.8419200887967
41.378890061335085, 62.7138415093083
41.429352122385495, 62.58576292981991
41.4798141834359, 62.457684350331526
41.53027624448631, 62.32960577084313
41.58073830553672, 62.201527191354735
41.63120036658712, 62.073448611866354
41.681662427637534, 61.94537003237796
41.732124488687944, 61.81729145288956
41.782586549738355, 61.68921287340117
41.83304861078876, 61.56113429391279
41.88351067183917, 61.43305571442439
41.93397273288958, 61.304977134935996
41.98443479393999, 61.1768985554476
42.03489685499039, 61.048819975959226
42.0853589160408, 60.92074139647083
42.135820977091214, 60.79266281698243
42.186283038141625, 60.66458423749403
42.23674509919203, 60.53650565800566
42.28720716024244, 60.40842707851726
42.33766922129285, 60.28034849902886
42.38813128234326, 60.152269919540466
42.43859334339366, 60.02419134005209
42.48905540444407, 59.896112760563696
42.539517465494484, 59.76803418107529
42.58997952654489, 59.63995560158692
42.6404415875953, 59.511877022098524
42.69090364864571, 59.38379844261013
42.74136570969612, 59.25571986312173
42.79182777074652, 59.12764128363335
42.84228983179693, 58.99956270414496
42.89275189284734, 58.87148412465656
42.943213953897754, 58.743405545168166
42.99367601494816, 58.615326965679785
43.04413807599857, 58.48724838619139
43.09460013704898, 58.359169806702994
43.14506219809939, 58.2310912272146
43.19552425914979, 58.10301264772622
43.2459863202002, 57.97493406823782
43.29644838125061, 57.846855488749426
43.346910442301024, 57.71877690926103
43.39737250335143, 57.59069832977265
43.44783456440184, 57.462619750284254
43.49829662545225, 57.33454117079586
43.54875868650265, 57.206462591307485
43.59922074755306, 57.07838401181908
43.64968280860347, 56.950305432330694
43.70014486965388, 56.82222685284229
43.750606930704286, 56.69414827335392
43.8010689917547, 56.566069693865515
43.85153105280511, 56.43799111437713
43.90199311385552, 56.309912534888724
43.95245517490592, 56.18183395540035
44.00291723595633, 56.053755375911955
44.05337929700674, 55.92567679642356
44.10384135805715, 55.79759821693516
44.154303419107556, 55.66951963744678
44.20476548015797, 55.54144105795839
44.25522754120838, 55.41336247846999
44.30568960225878, 55.28528389898161
44.35615166330919, 55.157205319493215
44.4066137243596, 55.02912674000482
44.45707578541001, 54.901048160516424
44.507537846460416, 54.77296958102804
44.557999907510826, 54.64489100153965
44.60846196856124, 54.51681242205125
44.65892402961165, 54.38873384256286
44.70938609066205, 54.260655263074476
44.75984815171246, 54.13257668358608
44.81031021276287, 54.004498104097685
44.86077227381328, 53.87641952460929
44.911234334863686, 53.748340945120916
44.961696395914096, 53.62026236563251
45.01215845696451, 53.49218378614412
45.06262051801492, 53.36410520665572
45.11308257906532, 53.23602662716735
45.16354464011573, 53.107948047678946
45.21400670116614, 52.97986946819055
45.264468762216545, 52.851790888702176
45.314930823266955, 52.72371230921378
45.365392884317366, 52.59563372972538
45.41585494536778, 52.46755515023699
45.46631700641818, 52.33947657074861
45.51677906746859, 52.21139799126021
45.567241128519, 52.08331941177181
45.61770318956941, 51.95524083228342
45.668165250619815, 51.82716225279504
45.718627311670225, 51.699083673306646
45.769089372720636, 51.57100509381825
45.819551433771046, 51.442926514329855
45.87001349482145, 51.314847934841474
45.92047555587186, 51.18676935535308
45.97093761692227, 51.05869077586468
46.02139967797268, 50.93061219637629
46.071861739023085, 50.80253361688791
46.122323800073495, 50.67445503739951
46.172785861123906, 50.546376457911116
46.22324792217431, 50.418297878422734
46.27370998322472, 50.29021929893434
46.32417204427513, 50.162140719445944
46.37463410532554, 50.03406213995755
46.425096166375944, 49.90598356046917
46.475558227426355, 49.77790498098078
46.526020288476765, 49.649826401492376
46.576482349527176, 49.52174782200398
46.62694441057758, 49.3936692425156
46.67740647162799, 49.26559066302721
46.7278685326784, 49.13751208353881
46.77833059372881, 49.00943350405041
46.828792654779214, 48.88135492456203
46.879254715829624, 48.753276345073644
46.929716776880035, 48.62519776558524
46.980178837930445, 48.49711918609685
47.03064089898085, 48.36904060660847
47.08110296003126, 48.24096202712008
47.13156502108167, 48.112883447631674
47.18202708213207, 47.9848048681433
47.232489143182484, 47.856726288654905
47.282951204232894, 47.72864770916651
47.333413265283305, 47.60056912967811
47.38387532633371, 47.47249055018973
47.43433738738412, 47.34441197070134
47.48479944843453, 47.21633339121294
47.53526150948494, 47.088254811724546
47.58572357053534, 46.960176232236165
47.636185631585754, 46.83209765274777
47.686647692636164, 46.704019073259374
47.737109753686575, 46.57594049377098
47.78757181473698, 46.4478619142826
47.83803387578739, 46.3197833347942
47.8884959368378, 46.19170475530581
47.93895799788821, 46.06362617581741
47.98942005893861, 45.93554759632903
48.039882119989024, 45.80746901684064
48.090344181039434, 45.67939043735224
48.14080624208984, 45.551311857863865
48.19126830314025, 45.42323327837546
48.24173036419066, 45.295154698887075
48.29219242524107, 45.16707611939867
48.34265448629147, 45.0389975399103
48.39311654734188, 44.910918960421895
48.44357860839229, 44.78284038093351
48.494040669442704, 44.654761801445105
48.54450273049311, 44.52668322195673
48.59496479154352, 44.39860464246833
48.64542685259393, 44.27052606297994
48.69588891364434, 44.14244748349154
48.74635097469474, 44.01436890400316
48.79681303574515, 43.88629032451477
48.84727509679556, 43.75821174502637
48.897737157845974, 43.63013316553797
48.94819921889638, 43.502054586049596
48.99866127994679, 43.3739760065612
49.0491233409972, 43.245897427072805
49.0995854020476, 43.117818847584424
49.15004746309801, 42.98974026809603
49.20050952414842, 42.86166168860763
49.25097158519883, 42.73358310911924
49.30143364624924, 42.60550452963086
49.35189570729965, 42.47742595014246
49.40235776835006, 42.349347370654066
49.45281982940047, 42.22126879116567
49.50328189045087, 42.093190211677296
49.55374395150128, 41.96511163218889
49.60420601255169, 41.8370330527005
49.6546680736021, 41.7089544732121
49.70513013465251, 41.58087589372373
49.75559219570292, 41.452797314235326
49.80605425675333, 41.32471873474694
49.85651631780373, 41.19664015525855
49.90697837885414, 41.06856157577016
49.95744043990455, 40.94048299628176
50.00790250095496, 40.81240441679337
50.058364562005366, 40.68432583730499
50.108826623055776, 40.556247257816594
50.15928868410619, 40.42816867832819
50.2097507451566, 40.3000900988398
50.260212806207, 40.17201151935142
50.31067486725741, 40.043932939863026
50.36113692830782, 39.915854360374624
50.41159898935823, 39.787775780886236
