Parameters: [47.04046960908145, 22.090862662001886, 13.177706268744627, 35.19485783411497, 3.983283156020233, 0.020286575638778004, -2.7729376678045576]
Points:
0.0, 22.090862662001886
0.0470875571662477, 22.27842573532034
0.0941751143324954, 22.465988808638794
0.1412626714987431, 22.65355188195725
0.1883502286649908, 22.841114955275703
0.23543778583123848, 23.028678028594157
0.2825253429974862, 23.216241101912612
0.3296129001637339, 23.403804175231066
0.3767004573299816, 23.59136724854952
0.42378801449622927, 23.778930321867975
0.47087557166247695, 23.96649339518643
0.5179631288287246, 24.154056468504884
0.5650506859949724, 24.341619541823338
0.6121382431612201, 24.529182615141792
0.6592258003274678, 24.716745688460247
0.7063133574937155, 24.9043087617787
0.7534009146599632, 25.091871835097155
0.8004884718262109, 25.27943490841561
0.8475760289924585, 25.466997981734064
0.8946635861587062, 25.65456105505252
0.9417511433249539, 25.84212412837097
0.9888387004912017, 26.029687201689427
1.0359262576574493, 26.217250275007878
1.083013814823697, 26.404813348326336
1.1301013719899449, 26.592376421644786
1.1771889291561926, 26.779939494963244
1.2242764863224402, 26.967502568281695
1.271364043488688, 27.155065641600153
1.3184516006549356, 27.342628714918604
1.3655391578211833, 27.53019178823706
1.412626714987431, 27.717754861555512
1.4597142721536787, 27.905317934873967
1.5068018293199263, 28.09288100819242
1.553889386486174, 28.280444081510876
1.6009769436524217, 28.46800715482933
1.6480645008186694, 28.655570228147784
1.695152057984917, 28.84313330146624
1.7422396151511648, 29.030696374784693
1.7893271723174125, 29.218259448103147
1.8364147294836601, 29.4058225214216
1.8835022866499078, 29.593385594740056
1.9305898438161557, 29.78094866805851
1.9776774009824034, 29.968511741376965
2.024764958148651, 30.15607481469542
2.0718525153148986, 30.343637888013873
2.1189400724811462, 30.531200961332328
2.166027629647394, 30.718764034650782
2.2131151868136416, 30.906327107969233
2.2602027439798897, 31.09389018128769
2.3072903011461374, 31.281453254606145
2.354377858312385, 31.4690163279246
2.401465415478633, 31.656579401243054
2.4485529726448805, 31.844142474561508
2.495640529811128, 32.031705547879966
2.542728086977376, 32.21926862119842
2.5898156441436235, 32.40683169451687
2.636903201309871, 32.594394767835325
2.683990758476119, 32.78195784115378
2.7310783156423666, 32.969520914472234
2.7781658728086143, 33.157083987790685
2.825253429974862, 33.34464706110914
2.8723409871411096, 33.532210134427594
2.9194285443073573, 33.71977320774605
2.966516101473605, 33.9073362810645
3.0136036586398527, 34.09489935438296
3.0606912158061004, 34.28246242770141
3.107778772972348, 34.47002550101987
3.1548663301385957, 34.65758857433832
3.2019538873048434, 34.84515164765678
3.249041444471091, 35.03271472097523
3.296129001637339, 35.220277794293686
3.3432165588035865, 35.40784086761214
3.390304115969834, 35.595403940930595
3.437391673136082, 35.782967014249046
3.4844792303023295, 35.9705300875675
3.531566787468577, 36.158093160885954
3.578654344634825, 36.34565623420441
3.6257419018010726, 36.53321930752286
3.6728294589673203, 36.720782380841314
3.719917016133568, 36.90834545415977
3.7670045732998156, 37.09590852747823
3.8140921304660638, 37.28347160079668
3.8611796876323115, 37.47103467411514
3.908267244798559, 37.65859774743359
3.955354801964807, 37.84616082075205
4.002442359131054, 38.0337238940705
4.049529916297302, 38.22128696738895
4.096617473463549, 38.40885004070741
4.143705030629797, 38.596413114025864
4.190792587796045, 38.783976187344315
4.2378801449622925, 38.971539260662766
4.28496770212854, 39.159102333981224
4.332055259294788, 39.34666540729968
4.3791428164610355, 39.534228480618125
4.426230373627283, 39.72179155393658
4.473317930793531, 39.90935462725504
4.5204054879597795, 40.0969177005735
4.567493045126027, 40.28448077389195
4.614580602292275, 40.4720438472104
4.6616681594585225, 40.65960692052886
4.70875571662477, 40.84716999384732
4.755843273791018, 41.03473306716577
4.802930830957266, 41.22229614048422
4.850018388123513, 41.409859213802676
4.897105945289761, 41.597422287121134
4.944193502456009, 41.784985360439585
4.991281059622256, 41.972548433758035
5.038368616788504, 42.16011150707649
5.085456173954752, 42.34767458039495
5.132543731120999, 42.5352376537134
5.179631288287247, 42.72280072703185
5.226718845453495, 42.91036380035031
5.273806402619742, 43.09792687366877
5.32089395978599, 43.28548994698722
5.367981516952238, 43.47305302030567
5.4150690741184855, 43.66061609362413
5.462156631284733, 43.848179166942586
5.509244188450981, 44.03574224026104
5.5563317456172285, 44.22330531357949
5.603419302783476, 44.410868386897945
5.650506859949724, 44.598431460216396
5.697594417115972, 44.78599453353485
5.744681974282219, 44.973557606853305
5.791769531448467, 45.16112068017176
5.838857088614715, 45.348683753490214
5.885944645780962, 45.536246826808664
5.93303220294721, 45.72380990012712
5.980119760113458, 45.91137297344558
6.027207317279705, 46.09893604676403
6.074294874445953, 46.28649912008248
6.121382431612201, 46.47406219340094
6.168469988778448, 46.6616252667194
6.215557545944696, 46.84918834003785
6.262645103110944, 47.0367514133563
6.3097326602771915, 47.22431448667476
6.356820217443439, 47.411877559993215
6.403907774609687, 47.599440633311666
6.4509953317759345, 47.78700370663012
6.498082888942182, 47.974566779948574
6.54517044610843, 48.16212985326703
6.592258003274678, 48.34969292658548
6.639345560440925, 48.537255999903934
6.686433117607173, 48.72481907322239
6.733520674773421, 48.91238214654085
6.780608231939668, 49.0999452198593
6.827695789105916, 49.28750829317775
6.874783346272164, 49.47507136649621
6.921870903438411, 49.66263443981466
6.968958460604659, 49.85019751313311
7.016046017770907, 50.03776058645157
7.063133574937154, 50.22532365977003
7.110221132103402, 50.41288673308848
7.15730868926965, 50.60044980640693
7.2043962464358975, 50.788012879725386
7.251483803602145, 50.975575953043844
7.298571360768393, 51.163139026362295
7.3456589179346405, 51.350702099680746
7.392746475100888, 51.5382651729992
7.439834032267136, 51.72582824631766
7.486921589433384, 51.91339131963611
7.534009146599631, 52.10095439295456
7.58109670376588, 52.28851746627302
7.6281842609321275, 52.47608053959148
7.675271818098375, 52.66364361290994
7.722359375264623, 52.85120668622839
7.769446932430871, 53.03876975954684
7.816534489597118, 53.226332832865296
7.863622046763366, 53.413895906183754
7.910709603929614, 53.601458979502205
7.957797161095861, 53.789022052820656
8.004884718262108, 53.97658512613911
8.051972275428357, 54.16414819945757
8.099059832594603, 54.351711272776015
8.146147389760852, 54.53927434609447
8.193234946927099, 54.72683741941293
8.240322504093347, 54.91440049273139
8.287410061259594, 55.10196356604983
8.334497618425843, 55.28952663936829
8.38158517559209, 55.47708971268675
8.428672732758338, 55.664652786005206
8.475760289924585, 55.85221585932365
8.522847847090834, 56.03977893264211
8.56993540425708, 56.227342005960566
8.617022961423329, 56.41490507927902
8.664110518589576, 56.60246815259747
8.711198075755824, 56.790031225915925
8.758285632922071, 56.97759429923437
8.80537319008832, 57.16515737255283
8.852460747254566, 57.352720445871284
8.899548304420815, 57.54028351918974
8.946635861587062, 57.727846592508186
8.99372341875331, 57.915409665826644
9.040810975919559, 58.1029727391451
9.087898533085806, 58.29053581246356
9.134986090252054, 58.47809888578202
9.182073647418301, 58.66566195910046
9.22916120458455, 58.85322503241892
9.276248761750796, 59.04078810573738
9.323336318917045, 59.228351179055835
9.370423876083292, 59.41591425237428
9.41751143324954, 59.60347732569274
9.464598990415787, 59.791040399011194
9.511686547582036, 59.97860347232965
9.558774104748283, 60.166166545648096
9.605861661914531, 60.353729618966554
9.652949219080778, 60.54129269228501
9.700036776247027, 60.72885576560347
9.747124333413273, 60.91641883892191
9.794211890579522, 61.10398191224037
9.841299447745769, 61.29154498555883
9.888387004912017, 61.47910805887729
9.935474562078264, 61.66667113219573
9.982562119244513, 61.85423420551419
10.02964967641076, 62.04179727883265
10.076737233577008, 62.229360352151105
10.123824790743255, 62.41692342546955
10.170912347909503, 62.604486498788006
10.21799990507575, 62.792049572106464
10.265087462241999, 62.97961264542492
10.312175019408246, 63.167175718743366
10.359262576574494, 63.35473879206182
10.406350133740741, 63.54230186538028
10.45343769090699, 63.72986493869874
10.500525248073236, 63.91742801201718
10.547612805239485, 64.10499108533564
10.594700362405732, 64.2925541586541
10.64178791957198, 64.48011723197256
10.688875476738227, 64.667680305291
10.735963033904476, 64.85524337860946
10.783050591070722, 65.04280645192792
10.830138148236971, 65.23036952524637
10.877225705403218, 65.41793259856482
10.924313262569466, 65.60549567188328
10.971400819735713, 65.79305874520173
11.018488376901962, 65.98062181852019
11.065575934068208, 66.16818489183864
11.112663491234457, 66.3557479651571
11.159751048400704, 66.54331103847555
11.206838605566952, 66.73087411179401
11.2539261627332, 66.91843718511245
11.301013719899448, 67.10600025843091
11.348101277065695, 67.29356333174935
11.395188834231943, 67.48112640506781
11.44227639139819, 67.66868947838627
11.489363948564439, 67.85625255170473
11.536451505730685, 68.04381562502317
11.583539062896934, 68.23137869834163
11.63062662006318, 68.41894177166009
11.67771417722943, 68.60650484497855
11.724801734395676, 68.79406791829699
11.771889291561925, 68.98163099161545
11.818976848728171, 69.1691940649339
11.86606440589442, 69.35675713825236
11.913151963060667, 69.5443202115708
11.960239520226915, 69.73188328488926
12.007327077393162, 69.91944635820772
12.05441463455941, 70.10700943152618
12.10150219172566, 70.29457250484464
12.148589748891906, 70.48213557816308
12.195677306058155, 70.66969865148154
12.242764863224401, 70.8572617248
12.28985242039065, 71.04482479811846
12.336939977556897, 71.2323878714369
12.384027534723145, 71.41995094475536
12.431115091889392, 71.60751401807381
12.47820264905564, 71.79507709139227
12.525290206221888, 71.98264016471072
12.572377763388136, 72.17020323802917
12.619465320554383, 72.35776631134763
12.666552877720632, 72.54532938466609
12.713640434886878, 72.73289245798453
12.760727992053127, 72.92045553130299
12.807815549219374, 73.10801860462145
12.854903106385622, 73.29558167793991
12.901990663551869, 73.48314475125835
12.949078220718118, 73.67070782457681
12.996165777884364, 73.85827089789527
13.043253335050613, 74.04583397121372
13.09034089221686, 74.23339704453217
13.137428449383108, 74.42096011785063
13.184516006549355, 74.58153622353564
13.231603563715604, 74.58249146882574
13.27869112088185, 74.58344671411584
13.3257786780481, 74.58440195940594
13.372866235214346, 74.58535720469604
13.419953792380594, 74.58631244998614
13.467041349546841, 74.58726769527622
13.51412890671309, 74.58822294056633
13.561216463879337, 74.58917818585643
13.608304021045585, 74.59013343114653
13.655391578211832, 74.59108867643663
13.70247913537808, 74.59204392172673
13.749566692544327, 74.59299916701683
13.796654249710576, 74.59395441230691
13.843741806876823, 74.59490965759701
13.890829364043071, 74.59586490288712
13.937916921209318, 74.59682014817722
13.985004478375567, 74.59777539346732
14.032092035541814, 74.59873063875742
14.079179592708062, 74.5996858840475
14.126267149874309, 74.6006411293376
14.173354707040557, 74.6015963746277
14.220442264206804, 74.6025516199178
14.267529821373053, 74.6035068652079
14.3146173785393, 74.604462110498
14.361704935705548, 74.6054173557881
14.408792492871795, 74.60637260107819
14.455880050038044, 74.60732784636829
14.50296760720429, 74.6082830916584
14.550055164370539, 74.6092383369485
14.597142721536786, 74.6101935822386
14.644230278703034, 74.6111488275287
14.691317835869281, 74.6121040728188
14.73840539303553, 74.61305931810888
14.785492950201776, 74.61401456339898
14.832580507368025, 74.61496980868908
14.879668064534272, 74.61592505397918
14.92675562170052, 74.61688029926928
14.973843178866767, 74.61783554455938
15.020930736033016, 74.61879078984948
15.068018293199263, 74.61974603513957
15.115105850365511, 74.62070128042967
15.16219340753176, 74.62165652571977
15.209280964698006, 74.62261177100987
15.256368521864255, 74.62356701629997
15.303456079030502, 74.62452226159007
15.35054363619675, 74.62547750688016
15.397631193362997, 74.62643275217026
15.444718750529246, 74.62738799746036
15.491806307695493, 74.62834324275046
15.538893864861741, 74.62929848804056
15.585981422027988, 74.63025373333066
15.633068979194237, 74.63120897862076
15.680156536360483, 74.63216422391085
15.727244093526732, 74.63311946920095
15.774331650692979, 74.63407471449105
15.821419207859227, 74.63502995978115
15.868506765025474, 74.63598520507125
15.915594322191723, 74.63694045036135
15.96268187935797, 74.63789569565145
16.009769436524216, 74.63885094094154
16.056856993690467, 74.63980618623164
16.103944550856713, 74.64076143152174
16.15103210802296, 74.64171667681184
16.198119665189207, 74.64267192210194
16.245207222355457, 74.64362716739204
16.292294779521704, 74.64458241268213
16.33938233668795, 74.64553765797223
16.386469893854198, 74.64649290326233
16.433557451020448, 74.64744814855243
16.480645008186695, 74.64840339384253
16.52773256535294, 74.64935863913263
16.57482012251919, 74.65031388442273
16.62190767968544, 74.65126912971282
16.668995236851686, 74.65222437500292
16.716082794017932, 74.65317962029302
16.76317035118418, 74.65413486558312
16.81025790835043, 74.65509011087322
16.857345465516676, 74.65604535616332
16.904433022682923, 74.65700060145342
16.95152057984917, 74.6579558467435
16.99860813701542, 74.6589110920336
17.045695694181667, 74.6598663373237
17.092783251347914, 74.6608215826138
17.13987080851416, 74.6617768279039
17.18695836568041, 74.66273207319401
17.234045922846658, 74.6636873184841
17.281133480012905, 74.6646425637742
17.32822103717915, 74.6655978090643
17.3753085943454, 74.6665530543544
17.42239615151165, 74.6675082996445
17.469483708677895, 74.6684635449346
17.516571265844142, 74.6694187902247
17.563658823010392, 74.67037403551478
17.61074638017664, 74.67132928080488
17.657833937342886, 74.67228452609498
17.704921494509133, 74.67323977138508
17.752009051675383, 74.67419501667518
17.79909660884163, 74.67515026196529
17.846184166007877, 74.67610550725539
17.893271723174124, 74.67706075254547
17.940359280340374, 74.67801599783557
17.98744683750662, 74.67897124312567
18.034534394672868, 74.67992648841577
18.081621951839118, 74.68088173370587
18.128709509005365, 74.68183697899597
18.17579706617161, 74.68279222428606
18.22288462333786, 74.68374746957616
18.26997218050411, 74.68470271486626
18.317059737670355, 74.68565796015636
18.364147294836602, 74.68661320544646
18.41123485200285, 74.68756845073656
18.4583224091691, 74.68852369602666
18.505409966335346, 74.68947894131675
18.552497523501593, 74.69043418660685
18.59958508066784, 74.69138943189695
18.64667263783409, 74.69234467718705
18.693760195000337, 74.69329992247715
18.740847752166584, 74.69425516776725
18.78793530933283, 74.69521041305735
18.83502286649908, 74.69616565834744
18.882110423665328, 74.69712090363754
18.929197980831574, 74.69807614892764
18.97628553799782, 74.69903139421774
19.02337309516407, 74.69998663950784
19.07046065233032, 74.70094188479794
19.117548209496565, 74.70189713008803
19.164635766662812, 74.70285237537813
19.211723323829062, 74.70380762066823
19.25881088099531, 74.70476286595833
19.305898438161556, 74.70571811124843
19.352985995327803, 74.70667335653853
19.400073552494053, 74.70762860182863
19.4471611096603, 74.70858384711872
19.494248666826547, 74.70953909240882
19.541336223992793, 74.71049433769892
19.588423781159044, 74.71144958298902
19.63551133832529, 74.71240482827912
19.682598895491537, 74.71336007356922
19.729686452657784, 74.71431531885932
19.776774009824035, 74.7152705641494
19.82386156699028, 74.7162258094395
19.870949124156528, 74.71718105472961
19.918036681322775, 74.71813630001971
19.965124238489025, 74.71909154530981
20.012211795655272, 74.72004679059991
20.05929935282152, 74.72100203589001
20.106386909987766, 74.7219572811801
20.153474467154016, 74.7229125264702
20.200562024320263, 74.7238677717603
20.24764958148651, 74.7248230170504
20.294737138652756, 74.7257782623405
20.341824695819007, 74.7267335076306
20.388912252985254, 74.72768875292068
20.4359998101515, 74.72864399821079
20.483087367317747, 74.72959924350089
20.530174924483998, 74.73055448879099
20.577262481650244, 74.73150973408109
20.62435003881649, 74.73246497937119
20.671437595982738, 74.73342022466129
20.71852515314899, 74.73437546995137
20.765612710315235, 74.73533071524147
20.812700267481482, 74.73628596053157
20.85978782464773, 74.73724120582168
20.90687538181398, 74.73819645111178
20.953962938980226, 74.73915169640188
21.001050496146473, 74.74010694169198
21.04813805331272, 74.74106218698206
21.09522561047897, 74.74201743227216
21.142313167645217, 74.74297267756226
21.189400724811463, 74.74392792285236
21.236488281977714, 74.74488316814247
21.28357583914396, 74.74583841343257
21.330663396310207, 74.74679365872265
21.377750953476454, 74.74774890401275
21.424838510642704, 74.74870414930285
21.47192606780895, 74.74965939459295
21.519013624975198, 74.75061463988305
21.566101182141445, 74.75156988517315
21.613188739307695, 74.75252513046325
21.660276296473942, 74.75348037575334
21.70736385364019, 74.75443562104344
21.754451410806436, 74.75539086633354
21.801538967972686, 74.75634611162364
21.848626525138933, 74.75730135691374
21.89571408230518, 74.75825660220384
21.942801639471426, 74.75921184749394
21.989889196637677, 74.76016709278403
22.036976753803923, 74.76112233807413
22.08406431097017, 74.76207758336423
22.131151868136417, 74.76303282865433
22.178239425302667, 74.76398807394443
22.225326982468914, 74.76494331923453
22.27241453963516, 74.76589856452462
22.319502096801408, 74.76685380981472
22.366589653967658, 74.76780905510482
22.413677211133905, 74.76876430039492
22.46076476830015, 74.76971954568502
22.5078523254664, 74.77067479097512
22.55493988263265, 74.77163003626522
22.602027439798896, 74.77258528155531
22.649114996965142, 74.77354052684541
22.69620255413139, 74.77449577213551
22.74329011129764, 74.77545101742561
22.790377668463886, 74.77640626271571
22.837465225630133, 74.77736150800581
22.88455278279638, 74.77831675329591
22.93164033996263, 74.779271998586
22.978727897128877, 74.7802272438761
23.025815454295124, 74.7811824891662
23.07290301146137, 74.7821377344563
23.11999056862762, 74.7830929797464
23.167078125793868, 74.7840482250365
23.214165682960115, 74.78500347032659
23.26125324012636, 74.78595871561669
23.30834079729261, 74.78691396090679
23.35542835445886, 74.78786920619689
23.402515911625105, 74.78882445148699
23.449603468791352, 74.78977969677709
23.496691025957603, 74.79073494206719
23.54377858312385, 74.79169018735728
23.590866140290096, 74.79264543264738
23.637953697456343, 74.79360067793748
23.685041254622593, 74.79455592322758
23.73212881178884, 74.79551116851768
23.779216368955087, 74.79646641380778
23.826303926121334, 74.79742165909788
23.873391483287584, 74.79837690438796
23.92047904045383, 74.79933214967807
23.967566597620078, 74.80028739496817
24.014654154786324, 74.80124264025827
24.061741711952575, 74.80219788554837
24.10882926911882, 74.80315313083847
24.15591682628507, 74.80410837612855
24.20300438345132, 74.80506362141865
24.250091940617565, 74.80601886670875
24.297179497783812, 74.80697411199885
24.34426705495006, 74.80792935728896
24.39135461211631, 74.80888460257906
24.438442169282556, 74.80983984786916
24.485529726448803, 74.81079509315924
24.53261728361505, 74.81175033844934
24.5797048407813, 74.81270558373944
24.626792397947547, 74.81366082902954
24.673879955113794, 74.81461607431964
24.72096751228004, 74.81557131960975
24.76805506944629, 74.81652656489985
24.815142626612538, 74.81748181018993
24.862230183778784, 74.81843705548003
24.90931774094503, 74.81939230077013
24.95640529811128, 74.82034754606023
25.00349285527753, 74.82130279135033
25.050580412443775, 74.82225803664043
25.097667969610022, 74.82321328193052
25.144755526776272, 74.82416852722062
25.19184308394252, 74.82512377251072
25.238930641108766, 74.82607901780082
25.286018198275013, 74.82703426309092
25.333105755441263, 74.82798950838102
25.38019331260751, 74.82894475367112
25.427280869773757, 74.82989999896121
25.474368426940003, 74.83085524425131
25.521455984106254, 74.83181048954141
25.5685435412725, 74.83276573483151
25.615631098438747, 74.83372098012161
25.662718655604994, 74.83467622541171
25.709806212771245, 74.83563147070181
25.75689376993749, 74.8365867159919
25.803981327103738, 74.837541961282
25.851068884269985, 74.8384972065721
25.898156441436235, 74.8394524518622
25.945243998602482, 74.8404076971523
25.99233155576873, 74.8413629424424
26.039419112934976, 74.8423181877325
26.086506670101226, 74.84327343302259
26.133594227267473, 74.84422867831269
26.18068178443372, 74.84518392360279
26.227769341599966, 74.84613916889289
26.274856898766217, 74.84709441418299
26.321944455932464, 74.84804965947309
26.36903201309871, 74.84900490476318
26.416119570264957, 74.84996015005328
26.463207127431208, 74.85091539534338
26.510294684597454, 74.85187064063348
26.5573822417637, 74.85282588592358
26.604469798929948, 74.85378113121368
26.6515573560962, 74.85473637650378
26.698644913262445, 74.85569162179387
26.745732470428692, 74.85664686708397
26.79282002759494, 74.85760211237407
26.83990758476119, 74.85855735766417
26.886995141927436, 74.85951260295427
26.934082699093683, 74.86046784824437
26.98117025625993, 74.86142309353447
27.02825781342618, 74.86237833882456
27.075345370592427, 74.86333358411466
27.122432927758673, 74.86428882940476
27.169520484924924, 74.86524407469486
27.21660804209117, 74.86619931998496
27.263695599257417, 74.86715456527506
27.310783156423664, 74.86810981056514
27.357870713589914, 74.86906505585524
27.40495827075616, 74.87002030114535
27.452045827922408, 74.87097554643545
27.499133385088655, 74.87193079172555
27.546220942254905, 74.87288603701565
27.593308499421152, 74.87384128230575
27.6403960565874, 74.87479652759583
27.687483613753646, 74.87575177288593
27.734571170919896, 74.87670701817603
27.781658728086143, 74.87766226346614
27.82874628525239, 74.87861750875624
27.875833842418636, 74.87957275404634
27.922921399584887, 74.88052799933644
27.970008956751133, 74.88148324462652
28.01709651391738, 74.88243848991662
28.064184071083627, 74.88339373520672
28.111271628249877, 74.88434898049682
28.158359185416124, 74.88530422578692
28.20544674258237, 74.88625947107703
28.252534299748618, 74.88721471636711
28.299621856914868, 74.88816996165721
28.346709414081115, 74.88912520694731
28.39379697124736, 74.89008045223741
28.44088452841361, 74.89103569752751
28.48797208557986, 74.89199094281761
28.535059642746106, 74.89294618810771
28.582147199912352, 74.8939014333978
28.6292347570786, 74.8948566786879
28.67632231424485, 74.895811923978
28.723409871411096, 74.8967671692681
28.770497428577343, 74.8977224145582
28.81758498574359, 74.8986776598483
28.86467254290984, 74.8996329051384
28.911760100076087, 74.90058815042849
28.958847657242334, 74.90154339571859
29.00593521440858, 74.90249864100869
29.05302277157483, 74.90345388629879
29.100110328741078, 74.90440913158889
29.147197885907325, 74.90536437687899
29.19428544307357, 74.90631962216908
29.241373000239822, 74.90727486745918
29.28846055740607, 74.90823011274928
29.335548114572315, 74.90918535803938
29.382635671738562, 74.91014060332948
29.429723228904813, 74.91109584861958
29.47681078607106, 74.91205109390968
29.523898343237306, 74.91300633919977
29.570985900403553, 74.91396158448987
29.618073457569803, 74.91491682977997
29.66516101473605, 74.91587207507007
29.712248571902297, 74.91682732036017
29.759336129068544, 74.91778256565027
29.806423686234794, 74.91873781094037
29.85351124340104, 74.91969305623046
29.900598800567288, 74.92064830152056
29.947686357733534, 74.92160354681066
29.994773914899785, 74.92255879210076
30.04186147206603, 74.92351403739086
30.08894902923228, 74.92446928268096
30.136036586398525, 74.92542452797105
30.183124143564775, 74.92637977326115
30.230211700731022, 74.92733501855125
30.27729925789727, 74.92829026384135
30.32438681506352, 74.92924550913145
30.371474372229766, 74.93020075442155
30.418561929396013, 74.93115599971165
30.46564948656226, 74.93211124500174
30.51273704372851, 74.93306649029184
30.559824600894757, 74.93402173558194
30.606912158061004, 74.93497698087204
30.65399971522725, 74.93593222616214
30.7010872723935, 74.93688747145224
30.748174829559748, 74.93784271674234
30.795262386725994, 74.93879796203242
30.84234994389224, 74.93975320732252
30.88943750105849, 74.94070845261263
30.93652505822474, 74.94166369790273
30.983612615390985, 74.94261894319283
31.030700172557232, 74.94357418848293
31.077787729723482, 74.94452943377303
31.12487528688973, 74.94548467906311
31.171962844055976, 74.94643992435321
31.219050401222223, 74.94739516964331
31.266137958388473, 74.94835041493342
31.31322551555472, 74.94930566022352
31.360313072720967, 74.95026090551362
31.407400629887213, 74.9512161508037
31.454488187053464, 74.9521713960938
31.50157574421971, 74.9531266413839
31.548663301385957, 74.954081886674
31.595750858552204, 74.9550371319641
31.642838415718455, 74.9559923772542
31.6899259728847, 74.9569476225443
31.737013530050948, 74.95790286783439
31.784101087217195, 74.95885811312449
31.831188644383445, 74.95981335841459
31.878276201549692, 74.9607686037047
31.92536375871594, 74.9617238489948
31.972451315882186, 74.9626790942849
32.01953887304843, 74.963634339575
32.06662643021468, 74.96458958486508
32.11371398738093, 74.96554483015518
32.160801544547176, 74.96650007544528
32.20788910171343, 74.96745532073538
32.25497665887967, 74.96841056602548
32.30206421604592, 74.96936581131558
32.34915177321217, 74.97032105660567
32.396239330378414, 74.97127630189577
32.443326887544664, 74.97223154718587
32.490414444710915, 74.97318679247597
32.53750200187716, 74.97414203776607
32.58458955904341, 74.97509728305617
32.63167711620965, 74.97605252834627
32.6787646733759, 74.97700777363636
32.72585223054215, 74.97796301892646
32.772939787708395, 74.97891826421656
32.820027344874646, 74.97987350950666
32.867114902040896, 74.98082875479676
32.91420245920714, 74.98178400008686
32.96129001637339, 74.98273924537696
33.00837757353963, 74.98369449066705
33.05546513070588, 74.98464973595715
33.102552687872134, 74.98560498124725
33.14964024503838, 74.98656022653735
33.19672780220463, 74.98751547182745
33.24381535937088, 74.98847071711755
33.29090291653712, 74.98942596240764
33.33799047370337, 74.99038120769774
33.38507803086962, 74.99133645298784
33.432165588035865, 74.99229169827794
33.479253145202115, 74.99324694356804
33.52634070236836, 74.99420218885814
33.57342825953461, 74.99515743414824
33.62051581670086, 74.99611267943833
33.6676033738671, 74.99706792472843
33.71469093103335, 74.99802317001853
33.7617784881996, 74.99897841530863
33.808866045365846, 74.99993366059873
33.8559536025321, 75.00088890588883
33.90304115969834, 75.00184415117893
33.95012871686459, 75.00279939646902
33.99721627403084, 75.00375464175912
34.044303831197084, 75.00470988704922
34.091391388363334, 75.00566513233932
34.138478945529585, 75.00662037762942
34.18556650269583, 75.00757562291952
34.23265405986208, 75.0085308682096
34.27974161702832, 75.0094861134997
34.32682917419457, 75.0104413587898
34.37391673136082, 75.0113966040799
34.421004288527065, 75.01235184937
34.468091845693316, 75.0133070946601
34.515179402859566, 75.0142623399502
34.56226696002581, 75.0152175852403
34.60935451719206, 75.0161728305304
34.6564420743583, 75.0171280758205
34.70352963152455, 75.0180833211106
34.7506171886908, 75.0190385664007
34.79770474585705, 75.0199938116908
34.8447923030233, 75.0209490569809
34.89187986018955, 75.02190430227098
34.93896741735579, 75.02285954756108
34.98605497452204, 75.02381479285118
35.033142531688284, 75.02477003814128
35.080230088854535, 75.02572528343138
35.127317646020785, 75.02668052872149
35.17440520318703, 75.02763577401157
35.22149276035328, 74.9541936976105
35.26858031751953, 74.82362283665931
35.31566787468577, 74.69305197570813
35.36275543185202, 74.56248111475693
35.409842989018266, 74.43191025380577
35.456930546184516, 74.30133939285457
35.50401810335077, 74.17076853190338
35.55110566051701, 74.0401976709522
35.59819321768326, 73.909626810001
35.64528077484951, 73.7790559490498
35.692368332015754, 73.64848508809862
35.739455889182004, 73.51791422714743
35.78654344634825, 73.38734336619625
35.8336310035145, 73.25677250524505
35.88071856068075, 73.12620164429386
35.92780611784699, 72.99563078334269
35.97489367501324, 72.8650599223915
36.02198123217949, 72.73448906144029
36.069068789345735, 72.60391820048912
36.116156346511985, 72.47334733953792
36.163243903678236, 72.34277647858673
36.21033146084448, 72.21220561763555
36.25741901801073, 72.08163475668435
36.30450657517697, 71.95106389573317
36.35159413234322, 71.82049303478198
36.39868168950947, 71.68992217383078
36.44576924667572, 71.55935131287961
36.49285680384197, 71.42878045192842
36.53994436100822, 71.29820959097722
36.58703191817446, 71.16763873002604
36.63411947534071, 71.03706786907485
36.681207032506954, 70.90649700812367
36.728294589673204, 70.77592614717247
36.775382146839455, 70.64535528622127
36.8224697040057, 70.5147844252701
36.86955726117195, 70.3842135643189
36.9166448183382, 70.2536427033677
36.96373237550444, 70.12307184241654
37.01081993267069, 69.99250098146533
37.057907489836936, 69.86193012051416
37.104995047003186, 69.73135925956296
37.152082604169436, 69.60078839861177
37.19917016133568, 69.47021753766059
37.24625771850193, 69.33964667670939
37.29334527566818, 69.2090758157582
37.34043283283442, 69.07850495480702
37.387520390000674, 68.94793409385582
37.43460794716692, 68.81736323290465
37.48169550433317, 68.68679237195346
37.52878306149942, 68.55622151100226
37.57587061866566, 68.42565065005108
37.62295817583191, 68.29507978909989
37.67004573299816, 68.16450892814869
37.717133290164405, 68.03393806719751
37.764220847330655, 67.90336720624632
37.8113084044969, 67.77279634529513
37.85839596166315, 67.64222548434394
37.9054835188294, 67.51165462339274
37.95257107599564, 67.38108376244158
37.99965863316189, 67.25051290149038
38.04674619032814, 67.11994204053917
38.093833747494386, 66.989371179588
38.14092130466064, 66.85880031863681
38.18800886182688, 66.72822945768563
38.23509641899313, 66.59765859673443
38.28218397615938, 66.46708773578324
38.329271533325624, 66.33651687483206
38.376359090491874, 66.20594601388086
38.423446647658125, 66.07537515292967
38.47053420482437, 65.9448042919785
38.51762176199062, 65.8142334310273
38.56470931915686, 65.68366257007612
38.61179687632311, 65.55309170912493
38.65888443348936, 65.42252084817373
38.705971990655605, 65.29194998722255
38.753059547821856, 65.16137912627136
38.800147104988106, 65.03080826532016
38.84723466215435, 64.90023740436898
38.8943222193206, 64.76966654341778
38.94140977648684, 64.63909568246662
38.98849733365309, 64.50852482151541
39.035584890819344, 64.37795396056421
39.08267244798559, 64.24738309961305
39.12976000515184, 64.11681223866185
39.17684756231809, 63.986241377710655
39.22393511948433, 63.855670516759474
39.27102267665058, 63.72509965580828
39.31811023381683, 63.594528794857084
39.365197790983075, 63.4639579339059
39.412285348149325, 63.33338707295471
39.45937290531557, 63.20281621200353
39.50646046248182, 63.07224535105234
39.55354801964807, 62.94167449010114
39.60063557681431, 62.81110362914997
39.64772313398056, 62.68053276819877
39.69481069114681, 62.54996190724758
39.741898248313056, 62.4193910462964
39.78898580547931, 62.2888201853452
39.83607336264555, 62.15824932439403
39.8831609198118, 62.027678463442825
39.93024847697805, 61.89710760249163
39.977336034144294, 61.766536741540456
40.024423591310544, 61.63596588058926
40.071511148476795, 61.505395019638065
40.11859870564304, 61.37482415868689
40.16568626280929, 61.244253297735696
40.21277381997553, 61.113682436784515
40.25986137714178, 60.98311157583332
40.30694893430803, 60.852540714882124
40.354036491474275, 60.72196985393095
40.401124048640526, 60.59139899297975
40.448211605806776, 60.46082813202855
40.49529916297302, 60.33025727107738
40.54238672013927, 60.19968641012618
40.58947427730551, 60.06911554917501
40.63656183447176, 59.938544688223814
40.68364939163801, 59.80797382727262
40.73073694880426, 59.67740296632144
40.77782450597051, 59.54683210537024
40.82491206313676, 59.41626124441905
40.871999620303, 59.285690383467866
40.91908717746925, 59.15511952251667
40.966174734635494, 59.0245486615655
41.013262291801745, 58.8939778006143
41.060349848967995, 58.763406939663106
41.10743740613424, 58.63283607871193
41.15452496330049, 58.50226521776074
41.20161252046674, 58.37169435680954
41.24870007763298, 58.24112349585836
41.29578763479923, 58.110552634907165
41.342875191965476, 57.979981773955984
41.389962749131726, 57.84941091300479
41.43705030629798, 57.718840052053594
41.48413786346422, 57.58826919110242
41.53122542063047, 57.457698330151224
41.57831297779672, 57.32712746920003
41.625400534962964, 57.196556608248855
41.672488092129214, 57.06598574729766
41.71957564929546, 56.93541488634648
41.76666320646171, 56.80484402539528
41.81375076362796, 56.67427316444409
41.8608383207942, 56.54370230349291
41.90792587796045, 56.41313144254171
41.9550134351267, 56.282560581590516
42.002100992292945, 56.15198972063934
42.049188549459195, 56.02141885968815
42.09627610662544, 55.89084799873697
42.14336366379169, 55.76027713778578
42.19045122095794, 55.62970627683458
42.23753877812418, 55.4991354158834
42.28462633529043, 55.368564554932206
42.33171389245668, 55.23799369398101
42.37880144962293, 55.10742283302983
42.42588900678918, 54.976851972078634
42.47297656395543, 54.84628111112744
42.52006412112167, 54.715710250176265
42.56715167828792, 54.58513938922507
42.614239235454164, 54.454568528273896
42.661326792620414, 54.3239976673227
42.708414349786665, 54.193426806371505
42.75550190695291, 54.062855945420324
42.80258946411916, 53.93228508446913
42.84967702128541, 53.80171422351793
42.89676457845165, 53.67114336256675
42.9438521356179, 53.54057250161556
42.990939692784146, 53.41000164066438
43.038027249950396, 53.27943077971319
43.085114807116646, 53.14885991876199
43.13220236428289, 53.01828905781082
43.17928992144914, 52.88771819685962
43.22637747861539, 52.75714733590843
43.27346503578163, 52.62657647495725
43.320552592947884, 52.49600561400605
43.36764015011413, 52.36543475305487
43.41472770728038, 52.234863892103675
43.46181526444663, 52.10429303115248
43.50890282161287, 51.973722170201306
43.55599037877912, 51.84315130925011
43.60307793594537, 51.712580448298915
43.650165493111615, 51.58200958734774
43.697253050277865, 51.451438726396546
43.74434060744411, 51.320867865445365
43.79142816461036, 51.19029700449417
43.83851572177661, 51.059726143542974
43.88560327894285, 50.92915528259179
43.9326908361091, 50.7985844216406
43.97977839327535, 50.6680135606894
44.0268659504416, 50.53744269973823
44.07395350760785, 50.40687183878703
44.12104106477409, 50.27630097783586
44.16812862194034, 50.145730116884664
44.21521617910659, 50.01515925593347
44.262303736272834, 49.88458839498229
44.309391293439084, 49.75401753403109
44.356478850605335, 49.6234466730799
44.40356640777158, 49.492875812128716
44.45065396493783, 49.36230495117752
44.49774152210407, 49.23173409022635
44.54482907927032, 49.10116322927515
44.59191663643657, 48.970592368323956
44.639004193602815, 48.84002150737278
44.686091750769066, 48.70945064642159
44.733179307935316, 48.57887978547039
44.78026686510156, 48.44830892451921
44.82735442226781, 48.317738063568015
44.87444197943405, 48.187167202616834
44.9215295366003, 48.05659634166564
44.968617093766554, 47.92602548071444
45.0157046509328, 47.79545461976327
45.06279220809905, 47.664883758812074
45.1098797652653, 47.53431289786088
45.15696732243154, 47.403742036909705
45.20405487959779, 47.27317117595851
45.25114243676404, 47.142600315007314
45.298229993930285, 47.01202945405613
45.345317551096535, 46.88145859310494
45.39240510826278, 46.75088773215376
45.43949266542903, 46.62031687120256
45.48658022259528, 46.489746010251366
45.53366777976152, 46.35917514930019
45.58075533692777, 46.228604288349
45.62784289409402, 46.0980334273978
45.674930451260266, 45.96746256644663
45.72201800842652, 45.83689170549543
45.76910556559276, 45.70632084454425
45.81619312275901, 45.575749983593056
45.86328067992526, 45.44517912264186
45.910368237091504, 45.31460826169068
45.957455794257754, 45.184037400739484
46.004543351424005, 45.05346653978829
46.05163090859025, 44.922895678837115
46.0987184657565, 44.79232481788592
46.14580602292274, 44.661753956934746
46.19289358008899, 44.53118309598355
46.23998113725524, 44.400612235032355
46.287068694421485, 44.270041374081174
46.334156251587736, 44.13947051312998
46.381243808753986, 44.00889965217878
46.42833136592023, 43.8783287912276
46.47541892308648, 43.74775793027641
46.52250648025272, 43.61718706932523
46.56959403741897, 43.48661620837404
46.61668159458522, 43.35604534742284
46.66376915175147, 43.22547448647167
46.71085670891772, 43.09490362552047
46.75794426608397, 42.96433276456927
46.80503182325021, 42.8337619036181
46.85211938041646, 42.7031910426669
46.899206937582704, 42.57262018171573
46.946294494748955, 42.44204932076453
46.993382051915205, 42.31147845981333
47.04046960908145, 42.180907598862156
