Parameters: [52.439683878384756, 20.922902779048513, 10.473383401968608, 40.880255188105984, 4.051684913488644, 0.04205504083164896, -2.6505056894143606]
Points:
0.0, 20.922902779048513
0.0524921760544392, 21.135584536844476
0.1049843521088784, 21.348266294640435
0.1574765281633176, 21.560948052436398
0.2099687042177568, 21.773629810232357
0.262460880272196, 21.98631156802832
0.3149530563266352, 22.19899332582428
0.3674452323810744, 22.411675083620242
0.4199374084355136, 22.6243568414162
0.47242958448995276, 22.837038599212164
0.524921760544392, 23.049720357008123
0.5774139365988312, 23.262402114804086
0.6299061126532703, 23.475083872600045
0.6823982887077096, 23.687765630396008
0.7348904647621488, 23.90044738819197
0.7873826408165879, 24.11312914598793
0.8398748168710272, 24.325810903783893
0.8923669929254664, 24.538492661579852
0.9448591689799055, 24.751174419375815
0.9973513450343447, 24.963856177171774
1.049843521088784, 25.176537934967737
1.1023356971432232, 25.389219692763696
1.1548278731976624, 25.60190145055966
1.2073200492521015, 25.814583208355618
1.2598122253065407, 26.02726496615158
1.31230440136098, 26.23994672394754
1.3647965774154192, 26.452628481743503
1.4172887534698584, 26.665310239539465
1.4697809295242976, 26.877991997335425
1.5222731055787366, 27.090673755131384
1.5747652816331759, 27.303355512927347
1.627257457687615, 27.51603727072331
1.6797496337420543, 27.72871902851927
1.7322418097964936, 27.94140078631523
1.7847339858509328, 28.15408254411119
1.837226161905372, 28.366764301907153
1.889718337959811, 28.579446059703113
1.9422105140142503, 28.792127817499075
1.9947026900686895, 29.004809575295035
2.0471948661231285, 29.217491333090997
2.099687042177568, 29.43017309088696
2.152179218232007, 29.64285484868292
2.2046713942864464, 29.855536606478882
2.2571635703408854, 30.06821836427484
2.309655746395325, 30.280900122070804
2.362147922449764, 30.493581879866767
2.414640098504203, 30.706263637662722
2.4671322745586424, 30.918945395458685
2.5196244506130814, 31.131627153254648
2.572116626667521, 31.34430891105061
2.62460880272196, 31.55699066884657
2.6771009787763993, 31.769672426642533
2.7295931548308383, 31.982354184438492
2.7820853308852773, 32.195035942234455
2.8345775069397168, 32.40771770003042
2.887069682994156, 32.62039945782637
2.9395618590485952, 32.833081215622336
2.9920540351030342, 33.0457629734183
3.0445462111574733, 33.258444731214254
3.0970383872119127, 33.47112648901022
3.1495305632663517, 33.68380824680618
3.202022739320791, 33.89649000460214
3.25451491537523, 34.109171762398105
3.3070070914296696, 34.32185352019407
3.3594992674841087, 34.534535277990024
3.4119914435385477, 34.74721703578599
3.464483619592987, 34.95989879358195
3.516975795647426, 35.172580551377905
3.5694679717018656, 35.38526230917387
3.6219601477563046, 35.59794406696983
3.674452323810744, 35.81062582476579
3.726944499865183, 36.023307582561756
3.779436675919622, 36.23598934035771
3.8319288519740615, 36.448671098153675
3.8844210280285005, 36.66135285594964
3.93691320408294, 36.8740346137456
3.989405380137379, 37.086716371541556
4.0418975561918185, 37.29939812933752
4.094389732246257, 37.51207988713348
4.1468819083006965, 37.724761644929444
4.199374084355136, 37.93744340272541
4.251866260409575, 38.15012516052137
4.304358436464014, 38.362806918317325
4.356850612518453, 38.57548867611329
4.409342788572893, 38.78817043390925
4.461834964627331, 39.00085219170521
4.514327140681771, 39.21353394950117
4.56681931673621, 39.42621570729713
4.61931149279065, 39.638897465093095
4.671803668845088, 39.85157922288906
4.724295844899528, 40.06426098068502
4.776788020953967, 40.276942738480976
4.829280197008406, 40.48962449627693
4.881772373062845, 40.702306254072894
4.934264549117285, 40.91498801186886
4.986756725171724, 41.12766976966482
5.039248901226163, 41.34035152746078
5.091741077280602, 41.553033285256745
5.144233253335042, 41.76571504305271
5.19672542938948, 41.978396800848664
5.24921760544392, 42.19107855864463
5.301709781498359, 42.40376031644059
5.354201957552799, 42.61644207423655
5.406694133607237, 42.82912383203251
5.459186309661677, 43.04180558982847
5.511678485716116, 43.25448734762443
5.564170661770555, 43.467169105420396
5.616662837824994, 43.67985086321636
5.6691550138794335, 43.89253262101232
5.721647189933872, 44.10521437880827
5.774139365988312, 44.31789613660423
5.826631542042751, 44.530577894400196
5.8791237180971905, 44.74325965219616
5.931615894151629, 44.95594140999212
5.9841080702060685, 45.168623167788084
6.036600246260508, 45.38130492558405
6.0890924223149465, 45.59398668338
6.141584598369386, 45.806668441175965
6.194076774423825, 46.01935019897193
6.246568950478265, 46.23203195676789
6.2990611265327034, 46.44471371456385
6.351553302587143, 46.65739547235981
6.404045478641582, 46.87007723015577
6.456537654696021, 47.082758987951735
6.50902983075046, 47.2954407457477
6.5615220068049, 47.50812250354366
6.614014182859339, 47.72080426133962
6.666506358913778, 47.93348601913557
6.718998534968217, 48.146167776931534
6.771490711022657, 48.3588495347275
6.823982887077095, 48.57153129252346
6.876475063131535, 48.78421305031942
6.928967239185974, 48.996894808115385
6.981459415240414, 49.20957656591135
7.033951591294852, 49.422258323707304
7.086443767349292, 49.63494008150327
7.138935943403731, 49.84762183929923
7.19142811945817, 50.060303597095185
7.243920295512609, 50.27298535489115
7.296412471567049, 50.48566711268711
7.348904647621488, 50.69834887048307
7.401396823675927, 50.911030628279036
7.453888999730366, 51.123712386075
7.506381175784806, 51.33639414387096
7.558873351839244, 51.54907590166691
7.611365527893684, 51.76175765946287
7.663857703948123, 51.974439417258836
7.7163498800025625, 52.1871211750548
7.768842056057001, 52.39980293285076
7.8213342321114405, 52.612484690646724
7.87382640816588, 52.82516644844269
7.9263185842203185, 53.03784820623864
7.978810760274758, 53.250529964034605
8.031302936329197, 53.46321172183057
8.083795112383637, 53.67589347962653
8.136287288438076, 53.888575237422494
8.188779464492514, 54.10125699521845
8.241271640546953, 54.31393875301441
8.293763816601393, 54.526620510810375
8.346255992655832, 54.73930226860633
8.398748168710272, 54.95198402640229
8.451240344764711, 55.164665784198256
8.50373252081915, 55.37734754199422
8.556224696873588, 55.590029299790174
8.608716872928028, 55.80271105758614
8.661209048982467, 56.0153928153821
8.713701225036907, 56.22807457317806
8.766193401091346, 56.440756330974025
8.818685577145786, 56.65343808876999
8.871177753200225, 56.86611984656595
8.923669929254663, 57.0788016043619
8.976162105309102, 57.29148336215786
9.028654281363542, 57.504165119953825
9.081146457417981, 57.71684687774979
9.13363863347242, 57.92952863554575
9.18613080952686, 58.14221039334171
9.2386229855813, 58.354892151137676
9.291115161635737, 58.56757390893363
9.343607337690177, 58.780255666729595
9.396099513744616, 58.99293742452556
9.448591689799056, 59.20561918232152
9.501083865853495, 59.41830094011748
9.553576041907935, 59.63098269791344
9.606068217962374, 59.8436644557094
9.658560394016812, 60.05634621350536
9.711052570071251, 60.26902797130132
9.76354474612569, 60.48170972909728
9.81603692218013, 60.694391486893245
9.86852909823457, 60.90707324468921
9.921021274289009, 61.11975500248517
9.973513450343448, 61.332436760281134
10.026005626397886, 61.54511851807709
10.078497802452326, 61.75780027587305
10.130989978506765, 61.970482033669015
10.183482154561204, 62.18316379146497
10.235974330615644, 62.39584554926093
10.288466506670083, 62.608527307056896
10.340958682724523, 62.82120906485286
10.39345085877896, 63.033890822648814
10.4459430348334, 63.24657258044478
10.49843521088784, 63.358805856834095
10.550927386942279, 63.361013417441406
10.603419562996718, 63.363220978048716
10.655911739051158, 63.36542853865603
10.708403915105597, 63.36763609926334
10.760896091160035, 63.369843659870654
10.813388267214474, 63.372051220477964
10.865880443268914, 63.374258781085274
10.918372619323353, 63.37646634169259
10.970864795377793, 63.3786739022999
11.023356971432232, 63.38088146290721
11.075849147486672, 63.38308902351452
11.12834132354111, 63.38529658412183
11.180833499595549, 63.38750414472915
11.233325675649988, 63.38971170533646
11.285817851704428, 63.39191926594377
11.338310027758867, 63.39412682655108
11.390802203813307, 63.39633438715839
11.443294379867744, 63.3985419477657
11.495786555922184, 63.40074950837302
11.548278731976623, 63.40295706898033
11.600770908031063, 63.40516462958764
11.653263084085502, 63.40737219019495
11.705755260139941, 63.40957975080226
11.758247436194381, 63.411787311409576
11.810739612248819, 63.413994872016886
11.863231788303258, 63.416202432624196
11.915723964357698, 63.418409993231506
11.968216140412137, 63.42061755383882
12.020708316466576, 63.422825114446134
12.073200492521016, 63.425032675053444
12.125692668575455, 63.427240235660754
12.178184844629893, 63.429447796268065
12.230677020684332, 63.431655356875375
12.283169196738772, 63.43386291748269
12.335661372793211, 63.43607047809
12.38815354884765, 63.43827803869731
12.44064572490209, 63.44048559930462
12.49313790095653, 63.44269315991193
12.545630077010967, 63.44490072051924
12.598122253065407, 63.44710828112656
12.650614429119846, 63.44931584173387
12.703106605174286, 63.45152340234118
12.755598781228725, 63.45373096294849
12.808090957283165, 63.4559385235558
12.860583133337604, 63.45814608416312
12.913075309392042, 63.46035364477043
12.965567485446481, 63.46256120537774
13.01805966150092, 63.46476876598505
13.07055183755536, 63.46697632659236
13.1230440136098, 63.46918388719968
13.17553618966424, 63.47139144780699
13.228028365718679, 63.4735990084143
13.280520541773116, 63.47580656902161
13.333012717827556, 63.47801412962892
13.385504893881995, 63.48022169023623
13.437997069936435, 63.482429250843545
13.490489245990874, 63.484636811450855
13.542981422045314, 63.486844372058165
13.595473598099753, 63.489051932665475
13.64796577415419, 63.491259493272786
13.70045795020863, 63.4934670538801
13.75295012626307, 63.49567461448741
13.805442302317509, 63.49788217509472
13.857934478371948, 63.50008973570203
13.910426654426388, 63.502297296309344
13.962918830480827, 63.50450485691666
14.015411006535265, 63.50671241752397
14.067903182589705, 63.50891997813128
14.120395358644144, 63.51112753873859
14.172887534698583, 63.5133350993459
14.225379710753023, 63.51554265995322
14.277871886807462, 63.51775022056053
14.330364062861902, 63.51995778116784
14.38285623891634, 63.52216534177515
14.435348414970779, 63.52437290238246
14.487840591025218, 63.52658046298977
14.540332767079658, 63.52878802359709
14.592824943134097, 63.5309955842044
14.645317119188537, 63.53320314481171
14.697809295242976, 63.53541070541902
14.750301471297414, 63.53761826602633
14.802793647351853, 63.539825826633646
14.855285823406293, 63.542033387240956
14.907777999460732, 63.544240947848266
14.960270175515172, 63.546448508455576
15.012762351569611, 63.548656069062886
15.06525452762405, 63.550863629670204
15.117746703678488, 63.553071190277514
15.170238879732928, 63.555278750884824
15.222731055787367, 63.557486311492134
15.275223231841807, 63.559693872099444
15.327715407896246, 63.56190143270676
15.380207583950686, 63.56410899331407
15.432699760005125, 63.56631655392138
15.485191936059563, 63.56852411452869
15.537684112114002, 63.570731675136
15.590176288168442, 63.57293923574331
15.642668464222881, 63.57514679635063
15.69516064027732, 63.57735435695794
15.74765281633176, 63.57956191756525
15.800144992386198, 63.58176947817256
15.852637168440637, 63.58397703877987
15.905129344495077, 63.58618459938719
15.957621520549516, 63.5883921599945
16.010113696603955, 63.59059972060181
16.062605872658395, 63.59280728120912
16.115098048712834, 63.59501484181643
16.167590224767274, 63.597222402423746
16.220082400821713, 63.599429963031056
16.272574576876153, 63.60163752363837
16.325066752930592, 63.60384508424568
16.377558928985028, 63.60605264485299
16.430051105039468, 63.6082602054603
16.482543281093907, 63.610467766067615
16.535035457148346, 63.612675326674925
16.587527633202786, 63.614882887282235
16.640019809257225, 63.617090447889545
16.692511985311665, 63.619298008496855
16.745004161366104, 63.62150556910417
16.797496337420544, 63.62371312971148
16.849988513474983, 63.62592069031879
16.902480689529423, 63.6281282509261
16.954972865583862, 63.63033581153341
17.0074650416383, 63.63254337214073
17.05995721769274, 63.63475093274804
17.112449393747177, 63.63695849335535
17.164941569801616, 63.63916605396266
17.217433745856056, 63.64137361456997
17.269925921910495, 63.64358117517729
17.322418097964935, 63.6457887357846
17.374910274019374, 63.64799629639191
17.427402450073814, 63.65020385699922
17.479894626128253, 63.65241141760653
17.532386802182693, 63.65461897821384
17.584878978237132, 63.65682653882116
17.63737115429157, 63.65903409942847
17.68986333034601, 63.66124166003578
17.74235550640045, 63.66344922064309
17.79484768245489, 63.6656567812504
17.847339858509326, 63.667864341857715
17.899832034563765, 63.670071902465025
17.952324210618205, 63.672279463072336
18.004816386672644, 63.674487023679646
18.057308562727084, 63.676694584286956
18.109800738781523, 63.67890214489427
18.162292914835962, 63.681109705501584
18.214785090890402, 63.683317266108894
18.26727726694484, 63.685524826716204
18.31976944299928, 63.687732387323514
18.37226161905372, 63.689939947930824
18.42475379510816, 63.69214750853814
18.4772459711626, 63.69435506914545
18.529738147217035, 63.69656262975276
18.582230323271475, 63.69877019036007
18.634722499325914, 63.70097775096738
18.687214675380353, 63.7031853115747
18.739706851434793, 63.70539287218201
18.792199027489232, 63.70760043278932
18.84469120354367, 63.70980799339663
18.89718337959811, 63.71201555400394
18.94967555565255, 63.71422311461126
19.00216773170699, 63.71643067521857
19.05465990776143, 63.71863823582588
19.10715208381587, 63.72084579643319
19.15964425987031, 63.7230533570405
19.212136435924748, 63.725260917647816
19.264628611979184, 63.727468478255126
19.317120788033623, 63.729676038862436
19.369612964088063, 63.73188359946975
19.422105140142502, 63.73409116007706
19.47459731619694, 63.73629872068437
19.52708949225138, 63.738506281291684
19.57958166830582, 63.740713841898994
19.63207384436026, 63.742921402506305
19.6845660204147, 63.745128963113615
19.73705819646914, 63.747336523720925
19.78955037252358, 63.74954408432824
19.842042548578018, 63.75175164493555
19.894534724632457, 63.75395920554286
19.947026900686897, 63.75616676615017
19.999519076741333, 63.75837432675748
20.052011252795772, 63.7605818873648
20.10450342885021, 63.76278944797211
20.15699560490465, 63.76499700857942
20.20948778095909, 63.76720456918673
20.26197995701353, 63.76941212979404
20.31447213306797, 63.77161969040136
20.36696430912241, 63.77382725100867
20.41945648517685, 63.77603481161598
20.471948661231288, 63.77824237222329
20.524440837285727, 63.7804499328306
20.576933013340167, 63.78265749343791
20.629425189394606, 63.78486505404523
20.681917365449046, 63.78707261465254
20.73440954150348, 63.78928017525985
20.78690171755792, 63.79148773586716
20.83939389361236, 63.79369529647447
20.8918860696668, 63.795902857081785
20.94437824572124, 63.798110417689095
20.99687042177568, 63.800317978296405
21.049362597830118, 63.802525538903716
21.101854773884558, 63.804733099511026
21.154346949938997, 63.80694066011834
21.206839125993437, 63.80914822072565
21.259331302047876, 63.81135578133296
21.311823478102315, 63.813563341940274
21.364315654156755, 63.815770902547584
21.416807830211194, 63.817978463154894
21.46930000626563, 63.82018602376221
21.52179218232007, 63.82239358436952
21.57428435837451, 63.82460114497683
21.62677653442895, 63.82680870558414
21.679268710483388, 63.82901626619145
21.731760886537828, 63.83122382679877
21.784253062592267, 63.83343138740608
21.836745238646706, 63.83563894801339
21.889237414701146, 63.8378465086207
21.941729590755585, 63.84005406922801
21.994221766810025, 63.84226162983533
22.046713942864464, 63.84446919044264
22.099206118918904, 63.84667675104995
22.151698294973343, 63.84888431165726
22.20419047102778, 63.85109187226457
22.25668264708222, 63.853299432871886
22.309174823136658, 63.855506993479196
22.361666999191097, 63.857714554086506
22.414159175245537, 63.859922114693816
22.466651351299976, 63.86212967530113
22.519143527354416, 63.86433723590844
22.571635703408855, 63.866544796515754
22.624127879463295, 63.868752357123064
22.676620055517734, 63.870959917730374
22.729112231572174, 63.873167478337685
22.781604407626613, 63.875375038944995
22.834096583681053, 63.87758259955231
22.88658875973549, 63.87979016015962
22.939080935789928, 63.88199772076693
22.991573111844367, 63.88420528137424
23.044065287898807, 63.88641284198155
23.096557463953246, 63.88862040258887
23.149049640007686, 63.89082796319618
23.201541816062125, 63.89303552380349
23.254033992116565, 63.8952430844108
23.306526168171004, 63.89745064501811
23.359018344225444, 63.89965820562543
23.411510520279883, 63.90186576623274
23.464002696334322, 63.90407332684005
23.516494872388762, 63.90628088744736
23.5689870484432, 63.90848844805467
23.621479224497637, 63.91069600866198
23.673971400552077, 63.9129035692693
23.726463576606516, 63.91511112987661
23.778955752660956, 63.91731869048392
23.831447928715395, 63.91952625109123
23.883940104769835, 63.92173381169854
23.936432280824274, 63.923941372305855
23.988924456878713, 63.926148932913165
24.041416632933153, 63.928356493520475
24.093908808987592, 63.930564054127785
24.146400985042032, 63.932771614735096
24.19889316109647, 63.93497917534241
24.25138533715091, 63.93718673594972
24.30387751320535, 63.93939429655703
24.356369689259786, 63.94160185716434
24.408861865314226, 63.943809417771654
24.461354041368665, 63.946016978378964
24.513846217423104, 63.94822453898628
24.566338393477544, 63.95043209959359
24.618830569531983, 63.9526396602009
24.671322745586423, 63.95484722080821
24.723814921640862, 63.95705478141552
24.7763070976953, 63.95926234202284
24.82879927374974, 63.96146990263015
24.88129144980418, 63.96367746323746
24.93378362585862, 63.96588502384477
24.98627580191306, 63.96809258445208
25.0387679779675, 63.9703001450594
25.091260154021935, 63.97250770566671
25.143752330076374, 63.97471526627402
25.196244506130814, 63.97692282688133
25.248736682185253, 63.97913038748864
25.301228858239693, 63.981337948095955
25.353721034294132, 63.983545508703266
25.40621321034857, 63.985753069310576
25.45870538640301, 63.987960629917886
25.51119756245745, 63.990168190525196
25.56368973851189, 63.992375751132506
25.61618191456633, 63.994583311739824
25.66867409062077, 63.996790872347134
25.72116626667521, 63.998998432954444
25.773658442729648, 64.00120599356175
25.826150618784084, 64.00341355416907
25.878642794838523, 64.00562111477637
25.931134970892963, 64.00782867538369
25.983627146947402, 64.010036235991
26.03611932300184, 64.01224379659831
26.08861149905628, 64.01445135720563
26.14110367511072, 64.01665891781293
26.19359585116516, 64.01886647842025
26.2460880272196, 64.02107403902755
26.29858020327404, 64.02328159963487
26.35107237932848, 64.02548916024219
26.403564555382918, 64.02769672084949
26.456056731437357, 64.02990428145681
26.508548907491797, 64.03211184206411
26.561041083546232, 64.03431940267143
26.613533259600672, 64.03652696327875
26.66602543565511, 64.03873452388605
26.71851761170955, 64.04094208449337
26.77100978776399, 64.04314964510067
26.82350196381843, 64.04535720570799
26.87599413987287, 64.0475647663153
26.92848631592731, 64.04977232692261
26.980978491981748, 64.05197988752992
27.033470668036188, 64.05418744813723
27.085962844090627, 64.05639500874454
27.138455020145066, 64.05860256935186
27.190947196199506, 64.06081012995917
27.243439372253942, 64.06301769056648
27.29593154830838, 64.06522525117379
27.34842372436282, 64.0674328117811
27.40091590041726, 64.06964037238842
27.4534080764717, 64.07184793299572
27.50590025252614, 64.07405549360304
27.55839242858058, 64.07626305421034
27.610884604635018, 64.07847061481766
27.663376780689457, 64.08067817542498
27.715868956743897, 64.08288573603228
27.768361132798336, 64.0850932966396
27.820853308852776, 64.0873008572469
27.873345484907215, 64.08950841785422
27.925837660961655, 64.09171597846154
27.97832983701609, 64.09392353906884
28.03082201307053, 64.09613109967616
28.08331418912497, 64.09833866028346
28.13580636517941, 64.10054622089078
28.18829854123385, 64.10275378149808
28.240790717288288, 64.1049613421054
28.293282893342727, 64.10716890271271
28.345775069397167, 64.10937646332002
28.398267245451606, 64.11158402392734
28.450759421506046, 64.11379158453464
28.503251597560485, 64.11599914514196
28.555743773614925, 64.11820670574927
28.608235949669364, 64.12041426635658
28.660728125723804, 64.1226218269639
28.71322030177824, 64.1248293875712
28.76571247783268, 64.12703694817851
28.81820465388712, 64.12924450878583
28.870696829941558, 64.13145206939313
28.923189005995997, 64.13365963000045
28.975681182050437, 64.13586719060775
29.028173358104876, 64.13807475121507
29.080665534159316, 64.14028231182239
29.133157710213755, 64.14248987242969
29.185649886268195, 64.14469743303701
29.238142062322634, 64.14690499364431
29.290634238377073, 64.14911255425163
29.343126414431513, 64.15132011485895
29.395618590485952, 64.15352767546625
29.44811076654039, 64.15573523607357
29.500602942594828, 64.15794279668087
29.553095118649267, 64.16015035728819
29.605587294703707, 64.1623579178955
29.658079470758146, 64.16456547850281
29.710571646812586, 64.16677303911013
29.763063822867025, 64.16898059971743
29.815555998921464, 64.17118816032475
29.868048174975904, 64.17339572093206
29.920540351030343, 64.17560328153937
29.973032527084783, 64.17781084214668
30.025524703139222, 64.18001840275399
30.07801687919366, 64.1822259633613
30.1305090552481, 64.18443352396861
30.183001231302537, 64.18664108457592
30.235493407356977, 64.18884864518324
30.287985583411416, 64.19105620579055
30.340477759465855, 64.19326376639786
30.392969935520295, 64.19547132700517
30.445462111574734, 64.19767888761248
30.497954287629174, 64.1998864482198
30.550446463683613, 64.2020940088271
30.602938639738053, 64.20430156943442
30.655430815792492, 64.20650913004172
30.70792299184693, 64.20871669064904
30.76041516790137, 64.21092425125636
30.81290734395581, 64.21313181186366
30.86539952001025, 64.21533937247098
30.917891696064686, 64.21754693307828
30.970383872119125, 64.2197544936856
31.022876048173565, 64.22196205429292
31.075368224228004, 64.22416961490022
31.127860400282444, 64.22637717550754
31.180352576336883, 64.22858473611484
31.232844752391323, 64.23079229672216
31.285336928445762, 64.23299985732947
31.3378291045002, 64.23520741793678
31.39032128055464, 64.2374149785441
31.44281345660908, 64.2396225391514
31.49530563266352, 64.24183009975872
31.54779780871796, 64.24403766036603
31.600289984772395, 64.24624522097334
31.652782160826835, 64.24845278158065
31.705274336881274, 64.25066034218796
31.757766512935714, 64.25286790279527
31.810258688990153, 64.25507546340259
31.862750865044593, 64.2572830240099
31.915243041099032, 64.25949058461721
31.96773521715347, 64.26169814522451
32.02022739320791, 64.26390570583183
32.07271956926235, 64.26611326643913
32.12521174531679, 64.26832082704645
32.177703921371226, 64.27052838765377
32.23019609742567, 64.27273594826107
32.282688273480105, 64.27494350886839
32.33518044953455, 64.27715106947569
32.38767262558898, 64.27935863008301
32.44016480164343, 64.28156619069033
32.49265697769786, 64.28377375129763
32.545149153752305, 64.28598131190495
32.59764132980674, 64.28818887251225
32.650133505861184, 64.29039643311957
32.70262568191562, 64.29260399372689
32.755117857970056, 64.29481155433419
32.8076100340245, 64.2970191149415
32.860102210078935, 64.29922667554881
32.91259438613338, 64.30143423615613
32.965086562187814, 64.30364179676344
33.01757873824226, 64.30584935737075
33.07007091429669, 64.30805691797806
33.122563090351136, 64.31026447858537
33.17505526640557, 64.31247203919268
33.227547442460015, 64.3146795998
33.28003961851445, 64.3168871604073
33.332531794568894, 64.31909472101462
33.38502397062333, 64.32130228162193
33.437516146677766, 64.32350984222924
33.49000832273221, 64.32571740283656
33.542500498786644, 64.32792496344386
33.59499267484109, 64.33013252405118
33.64748485089552, 64.33234008465848
33.699977026949966, 64.3345476452658
33.7524692030044, 64.33675520587312
33.804961379058845, 64.33896276648042
33.85745355511328, 64.34117032708774
33.909945731167724, 64.34337788769504
33.96243790722216, 64.34558544830236
34.0149300832766, 64.34779300890966
34.06742225933104, 64.35000056951698
34.11991443538548, 64.3522081301243
34.17240661143992, 64.3544156907316
34.224898787494354, 64.35662325133892
34.2773909635488, 64.35883081194622
34.32988313960323, 64.36103837255354
34.382375315657676, 64.36324593316085
34.43486749171211, 64.36545349376816
34.487359667766555, 64.36766105437547
34.53985184382099, 64.36986861498278
34.59234401987543, 64.3720761755901
34.64483619592987, 64.37428373619741
34.69732837198431, 64.37649129680472
34.74982054803875, 64.37869885741203
34.80231272409319, 64.38090641801934
34.85480490014763, 64.38311397862665
34.90729707620206, 64.38532153923397
34.959789252256506, 64.38752909984127
35.01228142831094, 64.38973666044859
35.064773604365385, 64.3919442210559
35.11726578041982, 64.39415178166321
35.169757956474264, 64.39635934227053
35.2222501325287, 64.39856690287783
35.27474230858314, 64.40077446348515
35.32723448463758, 64.40298202409245
35.37972666069202, 64.40518958469977
35.43221883674646, 64.40739714530709
35.4847110128009, 64.40960470591439
35.53720318885534, 64.41181226652171
35.58969536490978, 64.41401982712901
35.642187540964215, 64.41622738773633
35.69467971701865, 64.41843494834364
35.747171893073094, 64.42064250895095
35.79966406912753, 64.42285006955827
35.85215624518197, 64.42505763016557
35.90464842123641, 64.42726519077289
35.95714059729085, 64.42947275138019
36.00963277334529, 64.4316803119875
36.06212494939973, 64.43388787259482
36.11461712545417, 64.43609543320213
36.16710930150861, 64.43830299380944
36.219601477563046, 64.44051055441675
36.27209365361749, 64.44271811502406
36.324585829671925, 64.44492567563138
36.37707800572636, 64.44713323623868
36.429570181780804, 64.449340796846
36.48206235783524, 64.4515483574533
36.53455453388968, 64.45375591806062
36.58704670994412, 64.45596347866794
36.63953888599856, 64.45817103927524
36.692031062053, 64.46037859988256
36.74452323810744, 64.46258616048986
36.797015414161876, 64.46479372109718
36.84950759021632, 64.4670012817045
36.901999766270755, 64.4692088423118
36.9544919423252, 64.47141640291912
37.006984118379634, 64.47362396352642
37.05947629443407, 64.47583152413374
37.11196847048851, 64.47803908474106
37.16446064654295, 64.48024664534836
37.21695282259739, 64.48245420595568
37.26944499865183, 64.48466176656298
37.32193717470627, 64.4868693271703
37.37442935076071, 64.48907688777761
37.42692152681515, 64.49128444838492
37.479413702869586, 64.49349200899223
37.53190587892403, 64.49569956959954
37.584398054978465, 64.49790713020685
37.63689023103291, 64.50011469081417
37.68938240708734, 64.50232225142148
37.74187458314179, 64.50452981202879
37.79436675919622, 64.5067373726361
37.84685893525066, 64.50894493324341
37.8993511113051, 64.51115249385072
37.95184328735954, 64.51336005445803
38.00433546341398, 64.51556761506535
38.056827639468416, 64.51777517567265
38.10931981552286, 64.51998273627997
38.161811991577295, 64.52219029688727
38.21430416763174, 64.52439785749459
38.266796343686174, 64.52660541810191
38.31928851974062, 64.52881297870921
38.37178069579505, 64.53102053931653
38.424272871849496, 64.53322809992383
38.47676504790393, 64.53543566053115
38.52925722395837, 64.53764322113847
38.58174940001281, 64.53985078174577
38.63424157606725, 64.54205834235309
38.68673375212169, 64.54426590296039
38.739225928176126, 64.54647346356771
38.79171810423057, 64.54868102417502
38.844210280285004, 64.55088858478233
38.89670245633945, 64.55309614538965
38.94919463239388, 64.55530370599695
39.001686808448326, 64.55751126660427
39.05417898450276, 64.55971882721158
39.106671160557205, 64.56192638781889
39.15916333661164, 64.5641339484262
39.211655512666084, 64.5663415090335
39.26414768872052, 64.56854906964082
39.316639864774956, 64.57075663024814
39.3691320408294, 64.57296419085544
39.421624216883835, 64.57517175146276
39.47411639293828, 64.57737931207006
39.526608568992714, 64.57958687267738
39.57910074504716, 64.5817944332847
39.63159292110159, 64.584001993892
39.684085097156036, 64.58620955449932
39.73657727321047, 64.58841711510662
39.789069449264915, 64.59062467571394
39.84156162531935, 64.59283223632124
39.89405380137379, 64.59503979692856
39.94654597742823, 64.59724735753588
39.999038153482665, 64.59945491814318
40.05153032953711, 64.6016624787505
40.104022505591544, 64.6038700393578
40.15651468164599, 64.60607759996512
40.20900685770042, 64.60828516057244
40.261499033754866, 64.61049272117974
40.3139912098093, 64.61270028178706
40.366483385863745, 64.61490784239436
40.41897556191818, 64.61711540300168
40.471467737972624, 64.619322963609
40.52395991402706, 64.6215305242163
40.5764520900815, 64.62373808482361
40.62894426613594, 64.62594564543092
40.681436442190375, 64.62815320603823
40.73392861824482, 64.63036076664555
40.786420794299254, 64.63256832725286
40.8389129703537, 64.63477588786017
40.89140514640813, 64.60696150859924
40.943897322462576, 64.4678306973172
40.99638949851701, 64.32869988603518
41.048881674571454, 64.18956907475314
41.10137385062589, 64.05043826347111
41.15386602668033, 63.91130745218907
41.20635820273477, 63.77217664090705
41.25885037878921, 63.633045829625004
41.31134255484365, 63.49391501834298
41.36383473089809, 63.354784207060945
41.41632690695253, 63.21565339577892
41.46881908300696, 63.0765225844969
41.521311259061406, 62.937391773214856
41.57380343511584, 62.79826096193283
41.626295611170285, 62.659130150650796
41.67878778722472, 62.51999933936877
41.731279963279164, 62.38086852808673
41.7837721393336, 62.24173771680471
41.83626431538804, 62.10260690552266
41.88875649144248, 61.96347609424064
41.94124866749692, 61.8243452829586
41.99374084355136, 61.68521447167658
42.0462330196058, 61.54608366039454
42.098725195660236, 61.406952849112514
42.15121737171467, 61.26782203783049
42.203709547769115, 61.12869122654845
42.25620172382355, 60.989560415266425
42.308693899877994, 60.85042960398439
42.36118607593243, 60.711298792702365
42.41367825198687, 60.57216798142032
42.46617042804131, 60.4330371701383
42.51866260409575, 60.293906358856255
42.57115478015019, 60.15477554757423
42.62364695620463, 60.015644736292195
42.67613913225907, 59.87651392501017
42.72863130831351, 59.73738311372813
42.781123484367946, 59.598252302446106
42.83361566042239, 59.45912149116407
42.886107836476825, 59.31999067988204
42.93860001253126, 59.180859868600024
42.991092188585704, 59.04172905731798
43.04358436464014, 58.90259824603596
43.09607654069458, 58.76346743475391
43.14856871674902, 58.62433662347189
43.20106089280346, 58.48520581218985
43.2535530688579, 58.34607500090783
43.30604524491234, 58.20694418962579
43.358537420966776, 58.067813378343764
43.41102959702122, 57.92868256706172
43.463521773075655, 57.7895517557797
43.5160139491301, 57.65042094449766
43.568506125184534, 57.51129013321564
43.62099830123897, 57.372159321933616
43.67349047729341, 57.23302851065157
43.72598265334785, 57.09389769936955
43.77847482940229, 56.954766888087505
43.83096700545673, 56.81563607680548
43.88345918151117, 56.676505265523446
43.93595135756561, 56.53737445424142
43.98844353362005, 56.39824364295938
44.040935709674486, 56.259112831677356
44.09342788572893, 56.11998202039531
44.145920061783364, 55.9808512091133
44.19841223783781, 55.84172039783125
44.25090441389224, 55.70258958654923
44.303396589946686, 55.563458775267186
44.35588876600112, 55.424327963985164
44.40838094205556, 55.28519715270314
44.46087311811, 55.146066341421104
44.51336529416444, 55.006935530139074
44.56585747021888, 54.86780471885704
44.618349646273316, 54.728673907575015
44.67084182232776, 54.58954309629297
44.723333998382195, 54.45041228501095
44.77582617443664, 54.31128147372891
44.828318350491074, 54.17215066244688
44.88081052654552, 54.033019851164845
44.93330270259995, 53.89388903988282
44.985794878654396, 53.75475822860078
45.03828705470883, 53.615627417318755
45.09077923076327, 53.47649660603673
45.14327140681771, 53.337365794754696
45.19576358287215, 53.19823498347267
45.24825575892659, 53.05910417219063
45.300747934981025, 52.91997336090861
45.35324011103547, 52.78084254962656
45.405732287089904, 52.64171173834454
45.45822446314435, 52.5025809270625
45.51071663919878, 52.36345011578048
45.563208815253226, 52.22431930449844
45.61570099130766, 52.085188493216414
45.668193167362105, 51.94605768193438
45.72068534341654, 51.80692687065235
45.77317751947098, 51.66779605937033
45.82566969552542, 51.52866524808829
45.878161871579856, 51.389534436806265
45.9306540476343, 51.25040362552422
45.983146223688735, 51.1112728142422
46.03563839974318, 50.972142002960155
46.088130575797614, 50.83301119167814
46.14062275185206, 50.693880380396095
46.19311492790649, 50.55474956911407
46.245607103960936, 50.41561875783203
46.29809928001537, 50.276487946550006
46.350591456069814, 50.13735713526796
46.40308363212425, 49.998226323985946
46.45557580817869, 49.8590955127039
46.50806798423313, 49.71996470142188
46.560560160287565, 49.58083389013986
46.61305233634201, 49.44170307885781
46.665544512396444, 49.30257226757579
46.71803668845089, 49.163441456293754
46.77052886450532, 49.02431064501173
46.823021040559766, 48.88517983372969
46.8755132166142, 48.746049022447664
46.928005392668645, 48.60691821116562
46.98049756872308, 48.467787399883605
47.032989744777524, 48.32865658860156
47.08548192083196, 48.18952577731953
47.1379740968864, 48.050394966037494
47.19046627294084, 47.91126415475547
47.242958448995275, 47.77213334347345
47.29545062504972, 47.63300253219141
47.34794280110415, 47.49387172090938
47.400434977158596, 47.354740909627346
47.45292715321303, 47.21561009834532
47.505419329267475, 47.07647928706328
47.55791150532191, 46.937348475781256
47.610403681376354, 46.79821766449922
47.66289585743079, 46.65908685321719
47.71538803348523, 46.51995604193515
47.76788020953967, 46.38082523065313
47.82037238559411, 46.241694419371086
47.87286456164855, 46.10256360808906
47.92535673770299, 45.96343279680703
47.97784891375743, 45.824301985525
48.03034108981186, 45.68517117424298
48.082833265866306, 45.54604036296094
48.13532544192074, 45.406909551678915
48.187817617975185, 45.26777874039688
48.24030979402962, 45.12864792911485
48.292801970084064, 44.989517117832804
48.3452941461385, 44.85038630655079
48.39778632219294, 44.711255495268745
48.45027849824738, 44.57212468398672
48.50277067430182, 44.432993872704685
48.55526285035626, 44.293863061422655
48.6077550264107, 44.15473225014061
48.660247202465136, 44.015601438858596
48.71273937851957, 43.876470627576566
48.765231554574015, 43.73733981629453
48.81772373062845, 43.59820900501251
48.870215906682894, 43.45907819373046
48.92270808273733, 43.31994738244845
48.97520025879177, 43.1808165711664
49.02769243484621, 43.04168575988438
49.08018461090065, 42.90255494860234
49.13267678695509, 42.763424137320314
49.18516896300953, 42.62429332603827
49.23766113906397, 42.485162514756254
49.29015331511841, 42.34603170347421
49.342645491172846, 42.20690089219219
49.39513766722728, 42.067770080910165
49.447629843281725, 41.92863926962812
49.50012201933616, 41.7895084583461
49.5526141953906, 41.65037764706406
49.60510637144504, 41.51124683578203
49.65759854749948, 41.372116024499995
49.71009072355392, 41.23298521321797
49.76258289960836, 41.09385440193593
49.8150750756628, 40.95472359065391
49.86756725171724, 40.81559277937187
49.920059427771676, 40.67646196808984
49.97255160382612, 40.5373311568078
50.025043779880555, 40.39820034552578
50.077535955935, 40.259069534243736
50.130028131989434, 40.11993872296172
50.18252030804387, 39.98080791167969
50.23501248409831, 39.841677100397646
50.28750466015275, 39.70254628911563
50.33999683620719, 39.56341547783359
50.39248901226163, 39.424284666551564
50.44498118831607, 39.28515385526953
50.49747336437051, 39.1460230439875
50.54996554042495, 39.00689223270546
50.602457716479385, 38.86776142142344
50.65494989253383, 38.728630610141394
50.707442068588264, 38.58949979885937
50.75993424464271, 38.450368987577335
50.81242642069714, 38.311238176295305
50.86491859675158, 38.17210736501329
50.91741077280602, 38.032976553731245
50.96990294886046, 37.89384574244922
51.0223951249149, 37.75471493116718
51.07488730096934, 37.615584119885156
51.12737947702378, 37.47645330860311
51.179871653078216, 37.3373224973211
51.23236382913266, 37.19819168603905
51.284856005187095, 37.05906087475703
51.33734818124154, 36.91993006347499
51.389840357295974, 36.78079925219296
51.44233253335042, 36.64166844091092
51.49482470940485, 36.502537629628904
51.547316885459296, 36.36340681834686
51.59980906151373, 36.22427600706484
51.65230123756817, 36.085145195782815
51.70479341362261, 35.94601438450077
51.757285589677046, 35.806883573218755
51.80977776573149, 35.66775276193671
51.862269941785925, 35.52862195065469
51.91476211784037, 35.389491139372645
51.967254293894804, 35.25036032809062
52.01974646994925, 35.11122951680858
52.07223864600368, 34.97209870552656
52.124730822058126, 34.83296789424452
52.17722299811256, 34.693837082962496
52.229715174167005, 34.55470627168045
52.28220735022144, 34.41557546039843
52.33469952627588, 34.27644464911641
52.38719170233032, 34.13731383783437
52.439683878384756, 33.99818302655234
