Parameters: [49.47561271994373, 22.219024231601917, 9.389650358359924, 41.370970751075006, 3.922115908037759, 0.09703125601275009, -2.9221458505683646]
Points:
0.0, 22.219024231601917
0.049525137857801535, 22.413267562641764
0.09905027571560307, 22.60751089368161
0.1485754135734046, 22.801754224721456
0.19810055143120614, 22.995997555761303
0.2476256892890077, 23.19024088680115
0.2971508271468092, 23.384484217840996
0.34667596500461073, 23.578727548880842
0.3962011028624123, 23.77297087992069
0.44572624072021383, 23.967214210960535
0.4952513785780154, 24.16145754200038
0.5447765164358169, 24.355700873040227
0.5943016542936184, 24.549944204080074
0.6438267921514199, 24.74418753511992
0.6933519300092215, 24.938430866159766
0.742877067867023, 25.132674197199613
0.7924022057248246, 25.32691752823946
0.8419273435826261, 25.521160859279306
0.8914524814404277, 25.715404190319155
0.9409776192982292, 25.909647521359
0.9905027571560308, 26.103890852398848
1.0400278950138322, 26.29813418343869
1.0895530328716339, 26.49237751447854
1.1390781707294353, 26.686620845518384
1.1886033085872367, 26.880864176558234
1.2381284464450384, 27.07510750759808
1.2876535843028398, 27.269350838637926
1.3371787221606415, 27.463594169677773
1.386703860018443, 27.65783750071762
1.4362289978762446, 27.852080831757466
1.485754135734046, 28.046324162797312
1.5352792735918477, 28.24056749383716
1.5848044114496491, 28.434810824877005
1.6343295493074506, 28.62905415591685
1.6838546871652522, 28.823297486956697
1.7333798250230537, 29.017540817996544
1.7829049628808553, 29.21178414903639
1.8324301007386568, 29.406027480076236
1.8819552385964584, 29.600270811116083
1.9314803764542599, 29.79451414215593
1.9810055143120615, 29.988757473195776
2.0305306521698627, 30.183000804235622
2.0800557900276644, 30.37724413527547
2.129580927885466, 30.571487466315315
2.1791060657432677, 30.76573079735516
2.228631203601069, 30.959974128395007
2.2781563414588706, 31.154217459434854
2.3276814793166722, 31.348460790474704
2.3772066171744735, 31.542704121514547
2.426731755032275, 31.736947452554393
2.4762568928900768, 31.93119078359424
2.5257820307478784, 32.12543411463409
2.5753071686056797, 32.31967744567393
2.6248323064634813, 32.51392077671378
2.674357444321283, 32.708164107753625
2.7238825821790846, 32.902407438793475
2.773407720036886, 33.09665076983332
2.8229328578946875, 33.29089410087317
2.872457995752489, 33.48513743191301
2.9219831336102904, 33.67938076295286
2.971508271468092, 33.8736240939927
3.0210334093258937, 34.06786742503255
3.0705585471836954, 34.2621107560724
3.1200836850414966, 34.456354087112246
3.1696088228992982, 34.65059741815209
3.2191339607571, 34.84484074919194
3.268659098614901, 35.03908408023178
3.3181842364727028, 35.23332741127163
3.3677093743305044, 35.427570742311474
3.417234512188306, 35.621814073351324
3.4667596500461073, 35.81605740439117
3.516284787903909, 36.01030073543102
3.5658099257617106, 36.20454406647086
3.615335063619512, 36.39878739751071
3.6648602014773135, 36.59303072855056
3.714385339335115, 36.7872740595904
3.763910477192917, 36.981517390630245
3.813435615050718, 37.175760721670095
3.8629607529085197, 37.370004052709945
3.9124858907663214, 37.56424738374979
3.962011028624123, 37.75849071478964
4.011536166481925, 37.95273404582948
4.0610613043397255, 38.14697737686932
4.110586442197527, 38.34122070790917
4.160111580055329, 38.535464038949016
4.20963671791313, 38.729707369988866
4.259161855770932, 38.923950701028716
4.308686993628734, 39.11819403206856
4.358212131486535, 39.31243736310841
4.407737269344336, 39.50668069414825
4.457262407202138, 39.7009240251881
4.5067875450599395, 39.895167356227944
4.556312682917741, 40.08941068726779
4.605837820775543, 40.283654018307644
4.6553629586333445, 40.47789734934749
4.704888096491146, 40.67214068038733
4.754413234348947, 40.86638401142717
4.803938372206749, 41.06062734246702
4.85346351006455, 41.25487067350687
4.902988647922352, 41.449114004546715
4.9525137857801536, 41.643357335586565
5.002038923637955, 41.837600666626415
5.051564061495757, 42.03184399766626
5.1010891993535585, 42.2260873287061
5.150614337211359, 42.42033065974594
5.200139475069161, 42.6145739907858
5.249664612926963, 42.80881732182564
5.299189750784764, 43.003060652865486
5.348714888642566, 43.197303983905336
5.398240026500368, 43.391547314945186
5.447765164358169, 43.58579064598503
5.49729030221597, 43.78003397702487
5.546815440073772, 43.97427730806472
5.596340577931573, 44.16852063910457
5.645865715789375, 44.362763970144414
5.695390853647177, 44.55700730118426
5.744915991504978, 44.75125063222411
5.79444112936278, 44.94549396326396
5.843966267220581, 45.1397372943038
5.893491405078382, 45.33398062534364
5.943016542936184, 45.52822395638349
5.992541680793986, 45.72246728742334
6.042066818651787, 45.916710618463185
6.091591956509589, 46.110953949503035
6.141117094367391, 46.305197280542885
6.1906422322251915, 46.49944061158273
6.240167370082993, 46.69368394262257
6.289692507940795, 46.88792727366241
6.3392176457985965, 47.08217060470226
6.388742783656398, 47.27641393574211
6.4382679215142, 47.470657266781956
6.4877930593720015, 47.664900597821806
6.537318197229802, 47.85914392886165
6.586843335087604, 48.0533872599015
6.6363684729454055, 48.24763059094134
6.685893610803207, 48.44187392198119
6.735418748661009, 48.63611725302104
6.7849438865188105, 48.830360584060884
6.834469024376612, 49.02460391510073
6.883994162234413, 49.21884724614057
6.933519300092215, 49.41309057718042
6.983044437950016, 49.60733390822027
7.032569575807818, 49.80157723926011
7.08209471366562, 49.99582057029996
7.131619851523421, 50.19006390133981
7.181144989381223, 50.384307232379655
7.230670127239024, 50.5785505634195
7.280195265096825, 50.77279389445935
7.329720402954627, 50.9670372254992
7.379245540812429, 51.16128055653904
7.42877067867023, 51.35552388757888
7.478295816528032, 51.54976721861873
7.527820954385834, 51.74401054965858
7.577346092243634, 51.938253880698426
7.626871230101436, 52.13249721173827
7.676396367959238, 52.32674054277812
7.725921505817039, 52.52098387381797
7.775446643674841, 52.71522720485781
7.824971781532643, 52.909470535897654
7.874496919390444, 53.10371386693751
7.924022057248246, 53.297957197977354
7.973547195106047, 53.4922005290172
8.02307233296385, 53.68644386005705
8.07259747082165, 53.88068719109689
8.122122608679451, 54.07493052213673
8.171647746537253, 54.26917385317658
8.221172884395054, 54.463417184216425
8.270698022252857, 54.65766051525628
8.320223160110658, 54.851903846296125
8.36974829796846, 55.04614717733597
8.41927343582626, 55.24039050837581
8.468798573684062, 55.43463383941565
8.518323711541864, 55.62887717045551
8.567848849399665, 55.82312050149535
8.617373987257468, 56.01736383253521
8.666899125115268, 56.21160716357505
8.71642426297307, 56.405850494614896
8.765949400830872, 56.60009382565474
8.815474538688672, 56.79433715669458
8.864999676546475, 56.98858048773444
8.914524814404276, 57.18282381877428
8.964049952262078, 57.377067149814124
9.013575090119879, 57.57131048085397
9.063100227977682, 57.765553811893824
9.112625365835482, 57.95979714293367
9.162150503693283, 58.15404047397351
9.211675641551086, 58.34828380501337
9.261200779408886, 58.54252713605321
9.310725917266689, 58.73677046709305
9.36025105512449, 58.931013798132895
9.409776192982292, 59.04827410804953
9.459301330840093, 59.05307959438008
9.508826468697894, 59.057885080710626
9.558351606555696, 59.06269056704117
9.607876744413497, 59.06749605337172
9.6574018822713, 59.072301539702266
9.7069270201291, 59.07710702603281
9.756452157986903, 59.08191251236336
9.805977295844704, 59.086717998693906
9.855502433702506, 59.09152348502445
9.905027571560307, 59.096328971355
9.954552709418108, 59.101134457685546
10.00407784727591, 59.1059399440161
10.053602985133711, 59.11074543034665
10.103128122991514, 59.11555091667719
10.152653260849315, 59.12035640300774
10.202178398707117, 59.12516188933829
10.251703536564918, 59.12996737566883
10.301228674422719, 59.13477286199938
10.350753812280521, 59.13957834832993
10.400278950138322, 59.144383834660474
10.449804087996124, 59.14918932099102
10.499329225853925, 59.15399480732157
10.548854363711728, 59.158800293652114
10.598379501569529, 59.16360577998266
10.64790463942733, 59.16841126631321
10.697429777285132, 59.173216752643754
10.746954915142933, 59.1780222389743
10.796480053000735, 59.18282772530485
10.846005190858536, 59.1876332116354
10.895530328716339, 59.19243869796595
10.94505546657414, 59.197244184296494
10.99458060443194, 59.20204967062704
11.044105742289743, 59.20685515695759
11.093630880147543, 59.211660643288134
11.143156018005346, 59.21646612961868
11.192681155863147, 59.22127161594923
11.24220629372095, 59.226077102279774
11.29173143157875, 59.23088258861032
11.34125656943655, 59.23568807494087
11.390781707294353, 59.240493561271414
11.440306845152154, 59.24529904760196
11.489831983009957, 59.25010453393251
11.539357120867757, 59.254910020263054
11.58888225872556, 59.2597155065936
11.63840739658336, 59.26452099292415
11.687932534441162, 59.2693264792547
11.737457672298964, 59.27413196558525
11.786982810156765, 59.278937451915795
11.836507948014567, 59.28374293824634
11.886033085872368, 59.28854842457689
11.93555822373017, 59.293353910907435
11.985083361587971, 59.29815939723798
12.034608499445772, 59.30296488356853
12.084133637303575, 59.307770369899075
12.133658775161376, 59.31257585622962
12.183183913019178, 59.31738134256017
12.232709050876979, 59.322186828890715
12.282234188734781, 59.32699231522126
12.331759326592582, 59.33179780155181
12.381284464450383, 59.336603287882355
12.430809602308186, 59.3414087742129
12.480334740165986, 59.34621426054345
12.529859878023789, 59.351019746874
12.57938501588159, 59.35582523320455
12.628910153739392, 59.360630719535095
12.678435291597193, 59.36543620586564
12.727960429454994, 59.37024169219619
12.777485567312796, 59.375047178526735
12.827010705170597, 59.37985266485728
12.8765358430284, 59.38465815118783
12.9260609808862, 59.389463637518375
12.975586118744003, 59.39426912384892
13.025111256601804, 59.39907461017947
13.074636394459604, 59.403880096510015
13.124161532317407, 59.40868558284056
13.173686670175208, 59.41349106917111
13.22321180803301, 59.418296555501655
13.272736945890811, 59.4231020418322
13.322262083748614, 59.42790752816275
13.371787221606414, 59.432713014493295
13.421312359464215, 59.43751850082385
13.470837497322018, 59.442323987154396
13.520362635179819, 59.44712947348494
13.569887773037621, 59.45193495981549
13.619412910895422, 59.456740446146036
13.668938048753224, 59.46154593247658
13.718463186611025, 59.46635141880713
13.767988324468826, 59.471156905137676
13.817513462326628, 59.47596239146822
13.86703860018443, 59.48076787779877
13.916563738042232, 59.485573364129316
13.966088875900033, 59.49037885045986
14.015614013757835, 59.49518433679041
14.065139151615636, 59.499989823120956
14.114664289473437, 59.5047953094515
14.16418942733124, 59.50960079578205
14.21371456518904, 59.514406282112596
14.263239703046843, 59.51921176844315
14.312764840904643, 59.524017254773696
14.362289978762446, 59.52882274110424
14.411815116620247, 59.53362822743479
14.461340254478047, 59.538433713765336
14.51086539233585, 59.54323920009588
14.56039053019365, 59.54804468642643
14.609915668051453, 59.552850172756976
14.659440805909254, 59.55765565908752
14.708965943767057, 59.56246114541807
14.758491081624857, 59.567266631748616
14.808016219482658, 59.57207211807916
14.85754135734046, 59.57687760440971
14.907066495198261, 59.581683090740256
14.956591633056064, 59.5864885770708
15.006116770913865, 59.59129406340135
15.055641908771667, 59.596099549731896
15.105167046629468, 59.60090503606245
15.154692184487269, 59.605710522393
15.204217322345071, 59.61051600872354
15.253742460202872, 59.61532149505409
15.303267598060675, 59.62012698138464
15.352792735918475, 59.62493246771518
15.402317873776278, 59.62973795404573
15.451843011634079, 59.63454344037628
15.50136814949188, 59.63934892670682
15.550893287349682, 59.64415441303737
15.600418425207483, 59.64895989936792
15.649943563065285, 59.65376538569846
15.699468700923086, 59.65857087202901
15.748993838780889, 59.66337635835956
15.79851897663869, 59.6681818446901
15.848044114496492, 59.67298733102065
15.897569252354293, 59.6777928173512
15.947094390212094, 59.68259830368174
15.996619528069896, 59.6874037900123
16.0461446659277, 59.692209276342844
16.095669803785498, 59.69701476267339
16.1451949416433, 59.70182024900394
16.194720079501103, 59.706625735334484
16.244245217358902, 59.71143122166503
16.293770355216704, 59.71623670799558
16.343295493074507, 59.721042194326124
16.39282063093231, 59.72584768065667
16.44234576879011, 59.73065316698722
16.49187090664791, 59.735458653317764
16.541396044505714, 59.74026413964831
16.590921182363513, 59.74506962597886
16.640446320221315, 59.749875112309404
16.689971458079118, 59.75468059863995
16.73949659593692, 59.7594860849705
16.78902173379472, 59.764291571301044
16.83854687165252, 59.7690970576316
16.888072009510324, 59.773902543962144
16.937597147368123, 59.77870803029269
16.987122285225926, 59.78351351662324
17.03664742308373, 59.788319002953784
17.08617256094153, 59.79312448928433
17.13569769879933, 59.79792997561488
17.185222836657132, 59.802735461945424
17.234747974514935, 59.80754094827597
17.284273112372734, 59.81234643460652
17.333798250230537, 59.817151920937064
17.38332338808834, 59.82195740726761
17.43284852594614, 59.82676289359816
17.48237366380394, 59.831568379928704
17.531898801661743, 59.83637386625925
17.581423939519546, 59.8411793525898
17.630949077377345, 59.845984838920344
17.680474215235147, 59.8507903252509
17.72999935309295, 59.855595811581445
17.779524490950752, 59.86040129791199
17.82904962880855, 59.86520678424254
17.878574766666354, 59.870012270573085
17.928099904524156, 59.87481775690363
17.977625042381955, 59.87962324323418
18.027150180239758, 59.884428729564725
18.07667531809756, 59.88923421589527
18.126200455955363, 59.89403970222582
18.175725593813162, 59.898845188556365
18.225250731670965, 59.90365067488691
18.274775869528767, 59.90845616121746
18.324301007386566, 59.913261647548005
18.37382614524437, 59.91806713387855
18.42335128310217, 59.9228726202091
18.472876420959974, 59.927678106539645
18.522401558817773, 59.93248359287019
18.571926696675575, 59.937289079200745
18.621451834533378, 59.94209456553129
18.670976972391177, 59.94690005186184
18.72050211024898, 59.951705538192385
18.770027248106782, 59.95651102452293
18.819552385964585, 59.96131651085348
18.869077523822384, 59.966121997184025
18.918602661680186, 59.97092748351457
18.96812779953799, 59.97573296984512
19.017652937395788, 59.980538456175665
19.06717807525359, 59.98534394250621
19.116703213111393, 59.99014942883676
19.166228350969195, 59.994954915167305
19.215753488826994, 59.99976040149785
19.265278626684797, 60.0045658878284
19.3148037645426, 60.009371374158945
19.364328902400402, 60.0141768604895
19.4138540402582, 60.018982346820046
19.463379178116003, 60.02378783315059
19.512904315973806, 60.02859331948114
19.562429453831605, 60.033398805811686
19.611954591689408, 60.03820429214223
19.66147972954721, 60.04300977847278
19.711004867405013, 60.047815264803326
19.76053000526281, 60.05262075113387
19.810055143120614, 60.05742623746442
19.859580280978417, 60.062231723794966
19.909105418836216, 60.06703721012551
19.95863055669402, 60.07184269645606
20.00815569455182, 60.076648182786606
20.057680832409623, 60.08145366911715
20.107205970267422, 60.0862591554477
20.156731108125225, 60.091064641778246
20.206256245983027, 60.0958701281088
20.255781383840826, 60.100675614439346
20.30530652169863, 60.10548110076989
20.35483165955643, 60.11028658710044
20.404356797414234, 60.115092073430986
20.453881935272033, 60.11989755976153
20.503407073129836, 60.12470304609208
20.55293221098764, 60.129508532422626
20.602457348845437, 60.13431401875317
20.65198248670324, 60.13911950508372
20.701507624561042, 60.143924991414266
20.751032762418845, 60.14873047774481
20.800557900276644, 60.15353596407536
20.850083038134446, 60.158341450405906
20.89960817599225, 60.16314693673645
20.949133313850048, 60.167952423067
20.99865845170785, 60.172757909397546
21.048183589565653, 60.17756339572809
21.097708727423456, 60.18236888205865
21.147233865281255, 60.18717436838919
21.196759003139057, 60.19197985471974
21.24628414099686, 60.19678534105029
21.29580927885466, 60.201590827380834
21.34533441671246, 60.20639631371138
21.394859554570264, 60.21120180004193
21.444384692428066, 60.216007286372474
21.493909830285865, 60.22081277270302
21.543434968143668, 60.22561825903357
21.59296010600147, 60.230423745364114
21.64248524385927, 60.23522923169466
21.692010381717072, 60.24003471802521
21.741535519574875, 60.244840204355754
21.791060657432677, 60.2496456906863
21.840585795290476, 60.25445117701685
21.89011093314828, 60.259256663347394
21.93963607100608, 60.26406214967795
21.98916120886388, 60.268867636008494
22.038686346721683, 60.27367312233904
22.088211484579485, 60.27847860866959
22.137736622437288, 60.283284095000134
22.187261760295087, 60.28808958133068
22.23678689815289, 60.29289506766123
22.286312036010692, 60.297700553991774
22.33583717386849, 60.30250604032232
22.385362311726293, 60.30731152665287
22.434887449584096, 60.312117012983414
22.4844125874419, 60.31692249931396
22.533937725299698, 60.32172798564451
22.5834628631575, 60.326533471975054
22.632988001015303, 60.3313389583056
22.6825131388731, 60.33614444463615
22.732038276730904, 60.340949930966694
22.781563414588707, 60.34575541729724
22.83108855244651, 60.350560903627795
22.88061369030431, 60.35536638995834
22.93013882816211, 60.36017187628889
22.979663966019913, 60.364977362619435
23.029189103877712, 60.36978284894998
23.078714241735515, 60.37458833528053
23.128239379593317, 60.379393821611075
23.17776451745112, 60.38419930794162
23.22728965530892, 60.38900479427217
23.27681479316672, 60.393810280602715
23.326339931024524, 60.39861576693326
23.375865068882323, 60.40342125326381
23.425390206740126, 60.408226739594355
23.474915344597928, 60.4130322259249
23.52444048245573, 60.41783771225545
23.57396562031353, 60.422643198585995
23.623490758171332, 60.42744868491654
23.673015896029135, 60.432254171247095
23.722541033886934, 60.43705965757764
23.772066171744736, 60.44186514390819
23.82159130960254, 60.446670630238735
23.87111644746034, 60.45147611656928
23.92064158531814, 60.45628160289983
23.970166723175943, 60.461087089230375
24.019691861033746, 60.46589257556092
24.069216998891545, 60.47069806189147
24.118742136749347, 60.475503548222015
24.16826727460715, 60.48030903455256
24.217792412464952, 60.48511452088311
24.26731755032275, 60.489920007213655
24.316842688180554, 60.4947254935442
24.366367826038356, 60.49953097987475
24.415892963896155, 60.504336466205295
24.465418101753958, 60.50914195253584
24.51494323961176, 60.513947438866396
24.564468377469563, 60.51875292519694
24.613993515327362, 60.52355841152749
24.663518653185164, 60.528363897858036
24.713043791042967, 60.53316938418858
24.762568928900766, 60.53797487051913
24.81209406675857, 60.542780356849676
24.86161920461637, 60.54758584318022
24.911144342474174, 60.55239132951077
24.960669480331973, 60.557196815841316
25.010194618189775, 60.56200230217186
25.059719756047578, 60.56680778850241
25.109244893905377, 60.571613274832956
25.15877003176318, 60.5764187611635
25.208295169620982, 60.58122424749405
25.257820307478784, 60.586029733824596
25.307345445336583, 60.59083522015514
25.356870583194386, 60.595640706485696
25.40639572105219, 60.60044619281624
25.455920858909987, 60.60525167914679
25.50544599676779, 60.610057165477336
25.554971134625593, 60.61486265180788
25.604496272483395, 60.61966813813843
25.654021410341194, 60.624473624468976
25.703546548198997, 60.62927911079952
25.7530716860568, 60.63408459713007
25.802596823914598, 60.638890083460616
25.8521219617724, 60.64369556979116
25.901647099630203, 60.64850105612171
25.951172237488006, 60.653306542452256
26.000697375345805, 60.6581120287828
26.050222513203607, 60.66291751511335
26.09974765106141, 60.667723001443896
26.14927278891921, 60.67252848777444
26.19879792677701, 60.677333974105
26.248323064634814, 60.68213946043554
26.297848202492617, 60.68694494676609
26.347373340350416, 60.69175043309664
26.396898478208218, 60.69655591942718
26.44642361606602, 60.70136140575773
26.49594875392382, 60.70616689208828
26.545473891781622, 60.71097237841882
26.594999029639425, 60.71577786474937
26.644524167497227, 60.72058335107992
26.694049305355026, 60.72538883741046
26.74357444321283, 60.73019432374101
26.79309958107063, 60.73499981007156
26.84262471892843, 60.7398052964021
26.892149856786233, 60.74461078273265
26.941674994644035, 60.7494162690632
26.991200132501838, 60.75422175539374
27.040725270359637, 60.75902724172429
27.09025040821744, 60.76383272805484
27.139775546075242, 60.76863821438539
27.18930068393304, 60.77344370071594
27.238825821790844, 60.778249187046484
27.288350959648646, 60.78305467337703
27.33787609750645, 60.78786015970758
27.387401235364248, 60.792665646038124
27.43692637322205, 60.79747113236867
27.486451511079853, 60.80227661869922
27.535976648937652, 60.807082105029764
27.585501786795454, 60.81188759136031
27.635026924653257, 60.81669307769086
27.68455206251106, 60.821498564021404
27.73407720036886, 60.82630405035195
27.78360233822666, 60.8311095366825
27.833127476084464, 60.835915023013044
27.882652613942263, 60.84072050934359
27.932177751800065, 60.84552599567414
27.981702889657868, 60.85033148200469
28.03122802751567, 60.85513696833524
28.08075316537347, 60.859942454665784
28.13027830323127, 60.86474794099633
28.179803441089074, 60.86955342732688
28.229328578946873, 60.874358913657424
28.278853716804676, 60.87916439998797
28.32837885466248, 60.88396988631852
28.37790399252028, 60.888775372649064
28.42742913037808, 60.89358085897961
28.476954268235882, 60.89838634531016
28.526479406093685, 60.903191831640704
28.576004543951484, 60.90799731797125
28.625529681809287, 60.9128028043018
28.67505481966709, 60.917608290632344
28.72457995752489, 60.92241377696289
28.77410509538269, 60.92721926329344
28.823630233240493, 60.93202474962399
28.873155371098296, 60.93683023595454
28.922680508956095, 60.941635722285085
28.972205646813897, 60.94644120861563
29.0217307846717, 60.95124669494618
29.071255922529502, 60.956052181276725
29.1207810603873, 60.96085766760727
29.170306198245104, 60.96566315393782
29.219831336102907, 60.970468640268365
29.269356473960706, 60.97527412659891
29.318881611818508, 60.98007961292946
29.36840674967631, 60.984885099260005
29.417931887534113, 60.98969058559055
29.467457025391912, 60.9944960719211
29.516982163249715, 60.999301558251645
29.566507301107517, 61.00410704458219
29.616032438965316, 61.00891253091274
29.66555757682312, 61.01371801724329
29.71508271468092, 61.01852350357384
29.764607852538724, 61.023328989904385
29.814132990396523, 61.02813447623493
29.863658128254325, 61.03293996256548
29.913183266112128, 61.037745448896025
29.962708403969927, 61.04255093522657
30.01223354182773, 61.04735642155712
30.061758679685532, 61.052161907887665
30.111283817543335, 61.05696739421821
30.160808955401134, 61.06177288054876
30.210334093258936, 61.066578366879305
30.25985923111674, 61.07138385320985
30.309384368974538, 61.0761893395404
30.35890950683234, 61.080994825870945
30.408434644690143, 61.08580031220149
30.457959782547945, 61.09060579853204
30.507484920405744, 61.09541128486259
30.557010058263547, 61.10021677119314
30.60653519612135, 61.105022257523686
30.65606033397915, 61.10982774385423
30.70558547183695, 61.11463323018478
30.755110609694754, 61.119438716515326
30.804635747552556, 61.12424420284587
30.854160885410355, 61.12904968917642
30.903686023268158, 61.133855175506966
30.95321116112596, 61.13866066183751
31.00273629898376, 61.14346614816806
31.05226143684156, 61.148271634498606
31.101786574699364, 61.15307712082915
31.151311712557167, 61.1578826071597
31.200836850414966, 61.162688093490246
31.25036198827277, 61.16749357982079
31.29988712613057, 61.17229906615134
31.34941226398837, 61.17710455248189
31.398937401846172, 61.18191003881243
31.448462539703975, 61.186715525142986
31.497987677561778, 61.19152101147353
31.547512815419577, 61.19632649780408
31.59703795327738, 61.201131984134626
31.64656309113518, 61.20593747046517
31.696088228992984, 61.21074295679572
31.745613366850783, 61.215548443126266
31.795138504708586, 61.22035392945681
31.84466364256639, 61.22515941578736
31.894188780424187, 61.229964902117906
31.94371391828199, 61.23477038844845
31.993239056139792, 61.239575874779
32.04276419399759, 61.244381361109546
32.0922893318554, 61.24918684744009
32.141814469713196, 61.25399233377064
32.191339607570995, 61.258797820101194
32.2408647454288, 61.26360330643174
32.2903898832866, 61.26840879276229
32.3399150211444, 61.273214279092834
32.389440159002206, 61.27801976542338
32.438965296860005, 61.28282525175393
32.488490434717804, 61.287630738084474
32.53801557257561, 61.29243622441502
32.58754071043341, 61.29724171074557
32.637065848291215, 61.302047197076114
32.686590986149014, 61.30685268340666
32.73611612400681, 61.31165816973721
32.78564126186462, 61.316463656067754
32.83516639972242, 61.3212691423983
32.88469153758022, 61.32607462872885
32.93421667543802, 61.330880115059394
32.98374181329582, 61.33568560138994
33.03326695115362, 61.34049108772049
33.08279208901143, 61.34529657405104
33.132317226869226, 61.35010206038159
33.181842364727025, 61.354907546712134
33.23136750258483, 61.35971303304268
33.28089264044263, 61.36451851937323
33.330417778300436, 61.369324005703774
33.379942916158235, 61.37412949203432
33.429468054016034, 61.37893497836487
33.47899319187384, 61.383740464695414
33.52851832973164, 61.38854595102596
33.57804346758944, 61.39335143735651
33.627568605447244, 61.398156923687054
33.67709374330504, 61.4029624100176
33.72661888116284, 61.40776789634815
33.77614401902065, 61.412573382678694
33.82566915687845, 61.41737886900924
33.87519429473625, 61.42218435533979
33.92471943259405, 61.42698984167034
33.97424457045185, 61.43179532800089
34.02376970830966, 61.436600814331435
34.07329484616746, 61.44140630066198
34.122819984025256, 61.44621178699253
34.17234512188306, 61.451017273323075
34.22187025974086, 61.45582275965362
34.27139539759866, 61.46062824598417
34.320920535456466, 61.465433732314715
34.370445673314265, 61.47023921864526
34.419970811172064, 61.47504470497581
34.46949594902987, 61.479850191306355
34.51902108688767, 61.4846556776369
34.56854622474547, 61.48946116396745
34.618071362603274, 61.494266650297995
34.66759650046107, 61.49907213662854
34.71712163831888, 61.503877622959095
34.76664677617668, 61.508683109289635
34.81617191403448, 61.51348859562019
34.86569705189228, 61.518294081950735
34.91522218975008, 61.52309956828128
34.96474732760788, 61.52790505461183
35.01427246546569, 61.532710540942375
35.063797603323486, 61.53751602727292
35.113322741181285, 61.54232151360347
35.16284787903909, 61.547126999934015
35.21237301689689, 61.55193248626456
35.26189815475469, 61.55673797259511
35.311423292612496, 61.561543458925655
35.360948430470295, 61.5663489452562
35.4104735683281, 61.57115443158675
35.4599987061859, 61.575959917917295
35.5095238440437, 61.58076540424784
35.559048981901505, 61.585570890578396
35.608574119759304, 61.590376376908935
35.6580992576171, 61.59518186323949
35.70762439547491, 61.599987349570036
35.75714953333271, 61.60479283590058
35.80667467119051, 61.60959832223113
35.85619980904831, 61.614403808561676
35.90572494690611, 61.61920929489222
35.95525008476391, 61.62401478122277
36.00477522262172, 61.628820267553316
36.054300360479516, 61.63362575388386
36.10382549833732, 61.63843124021441
36.15335063619512, 61.643236726544956
36.20287577405292, 61.6480422128755
36.252400911910726, 61.65284769920605
36.301926049768525, 61.657653185536596
36.351451187626324, 61.66245867186714
36.40097632548413, 61.66726415819769
36.45050146334193, 61.672069644528236
36.50002660119973, 61.67687513085879
36.549551739057534, 61.681680617189336
36.59907687691533, 61.68648610351988
36.64860201477313, 61.69129158985043
36.69812715263094, 61.696097076180976
36.74765229048874, 61.70090256251152
36.797177428346544, 61.70570804884207
36.84670256620434, 61.710513535172616
36.89622770406214, 61.71531902150316
36.94575284191995, 61.72012450783371
36.99527797977775, 61.724929994164256
37.044803117635546, 61.7297354804948
37.09432825549335, 61.73454096682535
37.14385339335115, 61.739346453155896
37.19337853120895, 61.74415193948644
37.242903669066756, 61.74895742581699
37.292428806924555, 61.753762912147536
37.341953944782354, 61.75856839847809
37.39147908264016, 61.76337388480864
37.44100422049796, 61.76817937113918
37.490529358355765, 61.77298485746973
37.540054496213564, 61.77779034380028
37.58957963407136, 61.78259583013082
37.63910477192917, 61.78740131646137
37.68862990978697, 61.79220680279192
37.73815504764477, 61.79701228912246
37.78768018550257, 61.80181777545301
37.83720532336037, 61.80662326178356
37.88673046121817, 61.8114287481141
37.93625559907598, 61.81623423444465
37.985780736933776, 61.8210397207752
38.035305874791575, 61.82584520710574
38.08483101264938, 61.83065069343629
38.13435615050718, 61.83545617976684
38.18388128836499, 61.84026166609739
38.233406426222786, 61.84506715242794
38.282931564080585, 61.849872638758484
38.33245670193839, 61.85467812508903
38.38198183979619, 61.85948361141958
38.43150697765399, 61.864289097750124
38.481032115511795, 61.86909458408067
38.530557253369594, 61.87390007041122
38.58008239122739, 61.878705556741764
38.6296075290852, 61.88351104307231
38.679132666943, 61.88831652940286
38.728657804800804, 61.893122015733404
38.7781829426586, 61.89792750206395
38.8277080805164, 61.9027329883945
38.87723321837421, 61.907538474725044
38.92675835623201, 61.91234396105559
38.976283494089806, 61.91714944738614
39.02580863194761, 61.92195493371669
39.07533376980541, 61.92676042004724
39.12485890766321, 61.931565906377784
39.174384045521016, 61.93637139270833
39.223909183378815, 61.94117687903888
39.273434321236614, 61.945982365369424
39.32295945909442, 61.95078785169997
39.37248459695222, 61.95559333803052
39.422009734810025, 61.960398824361064
39.471534872667824, 61.96520431069161
39.52106001052562, 61.97000979702216
39.57058514838343, 61.974815283352704
39.62011028624123, 61.97962076968325
39.66963542409903, 61.9844262560138
39.71916056195683, 61.989231742344344
39.76868569981463, 61.99403722867489
39.81821083767243, 61.99884271500544
39.86773597553024, 62.00364820133599
39.91726111338804, 62.00845368766653
39.966786251245836, 62.013259173997085
40.01631138910364, 62.01806466032763
40.06583652696144, 62.02287014665818
40.11536166481925, 62.027675632988725
40.164886802677046, 62.03248111931927
40.214411940534845, 62.03728660564982
40.26393707839265, 62.042092091980365
40.31346221625045, 62.04689757831091
40.36298735410825, 62.05170306464146
40.412512491966055, 62.056508550972005
40.462037629823854, 62.06131403730255
40.51156276768165, 62.0661195236331
40.56108790553946, 62.070925009963645
40.61061304339726, 62.07573049629419
40.66013818125506, 62.08053598262474
40.70966331911286, 62.08534146895529
40.75918845697066, 62.09014695528583
40.80871359482847, 62.094952441616385
40.85823873268627, 62.09975792794693
40.907763870544066, 62.10456341427748
40.95728900840187, 62.109368900608025
41.00681414625967, 62.11417438693857
41.05633928411747, 62.11897987326912
41.10586442197528, 62.123785359599665
41.155389559833075, 62.12859084593021
41.204914697690874, 62.13339633226076
41.25443983554868, 62.138201818591305
41.30396497340648, 62.14300730492185
41.35349011126428, 62.1478127912524
41.403015249122085, 62.05587026268733
41.452540386979884, 61.91115058659734
41.50206552483769, 61.76643091050732
41.55159066269549, 61.621711234417326
41.60111580055329, 61.476991558327335
41.650640938411094, 61.33227188223732
41.70016607626889, 61.18755220614732
41.74969121412669, 61.04283253005733
41.7992163519845, 60.89811285396732
41.8487414898423, 60.75339317787732
41.898266627700096, 60.60867350178733
41.9477917655579, 60.46395382569732
41.9973169034157, 60.319234149607325
42.0468420412735, 60.17451447351733
42.096367179131306, 60.029794797427314
42.145892316989105, 59.88507512133732
42.19541745484691, 59.7403554452473
42.24494259270471, 59.59563576915731
42.29446773056251, 59.45091609306732
42.343992868420315, 59.30619641697731
42.393518006278114, 59.16147674088731
42.44304314413591, 59.01675706479732
42.49256828199372, 58.872037388707305
42.54209341985152, 58.72731771261731
42.59161855770932, 58.582598036527315
42.64114369556712, 58.4378783604373
42.69066883342492, 58.29315868434731
42.74019397128272, 58.14843900825731
42.78971910914053, 58.0037193321673
42.83924424699833, 57.85899965607731
42.88876938485613, 57.714279979987296
42.93829452271393, 57.5695603038973
42.98781966057173, 57.424840627807306
43.03734479842954, 57.280120951717294
43.086869936287336, 57.135401275627295
43.136395074145135, 56.990681599537304
43.18592021200294, 56.84596192344729
43.23544534986074, 56.7012422473573
43.28497048771854, 56.5565225712673
43.334495625576345, 56.41180289517729
43.384020763434144, 56.2670832190873
43.43354590129194, 56.1223635429973
43.48307103914975, 55.977643866907286
43.53259617700755, 55.832924190817295
43.582121314865354, 55.688204514727275
43.63164645272315, 55.54348483863728
43.68117159058095, 55.39876516254729
43.73069672843876, 55.25404548645728
43.78022186629656, 55.10932581036728
43.829747004154356, 54.96460613427729
43.87927214201216, 54.81988645818728
43.92879727986996, 54.67516678209728
43.97832241772776, 54.53044710600729
44.027847555585566, 54.385727429917274
44.077372693443365, 54.24100775382728
44.126897831301164, 54.096288077737285
44.17642296915897, 53.95156840164727
44.22594810701677, 53.80684872555728
44.275473244874576, 53.66212904946727
44.324998382732375, 53.51740937337727
44.374523520590174, 53.37268969728728
44.42404865844798, 53.227970021197265
44.47357379630578, 53.083250345107274
44.52309893416358, 52.938530669017275
44.572624072021384, 52.79381099292726
44.62214920987918, 52.64909131683727
44.67167434773698, 52.50437164074727
44.72119948559479, 52.35965196465726
44.77072462345259, 52.21493228856727
44.820249761310386, 52.07021261247728
44.86977489916819, 51.92549293638726
44.91930003702599, 51.780773260297266
44.9688251748838, 51.636053584207254
45.018350312741596, 51.491333908117255
45.067875450599395, 51.346614232027264
45.1174005884572, 51.20189455593725
45.166925726315, 51.05717487984725
45.2164508641728, 50.91245520375726
45.265976002030605, 50.76773552766725
45.315501139888404, 50.62301585157726
45.3650262777462, 50.47829617548726
45.41455141560401, 50.333576499397246
45.46407655346181, 50.188856823307255
45.51360169131961, 50.044137147217256
45.56312682917741, 49.899417471127244
45.61265196703521, 49.75469779503725
45.66217710489302, 49.60997811894724
45.71170224275082, 49.46525844285725
45.76122738060862, 49.32053876676725
45.81075251846642, 49.17581909067724
45.86027765632422, 49.031099414587246
45.90980279418202, 48.88637973849725
45.95932793203983, 48.741660062407234
46.008853069897626, 48.59694038631724
46.058378207755425, 48.45222071022725
46.10790334561323, 48.30750103413723
46.15742848347103, 48.16278135804724
46.20695362132883, 48.01806168195725
46.256478759186635, 47.87334200586723
46.306003897044434, 47.72862232977724
46.35552903490224, 47.583902653687225
46.40505417276004, 47.43918297759723
46.45457931061784, 47.294463301507236
46.504104448475644, 47.14974362541722
46.55362958633344, 47.00502394932723
46.60315472419124, 46.86030427323723
46.65267986204905, 46.71558459714722
46.70220499990685, 46.57086492105723
46.751730137764646, 46.42614524496723
46.80125527562245, 46.28142556887722
46.85078041348025, 46.136705892787226
46.90030555133805, 45.99198621669723
46.949830689195856, 45.84726654060722
46.999355827053655, 45.702546864517224
47.04888096491146, 45.55782718842721
47.09840610276926, 45.41310751233722
47.14793124062706, 45.26838783624723
47.197456378484866, 45.12366816015721
47.246981516342665, 44.97894848406722
47.29650665420046, 44.834228807977226
47.34603179205827, 44.689509131887206
47.39555692991607, 44.544789455797215
47.44508206777387, 44.40006977970722
47.494607205631674, 44.255350103617204
47.54413234348947, 44.11063042752721
47.59365748134727, 43.96591075143722
47.64318261920508, 43.8211910753472
47.69270775706288, 43.67647139925721
47.74223289492068, 43.5317517231672
47.79175803277848, 43.3870320470772
47.84128317063628, 43.24231237098721
47.89080830849409, 43.097592694897195
47.940333446351886, 42.9528730188072
47.989858584209685, 42.808153342717205
48.03938372206749, 42.6634336666272
48.08890885992529, 42.5187139905372
48.13843399778309, 42.3739943144472
48.187959135640895, 42.2292746383572
48.237484273498694, 42.0845549622672
48.28700941135649, 41.93983528617721
48.3365345492143, 41.795115610087194
48.3860596870721, 41.650395933997196
48.435584824929904, 41.50567625790718
48.4851099627877, 41.36095658181719
48.5346351006455, 41.2162369057272
48.58416023850331, 41.07151722963718
48.63368537636111, 40.92679755354719
48.683210514218906, 40.7820778774572
48.73273565207671, 40.63735820136718
48.78226078993451, 40.49263852527719
48.83178592779231, 40.347918849187195
48.88131106565012, 40.203199173097175
48.930836203507916, 40.058479497007184
48.980361341365715, 39.91375982091719
49.02988647922352, 39.76904014482717
49.07941161708132, 39.62432046873718
49.128936754939126, 39.47960079264717
49.178461892796925, 39.33488111655718
49.227987030654724, 39.19016144046718
49.27751216851253, 39.045441764377166
49.32703730637033, 38.900722088287175
49.37656244422813, 38.75600241219718
49.426087582085934, 38.61128273610717
49.47561271994373, 38.46656306001717
