Parameters: [49.925256667234905, 24.735588728322163, 13.982927780466284, 41.88376364226457, 3.5474190042563665, 0.14908304323627147, -3.496195583585471]
Points:
0.0, 24.735588728322163
0.04997523189913404, 24.91287181570327
0.09995046379826808, 25.09015490308438
0.1499256956974021, 25.267437990465485
0.19990092759653616, 25.44472107784659
0.2498761594956702, 25.6220041652277
0.2998513913948042, 25.799287252608806
0.34982662329393827, 25.976570339989912
0.3998018551930723, 26.15385342737102
0.4497770870922064, 26.331136514752128
0.4997523189913404, 26.508419602133234
0.5497275508904744, 26.68570268951434
0.5997027827896084, 26.86298577689545
0.6496780146887425, 27.040268864276555
0.6996532465878765, 27.21755195165766
0.7496284784870106, 27.39483503903877
0.7996037103861446, 27.572118126419877
0.8495789422852786, 27.749401213800983
0.8995541741844127, 27.926684301182092
0.9495294060835467, 28.1039673885632
0.9995046379826809, 28.281250475944304
1.0494798698818149, 28.45853356332541
1.0994551017809489, 28.63581665070652
1.1494303336800828, 28.813099738087626
1.1994055655792168, 28.990382825468732
1.249380797478351, 29.16766591284984
1.299356029377485, 29.344949000230947
1.349331261276619, 29.522232087612053
1.399306493175753, 29.69951517499316
1.449281725074887, 29.87679826237427
1.4992569569740213, 30.054081349755375
1.5492321888731553, 30.231364437136484
1.5992074207722893, 30.40864752451759
1.6491826526714233, 30.585930611898696
1.6991578845705573, 30.763213699279802
1.7491331164696915, 30.940496786660912
1.7991083483688255, 31.117779874042018
1.8490835802679595, 31.295062961423127
1.8990588121670935, 31.472346048804233
1.9490340440662275, 31.64962913618534
1.9990092759653617, 31.826912223566445
2.0489845078644957, 32.00419531094755
2.0989597397636297, 32.181478398328665
2.1489349716627637, 32.35876148570977
2.1989102035618977, 32.53604457309088
2.2488854354610317, 32.71332766047198
2.2988606673601657, 32.89061074785309
2.3488358992592997, 33.067893835234194
2.3988111311584337, 33.2451769226153
2.448786363057568, 33.42246000999641
2.498761594956702, 33.59974309737752
2.548736826855836, 33.777026184758626
2.59871205875497, 33.95430927213973
2.648687290654104, 34.13159235952084
2.698662522553238, 34.30887544690194
2.748637754452372, 34.48615853428305
2.798612986351506, 34.66344162166416
2.84858821825064, 34.84072470904527
2.898563450149774, 35.018007796426375
2.9485386820489086, 35.19529088380748
2.9985139139480426, 35.37257397118859
3.0484891458471766, 35.5498570585697
3.0984643777463106, 35.7271401459508
3.1484396096454446, 35.90442323333191
3.1984148415445786, 36.08170632071302
3.2483900734437126, 36.25898940809412
3.2983653053428466, 36.43627249547523
3.3483405372419806, 36.613555582856335
3.3983157691411146, 36.79083867023744
3.4482910010402485, 36.96812175761855
3.498266232939383, 37.14540484499966
3.548241464838517, 37.32268793238077
3.598216696737651, 37.49997101976187
3.648191928636785, 37.67725410714298
3.698167160535919, 37.854537194524084
3.748142392435053, 38.0318202819052
3.798117624334187, 38.209103369286304
3.848092856233321, 38.38638645666741
3.898068088132455, 38.563669544048516
3.948043320031589, 38.74095263142962
3.9980185519307234, 38.918235718810735
4.047993783829857, 39.09551880619183
4.097969015728991, 39.27280189357295
4.147944247628125, 39.450084980954045
4.197919479527259, 39.62736806833516
4.247894711426393, 39.804651155716265
4.297869943325527, 39.98193424309737
4.347845175224662, 40.159217330478484
4.397820407123795, 40.33650041785958
4.44779563902293, 40.513783505240696
4.497770870922063, 40.6910665926218
4.547746102821198, 40.86834968000291
4.597721334720331, 41.045632767384014
4.647696566619466, 41.22291585476512
4.697671798518599, 41.40019894214623
4.747647030417734, 41.57748202952733
4.797622262316867, 41.754765116908445
4.847597494216002, 41.93204820428955
4.897572726115136, 42.10933129167066
4.94754795801427, 42.28661437905176
4.997523189913404, 42.46389746643287
5.047498421812538, 42.64118055381398
5.097473653711672, 42.81846364119509
5.147448885610806, 42.995746728576194
5.19742411750994, 43.1730298159573
5.247399349409074, 43.350312903338406
5.297374581308208, 43.52759599071952
5.347349813207343, 43.70487907810062
5.397325045106476, 43.88216216548173
5.447300277005611, 44.05944525286284
5.497275508904744, 44.23672834024394
5.547250740803879, 44.41401142762505
5.597225972703012, 44.591294515006155
5.647201204602147, 44.76857760238727
5.69717643650128, 44.94586068976837
5.747151668400415, 45.12314377714948
5.797126900299548, 45.30042686453058
5.847102132198683, 45.47770995191169
5.897077364097817, 45.654993039292805
5.947052595996951, 45.832276126673904
5.997027827896085, 46.00955921405502
6.047003059795219, 46.186842301436116
6.096978291694353, 46.36412538881723
6.146953523593487, 46.541408476198335
6.196928755492621, 46.71869156357944
6.246903987391755, 46.89597465096055
6.296879219290889, 47.07325773834165
6.346854451190023, 47.250540825722766
6.396829683089157, 47.427823913103865
6.446804914988292, 47.60510700048498
6.496780146887425, 47.782390087866084
6.5467553787865596, 47.95967317524719
6.596730610685693, 48.136956262628296
6.6467058425848276, 48.3142393500094
6.696681074483961, 48.491522437390515
6.7466563063830955, 48.66880552477162
6.796631538282229, 48.84608861215273
6.8466067701813635, 49.02337169953383
6.896582002080497, 49.20065478691494
6.9465572339796315, 49.37793787429605
6.996532465878766, 49.55522096167715
7.0465076977778995, 49.732504049058264
7.096482929677034, 49.90978713643937
7.1464581615761675, 50.087070223820476
7.196433393475302, 50.26435331120158
7.2464086253744355, 50.44163639858269
7.29638385727357, 50.6189194859638
7.3463590891727035, 50.7962025733449
7.396334321071838, 50.97348566072601
7.4463095529709715, 51.15076874810711
7.496284784870106, 51.328051835488225
7.54626001676924, 51.50533492286934
7.596235248668374, 51.68261801025044
7.646210480567508, 51.85990109763155
7.696185712466642, 52.03718418501265
7.746160944365776, 52.21446727239376
7.79613617626491, 52.39175035977487
7.846111408164044, 52.569033447155974
7.896086640063178, 52.74631653453708
7.946061871962312, 52.923599621918186
7.996037103861447, 53.1008827092993
8.046012335760581, 53.278165796680405
8.095987567659714, 53.45544888406151
8.145962799558848, 53.63273197144262
8.195938031457983, 53.81001505882372
8.245913263357117, 53.987298146204836
8.29588849525625, 54.164581233585935
8.345863727155384, 54.34186432096705
8.395838959054519, 54.519147408348154
8.445814190953653, 54.69643049572926
8.495789422852786, 54.87371358311036
8.54576465475192, 55.05099667049147
8.595739886651055, 55.228279757872585
8.64571511855019, 55.40556284525369
8.695690350449324, 55.5828459326348
8.745665582348456, 55.760129020015896
8.79564081424759, 55.93741210739701
8.845616046146725, 56.11469519477812
8.89559127804586, 56.29197828215922
8.945566509944992, 56.46926136954033
8.995541741844127, 56.64654445692143
9.045516973743261, 56.823827544302546
9.095492205642396, 57.00111063168365
9.14546743754153, 57.178393719064765
9.195442669440663, 57.355676806445864
9.245417901339797, 57.53295989382697
9.295393133238932, 57.71024298120808
9.345368365138066, 57.88752606858919
9.395343597037199, 58.064809155970295
9.445318828936333, 58.2420922433514
9.495294060835468, 58.41937533073251
9.545269292734602, 58.59665841811362
9.595244524633735, 58.77394150549472
9.64521975653287, 58.951224592875825
9.695194988432004, 59.12850768025694
9.745170220331138, 59.305790767638044
9.795145452230273, 59.48307385501915
9.845120684129405, 59.660356942400256
9.89509591602854, 59.83764002978136
9.945071147927674, 60.014923117162475
9.995046379826809, 60.19220620454358
10.045021611725941, 60.36948929192468
10.094996843625076, 60.54677237930579
10.14497207552421, 60.7240554666869
10.194947307423345, 60.90133855406801
10.244922539322479, 61.07862164144912
10.294897771221612, 61.25590472883022
10.344873003120746, 61.43318781621133
10.39484823501988, 61.610470903592436
10.444823466919015, 61.78775399097354
10.494798698818148, 61.96503707835465
10.544773930717282, 62.142320165735754
10.594749162616417, 62.31960325311687
10.644724394515551, 62.49688634049797
10.694699626414685, 62.67416942787908
10.744674858313818, 62.851452515260185
10.794650090212953, 63.02873560264129
10.844625322112087, 63.206018690022404
10.894600554011221, 63.38330177740351
10.944575785910354, 63.56058486478461
10.994551017809489, 63.73786795216572
11.044526249708623, 63.91515103954683
11.094501481607757, 64.09243412692794
11.14447671350689, 64.26971721430904
11.194451945406025, 64.44700030169014
11.244427177305159, 64.62428338907125
11.294402409204293, 64.80156647645236
11.344377641103428, 64.97884956383348
11.39435287300256, 65.15613265121458
11.444328104901695, 65.33341573859568
11.49430333680083, 65.51069882597679
11.544278568699964, 65.6879819133579
11.594253800599096, 65.865265000739
11.644229032498231, 66.04254808812011
11.694204264397365, 66.21983117550121
11.7441794962965, 66.39711426288233
11.794154728195634, 66.57439735026344
11.844129960094767, 66.75168043764454
11.894105191993901, 66.92896352502565
11.944080423893036, 67.10624661240675
11.99405565579217, 67.28352969978786
12.044030887691303, 67.46081278716898
12.094006119590437, 67.63809587455007
12.143981351489572, 67.81537896193117
12.193956583388706, 67.99266204931229
12.243931815287839, 68.1699451366934
12.293907047186973, 68.34722822407451
12.343882279086108, 68.52451131145561
12.393857510985242, 68.70179439883671
12.443832742884377, 68.87907748621782
12.49380797478351, 69.05636057359894
12.543783206682644, 69.23364366098004
12.593758438581778, 69.41092674836115
12.643733670480913, 69.58820983574225
12.693708902380045, 69.76549292312336
12.74368413427918, 69.94277601050447
12.793659366178314, 70.12005909788557
12.843634598077449, 70.29734218526669
12.893609829976583, 70.47462527264778
12.943585061875716, 70.6519083600289
12.99356029377485, 70.82919144741001
13.043535525673985, 71.00647453479111
13.093510757573119, 71.18375762217222
13.143485989472252, 71.36104070955332
13.193461221371386, 71.53832379693443
13.24343645327052, 71.71560688431555
13.293411685169655, 71.89288997169665
13.34338691706879, 72.07017305907775
13.393362148967922, 72.24745614645886
13.443337380867057, 72.42473923383997
13.493312612766191, 72.60202232122109
13.543287844665326, 72.77930540860218
13.593263076564458, 72.95658849598328
13.643238308463593, 73.1338715833644
13.693213540362727, 73.31115467074551
13.743188772261862, 73.48843775812662
13.793164004160994, 73.6657208455077
13.843139236060129, 73.84300393288882
13.893114467959263, 74.02028702026993
13.943089699858398, 74.19757010765105
13.993064931757532, 74.3404037492568
14.043040163656665, 74.34785420891475
14.093015395555799, 74.35530466857271
14.142990627454934, 74.36275512823067
14.192965859354068, 74.37020558788863
14.2429410912532, 74.37765604754661
14.292916323152335, 74.38510650720457
14.34289155505147, 74.39255696686253
14.392866786950604, 74.40000742652049
14.442842018849738, 74.40745788617845
14.492817250748871, 74.41490834583641
14.542792482648006, 74.42235880549437
14.59276771454714, 74.42980926515233
14.642742946446274, 74.43725972481029
14.692718178345407, 74.44471018446825
14.742693410244541, 74.45216064412621
14.792668642143676, 74.45961110378417
14.84264387404281, 74.46706156344214
14.892619105941943, 74.4745120231001
14.942594337841077, 74.48196248275806
14.992569569740212, 74.48941294241602
15.042544801639346, 74.49686340207398
15.09252003353848, 74.50431386173194
15.142495265437613, 74.5117643213899
15.192470497336748, 74.51921478104786
15.242445729235882, 74.52666524070582
15.292420961135017, 74.53411570036378
15.34239619303415, 74.54156616002174
15.392371424933284, 74.5490166196797
15.442346656832418, 74.55646707933768
15.492321888731553, 74.56391753899564
15.542297120630687, 74.5713679986536
15.59227235252982, 74.57881845831156
15.642247584428954, 74.58626891796952
15.692222816328089, 74.59371937762748
15.742198048227223, 74.60116983728544
15.792173280126356, 74.6086202969434
15.84214851202549, 74.61607075660136
15.892123743924625, 74.62352121625932
15.94209897582376, 74.63097167591728
15.992074207722894, 74.63842213557524
16.042049439622026, 74.64587259523321
16.092024671521163, 74.65332305489117
16.141999903420295, 74.66077351454913
16.191975135319428, 74.6682239742071
16.241950367218564, 74.67567443386505
16.291925599117697, 74.68312489352301
16.34190083101683, 74.69057535318098
16.391876062915966, 74.69802581283894
16.4418512948151, 74.7054762724969
16.491826526714235, 74.71292673215486
16.541801758613367, 74.72037719181282
16.5917769905125, 74.72782765147078
16.641752222411636, 74.73527811112875
16.69172745431077, 74.74272857078671
16.741702686209905, 74.75017903044467
16.791677918109038, 74.75762949010263
16.84165315000817, 74.76507994976059
16.891628381907307, 74.77253040941855
16.94160361380644, 74.77998086907651
16.991578845705572, 74.78743132873447
17.041554077604708, 74.79488178839243
17.09152930950384, 74.80233224805039
17.141504541402977, 74.80978270770835
17.19147977330211, 74.81723316736631
17.241455005201242, 74.82468362702429
17.29143023710038, 74.83213408668225
17.34140546899951, 74.8395845463402
17.391380700898647, 74.84703500599817
17.44135593279778, 74.85448546565613
17.491331164696913, 74.86193592531409
17.54130639659605, 74.86938638497205
17.59128162849518, 74.87683684463
17.641256860394318, 74.88428730428797
17.69123209229345, 74.89173776394593
17.741207324192583, 74.89918822360389
17.79118255609172, 74.90663868326186
17.841157787990852, 74.91408914291982
17.891133019889985, 74.92153960257778
17.94110825178912, 74.92899006223574
17.991083483688254, 74.9364405218937
18.04105871558739, 74.94389098155166
18.091033947486522, 74.95134144120962
18.141009179385655, 74.95879190086758
18.19098441128479, 74.96624236052554
18.240959643183924, 74.9736928201835
18.29093487508306, 74.98114327984146
18.340910106982193, 74.98859373949942
18.390885338881326, 74.99604419915738
18.440860570780462, 75.00349465881536
18.490835802679594, 75.01094511847332
18.540811034578727, 75.01839557813128
18.590786266477863, 75.02584603778924
18.640761498376996, 75.0332964974472
18.690736730276132, 75.04074695710516
18.740711962175265, 75.04819741676312
18.790687194074398, 75.05564787642108
18.840662425973534, 75.06309833607904
18.890637657872666, 75.070548795737
18.940612889771803, 75.07799925539496
18.990588121670935, 75.08544971505293
19.040563353570068, 75.09290017471089
19.090538585469204, 75.10035063436885
19.140513817368337, 75.10780109402681
19.19048904926747, 75.11525155368477
19.240464281166606, 75.12270201334273
19.29043951306574, 75.13015247300069
19.340414744964875, 75.13760293265865
19.390389976864007, 75.14505339231661
19.44036520876314, 75.15250385197457
19.490340440662276, 75.15995431163253
19.54031567256141, 75.16740477129049
19.590290904460545, 75.17485523094847
19.640266136359678, 75.18230569060643
19.69024136825881, 75.18975615026439
19.740216600157947, 75.19720660992235
19.79019183205708, 75.2046570695803
19.840167063956216, 75.21210752923827
19.890142295855348, 75.21955798889623
19.94011752775448, 75.22700844855419
19.990092759653617, 75.23445890821215
20.04006799155275, 75.24190936787011
20.090043223451882, 75.24935982752807
20.14001845535102, 75.25681028718603
20.18999368725015, 75.264260746844
20.239968919149288, 75.27171120650196
20.28994415104842, 75.27916166615992
20.339919382947553, 75.28661212581788
20.38989461484669, 75.29406258547584
20.43986984674582, 75.3015130451338
20.489845078644958, 75.30896350479176
20.53982031054409, 75.31641396444972
20.589795542443223, 75.32386442410768
20.63977077434236, 75.33131488376564
20.689746006241492, 75.3387653434236
20.739721238140625, 75.34621580308156
20.78969647003976, 75.35366626273954
20.839671701938894, 75.3611167223975
20.88964693383803, 75.36856718205546
20.939622165737163, 75.37601764171342
20.989597397636295, 75.38346810137138
21.03957262953543, 75.39091856102934
21.089547861434564, 75.3983690206873
21.1395230933337, 75.40581948034526
21.189498325232833, 75.41326994000322
21.239473557131966, 75.42072039966118
21.289448789031102, 75.42817085931914
21.339424020930235, 75.4356213189771
21.38939925282937, 75.44307177863507
21.439374484728503, 75.45052223829303
21.489349716627636, 75.45797269795099
21.539324948526772, 75.46542315760895
21.589300180425905, 75.47287361726691
21.639275412325038, 75.48032407692487
21.689250644224174, 75.48777453658283
21.739225876123307, 75.4952249962408
21.789201108022443, 75.50267545589875
21.839176339921575, 75.51012591555671
21.889151571820708, 75.51757637521467
21.939126803719844, 75.52502683487265
21.989102035618977, 75.53247729453061
22.039077267518113, 75.53992775418857
22.089052499417246, 75.54737821384653
22.13902773131638, 75.55482867350449
22.189002963215515, 75.56227913316245
22.238978195114647, 75.56972959282041
22.28895342701378, 75.57718005247837
22.338928658912916, 75.58463051213633
22.38890389081205, 75.59208097179429
22.438879122711185, 75.59953143145225
22.488854354610318, 75.60698189111021
22.53882958650945, 75.61443235076817
22.588804818408587, 75.62188281042614
22.63878005030772, 75.6293332700841
22.688755282206856, 75.63678372974206
22.73873051410599, 75.64423418940002
22.78870574600512, 75.65168464905798
22.838680977904257, 75.65913510871594
22.88865620980339, 75.6665855683739
22.938631441702526, 75.67403602803186
22.98860667360166, 75.68148648768982
23.03858190550079, 75.68893694734778
23.088557137399928, 75.69638740700574
23.13853236929906, 75.70383786666372
23.188507601198193, 75.71128832632168
23.23848283309733, 75.71873878597964
23.288458064996462, 75.7261892456376
23.338433296895598, 75.73363970529556
23.38840852879473, 75.74109016495352
23.438383760693863, 75.74854062461148
23.488358992593, 75.75599108426944
23.538334224492132, 75.7634415439274
23.58830945639127, 75.77089200358536
23.6382846882904, 75.77834246324332
23.688259920189534, 75.78579292290128
23.73823515208867, 75.79324338255925
23.788210383987803, 75.80069384221721
23.838185615886935, 75.80814430187517
23.88816084778607, 75.81559476153313
23.938136079685204, 75.8230452211911
23.98811131158434, 75.83049568084905
24.038086543483473, 75.83794614050701
24.088061775382606, 75.84539660016497
24.138037007281742, 75.85284705982293
24.188012239180875, 75.8602975194809
24.23798747108001, 75.86774797913885
24.287962702979144, 75.87519843879682
24.337937934878276, 75.88264889845479
24.387913166777412, 75.89009935811275
24.437888398676545, 75.89754981777071
24.487863630575678, 75.90500027742867
24.537838862474814, 75.91245073708663
24.587814094373947, 75.91990119674459
24.637789326273083, 75.92735165640255
24.687764558172216, 75.93480211606051
24.73773979007135, 75.94225257571847
24.787715021970484, 75.94970303537643
24.837690253869617, 75.95715349503439
24.887665485768753, 75.96460395469235
24.937640717667886, 75.97205441435032
24.98761594956702, 75.97950487400828
25.037591181466155, 75.98695533366624
25.087566413365288, 75.9944057933242
25.137541645264424, 76.00185625298217
25.187516877163556, 76.00930671264013
25.23749210906269, 76.01675717229809
25.287467340961825, 76.02420763195605
25.337442572860958, 76.031658091614
25.38741780476009, 76.03910855127197
25.437393036659227, 76.04655901092993
25.48736826855836, 76.05400947058789
25.537343500457496, 76.06145993024586
25.58731873235663, 76.06891038990382
25.63729396425576, 76.07636084956178
25.687269196154897, 76.08381130921974
25.73724442805403, 76.0912617688777
25.787219659953166, 76.09871222853566
25.8371948918523, 76.10616268819362
25.88717012375143, 76.11361314785158
25.937145355650568, 76.12106360750954
25.9871205875497, 76.1285140671675
26.037095819448833, 76.13596452682546
26.08707105134797, 76.14341498648344
26.137046283247102, 76.1508654461414
26.187021515146238, 76.15831590579936
26.23699674704537, 76.16576636545732
26.286971978944504, 76.17321682511528
26.33694721084364, 76.18066728477324
26.386922442742772, 76.1881177444312
26.43689767464191, 76.19556820408916
26.48687290654104, 76.20301866374712
26.536848138440174, 76.21046912340508
26.58682337033931, 76.21791958306304
26.636798602238443, 76.225370042721
26.68677383413758, 76.23282050237897
26.73674906603671, 76.24027096203693
26.786724297935844, 76.24772142169489
26.83669952983498, 76.25517188135285
26.886674761734113, 76.26262234101081
26.936649993633246, 76.27007280066877
26.986625225532382, 76.27752326032673
27.036600457431515, 76.28497371998469
27.08657568933065, 76.29242417964265
27.136550921229784, 76.29987463930061
27.186526153128916, 76.30732509895857
27.236501385028053, 76.31477555861653
27.286476616927185, 76.3222260182745
27.33645184882632, 76.32967647793247
27.386427080725454, 76.33712693759043
27.436402312624587, 76.34457739724839
27.486377544523723, 76.35202785690635
27.536352776422856, 76.3594783165643
27.58632800832199, 76.36692877622227
27.636303240221125, 76.37437923588023
27.686278472120257, 76.38182969553819
27.736253704019393, 76.38928015519615
27.786228935918526, 76.3967306148541
27.83620416781766, 76.40418107451207
27.886179399716795, 76.41163153417004
27.936154631615928, 76.419081993828
27.986129863515064, 76.42653245348596
28.036105095414197, 76.43398291314392
28.08608032731333, 76.44143337280188
28.136055559212465, 76.44888383245984
28.186030791111598, 76.4563342921178
28.23600602301073, 76.46378475177576
28.285981254909867, 76.47123521143372
28.335956486809, 76.47868567109168
28.385931718708136, 76.48613613074964
28.43590695060727, 76.4935865904076
28.4858821825064, 76.50103705006558
28.535857414405537, 76.50848750972354
28.58583264630467, 76.5159379693815
28.635807878203806, 76.52338842903946
28.68578311010294, 76.53083888869742
28.73575834200207, 76.53828934835538
28.785733573901208, 76.54573980801334
28.83570880580034, 76.5531902676713
28.885684037699477, 76.56064072732926
28.93565926959861, 76.56809118698722
28.985634501497742, 76.57554164664518
29.03560973339688, 76.58299210630314
29.08558496529601, 76.59044256596111
29.135560197195144, 76.59789302561907
29.18553542909428, 76.60534348527703
29.235510660993413, 76.61279394493499
29.28548589289255, 76.62024440459295
29.33546112479168, 76.62769486425091
29.385436356690814, 76.63514532390887
29.43541158858995, 76.64259578356683
29.485386820489083, 76.65004624322479
29.53536205238822, 76.65749670288275
29.585337284287352, 76.66494716254071
29.635312516186485, 76.67239762219867
29.68528774808562, 76.67984808185665
29.735262979984753, 76.68729854151461
29.785238211883886, 76.69474900117257
29.835213443783022, 76.70219946083053
29.885188675682155, 76.70964992048849
29.93516390758129, 76.71710038014645
29.985139139480424, 76.72455083980441
30.035114371379557, 76.73200129946237
30.085089603278693, 76.73945175912033
30.135064835177825, 76.74690221877829
30.18504006707696, 76.75435267843625
30.235015298976094, 76.76180313809422
30.284990530875227, 76.76925359775218
30.334965762774363, 76.77670405741014
30.384940994673496, 76.7841545170681
30.434916226572632, 76.79160497672606
30.484891458471765, 76.79905543638402
30.534866690370897, 76.80650589604198
30.584841922270034, 76.81395635569994
30.634817154169166, 76.8214068153579
30.6847923860683, 76.82885727501586
30.734767617967435, 76.83630773467382
30.784742849866568, 76.84375819433178
30.834718081765704, 76.85120865398976
30.884693313664837, 76.85865911364772
30.93466854556397, 76.86610957330568
30.984643777463106, 76.87356003296364
31.03461900936224, 76.8810104926216
31.084594241261374, 76.88846095227956
31.134569473160507, 76.89591141193752
31.18454470505964, 76.90336187159548
31.234519936958776, 76.91081233125344
31.28449516885791, 76.9182627909114
31.33447040075704, 76.92571325056936
31.384445632656178, 76.93316371022732
31.43442086455531, 76.9406141698853
31.484396096454446, 76.94806462954325
31.53437132835358, 76.95551508920121
31.584346560252712, 76.96296554885917
31.634321792151848, 76.97041600851713
31.68429702405098, 76.9778664681751
31.734272255950117, 76.98531692783305
31.78424748784925, 76.99276738749101
31.834222719748382, 77.00021784714897
31.88419795164752, 77.00766830680693
31.93417318354665, 77.0151187664649
31.984148415445787, 77.02256922612285
32.03412364734492, 77.03001968578083
32.08409887924405, 77.03747014543879
32.134074111143185, 77.04492060509675
32.184049343042325, 77.05237106475471
32.23402457494146, 77.05982152441267
32.28399980684059, 77.06727198407063
32.33397503873972, 77.07472244372859
32.383950270638856, 77.08217290338655
32.43392550253799, 77.08962336304451
32.48390073443713, 77.09707382270247
32.53387596633626, 77.10452428236043
32.583851198235394, 77.11197474201839
32.633826430134526, 77.11942520167636
32.68380166203366, 77.12687566133432
32.7337768939328, 77.13432612099228
32.78375212583193, 77.14177658065024
32.833727357731064, 77.1492270403082
32.8837025896302, 77.15667749996616
32.93367782152933, 77.16412795962412
32.98365305342847, 77.17157841928208
33.0336282853276, 77.17902887894004
33.083603517226734, 77.186479338598
33.13357874912587, 77.19392979825597
33.183553981025, 77.20138025791393
33.23352921292414, 77.2088307175719
33.28350444482327, 77.21628117722986
33.333479676722405, 77.22373163688782
33.38345490862154, 77.23118209654578
33.43343014052067, 77.23863255620374
33.48340537241981, 77.2460830158617
33.53338060431894, 77.25353347551966
33.583355836218075, 77.26098393517762
33.63333106811721, 77.26843439483558
33.68330630001634, 77.27588485449354
33.73328153191548, 77.2833353141515
33.78325676381461, 77.29078577380946
33.833231995713746, 77.29823623346743
33.88320722761288, 77.3056866931254
33.93318245951201, 77.31313715278336
33.983157691411144, 77.32058761244132
34.03313292331028, 77.32803807209928
34.083108155209416, 77.33548853175724
34.13308338710855, 77.3429389914152
34.18305861900768, 77.35038945107316
34.233033850906814, 77.35783991073112
34.283009082805954, 77.36529037038908
34.33298431470509, 77.37274083004704
34.38295954660422, 77.380191289705
34.43293477850335, 77.38764174936297
34.482910010402485, 77.39509220902093
34.532885242301624, 77.40254266867889
34.58286047420076, 77.40999312833685
34.63283570609989, 77.41744358799481
34.68281093799902, 77.42489404765277
34.732786169898155, 77.43234450731073
34.782761401797295, 77.43979496696869
34.83273663369643, 77.44724542662665
34.88271186559556, 77.45469588628461
34.93268709749469, 77.46214634594257
34.982662329393825, 77.46959680560053
35.032637561292965, 77.4770472652585
35.0826127931921, 77.48449772491647
35.13258802509123, 77.49194818457443
35.18256325699036, 77.49939864423239
35.232538488889496, 77.50684910389035
35.282513720788636, 77.5142995635483
35.33248895268777, 77.52175002320627
35.3824641845869, 77.52920048286423
35.432439416486034, 77.53665094252219
35.482414648385166, 77.54410140218015
35.5323898802843, 77.5515518618381
35.58236511218344, 77.55900232149608
35.63234034408257, 77.56645278115404
35.682315575981704, 77.573903240812
35.73229080788084, 77.58135370046996
35.78226603977997, 77.58880416012792
35.83224127167911, 77.59625461978588
35.88221650357824, 77.60370507944384
35.932191735477375, 77.6111555391018
35.98216696737651, 77.61860599875976
36.03214219927564, 77.62605645841772
36.08211743117478, 77.63350691807568
36.13209266307391, 77.64095737773364
36.182067894973045, 77.64840783739162
36.23204312687218, 77.65585829704958
36.28201835877131, 77.66330875670754
36.33199359067045, 77.6707592163655
36.38196882256958, 77.67820967602346
36.431944054468715, 77.68566013568142
36.48191928636785, 77.69311059533938
36.53189451826698, 77.70056105499734
36.58186975016612, 77.7080115146553
36.63184498206525, 77.71546197431326
36.681820213964386, 77.72291243397122
36.73179544586352, 77.73036289362918
36.78177067776265, 77.73781335328715
36.83174590966179, 77.74526381294511
36.881721141560924, 77.75271427260307
36.931696373460056, 77.76016473226103
36.98167160535919, 77.76761519191899
37.03164683725832, 77.77506565157695
37.081622069157454, 77.78251611123491
37.131597301056594, 77.78996657089287
37.18157253295573, 77.79741703055083
37.23154776485486, 77.80486749020879
37.28152299675399, 77.81231794986675
37.331498228653125, 77.81976840952471
37.381473460552264, 77.82721886918269
37.4314486924514, 77.83466932884065
37.48142392435053, 77.84211978849861
37.53139915624966, 77.84957024815657
37.581374388148795, 77.85702070781453
37.631349620047935, 77.86447116747249
37.68132485194707, 77.87192162713045
37.7313000838462, 77.87937208678841
37.78127531574533, 77.88682254644637
37.831250547644466, 77.89427300610433
37.881225779543605, 77.90172346576229
37.93120101144274, 77.90917392542025
37.98117624334187, 77.91662438507822
38.031151475241, 77.92407484473618
38.081126707140136, 77.93152530439414
38.131101939039276, 77.9389757640521
38.18107717093841, 77.94642622371006
38.23105240283754, 77.95387668336802
38.281027634736674, 77.96132714302598
38.33100286663581, 77.96877760268394
38.38097809853494, 77.9762280623419
38.43095333043408, 77.98367852199986
38.48092856233321, 77.99112898165782
38.530903794232344, 77.99857944131578
38.58087902613148, 78.00602990097376
38.63085425803061, 78.01348036063172
38.68082948992975, 78.02093082028968
38.73080472182888, 78.02838127994764
38.780779953728015, 78.0358317396056
38.83075518562715, 78.04328219926356
38.88073041752628, 78.05073265892152
38.93070564942542, 78.05818311857948
38.98068088132455, 78.06563357823744
39.030656113223685, 78.0730840378954
39.08063134512282, 78.08053449755336
39.13060657702195, 78.08798495721132
39.18058180892109, 78.0954354168693
39.23055704082022, 78.10288587652725
39.280532272719356, 78.11033633618521
39.33050750461849, 78.11778679584317
39.38048273651762, 78.12523725550113
39.43045796841676, 78.1326877151591
39.48043320031589, 78.14013817481705
39.530408432215026, 78.14758863447501
39.58038366411416, 78.15503909413297
39.63035889601329, 78.16248955379093
39.68033412791243, 78.1699400134489
39.730309359811564, 78.17739047310687
39.780284591710696, 78.18484093276483
39.83025982360983, 78.19229139242279
39.88023505550896, 78.19974185208075
39.930210287408094, 78.20719231173871
39.980185519307234, 78.21464277139667
40.03016075120637, 78.22209323105463
40.0801359831055, 78.22954369071259
40.13011121500463, 78.23699415037055
40.180086446903765, 78.24444461002851
40.230061678802905, 78.25189506968647
40.28003691070204, 78.25934552934443
40.33001214260117, 78.26679598900239
40.3799873745003, 78.27424644866036
40.429962606399435, 78.28169690831832
40.479937838298575, 78.28914736797628
40.52991307019771, 78.29659782763424
40.57988830209684, 78.3040482872922
40.62986353399597, 78.31149874695016
40.679838765895106, 78.31894920660812
40.729813997794245, 78.32639966626608
40.77978922969338, 78.33385012592404
40.82976446159251, 78.341300585582
40.87973969349164, 78.34875104523996
40.929714925390776, 78.35620150489794
40.979690157289916, 78.3636519645559
41.02966538918905, 78.37110242421386
41.07964062108818, 78.37855288387182
41.129615852987314, 78.38600334352978
41.17959108488645, 78.39345380318774
41.229566316785586, 78.4009042628457
41.27954154868472, 78.40835472250366
41.32951678058385, 78.41580518216162
41.379492012482984, 78.42325564181958
41.42946724438212, 78.43070610147754
41.47944247628125, 78.4381565611355
41.52941770818039, 78.44560702079347
41.57939294007952, 78.45305748045143
41.629368171978655, 78.4605079401094
41.67934340387779, 78.46795839976735
41.72931863577692, 78.47540885942531
41.77929386767606, 78.48285931908327
41.82926909957519, 78.49030977874123
41.879244331474325, 78.4977602383992
41.92921956337346, 78.33951120037644
41.97919479527259, 78.16478801532203
42.02917002717173, 77.9900648302676
42.07914525907086, 77.8153416452132
42.129120490969996, 77.64061846015878
42.17909572286913, 77.46589527510437
42.22907095476826, 77.29117209004997
42.2790461866674, 77.11644890499554
42.32902141856653, 76.94172571994113
42.378996650465666, 76.76700253488671
42.4289718823648, 76.59227934983231
42.47894711426393, 76.4175561647779
42.52892234616307, 76.24283297972347
42.578897578062204, 76.06810979466907
42.62887280996134, 75.89338660961465
42.67884804186047, 75.71866342456025
42.7288232737596, 75.54394023950584
42.77879850565874, 75.36921705445141
42.828773737557874, 75.19449386939701
42.87874896945701, 75.01977068434259
42.92872420135614, 74.84504749928819
42.97869943325527, 74.67032431423378
43.028674665154405, 74.49560112917938
43.078649897053545, 74.32087794412494
43.12862512895268, 74.14615475907054
43.17860036085181, 73.97143157401612
43.22857559275094, 73.79670838896172
43.278550824650075, 73.62198520390731
43.328526056549215, 73.44726201885288
43.37850128844835, 73.27253883379848
43.42847652034748, 73.09781564874406
43.47845175224661, 72.92309246368966
43.528426984145746, 72.74836927863525
43.578402216044886, 72.57364609358082
43.62837744794402, 72.39892290852642
43.67835267984315, 72.224199723472
43.728327911742284, 72.0494765384176
43.778303143641416, 71.87475335336319
43.828278375540556, 71.70003016830876
43.87825360743969, 71.52530698325435
43.92822883933882, 71.35058379819995
43.978204071237954, 71.17586061314553
44.02817930313709, 71.00113742809113
44.07815453503623, 70.8264142430367
44.12812976693536, 70.65169105798229
44.17810499883449, 70.47696787292787
44.228080230733624, 70.30224468787347
44.27805546263276, 70.12752150281906
44.3280306945319, 69.95279831776463
44.37800592643103, 69.77807513271023
44.42798115833016, 69.60335194765582
44.477956390229295, 69.4286287626014
44.52793162212843, 69.253905577547
44.57790685402756, 69.0791823924926
44.6278820859267, 68.90445920743817
44.67785731782583, 68.72973602238376
44.727832549724965, 68.55501283732934
44.7778077816241, 68.38028965227494
44.82778301352323, 68.20556646722054
44.87775824542237, 68.0308432821661
44.9277334773215, 67.8561200971117
44.977708709220636, 67.6813969120573
45.02768394111977, 67.50667372700288
45.0776591730189, 67.33195054194847
45.12763440491804, 67.15722735689404
45.177609636817174, 66.98250417183964
45.227584868716306, 66.80778098678522
45.27756010061544, 66.63305780173081
45.32753533251457, 66.45833461667641
45.37751056441371, 66.28361143162198
45.427485796312844, 66.10888824656757
45.47746102821198, 65.93416506151317
45.52743626011111, 65.75944187645875
45.57741149201024, 65.58471869140435
45.62738672390938, 65.40999550634992
45.677361955808514, 65.23527232129551
45.72733718770765, 65.06054913624111
45.77731241960678, 64.88582595118669
45.82728765150591, 64.71110276613229
45.87726288340505, 64.53637958107785
45.927238115304185, 64.36165639602345
45.97721334720332, 64.18693321096904
46.02718857910245, 64.01221002591464
46.07716381100158, 63.83748684086022
46.127139042900716, 63.66276365580582
46.177114274799855, 63.488040470751386
46.22708950669899, 63.31331728569698
46.27706473859812, 63.13859410064257
46.32703997049725, 62.96387091558817
46.377015202396386, 62.789147730533756
46.426990434295526, 62.614424545479324
46.47696566619466, 62.43970136042492
46.52694089809379, 62.264978175370516
46.576916129992924, 62.090254990316105
46.626891361892056, 61.91553180526169
46.676866593791196, 61.74080862020726
46.72684182569033, 61.56608543515286
46.77681705758946, 61.39136225009845
46.826792289488594, 61.21663906504404
46.87676752138773, 61.04191587998963
46.92674275328687, 60.8671926949352
46.976717985186, 60.692469509880794
47.02669321708513, 60.51774632482639
47.076668448984265, 60.34302313977198
47.1266436808834, 60.16829995471757
47.17661891278254, 59.993576769663136
47.22659414468167, 59.81885358460873
47.2765693765808, 59.64413039955433
47.326544608479935, 59.46940721449992
47.37651984037907, 59.294684029445506
47.4264950722782, 59.1199608443911
47.47647030417734, 58.94523765933667
47.52644553607647, 58.770514474282265
47.576420767975605, 58.59579128922786
47.62639599987474, 58.42106810417345
47.67637123177387, 58.24634491911904
47.72634646367301, 58.07162173406461
47.77632169557214, 57.8968985490102
47.826296927471276, 57.7221753639558
47.87627215937041, 57.54745217890139
47.92624739126954, 57.37272899384698
47.97622262316868, 57.198005808792544
48.026197855067814, 57.02328262373814
48.076173086966946, 56.848559438683736
48.12614831886608, 56.673836253629325
48.17612355076521, 56.499113068574914
48.22609878266435, 56.32438988352048
48.276074014563484, 56.14966669846608
48.32604924646262, 55.974943513411674
48.37602447836175, 55.80022032835726
48.42599971026088, 55.62549714330285
48.47597494216002, 55.45077395824842
48.525950174059155, 55.276050773194015
48.57592540595829, 55.10132758813961
48.62590063785742, 54.92660440308521
48.67587586975655, 54.751881218030796
48.72585110165569, 54.577158032976364
48.775826333554825, 54.40243484792195
48.82580156545396, 54.22771166286755
48.87577679735309, 54.052988477813145
48.92575202925222, 53.87826529275873
48.975727261151356, 53.70354210770432
49.025702493050495, 53.52881892264989
49.07567772494963, 53.354095737595486
49.12565295684876, 53.17937255254108
49.17562818874789, 53.00464936748667
49.225603420647026, 52.82992618243226
49.275578652546166, 52.65520299737783
49.3255538844453, 52.48047981232342
49.37552911634443, 52.30575662726902
49.425504348243564, 52.13103344221461
49.4754795801427, 51.9563102571602
49.525454812041836, 51.781587072105765
49.57543004394097, 51.60686388705136
49.6254052758401, 51.43214070199696
49.675380507739234, 51.25741751694255
49.72535573963837, 51.08269433188814
49.77533097153751, 50.90797114683371
49.82530620343664, 50.7332479617793
49.87528143533577, 50.558524776724894
49.925256667234905, 50.38380159167049
