Parameters: [54.82944304118958, 21.56474264946852, 9.751927655302037, 44.40851774975377, 4.005009868624285, 0.06654860318666633, -2.7470444036113695]
Points:
0.0, 21.56474264946852
0.05488432736855814, 21.7845549222124
0.10976865473711628, 22.004367194956284
0.16465298210567442, 22.224179467700164
0.21953730947423256, 22.443991740444044
0.2744216368427907, 22.663804013187928
0.32930596421134883, 22.883616285931808
0.384190291579907, 23.103428558675688
0.4390746189484651, 23.32324083141957
0.49395894631702325, 23.54305310416345
0.5488432736855814, 23.762865376907335
0.6037276010541395, 23.982677649651215
0.6586119284226977, 24.202489922395095
0.7134962557912559, 24.422302195138975
0.768380583159814, 24.64211446788286
0.823264910528372, 24.86192674062674
0.8781492378969302, 25.081739013370623
0.9330335652654884, 25.301551286114503
0.9879178926340465, 25.521363558858383
1.0428022200026046, 25.741175831602263
1.0976865473711628, 25.960988104346146
1.152570874739721, 26.180800377090026
1.207455202108279, 26.40061264983391
1.2623395294768371, 26.62042492257779
1.3172238568453953, 26.84023719532167
1.3721081842139535, 27.060049468065554
1.4269925115825117, 27.279861740809434
1.4818768389510697, 27.499674013553314
1.536761166319628, 27.719486286297197
1.591645493688186, 27.939298559041077
1.646529821056744, 28.159110831784957
1.7014141484253023, 28.37892310452884
1.7562984757938604, 28.59873537727272
1.8111828031624186, 28.818547650016605
1.8660671305309768, 29.038359922760485
1.9209514578995348, 29.258172195504365
1.975835785268093, 29.477984468248245
2.030720112636651, 29.69779674099213
2.085604440005209, 29.91760901373601
2.1404887673737676, 30.137421286479892
2.1953730947423256, 30.357233559223772
2.2502574221108835, 30.577045831967652
2.305141749479442, 30.796858104711532
2.360026076848, 31.016670377455416
2.414910404216558, 31.236482650199296
2.4697947315851163, 31.45629492294318
2.5246790589536743, 31.67610719568706
2.5795633863222327, 31.89591946843094
2.6344477136907907, 32.11573174117482
2.6893320410593486, 32.3355440139187
2.744216368427907, 32.55535628666259
2.799100695796465, 32.77516855940647
2.8539850231650234, 32.99498083215035
2.9088693505335814, 33.21479310489423
2.9637536779021394, 33.43460537763811
3.018638005270698, 33.65441765038199
3.073522332639256, 33.874229923125874
3.1284066600078138, 34.094042195869754
3.183290987376372, 34.313854468613634
3.23817531474493, 34.533666741357514
3.293059642113488, 34.753479014101394
3.3479439694820465, 34.97329128684528
3.4028282968506045, 35.19310355958916
3.457712624219163, 35.41291583233304
3.512596951587721, 35.63272810507692
3.567481278956279, 35.8525403778208
3.6223656063248373, 36.07235265056468
3.6772499336933953, 36.29216492330856
3.7321342610619537, 36.51197719605245
3.7870185884305116, 36.73178946879633
3.8419029157990696, 36.95160174154021
3.896787243167628, 37.17141401428409
3.951671570536186, 37.391226287027976
4.006555897904744, 37.611038559771856
4.061440225273302, 37.830850832515736
4.116324552641861, 38.050663105259616
4.171208880010418, 38.270475378003496
4.226093207378977, 38.490287650747376
4.280977534747535, 38.710099923491256
4.335861862116093, 38.929912196235136
4.390746189484651, 39.149724468979024
4.4456305168532095, 39.369536741722904
4.500514844221767, 39.589349014466784
4.5553991715903255, 39.80916128721067
4.610283498958884, 40.02897355995455
4.665167826327441, 40.24878583269843
4.720052153696, 40.46859810544231
4.774936481064558, 40.68841037818619
4.829820808433116, 40.90822265093007
4.884705135801674, 41.12803492367395
4.939589463170233, 41.34784719641783
4.994473790538791, 41.56765946916172
5.049358117907349, 41.78747174190559
5.104242445275907, 42.00728401464948
5.159126772644465, 42.227096287393366
5.214011100013023, 42.44690856013724
5.268895427381581, 42.666720832881126
5.32377975475014, 42.886533105625006
5.378664082118697, 43.106345378368886
5.433548409487256, 43.326157651112766
5.488432736855814, 43.545969923856646
5.543317064224372, 43.765782196600526
5.59820139159293, 43.985594469344406
5.6530857189614885, 44.20540674208829
5.707970046330047, 44.42521901483217
5.762854373698604, 44.64503128757605
5.817738701067163, 44.86484356031994
5.872623028435721, 45.08465583306382
5.927507355804279, 45.3044681058077
5.982391683172837, 45.52428037855158
6.037276010541396, 45.74409265129546
6.092160337909953, 45.96390492403934
6.147044665278512, 46.18371719678322
6.20192899264707, 46.4035294695271
6.2568133200156275, 46.62334174227098
6.311697647384186, 46.84315401501487
6.366581974752744, 47.06296628775875
6.421466302121302, 47.28277856050263
6.47635062948986, 47.502590833246515
6.531234956858419, 47.722403105990395
6.586119284226976, 47.942215378734275
6.641003611595535, 48.162027651478155
6.695887938964093, 48.381839924222035
6.7507722663326515, 48.601652196965915
6.805656593701209, 48.821464469709795
6.860540921069767, 49.041276742453675
6.915425248438326, 49.26108901519756
6.970309575806883, 49.480901287941435
7.025193903175442, 49.70071356068532
7.080078230544, 49.92052583342921
7.134962557912558, 50.14033810617308
7.189846885281116, 50.36015037891697
7.244731212649675, 50.57996265166085
7.299615540018232, 50.79977492440473
7.3544998673867905, 51.01958719714861
7.409384194755349, 51.23939946989249
7.464268522123907, 51.45921174263637
7.519152849492465, 51.67902401538025
7.574037176861023, 51.89883628812414
7.628921504229582, 52.11864856086802
7.683805831598139, 52.3384608336119
7.738690158966698, 52.558273106355784
7.793574486335256, 52.778085379099664
7.848458813703814, 52.997897651843545
7.903343141072372, 53.217709924587425
7.95822746844093, 53.437522197331305
8.013111795809488, 53.657334470075185
8.067996123178046, 53.877146742819065
8.122880450546605, 54.09695901556295
8.177764777915163, 54.31677128830683
8.232649105283722, 54.53658356105071
8.287533432652278, 54.75639583379459
8.342417760020837, 54.97620810653847
8.397302087389395, 55.19602037928235
8.452186414757954, 55.41583265202624
8.507070742126512, 55.63564492477012
8.56195506949507, 55.855457197514
8.616839396863627, 56.07526947025788
8.671723724232185, 56.29508174300176
8.726608051600744, 56.51489401574564
8.781492378969302, 56.73470628848953
8.83637670633786, 56.95451856123341
8.891261033706419, 57.17433083397729
8.946145361074977, 57.394143106721174
9.001029688443534, 57.61395537946505
9.055914015812093, 57.83376765220893
9.110798343180651, 58.053579924952814
9.16568267054921, 58.273392197696694
9.220566997917768, 58.493204470440574
9.275451325286326, 58.71301674318446
9.330335652654883, 58.932829015928334
9.385219980023441, 59.152641288672214
9.440104307392, 59.3724535614161
9.494988634760558, 59.59226583415998
9.549872962129117, 59.81207810690386
9.604757289497675, 60.03189037964775
9.659641616866232, 60.25170265239162
9.71452594423479, 60.4715149251355
9.769410271603348, 60.62247259075816
9.824294598971907, 60.62612506608138
9.879178926340465, 60.62977754140459
9.934063253709024, 60.63343001672781
9.988947581077582, 60.63708249205103
10.043831908446139, 60.64073496737424
10.098716235814697, 60.644387442697465
10.153600563183256, 60.64803991802068
10.208484890551814, 60.65169239334389
10.263369217920372, 60.655344868667115
10.31825354528893, 60.65899734399033
10.373137872657487, 60.66264981931355
10.428022200026046, 60.666302294636765
10.482906527394604, 60.669954769959986
10.537790854763163, 60.6736072452832
10.592675182131721, 60.677259720606415
10.64755950950028, 60.680912195929636
10.702443836868838, 60.68456467125285
10.757328164237395, 60.68821714657607
10.812212491605953, 60.691869621899286
10.867096818974511, 60.6955220972225
10.92198114634307, 60.69917457254572
10.976865473711628, 60.70282704786894
11.031749801080187, 60.70647952319216
11.086634128448743, 60.71013199851537
11.141518455817302, 60.71378447383859
11.19640278318586, 60.71743694916181
11.251287110554419, 60.72108942448502
11.306171437922977, 60.724741899808244
11.361055765291535, 60.72839437513146
11.415940092660094, 60.73204685045468
11.47082442002865, 60.735699325777894
11.525708747397209, 60.73935180110111
11.580593074765767, 60.74300427642433
11.635477402134326, 60.746656751747544
11.690361729502884, 60.750309227070765
11.745246056871443, 60.75396170239398
11.80013038424, 60.757614177717194
11.855014711608558, 60.761266653040416
11.909899038977116, 60.76491912836363
11.964783366345674, 60.76857160368685
12.019667693714233, 60.772224079010066
12.074552021082791, 60.77587655433329
12.129436348451348, 60.7795290296565
12.184320675819906, 60.783181504979716
12.239205003188465, 60.78683398030294
12.294089330557023, 60.79048645562615
12.348973657925582, 60.79413893094937
12.40385798529414, 60.79779140627259
12.458742312662698, 60.8014438815958
12.513626640031255, 60.80509635691902
12.568510967399813, 60.80874883224224
12.623395294768372, 60.81240130756546
12.67827962213693, 60.81605378288867
12.733163949505489, 60.81970625821189
12.788048276874047, 60.82335873353511
12.842932604242604, 60.82701120885832
12.897816931611162, 60.830663684181545
12.95270125897972, 60.83431615950476
13.007585586348279, 60.83796863482798
13.062469913716837, 60.841621110151195
13.117354241085396, 60.84527358547441
13.172238568453952, 60.84892606079763
13.22712289582251, 60.852578536120845
13.28200722319107, 60.856231011444066
13.336891550559628, 60.85988348676728
13.391775877928186, 60.863535962090495
13.446660205296745, 60.867188437413716
13.501544532665303, 60.87084091273693
13.55642886003386, 60.87449338806015
13.611313187402418, 60.87814586338337
13.666197514770976, 60.88179833870658
13.721081842139535, 60.8854508140298
13.775966169508093, 60.88910328935302
13.830850496876652, 60.89275576467624
13.885734824245208, 60.89640823999945
13.940619151613767, 60.900060715322674
13.995503478982325, 60.90371319064589
14.050387806350884, 60.9073656659691
14.105272133719442, 60.911018141292324
14.160156461088, 60.91467061661554
14.215040788456559, 60.91832309193876
14.269925115825115, 60.921975567261974
14.324809443193674, 60.92562804258519
14.379693770562232, 60.92928051790841
14.43457809793079, 60.932932993231624
14.48946242529935, 60.936585468554846
14.544346752667908, 60.94023794387806
14.599231080036464, 60.94389041920128
14.654115407405023, 60.947542894524496
14.708999734773581, 60.95119536984771
14.76388406214214, 60.95484784517093
14.818768389510698, 60.958500320494146
14.873652716879256, 60.96215279581737
14.928537044247815, 60.96580527114058
14.983421371616371, 60.969457746463796
15.03830569898493, 60.97311022178702
15.093190026353488, 60.97676269711023
15.148074353722047, 60.98041517243345
15.202958681090605, 60.98406764775667
15.257843008459163, 60.98772012307988
15.31272733582772, 60.9913725984031
15.367611663196278, 60.99502507372632
15.422495990564837, 60.99867754904954
15.477380317933395, 61.00233002437275
15.532264645301954, 61.005982499695975
15.587148972670512, 61.00963497501919
15.642033300039069, 61.0132874503424
15.696917627407627, 61.016939925665625
15.751801954776186, 61.02059240098884
15.806686282144744, 61.02424487631206
15.861570609513302, 61.027897351635275
15.91645493688186, 61.03154982695849
15.97133926425042, 61.03520230228171
16.026223591618976, 61.038854777604925
16.081107918987534, 61.04250725292815
16.135992246356093, 61.04615972825136
16.19087657372465, 61.049812203574575
16.24576090109321, 61.0534646788978
16.300645228461768, 61.05711715422101
16.355529555830326, 61.06076962954423
16.410413883198885, 61.06442210486745
16.465298210567443, 61.06807458019067
16.520182537935998, 61.07172705551388
16.575066865304557, 61.0753795308371
16.629951192673115, 61.07903200616032
16.684835520041673, 61.08268448148353
16.739719847410232, 61.086336956806754
16.79460417477879, 61.08998943212997
16.84948850214735, 61.09364190745318
16.904372829515907, 61.097294382776404
16.959257156884465, 61.10094685809962
17.014141484253024, 61.10459933342284
17.069025811621582, 61.108251808746054
17.12391013899014, 61.111904284069276
17.1787944663587, 61.11555675939249
17.233678793727254, 61.119209234715704
17.288563121095812, 61.122861710038926
17.34344744846437, 61.12651418536214
17.39833177583293, 61.13016666068536
17.453216103201488, 61.133819136008576
17.508100430570046, 61.13747161133179
17.562984757938604, 61.14112408665501
17.617869085307163, 61.144776561978226
17.67275341267572, 61.14842903730145
17.72763774004428, 61.15208151262466
17.782522067412838, 61.155733987947876
17.837406394781397, 61.1593864632711
17.892290722149955, 61.16303893859431
17.94717504951851, 61.16669141391753
18.00205937688707, 61.17034388924075
18.056943704255627, 61.17399636456397
18.111828031624185, 61.17764883988718
18.166712358992744, 61.1813013152104
18.221596686361302, 61.18495379053362
18.27648101372986, 61.18860626585683
18.33136534109842, 61.192258741180055
18.386249668466977, 61.19591121650327
18.441133995835536, 61.199563691826484
18.496018323204094, 61.203216167149705
18.550902650572652, 61.20686864247292
18.60578697794121, 61.21052111779614
18.660671305309766, 61.214173593119355
18.715555632678324, 61.21782606844257
18.770439960046883, 61.22147854376579
18.82532428741544, 61.225131019089005
18.880208614784, 61.22878349441223
18.935092942152558, 61.23243596973544
18.989977269521116, 61.23608844505866
19.044861596889675, 61.23974092038188
19.099745924258233, 61.24339339570509
19.15463025162679, 61.24704587102831
19.20951457899535, 61.25069834635153
19.26439890636391, 61.25435082167475
19.319283233732463, 61.25800329699796
19.37416756110102, 61.26165577232118
19.42905188846958, 61.2653082476444
19.48393621583814, 61.26896072296761
19.538820543206697, 61.272613198290834
19.593704870575255, 61.27626567361405
19.648589197943814, 61.27991814893727
19.703473525312372, 61.283570624260484
19.75835785268093, 61.2872230995837
19.81324218004949, 61.29087557490692
19.868126507418047, 61.294528050230134
19.923010834786606, 61.298180525553356
19.977895162155164, 61.30183300087657
20.03277948952372, 61.305485476199785
20.087663816892277, 61.309137951523006
20.142548144260836, 61.31279042684622
20.197432471629394, 61.31644290216944
20.252316798997953, 61.320095377492656
20.30720112636651, 61.32374785281587
20.36208545373507, 61.32740032813909
20.416969781103628, 61.331052803462306
20.471854108472186, 61.33470527878553
20.526738435840745, 61.33835775410874
20.581622763209303, 61.34201022943196
20.63650709057786, 61.34566270475518
20.69139141794642, 61.34931518007839
20.746275745314975, 61.35296765540161
20.801160072683533, 61.35662013072483
20.85604440005209, 61.36027260604805
20.91092872742065, 61.363925081371264
20.96581305478921, 61.36757755669448
21.020697382157767, 61.3712300320177
21.075581709526325, 61.374882507340914
21.130466036894884, 61.378534982664135
21.185350364263442, 61.38218745798735
21.240234691632, 61.385839933310564
21.29511901900056, 61.389492408633785
21.350003346369117, 61.393144883957
21.404887673737676, 61.39679735928022
21.45977200110623, 61.400449834603435
21.51465632847479, 61.40410230992666
21.569540655843348, 61.40775478524987
21.624424983211906, 61.411407260573085
21.679309310580464, 61.41505973589631
21.734193637949023, 61.41871221121952
21.78907796531758, 61.42236468654274
21.84396229268614, 61.42601716186596
21.898846620054698, 61.42966963718917
21.953730947423256, 61.43332211251239
22.008615274791815, 61.43697458783561
22.063499602160373, 61.44062706315883
22.11838392952893, 61.44427953848204
22.173268256897487, 61.44793201380526
22.228152584266045, 61.45158448912848
22.283036911634603, 61.45523696445169
22.337921239003162, 61.458889439774914
22.39280556637172, 61.46254191509813
22.44768989374028, 61.46619439042135
22.502574221108837, 61.469846865744564
22.557458548477396, 61.47349934106778
22.612342875845954, 61.477151816391
22.667227203214512, 61.480804291714215
22.72211153058307, 61.484456767037436
22.77699585795163, 61.48810924236065
22.831880185320188, 61.491761717683865
22.886764512688742, 61.495414193007086
22.9416488400573, 61.4990666683303
22.99653316742586, 61.50271914365352
23.051417494794418, 61.506371618976736
23.106301822162976, 61.51002409429995
23.161186149531535, 61.51367656962317
23.216070476900093, 61.517329044946386
23.27095480426865, 61.52098152026961
23.32583913163721, 61.52463399559282
23.380723459005768, 61.52828647091604
23.435607786374327, 61.53193894623926
23.490492113742885, 61.53559142156247
23.54537644111144, 61.539243896885694
23.60026076848, 61.54289637220891
23.655145095848557, 61.54654884753213
23.710029423217115, 61.550201322855344
23.764913750585674, 61.55385379817856
23.819798077954232, 61.55750627350178
23.87468240532279, 61.561158748824994
23.92956673269135, 61.564811224148215
23.984451060059907, 61.56846369947143
24.039335387428466, 61.57211617479465
24.094219714797024, 61.575768650117865
24.149104042165582, 61.57942112544108
24.20398836953414, 61.5830736007643
24.258872696902696, 61.586726076087515
24.313757024271254, 61.59037855141074
24.368641351639813, 61.59403102673395
24.42352567900837, 61.597683502057166
24.47841000637693, 61.60133597738039
24.533294333745488, 61.6049884527036
24.588178661114046, 61.60864092802682
24.643062988482605, 61.61229340335004
24.697947315851163, 61.61594587867325
24.75283164321972, 61.61959835399647
24.80771597058828, 61.62325082931969
24.86260029795684, 61.62690330464291
24.917484625325397, 61.63055577996612
24.97236895269395, 61.634208255289344
25.02725328006251, 61.63786073061256
25.08213760743107, 61.64151320593577
25.137021934799627, 61.645165681258995
25.191906262168185, 61.64881815658221
25.246790589536744, 61.65247063190543
25.301674916905302, 61.656123107228645
25.35655924427386, 61.65977558255186
25.41144357164242, 61.66342805787508
25.466327899010977, 61.667080533198295
25.521212226379536, 61.670733008521516
25.576096553748094, 61.67438548384473
25.630980881116653, 61.67803795916795
25.685865208485207, 61.681690434491166
25.740749535853766, 61.68534290981438
25.795633863222324, 61.6889953851376
25.850518190590883, 61.692647860460816
25.90540251795944, 61.69630033578404
25.960286845328, 61.69995281110725
26.015171172696558, 61.70360528643047
26.070055500065116, 61.70725776175369
26.124939827433675, 61.7109102370769
26.179824154802233, 61.714562712400124
26.23470848217079, 61.71821518772334
26.28959280953935, 61.72186766304655
26.344477136907905, 61.725520138369774
26.399361464276463, 61.72917261369299
26.45424579164502, 61.73282508901621
26.50913011901358, 61.736477564339424
26.56401444638214, 61.740130039662645
26.618898773750697, 61.74378251498586
26.673783101119255, 61.747434990309074
26.728667428487814, 61.751087465632295
26.783551755856372, 61.75473994095551
26.83843608322493, 61.75839241627873
26.89332041059349, 61.762044891601946
26.948204737962048, 61.76569736692516
27.003089065330606, 61.76934984224838
27.05797339269916, 61.773002317571596
27.11285772006772, 61.77665479289482
27.167742047436278, 61.78030726821803
27.222626374804836, 61.783959743541246
27.277510702173394, 61.78761221886447
27.332395029541953, 61.79126469418768
27.38727935691051, 61.7949171695109
27.44216368427907, 61.79856964483412
27.497048011647628, 61.80222212015734
27.551932339016187, 61.80587459548055
27.606816666384745, 61.80952707080377
27.661700993753303, 61.81317954612699
27.716585321121862, 61.8168320214502
27.771469648490417, 61.820484496773425
27.826353975858975, 61.82413697209664
27.881238303227533, 61.82778944741985
27.936122630596092, 61.831441922743075
27.99100695796465, 61.83509439806629
28.04589128533321, 61.83874687338951
28.100775612701767, 61.842399348712725
28.155659940070326, 61.84605182403594
28.210544267438884, 61.84970429935916
28.265428594807442, 61.853356774682375
28.320312922176, 61.857009250005596
28.37519724954456, 61.86066172532881
28.430081576913118, 61.86431420065203
28.484965904281673, 61.86796667597525
28.53985023165023, 61.87161915129846
28.59473455901879, 61.87527162662168
28.649618886387348, 61.8789241019449
28.704503213755906, 61.88257657726812
28.759387541124465, 61.88622905259133
28.814271868493023, 61.88988152791455
28.86915619586158, 61.89353400323777
28.92404052323014, 61.89718647856098
28.9789248505987, 61.900838953884204
29.033809177967257, 61.90449142920742
29.088693505335815, 61.90814390453064
29.143577832704374, 61.911796379853854
29.19846216007293, 61.91544885517707
29.253346487441487, 61.91910133050029
29.308230814810045, 61.922753805823504
29.363115142178604, 61.926406281146726
29.417999469547162, 61.93005875646994
29.47288379691572, 61.933711231793154
29.52776812428428, 61.937363707116376
29.582652451652837, 61.94101618243959
29.637536779021396, 61.94466865776281
29.692421106389954, 61.948321133086026
29.747305433758513, 61.95197360840924
29.80218976112707, 61.95562608373246
29.85707408849563, 61.959278559055676
29.911958415864184, 61.9629310343789
29.966842743232743, 61.96658350970211
30.0217270706013, 61.97023598502533
30.07661139796986, 61.97388846034855
30.131495725338418, 61.97754093567176
30.186380052706976, 61.98119341099498
30.241264380075535, 61.9848458863182
30.296148707444093, 61.98849836164142
30.35103303481265, 61.99215083696463
30.40591736218121, 61.99580331228785
30.46080168954977, 61.99945578761107
30.515686016918327, 62.00310826293428
30.57057034428688, 62.006760738257505
30.62545467165544, 62.01041321358072
30.680338999024, 62.01406568890393
30.735223326392557, 62.017718164227155
30.790107653761115, 62.02137063955037
30.844991981129674, 62.02502311487359
30.899876308498232, 62.028675590196805
30.95476063586679, 62.032328065520026
31.00964496323535, 62.03598054084324
31.064529290603907, 62.039633016166455
31.119413617972466, 62.04328549148968
31.174297945341024, 62.04693796681289
31.229182272709583, 62.05059044213611
31.284066600078138, 62.05424291745933
31.338950927446696, 62.05789539278254
31.393835254815254, 62.06154786810576
31.448719582183813, 62.06520034342898
31.50360390955237, 62.0688528187522
31.55848823692093, 62.07250529407541
31.613372564289488, 62.076157769398634
31.668256891658046, 62.07981024472185
31.723141219026605, 62.08346272004506
31.778025546395163, 62.087115195368284
31.83290987376372, 62.0907676706915
31.88779420113228, 62.09442014601472
31.94267852850084, 62.098072621337934
31.997562855869393, 62.10172509666115
32.05244718323795, 62.10537757198437
32.107331510606514, 62.109030047307584
32.16221583797507, 62.112682522630806
32.21710016534363, 62.11633499795402
32.271984492712185, 62.119987473277234
32.32686882008074, 62.123639948600456
32.3817531474493, 62.12729242392367
32.43663747481786, 62.13094489924689
32.49152180218642, 62.134597374570106
32.546406129554974, 62.13824984989333
32.601290456923536, 62.14190232521654
32.65617478429209, 62.145554800539756
32.71105911166065, 62.14920727586298
32.76594343902921, 62.15285975118619
32.82082776639777, 62.15651222650941
32.875712093766325, 62.16016470183263
32.93059642113489, 62.16381717715584
32.98548074850344, 62.16746965247906
33.040365075871996, 62.17112212780228
33.09524940324056, 62.1747746031255
33.15013373060911, 62.17842707844871
33.205018057977675, 62.18207955377193
33.25990238534623, 62.18573202909515
33.31478671271479, 62.18938450441836
33.36967104008335, 62.193036979741585
33.42455536745191, 62.1966894550648
33.479439694820464, 62.20034193038802
33.534324022189026, 62.203994405711235
33.58920834955758, 62.20764688103445
33.64409267692614, 62.21129935635767
33.6989770042947, 62.214951831680885
33.75386133166325, 62.21860430700411
33.808745659031814, 62.22225678232732
33.86362998640037, 62.225909257650535
33.91851431376893, 62.22956173297376
33.973398641137486, 62.23321420829697
34.02828296850605, 62.23686668362019
34.0831672958746, 62.24051915894341
34.138051623243165, 62.24417163426663
34.19293595061172, 62.24782410958984
34.24782027798028, 62.25147658491306
34.302704605348836, 62.25512906023628
34.3575889327174, 62.25878153555949
34.41247326008595, 62.262434010882714
34.46735758745451, 62.26608648620593
34.52224191482307, 62.26973896152914
34.577126242191625, 62.273391436852364
34.63201056956019, 62.27704391217558
34.68689489692874, 62.2806963874988
34.741779224297304, 62.284348862822014
34.79666355166586, 62.28800133814523
34.85154787903442, 62.29165381346845
34.906432206402975, 62.295306288791664
34.96131653377154, 62.298958764114886
35.01620086114009, 62.3026112394381
35.071085188508654, 62.30626371476132
35.12596951587721, 62.309916190084536
35.180853843245764, 62.31356866540775
35.235738170614326, 62.31722114073097
35.29062249798288, 62.320873616054186
35.34550682535144, 62.32452609137741
35.40039115272, 62.32817856670062
35.45527548008856, 62.331831042023836
35.510159807457114, 62.33548351734706
35.565044134825676, 62.33913599267027
35.61992846219423, 62.34278846799349
35.67481278956279, 62.34644094331671
35.72969711693135, 62.35009341863992
35.78458144429991, 62.35374589396314
35.839465771668465, 62.35739836928636
35.89435009903702, 62.36105084460958
35.94923442640558, 62.364703319932794
36.00411875377414, 62.368355795256015
36.0590030811427, 62.37200827057923
36.11388740851125, 62.375660745902444
36.168771735879815, 62.379313221225665
36.22365606324837, 62.38296569654888
36.27854039061693, 62.3866181718721
36.33342471798549, 62.390270647195315
36.38830904535405, 62.39392312251853
36.443193372722604, 62.39757559784175
36.498077700091166, 62.401228073164965
36.55296202745972, 62.40488054848819
36.607846354828276, 62.4085330238114
36.66273068219684, 62.41218549913462
36.71761500956539, 62.41583797445784
36.772499336933954, 62.41949044978105
36.82738366430251, 62.42314292510427
36.88226799167107, 62.42679540042749
36.937152319039626, 62.43044787575071
36.99203664640819, 62.43410035107392
37.04692097377674, 62.43775282639714
37.101805301145305, 62.44140530172036
37.15668962851386, 62.44505777704357
37.21157395588242, 62.448710252366794
37.26645828325098, 62.45236272769001
37.32134261061953, 62.45601520301322
37.37622693798809, 62.459667678336444
37.43111126535665, 62.46332015365966
37.48599559272521, 62.46697262898288
37.540879920093765, 62.470625104306094
37.59576424746233, 62.474277579629316
37.65064857483088, 62.47793005495253
37.705532902199444, 62.481582530275745
37.760417229568, 62.485235005598966
37.81530155693656, 62.48888748092218
37.870185884305116, 62.4925399562454
37.92507021167368, 62.496192431568616
37.97995453904223, 62.49984490689183
38.03483886641079, 62.50349738221505
38.08972319377935, 62.507149857538266
38.144607521147904, 62.51080233286149
38.199491848516466, 62.5144548081847
38.25437617588502, 62.518107283507916
38.30926050325358, 62.52175975883114
38.36414483062214, 62.52541223415435
38.4190291579907, 62.529064709477574
38.473913485359255, 62.53271718480079
38.52879781272782, 62.53636966012401
38.58368214009637, 62.540022135447224
38.638566467464926, 62.54367461077044
38.69345079483349, 62.54732708609366
38.74833512220204, 62.550979561416874
38.803219449570605, 62.554632036740095
38.85810377693916, 62.55828451206331
38.91298810430772, 62.561936987386524
38.96787243167628, 62.565589462709745
39.02275675904484, 62.56924193803296
39.077641086413394, 62.57289441335618
39.132525413781956, 62.576546888679395
39.18740974115051, 62.58019936400261
39.24229406851907, 62.58385183932583
39.29717839588763, 62.587504314649046
39.35206272325618, 62.59115678997227
39.406947050624744, 62.59480926529548
39.4618313779933, 62.5984617406187
39.51671570536186, 62.60211421594192
39.571600032730416, 62.60576669126513
39.62648436009898, 62.60941916658835
39.68136868746753, 62.61307164191157
39.736253014836095, 62.61672411723479
39.79113734220465, 62.620376592558
39.84602166957321, 62.624029067881224
39.900905996941766, 62.62768154320444
39.95579032431033, 62.63133401852765
40.01067465167888, 62.634986493850874
40.06555897904744, 62.63863896917409
40.120443306416, 62.6422914444973
40.175327633784555, 62.645943919820525
40.23021196115312, 62.64959639514374
40.28509628852167, 62.65324887046696
40.339980615890234, 62.656901345790175
40.39486494325879, 62.660553821113396
40.44974927062735, 62.66420629643661
40.504633597995905, 62.667858771759825
40.55951792536447, 62.671511247083046
40.61440225273302, 62.67516372240626
40.669286580101584, 62.67881619772948
40.72417090747014, 62.682468673052696
40.779055234838694, 62.68612114837591
40.833939562207256, 62.68977362369913
40.88882388957581, 62.693426099022346
40.94370821694437, 62.69707857434557
40.99859254431293, 62.70073104966878
41.05347687168149, 62.704383524992004
41.108361199050044, 62.70803600031522
41.163245526418606, 62.71168847563843
41.21812985378716, 62.715340950961654
41.27301418115572, 62.71899342628487
41.32789850852428, 62.72264590160809
41.38278283589284, 62.726298376931304
41.437667163261395, 62.72995085225452
41.49255149062995, 62.73360332757774
41.54743581799851, 62.737255802900954
41.60232014536707, 62.740908278224175
41.65720447273563, 62.74456075354739
41.71208880010418, 62.748213228870604
41.766973127472745, 62.751865704193825
41.8218574548413, 62.75551817951704
41.87674178220986, 62.75917065484026
41.93162610957842, 62.762823130163476
41.98651043694698, 62.7664756054867
42.041394764315534, 62.77012808080991
42.096279091684096, 62.773780556133126
42.15116341905265, 62.77743303145635
42.206047746421206, 62.78108550677956
42.26093207378977, 62.78473798210278
42.31581640115832, 62.788390457426
42.370700728526884, 62.79204293274921
42.42558505589544, 62.79569540807243
42.480469383264, 62.79934788339565
42.535353710632556, 62.80300035871887
42.59023803800112, 62.80665283404208
42.64512236536967, 62.8103053093653
42.700006692738235, 62.81395778468852
42.75489102010679, 62.81761026001173
42.80977534747535, 62.821262735334955
42.86465967484391, 62.82491521065817
42.91954400221246, 62.82856768598138
42.97442832958102, 62.832220161304605
43.02931265694958, 62.83587263662782
43.08419698431814, 62.83952511195104
43.139081311686695, 62.843177587274255
43.19396563905526, 62.846830062597476
43.24884996642381, 62.85048253792069
43.303734293792374, 62.854135013243905
43.35861862116093, 62.857787488567126
43.41350294852949, 62.86143996389034
43.468387275898046, 62.86509243921356
43.52327160326661, 62.86874491453678
43.57815593063516, 62.87239738986
43.63304025800372, 62.87604986518321
43.68792458537228, 62.87970234050643
43.742808912740834, 62.88335481582965
43.797693240109396, 62.88700729115286
43.85257756747795, 62.890659766476084
43.90746189484651, 62.8943122417993
43.96234622221507, 62.89796471712251
44.01723054958363, 62.901617192445734
44.072114876952185, 62.90526966776895
44.12699920432075, 62.90892214309217
44.1818835316893, 62.912574618415384
44.23676785905786, 62.9162270937386
44.29165218642642, 62.91987956906182
44.34653651379497, 62.923532044385034
44.401420841163535, 62.927184519708256
44.45630516853209, 62.79638264774386
44.51118949590065, 62.64561296340008
44.56607382326921, 62.49484327905632
44.62095815063777, 62.34407359471253
44.675842478006324, 62.19330391036877
44.730726805374886, 62.04253422602499
44.78561113274344, 61.891764541681226
44.840495460112, 61.74099485733744
44.89537978748056, 61.590225172993684
44.95026411484912, 61.4394554886499
45.005148442217674, 61.288685804306134
45.06003276958623, 61.13791611996237
45.11491709695479, 60.98714643561859
45.169801424323346, 60.83637675127483
45.22468575169191, 60.68560706693104
45.27957007906046, 60.534837382587284
45.334454406429025, 60.3840676982435
45.38933873379758, 60.233298013899734
45.44422306116614, 60.082528329555956
45.499107388534696, 59.93175864521219
45.55399171590326, 59.780988960868406
45.60887604327181, 59.63021927652464
45.663760370640375, 59.47944959218086
45.71864469800893, 59.3286799078371
45.773529025377485, 59.177910223493335
45.82841335274605, 59.027140539149556
45.8832976801146, 58.87637085480579
45.938182007483164, 58.72560117046201
45.99306633485172, 58.57483148611824
46.04795066222028, 58.424061801774464
46.102834989588835, 58.2732921174307
46.1577193169574, 58.12252243308692
46.21260364432595, 57.97175274874316
46.267487971694514, 57.82098306439937
46.32237229906307, 57.67021338005561
46.377256626431624, 57.51944369571185
46.432140953800186, 57.368674011368064
46.48702528116874, 57.2179043270243
46.5419096085373, 57.06713464268052
46.59679393590586, 56.91636495833676
46.65167826327442, 56.76559527399297
46.706562590642974, 56.61482558964921
46.761446918011536, 56.46405590530543
46.81633124538009, 56.313286220961665
46.87121557274865, 56.162516536617886
46.92609990011721, 56.01174685227412
46.98098422748577, 55.860977167930336
47.035868554854325, 55.71020748358657
47.09075288222288, 55.559437799242815
47.14563720959144, 55.40866811489903
47.20052153696, 55.257898430555265
47.25540586432856, 55.10712874621149
47.31029019169711, 54.95635906186772
47.365174519065675, 54.80558937752394
47.42005884643423, 54.65481969318017
47.47494317380279, 54.504050008836394
47.52982750117135, 54.35328032449263
47.58471182853991, 54.202510640148844
47.639596155908464, 54.05174095580509
47.694480483277026, 53.9009712714613
47.74936481064558, 53.75020158711754
47.804249138014136, 53.59943190277377
47.8591334653827, 53.448662218429995
47.91401779275125, 53.29789253408623
47.968902120119814, 53.147122849742445
48.02378644748837, 52.99635316539869
48.07867077485693, 52.8455834810549
48.133555102225486, 52.69481379671114
48.18843942959405, 52.54404411236736
48.2433237569626, 52.393274428023595
48.298208084331165, 52.24250474367981
48.35309241169972, 52.091735059336045
48.40797673906828, 51.94096537499227
48.46286106643684, 51.7901956906485
48.51774539380539, 51.63942600630474
48.57262972117395, 51.48865632196096
48.62751404854251, 51.337886637617196
48.68239837591107, 51.18711695327341
48.737282703279625, 51.036347268929646
48.79216703064819, 50.88557758458587
48.84705135801674, 50.7348079002421
48.901935685385304, 50.58403821589832
48.95682001275386, 50.43326853155456
49.01170434012242, 50.282498847210775
49.066588667490976, 50.13172916286701
49.12147299485954, 49.98095947852323
49.17635732222809, 49.83018979417947
49.23124164959665, 49.679420109835704
49.28612597696521, 49.52865042549192
49.341010304333764, 49.37788074114816
49.395894631702326, 49.227111056804375
49.45077895907088, 49.07634137246061
49.50566328643944, 48.92557168811683
49.560547613808, 48.77480200377307
49.61543194117656, 48.62403231942929
49.670316268545115, 48.47326263508552
49.72520059591368, 48.32249295074174
49.78008492328223, 48.171723266397976
49.83496925065079, 48.0209535820542
49.88985357801935, 47.87018389771043
49.9447379053879, 47.71941421336667
49.999622232756465, 47.56864452902289
50.05450656012502, 47.41787484467912
50.10939088749358, 47.26710516033534
50.16427521486214, 47.116335475991576
50.2191595422307, 46.9655657916478
50.274043869599254, 46.81479610730403
50.328928196967816, 46.66402642296025
50.38381252433637, 46.51325673861649
50.43869685170493, 46.362487054272705
50.49358117907349, 46.21171736992894
50.54846550644205, 46.06094768558516
50.603349833810604, 45.91017800124139
50.65823416117916, 45.759408316897634
50.71311848854772, 45.60863863255385
50.768002815916276, 45.45786894821009
50.82288714328484, 45.307099263866306
50.87777147065339, 45.15632957952254
50.932655798021955, 45.00555989517876
50.98754012539051, 44.85479021083499
51.04242445275907, 44.70402052649121
51.09730878012763, 44.55325084214745
51.15219310749619, 44.40248115780367
51.20707743486474, 44.251711473459906
51.261961762233305, 44.10094178911612
51.31684608960186, 43.95017210477236
51.371730416970415, 43.7994024204286
51.42661474433898, 43.648632736084814
51.48149907170753, 43.49786305174105
51.536383399076094, 43.34709336739727
51.59126772644465, 43.19632368305351
51.64615205381321, 43.04555399870972
51.701036381181765, 42.894784314365964
51.75592070855033, 42.74401463002218
51.81080503591888, 42.593244945678414
51.865689363287444, 42.442475261334636
51.920573690656, 42.29170557699087
51.97545801802456, 42.14093589264709
52.030342345393116, 41.99016620830332
52.08522667276167, 41.839396523959564
52.14011100013023, 41.68862683961578
52.19499532749879, 41.53785715527202
52.24987965486735, 41.387087470928236
52.304763982235905, 41.23631778658447
52.35964830960447, 41.08554810224069
52.41453263697302, 40.93477841789692
52.46941696434158, 40.784008733553144
52.52430129171014, 40.63323904920938
52.5791856190787, 40.482469364865594
52.634069946447255, 40.33169968052184
52.68895427381581, 40.18092999617807
52.74383860118437, 40.030160311834294
52.79872292855293, 39.87939062749052
52.85360725592149, 39.728620943146744
52.90849158329004, 39.57785125880298
52.963375910658606, 39.427081574459194
53.01826023802716, 39.27631189011544
53.07314456539572, 39.12554220577165
53.12802889276428, 38.974772521427894
53.18291322013284, 38.82400283708411
53.237797547501394, 38.673233152740345
53.292681874869956, 38.522463468396566
53.34756620223851, 38.371693784052795
53.402450529607066, 38.22092409970904
53.45733485697563, 38.07015441536525
53.51221918434418, 37.919384731021495
53.567103511712745, 37.76861504667771
53.6219878390813, 37.617845362333945
53.67687216644986, 37.46707567799017
53.731756493818416, 37.316305993646395
53.78664082118698, 37.16553630930262
53.84152514855553, 37.01476662495885
53.896409475924095, 36.86399694061507
53.95129380329265, 36.71322725627131
54.00617813066121, 36.562457571927524
54.06106245802977, 36.41168788758377
54.11594678539832, 36.260918203239996
54.170831112766884, 36.11014851889622
54.22571544013544, 35.95937883455245
54.280599767504, 35.808609150208675
54.335484094872555, 35.65783946586491
54.39036842224112, 35.507069781521125
54.44525274960967, 35.35630009717737
54.500137076978234, 35.20553041283358
54.55502140434679, 35.05476072848982
54.60990573171535, 34.90399104414604
54.664790059083906, 34.753221359802275
54.71967438645247, 34.60245167545849
54.77455871382102, 34.451681991114725
54.82944304118958, 34.30091230677097
