Parameters: [53.96131232252528, 23.03045428053875, 7.4243379799607245, 35.67353018137817, 4.06410197829173, -0.14390791104885925, -2.950242567106962]
Points:
0.0, 23.03045428053875
0.05401532765017546, 23.249978080499904
0.10803065530035091, 23.469501880461056
0.16204598295052636, 23.689025680422212
0.21606131060070183, 23.908549480383364
0.2700766382508773, 24.12807328034452
0.3240919659010527, 24.347597080305672
0.3781072935512282, 24.567120880266827
0.43212262120140366, 24.78664468022798
0.4861379488515791, 25.006168480189135
0.5401532765017546, 25.22569228015029
0.5941686041519301, 25.445216080111443
0.6481839318021054, 25.664739880072595
0.7021992594522809, 25.88426368003375
0.7562145871024564, 26.103787479994907
0.8102299147526318, 26.32331127995606
0.8642452424028073, 26.542835079917214
0.9182605700529828, 26.762358879878366
0.9722758977031583, 26.981882679839522
1.0262912253533336, 27.201406479800674
1.0803065530035092, 27.42093027976183
1.1343218806536846, 27.640454079722986
1.1883372083038601, 27.859977879684138
1.2423525359540355, 28.07950167964529
1.2963678636042109, 28.299025479606446
1.3503831912543864, 28.5185492795676
1.4043985189045618, 28.738073079528753
1.4584138465547374, 28.95759687948991
1.5124291742049127, 29.17712067945106
1.5664445018550883, 29.396644479412217
1.6204598295052637, 29.61616827937337
1.6744751571554393, 29.835692079334525
1.7284904848056146, 30.05521587929568
1.78250581245579, 30.274739679256832
1.8365211401059656, 30.494263479217988
1.890536467756141, 30.71378727917914
1.9445517954063165, 30.933311079140296
1.9985671230564919, 31.152834879101448
2.0525824507066672, 31.3723586790626
2.106597778356843, 31.59188247902376
2.1606131060070184, 31.81140627898491
2.2146284336571935, 32.030930078946064
2.268643761307369, 32.25045387890722
2.3226590889575447, 32.469977678868375
2.3766744166077203, 32.68950147882953
2.4306897442578954, 32.90902527879068
2.484705071908071, 33.12854907875183
2.5387203995582466, 33.34807287871299
2.5927357272084217, 33.56759667867414
2.6467510548585973, 33.7871204786353
2.700766382508773, 34.006644278596454
2.7547817101589485, 34.226168078557606
2.8087970378091236, 34.44569187851876
2.862812365459299, 34.66521567847991
2.9168276931094748, 34.88473947844107
2.9708430207596503, 35.10426327840222
3.0248583484098255, 35.323787078363374
3.078873676060001, 35.54331087832453
3.1328890037101766, 35.762834678285685
3.186904331360352, 35.98235847824684
3.2409196590105274, 36.20188227820799
3.294934986660703, 36.42140607816915
3.3489503143108785, 36.6409298781303
3.4029656419610537, 36.86045367809145
3.4569809696112292, 37.07997747805261
3.510996297261405, 37.299501278013764
3.56501162491158, 37.519025077974916
3.6190269525617556, 37.73854887793607
3.673042280211931, 37.95807267789723
3.7270576078621067, 38.17759647785838
3.781072935512282, 38.39712027781953
3.8350882631624574, 38.61664407778069
3.889103590812633, 38.83616787774184
3.943118918462808, 39.055691677702995
3.9971342461129837, 39.27521547766415
4.051149573763159, 39.4947392776253
4.1051649014133345, 39.71426307758645
4.1591802290635105, 39.93378687754762
4.213195556713686, 40.15331067750877
4.267210884363861, 40.37283447746992
4.321226212014037, 40.592358277431074
4.375241539664212, 40.81188207739223
4.429256867314387, 41.03140587735338
4.483272194964563, 41.25092967731454
4.537287522614738, 41.47045347727569
4.591302850264914, 41.68997727723685
4.645318177915089, 41.909501077198
4.6993335055652645, 42.129024877159154
4.7533488332154405, 42.348548677120306
4.807364160865616, 42.56807247708146
4.861379488515791, 42.78759627704261
4.915394816165967, 43.00712007700377
4.969410143816142, 43.22664387696492
5.023425471466317, 43.44616767692608
5.077440799116493, 43.66569147688723
5.131456126766668, 43.885215276848385
5.185471454416843, 44.10473907680954
5.2394867820670195, 44.32426287677069
5.293502109717195, 44.54378667673185
5.347517437367371, 44.76331047669301
5.401532765017546, 44.98283427665416
5.455548092667721, 45.20235807661531
5.509563420317897, 45.421881876576464
5.563578747968072, 45.641405676537616
5.617594075618247, 45.86092947649877
5.671609403268423, 46.08045327645993
5.725624730918598, 46.29997707642108
5.7796400585687735, 46.51950087638223
5.8336553862189495, 46.73902467634339
5.887670713869125, 46.95854847630454
5.941686041519301, 47.178072276265695
5.995701369169476, 47.39759607622685
6.049716696819651, 47.617119876188
6.103732024469827, 47.83664367614916
6.157747352120002, 48.05616747611032
6.211762679770177, 48.27569127607147
6.265778007420353, 48.49521507603262
6.319793335070528, 48.714738875993774
6.373808662720704, 48.934262675954926
6.42782399037088, 49.153786475916085
6.481839318021055, 49.37331027587724
6.53585464567123, 49.59283407583839
6.589869973321406, 49.81235787579955
6.643885300971581, 50.0318816757607
6.697900628621757, 50.25140547572185
6.751915956271932, 50.470929275683005
6.805931283922107, 50.69045307564416
6.859946611572283, 50.90997687560532
6.9139619392224585, 51.12950067556647
6.967977266872634, 51.34902447552762
7.02199259452281, 51.56854827548878
7.076007922172985, 51.78807207544993
7.13002324982316, 52.007595875411084
7.184038577473336, 52.227119675372236
7.238053905123511, 52.44664347533339
7.292069232773687, 52.666167275294555
7.346084560423862, 52.88569107525571
7.400099888074037, 53.10521487521686
7.454115215724213, 53.19943577260803
7.508130543374389, 53.19166253964127
7.562145871024564, 53.18388930667451
7.61616119867474, 53.17611607370775
7.670176526324915, 53.168342840741
7.72419185397509, 53.16056960777424
7.778207181625266, 53.15279637480749
7.832222509275441, 53.14502314184073
7.886237836925616, 53.137249908873976
7.940253164575792, 53.12947667590721
7.9942684922259675, 53.12170344294046
8.048283819876143, 53.1139302099737
8.102299147526319, 53.10615697700695
8.156314475176494, 53.09838374404019
8.210329802826669, 53.090610511073436
8.264345130476844, 53.08283727810668
8.318360458127021, 53.075064045139925
8.372375785777196, 53.06729081217316
8.426391113427371, 53.05951757920641
8.480406441077546, 53.05174434623965
8.534421768727722, 53.043971113272896
8.588437096377898, 53.03619788030614
8.642452424028074, 53.028424647339385
8.696467751678249, 53.02065141437263
8.750483079328424, 53.01287818140587
8.804498406978599, 53.00510494843911
8.858513734628774, 52.997331715472356
8.912529062278951, 52.9895584825056
8.966544389929126, 52.981785249538845
9.020559717579301, 52.97401201657209
9.074575045229476, 52.966238783605334
9.128590372879652, 52.95846555063857
9.182605700529828, 52.950692317671816
9.236621028180004, 52.94291908470506
9.290636355830179, 52.935145851738305
9.344651683480354, 52.92737261877155
9.398667011130529, 52.919599385804794
9.452682338780704, 52.91182615283804
9.506697666430881, 52.90405291987128
9.560712994081056, 52.89627968690452
9.614728321731231, 52.888506453937765
9.668743649381407, 52.88073322097101
9.722758977031582, 52.872959988004254
9.776774304681759, 52.8651867550375
9.830789632331934, 52.85741352207074
9.884804959982109, 52.84964028910399
9.938820287632284, 52.841867056137225
9.99283561528246, 52.83409382317047
10.046850942932634, 52.826320590203714
10.100866270582811, 52.81854735723696
10.154881598232986, 52.8107741242702
10.208896925883161, 52.80300089130345
10.262912253533337, 52.79522765833669
10.316927581183512, 52.78745442536993
10.370942908833687, 52.779681192403174
10.424958236483864, 52.77190795943642
10.478973564134039, 52.76413472646966
10.532988891784214, 52.75636149350291
10.58700421943439, 52.74858826053615
10.641019547084564, 52.7408150275694
10.695034874734741, 52.73304179460264
10.749050202384916, 52.72526856163588
10.803065530035092, 52.71749532866912
10.857080857685267, 52.70972209570237
10.911096185335442, 52.70194886273561
10.965111512985617, 52.69417562976886
11.019126840635794, 52.6864023968021
11.073142168285969, 52.678629163835346
11.127157495936144, 52.67085593086858
11.18117282358632, 52.66308269790183
11.235188151236494, 52.65530946493507
11.289203478886671, 52.64753623196832
11.343218806536846, 52.63976299900156
11.397234134187022, 52.631989766034806
11.451249461837197, 52.62421653306805
11.505264789487372, 52.616443300101295
11.559280117137547, 52.60867006713453
11.613295444787724, 52.60089683416778
11.667310772437899, 52.59312360120102
11.721326100088074, 52.585350368234266
11.77534142773825, 52.57757713526751
11.829356755388424, 52.569803902300755
11.883372083038601, 52.562030669334
11.937387410688777, 52.55425743636724
11.991402738338952, 52.54648420340048
12.045418065989127, 52.538710970433726
12.099433393639302, 52.53093773746697
12.153448721289477, 52.523164504500215
12.207464048939654, 52.51539127153346
12.26147937658983, 52.507618038566704
12.315494704240004, 52.49984480559994
12.36951003189018, 52.492071572633186
12.423525359540355, 52.48429833966643
12.477540687190531, 52.476525106699675
12.531556014840707, 52.46875187373292
12.585571342490882, 52.460978640766164
12.639586670141057, 52.45320540779941
12.693601997791232, 52.44543217483265
12.747617325441407, 52.43765894186589
12.801632653091584, 52.429885708899135
12.85564798074176, 52.42211247593238
12.909663308391934, 52.414339242965625
12.96367863604211, 52.40656600999887
13.017693963692285, 52.398792777032114
13.07170929134246, 52.39101954406536
13.125724618992637, 52.383246311098596
13.179739946642812, 52.37547307813184
13.233755274292987, 52.367699845165085
13.287770601943162, 52.35992661219833
13.341785929593337, 52.352153379231574
13.395801257243514, 52.34438014626482
13.44981658489369, 52.33660691329806
13.503831912543864, 52.3288336803313
13.55784724019404, 52.321060447364545
13.611862567844215, 52.31328721439779
13.66587789549439, 52.305513981431034
13.719893223144567, 52.29774074846428
13.773908550794742, 52.28996751549752
13.827923878444917, 52.28219428253077
13.881939206095092, 52.27442104956401
13.935954533745267, 52.26664781659725
13.989969861395444, 52.258874583630494
14.04398518904562, 52.25110135066374
14.098000516695794, 52.24332811769698
14.15201584434597, 52.23555488473023
14.206031171996145, 52.22778165176347
14.26004649964632, 52.220008418796716
14.314061827296497, 52.212235185829954
14.368077154946672, 52.2044619528632
14.422092482596847, 52.19668871989644
14.476107810247022, 52.18891548692969
14.530123137897197, 52.18114225396293
14.584138465547374, 52.17336902099618
14.63815379319755, 52.16559578802942
14.692169120847725, 52.15782255506266
14.7461844484979, 52.1500493220959
14.800199776148075, 52.14227608912915
14.85421510379825, 52.13450285616239
14.908230431448427, 52.12672962319564
14.962245759098602, 52.11895639022888
15.016261086748777, 52.111183157262126
15.070276414398952, 52.10340992429537
15.124291742049127, 52.09563669132861
15.178307069699303, 52.08786345836185
15.23232239734948, 52.0800902253951
15.286337724999655, 52.07231699242834
15.34035305264983, 52.064543759461586
15.394368380300005, 52.05677052649483
15.44838370795018, 52.048997293528075
15.502399035600357, 52.04122406056131
15.556414363250532, 52.03345082759456
15.610429690900707, 52.0256775946278
15.664445018550882, 52.017904361661046
15.718460346201057, 52.01013112869429
15.772475673851233, 52.002357895727535
15.82649100150141, 51.99458466276078
15.880506329151585, 51.98681142979402
15.93452165680176, 51.97903819682726
15.988536984451935, 51.971264963860506
16.04255231210211, 51.96349173089375
16.096567639752287, 51.955718497926995
16.15058296740246, 51.94794526496024
16.204598295052637, 51.940172031993484
16.258613622702814, 51.93239879902673
16.312628950352988, 51.924625566059966
16.366644278003164, 51.91685233309321
16.420659605653338, 51.909079100126455
16.474674933303515, 51.9013058671597
16.528690260953688, 51.893532634192944
16.582705588603865, 51.88575940122619
16.636720916254042, 51.87798616825943
16.690736243904215, 51.87021293529267
16.744751571554392, 51.862439702325915
16.798766899204566, 51.85466646935916
16.852782226854742, 51.846893236392404
16.90679755450492, 51.83912000342565
16.960812882155093, 51.83134677045889
17.01482820980527, 51.82357353749214
17.068843537455443, 51.81580030452538
17.12285886510562, 51.80802707155862
17.176874192755797, 51.800253838591864
17.23088952040597, 51.79248060562511
17.284904848056147, 51.78470737265835
17.33892017570632, 51.7769341396916
17.392935503356497, 51.76916090672484
17.446950831006674, 51.76138767375809
17.500966158656848, 51.753614440791324
17.554981486307025, 51.74584120782457
17.608996813957198, 51.73806797485781
17.663012141607375, 51.73029474189106
17.71702746925755, 51.7225215089243
17.771042796907725, 51.71474827595755
17.825058124557902, 51.70697504299079
17.879073452208075, 51.699201810024036
17.933088779858252, 51.69142857705727
17.987104107508426, 51.68365534409052
18.041119435158603, 51.67588211112376
18.09513476280878, 51.66810887815701
18.149150090458953, 51.66033564519025
18.20316541810913, 51.652562412223496
18.257180745759303, 51.64478917925674
18.31119607340948, 51.63701594628998
18.365211401059657, 51.62924271332322
18.41922672870983, 51.62146948035647
18.473242056360007, 51.61369624738971
18.52725738401018, 51.605923014422956
18.581272711660358, 51.5981497814562
18.63528803931053, 51.590376548489445
18.689303366960708, 51.58260331552268
18.743318694610885, 51.57483008255593
18.797334022261058, 51.56705684958917
18.851349349911235, 51.559283616622416
18.90536467756141, 51.55151038365566
18.959380005211585, 51.543737150688905
19.013395332861762, 51.53596391772215
19.067410660511936, 51.528190684755394
19.121425988162112, 51.52041745178863
19.175441315812286, 51.512644218821876
19.229456643462463, 51.50487098585512
19.28347197111264, 51.497097752888365
19.337487298762813, 51.48932451992161
19.39150262641299, 51.481551286954854
19.445517954063163, 51.4737780539881
19.49953328171334, 51.466004821021336
19.553548609363517, 51.45823158805458
19.60756393701369, 51.450458355087825
19.661579264663867, 51.44268512212107
19.71559459231404, 51.434911889154314
19.769609919964218, 51.42713865618756
19.82362524761439, 51.4193654232208
19.877640575264568, 51.41159219025404
19.931655902914745, 51.403818957287285
19.98567123056492, 51.39604572432053
20.039686558215095, 51.388272491353774
20.09370188586527, 51.38049925838702
20.147717213515445, 51.37272602542026
20.201732541165622, 51.36495279245351
20.255747868815796, 51.35717955948675
20.309763196465973, 51.34940632651999
20.363778524116146, 51.341633093553234
20.417793851766323, 51.33385986058648
20.4718091794165, 51.32608662761972
20.525824507066673, 51.31831339465297
20.57983983471685, 51.31054016168621
20.633855162367023, 51.30276692871946
20.6878704900172, 51.294993695752694
20.741885817667374, 51.28722046278594
20.79590114531755, 51.27944722981918
20.849916472967728, 51.27167399685243
20.9039318006179, 51.26390076388567
20.957947128268078, 51.25612753091892
21.01196245591825, 51.24835429795216
21.065977783568428, 51.240581064985406
21.119993111218605, 51.23280783201864
21.17400843886878, 51.22503459905189
21.228023766518955, 51.21726136608513
21.28203909416913, 51.20948813311838
21.336054421819306, 51.20171490015162
21.390069749469482, 51.193941667184866
21.444085077119656, 51.18616843421811
21.498100404769833, 51.17839520125135
21.552115732420006, 51.17062196828459
21.606131060070183, 51.16284873531784
21.66014638772036, 51.15507550235108
21.714161715370533, 51.147302269384326
21.76817704302071, 51.13952903641757
21.822192370670884, 51.131755803450815
21.87620769832106, 51.12398257048405
21.930223025971234, 51.1162093375173
21.98423835362141, 51.10843610455054
22.038253681271588, 51.100662871583786
22.09226900892176, 51.09288963861703
22.146284336571938, 51.085116405650275
22.20029966422211, 51.07734317268352
22.25431499187229, 51.06956993971676
22.308330319522465, 51.06179670675
22.36234564717264, 51.054023473783246
22.416360974822815, 51.04625024081649
22.47037630247299, 51.038477007849735
22.524391630123166, 51.03070377488298
22.578406957773343, 51.022930541916224
22.632422285423516, 51.01515730894947
22.686437613073693, 51.007384075982706
22.740452940723866, 50.99961084301595
22.794468268374043, 50.991837610049195
22.84848359602422, 50.98406437708244
22.902498923674393, 50.976291144115685
22.95651425132457, 50.96851791114893
23.010529578974744, 50.960744678182174
23.06454490662492, 50.95297144521541
23.118560234275094, 50.945198212248656
23.17257556192527, 50.9374249792819
23.226590889575448, 50.929651746315145
23.28060621722562, 50.92187851334839
23.334621544875798, 50.914105280381634
23.38863687252597, 50.90633204741488
23.44265220017615, 50.89855881444812
23.496667527826325, 50.89078558148136
23.5506828554765, 50.883012348514605
23.604698183126676, 50.87523911554785
23.65871351077685, 50.867465882581094
23.712728838427026, 50.85969264961434
23.766744166077203, 50.85191941664758
23.820759493727376, 50.84414618368083
23.874774821377553, 50.836372950714065
23.928790149027726, 50.82859971774731
23.982805476677903, 50.820826484780554
24.036820804328077, 50.8130532518138
24.090836131978254, 50.80528001884704
24.14485145962843, 50.79750678588029
24.198866787278604, 50.78973355291353
24.25288211492878, 50.78196031994677
24.306897442578954, 50.774187086980014
24.36091277022913, 50.76641385401326
24.414928097879308, 50.7586406210465
24.46894342552948, 50.75086738807975
24.52295875317966, 50.74309415511299
24.57697408082983, 50.73532092214624
24.63098940848001, 50.727547689179474
24.685004736130185, 50.71977445621272
24.73902006378036, 50.71200122324596
24.793035391430536, 50.70422799027921
24.84705071908071, 50.69645475731245
24.901066046730886, 50.6886815243457
24.955081374381063, 50.68090829137894
25.009096702031236, 50.673135058412186
25.063112029681413, 50.66536182544542
25.117127357331587, 50.65758859247867
25.171142684981763, 50.64981535951191
25.225158012631937, 50.64204212654516
25.279173340282114, 50.6342688935784
25.33318866793229, 50.626495660611646
25.387203995582464, 50.61872242764489
25.44121932323264, 50.61094919467813
25.495234650882814, 50.60317596171137
25.54924997853299, 50.59540272874462
25.603265306183168, 50.58762949577786
25.65728063383334, 50.579856262811106
25.71129596148352, 50.57208302984435
25.76531128913369, 50.564309796877595
25.81932661678387, 50.55653656391084
25.873341944434046, 50.54876333094408
25.92735727208422, 50.54099009797732
25.981372599734396, 50.533216865010566
26.03538792738457, 50.52544363204381
26.089403255034746, 50.517670399077055
26.14341858268492, 50.5098971661103
26.197433910335096, 50.502123933143544
26.251449237985273, 50.49435070017678
26.305464565635447, 50.486577467210026
26.359479893285624, 50.47880423424327
26.413495220935797, 50.471031001276515
26.467510548585974, 50.46325776830976
26.52152587623615, 50.455484535343004
26.575541203886324, 50.44771130237625
26.6295565315365, 50.43993806940949
26.683571859186674, 50.43216483644273
26.73758718683685, 50.424391603475975
26.79160251448703, 50.41661837050922
26.8456178421372, 50.408845137542464
26.89963316978738, 50.40107190457571
26.953648497437552, 50.39329867160895
27.00766382508773, 50.3855254386422
27.061679152737906, 50.377752205675435
27.11569448038808, 50.36997897270868
27.169709808038256, 50.362205739741924
27.22372513568843, 50.35443250677517
27.277740463338606, 50.34665927380841
27.33175579098878, 50.33888604084166
27.385771118638957, 50.3311128078749
27.439786446289133, 50.32333957490814
27.493801773939307, 50.315566341941384
27.547817101589484, 50.30779310897463
27.601832429239657, 50.30001987600787
27.655847756889834, 50.29224664304112
27.70986308454001, 50.28447341007436
27.763878412190184, 50.27670017710761
27.81789373984036, 50.268926944140844
27.871909067490535, 50.26115371117409
27.92592439514071, 50.25338047820733
27.97993972279089, 50.24560724524058
28.03395505044106, 50.23783401227382
28.08797037809124, 50.23006077930707
28.141985705741412, 50.22228754634031
28.19600103339159, 50.214514313373556
28.250016361041762, 50.20674108040679
28.30403168869194, 50.19896784744004
28.358047016342116, 50.19119461447328
28.41206234399229, 50.18342138150653
28.466077671642466, 50.17564814853977
28.52009299929264, 50.167874915573016
28.574108326942817, 50.16010168260626
28.628123654592994, 50.1523284496395
28.682138982243167, 50.14455521667274
28.736154309893344, 50.13678198370599
28.790169637543517, 50.12900875073923
28.844184965193694, 50.121235517772476
28.89820029284387, 50.11346228480572
28.952215620494044, 50.105689051838965
29.00623094814422, 50.09791581887221
29.060246275794395, 50.09014258590545
29.11426160344457, 50.08236935293869
29.16827693109475, 50.074596119971936
29.222292258744922, 50.06682288700518
29.2763075863951, 50.059049654038425
29.330322914045272, 50.05127642107167
29.38433824169545, 50.043503188104914
29.438353569345622, 50.03572995513815
29.4923688969958, 50.027956722171396
29.546384224645976, 50.02018348920464
29.60039955229615, 50.012410256237885
29.654414879946327, 50.00463702327113
29.7084302075965, 49.996863790304374
29.762445535246677, 49.98909055733762
29.816460862896854, 49.981317324370856
29.870476190547027, 49.9735440914041
29.924491518197204, 49.965770858437345
29.978506845847377, 49.95799762547059
30.032522173497554, 49.950224392503834
30.08653750114773, 49.94245115953708
30.140552828797905, 49.93467792657032
30.19456815644808, 49.92690469360356
30.248583484098255, 49.919131460636805
30.30259881174843, 49.91135822767005
30.356614139398605, 49.903584994703294
30.410629467048782, 49.89581176173654
30.46464479469896, 49.88803852876978
30.518660122349132, 49.88026529580303
30.57267544999931, 49.87249206283627
30.626690777649483, 49.86471882986952
30.68070610529966, 49.856945596902754
30.734721432949836, 49.849172363936
30.78873676060001, 49.84139913096924
30.842752088250187, 49.83362589800249
30.89676741590036, 49.82585266503573
30.950782743550537, 49.81807943206898
31.004798071200714, 49.810306199102214
31.058813398850887, 49.80253296613546
31.112828726501064, 49.7947597331687
31.166844054151237, 49.78698650020195
31.220859381801414, 49.77921326723519
31.27487470945159, 49.77144003426844
31.328890037101765, 49.76366680130168
31.38290536475194, 49.755893568334926
31.436920692402115, 49.748120335368164
31.490936020052292, 49.74034710240141
31.544951347702465, 49.73257386943465
31.598966675352642, 49.7248006364679
31.65298200300282, 49.71702740350114
31.706997330652992, 49.709254170534386
31.76101265830317, 49.70148093756763
31.815027985953343, 49.69370770460087
31.86904331360352, 49.68593447163411
31.923058641253697, 49.67816123866736
31.97707396890387, 49.6703880057006
32.03108929655404, 49.662614772733846
32.08510462420422, 49.65484153976709
32.1391199518544, 49.647068306800335
32.193135279504574, 49.63929507383358
32.24715060715475, 49.63152184086682
32.30116593480492, 49.62374860790006
32.3551812624551, 49.615975374933306
32.409196590105275, 49.60820214196655
32.46321191775545, 49.600428908999795
32.51722724540563, 49.59265567603304
32.5712425730558, 49.584882443066284
32.625257900705975, 49.57710921009952
32.67927322835615, 49.569335977132766
32.73328855600633, 49.56156274416601
32.787303883656506, 49.553789511199255
32.841319211306676, 49.5460162782325
32.89533453895685, 49.538243045265745
32.94934986660703, 49.53046981229899
33.003365194257206, 49.52269657933223
33.057380521907376, 49.51492334636547
33.11139584955755, 49.507150113398716
33.16541117720773, 49.49937688043196
33.21942650485791, 49.491603647465205
33.273441832508084, 49.48383041449845
33.327457160158254, 49.476057181531694
33.38147248780843, 49.46828394856494
33.43548781545861, 49.460510715598176
33.489503143108784, 49.45273748263142
33.54351847075896, 49.444964249664665
33.59753379840913, 49.43719101669791
33.65154912605931, 49.429417783731154
33.705564453709485, 49.4216445507644
33.75957978135966, 49.41387131779764
33.81359510900984, 49.40609808483088
33.86761043666001, 49.398324851864125
33.921625764310186, 49.39055161889737
33.97564109196036, 49.382778385930614
34.02965641961054, 49.37500515296386
34.083671747260716, 49.3672319199971
34.137687074910886, 49.35945868703035
34.19170240256106, 49.351685454063585
34.24571773021124, 49.34391222109683
34.29973305786142, 49.336138988130074
34.353748385511594, 49.32836575516332
34.40776371316176, 49.32059252219656
34.46177904081194, 49.31281928922981
34.51579436846212, 49.30504605626305
34.569809696112294, 49.2972728232963
34.62382502376247, 49.289499590329534
34.67784035141264, 49.28172635736278
34.73185567906282, 49.27395312439602
34.785871006712995, 49.26617989142927
34.83988633436317, 49.25840665846251
34.89390166201335, 49.25063342549576
34.94791698966352, 49.242860192529
35.001932317313695, 49.23508695956224
35.05594764496387, 49.22731372659548
35.10996297261405, 49.21954049362873
35.16397830026422, 49.21176726066197
35.217993627914396, 49.20399402769522
35.27200895556457, 49.19622079472846
35.32602428321475, 49.188447561761706
35.38003961086493, 49.18067432879495
35.4340549385151, 49.17290109582819
35.48807026616527, 49.16512786286143
35.54208559381545, 49.15735462989468
35.59610092146563, 49.14958139692792
35.650116249115804, 49.141808163961166
35.704131576765974, 49.048157174593875
35.75814690441615, 48.888798855684094
35.81216223206633, 48.72944053677431
35.866177559716505, 48.57008221786453
35.92019288736668, 48.41072389895475
35.97420821501685, 48.25136558004499
36.02822354266703, 48.09200726113521
36.082238870317205, 47.93264894222543
36.13625419796738, 47.773290623315646
36.19026952561756, 47.613932304405864
36.24428485326773, 47.454573985496104
36.298300180917906, 47.29521566658632
36.35231550856808, 47.13585734767654
36.40633083621826, 46.97649902876676
36.46034616386844, 46.81714070985698
36.514361491518606, 46.65778239094722
36.56837681916878, 46.49842407203744
36.62239214681896, 46.339065753127656
36.67640747446914, 46.179707434217875
36.730422802119314, 46.020349115308086
36.784438129769484, 45.860990796398326
36.83845345741966, 45.701632477488545
36.89246878506984, 45.54227415857876
36.946484112720015, 45.38291583966898
37.00049944037019, 45.2235575207592
37.05451476802036, 45.06419920184944
37.10853009567054, 44.90484088293966
37.162545423320715, 44.74548256402988
37.21656075097089, 44.5861242451201
37.27057607862106, 44.42676592621034
37.32459140627124, 44.267407607300555
37.378606733921416, 44.108049288390774
37.43262206157159, 43.94869096948099
37.48663738922177, 43.78933265057121
37.54065271687194, 43.62997433166145
37.594668044522116, 43.47061601275167
37.64868337217229, 43.31125769384189
37.70269869982247, 43.15189937493211
37.75671402747265, 42.992541056022326
37.81072935512282, 42.833182737112566
37.864744682772994, 42.673824418202784
37.91876001042317, 42.514466099292996
37.97277533807335, 42.355107780383214
38.026790665723524, 42.19574946147343
38.080805993373694, 42.03639114256367
38.13482132102387, 41.87703282365389
38.18883664867405, 41.71767450474411
38.242851976324225, 41.55831618583433
38.2968673039744, 41.39895786692455
38.35088263162457, 41.23959954801479
38.40489795927475, 41.080241229105006
38.458913286924926, 40.920882910195225
38.5129286145751, 40.76152459128544
38.56694394222528, 40.60216627237566
38.62095926987545, 40.4428079534659
38.674974597525626, 40.28344963455612
38.7289899251758, 40.12409131564634
38.78300525282598, 39.96473299673656
38.83702058047616, 39.80537467782678
38.89103590812633, 39.64601635891701
38.9450512357765, 39.48665804000723
38.99906656342668, 39.32729972109745
39.05308189107686, 39.167941402187665
39.107097218727034, 39.008583083277884
39.161112546377204, 38.84922476436813
39.21512787402738, 38.68986644545834
39.26914320167756, 38.53050812654856
39.323158529327735, 38.37114980763878
39.377173856977905, 38.21179148872902
39.43118918462808, 38.05243316981924
39.48520451227826, 37.89307485090946
39.539219839928435, 37.733716531999676
39.59323516757861, 37.574358213089894
39.64725049522878, 37.414999894180134
39.70126582287896, 37.25564157527035
39.755281150529136, 37.09628325636057
39.80929647817931, 36.93692493745079
39.86331180582949, 36.77756661854101
39.91732713347966, 36.61820829963125
39.97134246112984, 36.45884998072147
40.02535778878001, 36.299491661811686
40.07937311643019, 36.140133342901905
40.13338844408037, 35.98077502399212
40.18740377173054, 35.821416705082356
40.241419099380714, 35.662058386172575
40.29543442703089, 35.50270006726279
40.34944975468107, 35.34334174835301
40.403465082331245, 35.18398342944323
40.457480409981414, 35.02462511053347
40.51149573763159, 34.86526679162369
40.56551106528177, 34.70590847271391
40.619526392931945, 34.54655015380413
40.67354172058212, 34.387191834894345
40.72755704823229, 34.227833515984585
40.78157237588247, 34.068475197074804
40.835587703532646, 33.90911687816502
40.88960303118282, 33.74975855925524
40.943618358833, 33.59040024034546
40.99763368648317, 33.4310419214357
41.051649014133346, 33.27168360252592
41.10566434178352, 33.11232528361614
41.1596796694337, 32.95296696470635
41.21369499708388, 32.79360864579657
41.26771032473405, 32.634250326886814
41.321725652384224, 32.47489200797703
41.3757409800344, 32.31553368906725
41.42975630768458, 32.15617537015747
41.48377163533475, 31.996817051247707
41.537786962984924, 31.837458732337925
41.5918022906351, 31.678100413428144
41.64581761828528, 31.518742094518363
41.699832945935455, 31.35938377560858
41.753848273585625, 31.200025456698818
41.8078636012358, 31.040667137789036
41.86187892888598, 30.881308818879255
41.915894256536156, 30.721950499969473
41.96990958418633, 30.562592181059692
42.0239249118365, 30.403233862149932
42.07794023948668, 30.24387554324015
42.131955567136856, 30.08451722433037
42.18597089478703, 29.925158905420588
42.23998622243721, 29.765800586510807
42.29400155008738, 29.606442267601043
42.34801687773756, 29.44708394869126
42.402032205387734, 29.28772562978148
42.45604753303791, 29.1283673108717
42.51006286068809, 28.969008991961918
42.56407818833826, 28.809650673052158
42.618093515988434, 28.650292354142376
42.67210884363861, 28.490934035232595
42.72612417128879, 28.331575716322813
42.780139498938965, 28.172217397413032
42.834154826589135, 28.012859078503272
42.88817015423931, 27.85350075959349
42.94218548188949, 27.694142440683706
42.996200809539665, 27.534784121773924
43.05021613718984, 27.375425802864143
43.10423146484001, 27.216067483954383
43.15824679249019, 27.0567091650446
43.212262120140366, 26.89735084613482
43.26627744779054, 26.73799252722504
43.32029277544072, 26.578634208315258
43.37430810309089, 26.419275889405498
43.42832343074107, 26.259917570495716
43.48233875839124, 26.100559251585935
43.53635408604142, 25.94120093267615
43.5903694136916, 25.78184261376637
43.64438474134177, 25.62248429485661
43.698400068991944, 25.463125975946827
43.75241539664212, 25.303767657037046
43.8064307242923, 25.144409338127264
43.86044605194247, 24.985051019217504
43.914461379592645, 24.825692700307723
43.96847670724282, 24.66633438139794
44.022492034893, 24.50697606248816
44.076507362543175, 24.34761774357838
44.130522690193345, 24.188259424668615
44.18453801784352, 24.028901105758834
44.2385533454937, 23.869542786849053
44.292568673143876, 23.71018446793927
44.34658400079405, 23.55082614902949
44.40059932844422, 23.39146783011973
44.4546146560944, 23.23210951120995
44.50862998374458, 23.072751192300167
44.56264531139475, 22.913392873390386
44.61666063904493, 22.754034554480604
44.6706759666951, 22.594676235570844
44.72469129434528, 22.43531791666106
44.778706621995454, 22.275959597751278
44.83272194964563, 22.116601278841497
44.88673727729581, 21.957242959931715
44.94075260494598, 21.797884641021955
44.994767932596154, 21.638526322112174
45.04878326024633, 21.479168003202393
45.10279858789651, 21.31980968429261
45.156813915546685, 21.16045136538283
45.210829243196855, 21.00109304647307
45.26484457084703, 20.84173472756329
45.31885989849721, 20.682376408653504
45.372875226147386, 20.523018089743722
45.42689055379756, 20.36365977083394
45.48090588144773, 20.20430145192418
45.53492120909791, 20.0449431330144
45.588936536748086, 19.885584814104618
45.64295186439826, 19.726226495194837
45.69696719204844, 19.566868176285055
45.75098251969861, 19.407509857375295
45.80499784734879, 19.248151538465514
45.859013174998964, 19.088793219555733
45.91302850264914, 18.92943490064595
45.96704383029931, 18.770076581736188
46.02105915794949, 18.610718262826406
46.075074485599664, 18.451359943916625
46.12908981324984, 18.292001625006844
46.18310514090002, 18.132643306097062
46.23712046855019, 17.973284987187302
46.291135796200365, 17.81392666827752
46.34515112385054, 17.65456834936774
46.39916645150072, 17.495210030457958
46.453181779150896, 17.335851711548177
46.507197106801065, 17.176493392638413
46.56121243445124, 17.01713507372863
46.61522776210142, 16.85777675481885
46.669243089751596, 16.69841843590907
46.72325841740177, 16.539060116999288
46.77727374505194, 16.379701798089528
46.83128907270212, 16.220343479179746
46.8853044003523, 16.060985160269965
46.939319728002474, 15.901626841360184
46.99333505565265, 15.742268522450402
47.04735038330282, 15.582910203540642
47.101365710953, 15.42355188463086
47.155381038603174, 15.26419356572108
47.20939636625335, 15.104835246811298
47.26341169390353, 14.945476927901517
47.3174270215537, 14.786118608991757
47.371442349203875, 14.626760290081975
47.42545767685405, 14.467401971172187
47.47947300450423, 14.308043652262405
47.533488332154405, 14.148685333352624
47.587503659804575, 13.989327014442864
47.64151898745475, 13.829968695533083
47.69553431510493, 13.670610376623301
47.749549642755106, 13.51125205771352
47.80356497040528, 13.351893738803739
47.85758029805545, 13.192535419893979
47.91159562570563, 13.033177100984197
47.96561095335581, 12.873818782074416
48.01962628100598, 12.714460463164635
48.07364160865615, 12.555102144254874
48.12765693630633, 12.395743825345093
48.18167226395651, 12.236385506435312
48.235687591606684, 12.07702718752553
48.28970291925686, 11.917668868615749
48.34371824690703, 11.758310549705989
48.39773357455721, 11.598952230796208
48.451748902207385, 11.439593911886426
48.50576422985756, 11.280235592976645
48.55977955750774, 11.120877274066864
48.61379488515791, 10.961518955157096
48.667810212808085, 10.802160636247315
48.72182554045826, 10.642802317337534
48.77584086810844, 10.483443998427752
48.829856195758616, 10.324085679517971
48.883871523408786, 10.164727360608211
48.93788685105896, 10.00536904169843
48.99190217870914, 9.846010722788648
49.04591750635932, 9.686652403878867
49.09993283400949, 9.527294084969085
49.15394816165966, 9.367935766059325
49.20796348930984, 9.208577447149544
49.26197881696002, 9.049219128239763
49.315994144610194, 8.889860809329981
49.37000947226037, 8.7305024904202
49.42402479991054, 8.57114417151044
49.47804012756072, 8.411785852600659
49.532055455210894, 8.252427533690877
49.58607078286107, 8.093069214781096
49.64008611051125, 7.9337108958713145
49.69410143816142, 7.7743525769615545
49.748116765811595, 7.614994258051773
49.80213209346177, 7.455635939141985
49.85614742111195, 7.296277620232203
49.910162748762126, 7.136919301322422
49.964178076412296, 6.977560982412662
50.01819340406247, 6.8182026635028805
50.07220873171265, 6.658844344593099
50.126224059362826, 6.499486025683318
50.180239387012996, 6.340127706773558
50.23425471466317, 6.180769387863776
50.28827004231335, 6.021411068953995
50.34228536996353, 5.862052750044214
50.396300697613704, 5.702694431134432
50.450316025263874, 5.543336112224672
50.50433135291405, 5.383977793314891
50.55834668056423, 5.2246194744051095
50.612362008214404, 5.065261155495328
50.66637733586458, 4.905902836585547
50.72039266351475, 4.746544517675787
50.77440799116493, 4.587186198766005
50.828423318815105, 4.427827879856224
50.88243864646528, 4.268469560946443
50.93645397411546, 4.109111242036661
50.99046930176563, 3.949752923126894
51.044484629415805, 3.790394604217113
51.09849995706598, 3.6310362853073315
51.15251528471616, 3.47167796639755
51.206530612366336, 3.3123196474877687
51.260545940016506, 3.1529613285780087
51.31456126766668, 2.9936030096682273
51.36857659531686, 2.834244690758446
51.42259192296704, 2.6748863718486646
51.476607250617214, 2.5155280529388833
51.53062257826738, 2.356169734029123
51.58463790591756, 2.196811415119342
51.63865323356774, 2.0374530962095605
51.692668561217914, 1.8780947772997791
51.74668388886809, 1.7187364583899978
51.80069921651826, 1.5593781394802377
51.85471454416844, 1.4000198205704564
51.908729871818615, 1.240661501660675
51.96274519946879, 1.0813031827508937
52.01676052711897, 0.9219448638411123
52.07077585476914, 0.7625865449313523
52.124791182419315, 0.6032282260215709
52.17880651006949, 0.4438699071117824
52.23282183771967, 0.28451158820200106
52.28683716536984, 0.12515326929224102
52.340852493020016, -0.03420504961754034
52.39486782067019, -0.1935633685273217
52.44888314832037, -0.35292168743710306
52.50289847597055, -0.5122800063468844
52.556913803620716, -0.6716383252566445
52.61092913127089, -0.8309966441664258
52.66494445892107, -0.9903549630762072
52.71895978657125, -1.1497132819859885
52.772975114221424, -1.30907160089577
52.826990441871594, -1.46842991980553
52.88100576952177, -1.6277882387153113
52.93502109717195, -1.7871465576250927
52.989036424822125, -1.946504876534874
53.0430517524723, -2.1058631954446554
53.09706708012247, -2.2652215143544154
53.15108240777265, -2.424579833264197
53.205097735422825, -2.583938152173978
53.259113063073, -2.7432964710837595
53.31312839072318, -2.902654789993541
53.36714371837335, -3.062013108903308
53.421159046023526, -3.2213714278130894
53.4751743736737, -3.3807297467228707
53.52918970132388, -3.540088065632652
53.58320502897406, -3.6994463845424335
53.637220356624226, -3.8588047034521935
53.6912356842744, -4.018163022361975
53.74525101192458, -4.177521341271756
53.79926633957476, -4.336879660181538
53.853281667224934, -4.496237979091319
53.907296994875104, -4.655596298001079
53.96131232252528, -4.81495461691086
