Parameters: [50.987200115663185, 22.810560356285173, 9.028972049273277, 41.89136930964205, 4.3080670616517995, 0.09982279619864026, -3.131211867460424]
Points:
0.0, 22.810560356285173
0.051038238354017204, 23.03043650982285
0.10207647670803441, 23.25031266336052
0.1531147150620516, 23.470188816898197
0.20415295341606882, 23.690064970435873
0.25519119177008603, 23.90994112397355
0.3062294301241032, 24.129817277511222
0.3572676684781204, 24.349693431048898
0.40830590683213763, 24.569569584586574
0.45934414518615485, 24.789445738124247
0.5103823835401721, 25.009321891661923
0.5614206218941893, 25.2291980451996
0.6124588602482064, 25.44907419873727
0.6634970986022236, 25.668950352274948
0.7145353369562408, 25.888826505812624
0.765573575310258, 26.1087026593503
0.8166118136642753, 26.328578812887972
0.8676500520182925, 26.54845496642565
0.9186882903723097, 26.768331119963324
0.9697265287263269, 26.988207273500997
1.0207647670803441, 27.208083427038673
1.0718030054343612, 27.42795958057635
1.1228412437883786, 27.647835734114025
1.1738794821423957, 27.8677118876517
1.2249177204964128, 28.087588041189374
1.2759559588504301, 28.30746419472705
1.3269941972044472, 28.527340348264723
1.3780324355584646, 28.7472165018024
1.4290706739124817, 28.967092655340075
1.480108912266499, 29.18696880887775
1.531147150620516, 29.406844962415427
1.5821853889745334, 29.6267211159531
1.6332236273285505, 29.846597269490776
1.6842618656825676, 30.066473423028448
1.735300104036585, 30.286349576566124
1.786338342390602, 30.5062257301038
1.8373765807446194, 30.726101883641476
1.8884148190986365, 30.945978037179152
1.9394530574526538, 31.165854190716825
1.990491295806671, 31.3857303442545
2.0415295341606883, 31.605606497792174
2.0925677725147054, 31.82548265132985
2.1436060108687225, 32.045358804867526
2.1946442492227396, 32.2652349584052
2.245682487576757, 32.48511111194288
2.2967207259307743, 32.704987265480554
2.3477589642847914, 32.92486341901822
2.3987972026388085, 33.1447395725559
2.4498354409928256, 33.364615726093575
2.500873679346843, 33.58449187963125
2.5519119177008602, 33.80436803316893
2.6029501560548773, 34.0242441867066
2.6539883944088944, 34.24412034024428
2.705026632762912, 34.46399649378195
2.756064871116929, 34.683872647319625
2.807103109470946, 34.9037488008573
2.8581413478249633, 35.12362495439498
2.9091795861789804, 35.34350110793265
2.960217824532998, 35.56337726147033
3.011256062887015, 35.783253415008005
3.062294301241032, 36.003129568545674
3.1133325395950493, 36.22300572208335
3.164370777949067, 36.442881875621026
3.215409016303084, 36.6627580291587
3.266447254657101, 36.88263418269638
3.317485493011118, 37.102510336234054
3.3685237313651353, 37.32238648977173
3.419561969719153, 37.5422626433094
3.47060020807317, 37.762138796847076
3.521638446427187, 37.98201495038475
3.572676684781204, 38.20189110392243
3.6237149231352217, 38.421767257460104
3.674753161489239, 38.64164341099778
3.725791399843256, 38.861519564535456
3.776829638197273, 39.081395718073125
3.82786787655129, 39.3012718716108
3.8789061149053077, 39.52114802514848
3.929944353259325, 39.74102417868615
3.980982591613342, 39.96090033222383
4.032020829967359, 40.1807764857615
4.0830590683213766, 40.40065263929918
4.134097306675393, 40.62052879283685
4.185135545029411, 40.840404946374534
4.236173783383428, 41.0602810999122
4.287212021737445, 41.28015725344988
4.3382502600914625, 41.500033406987555
4.389288498445479, 41.719909560525224
4.440326736799497, 41.93978571406291
4.491364975153514, 42.159661867600576
4.542403213507531, 42.37953802113825
4.5934414518615485, 42.59941417467593
4.644479690215565, 42.819290328213604
4.695517928569583, 43.03916648175128
4.7465561669236, 43.25904263528896
4.797594405277617, 43.47891878882663
4.8486326436316345, 43.6987949423643
4.899670881985651, 43.91867109590198
4.950709120339669, 44.138547249439654
5.001747358693686, 44.35842340297733
5.052785597047703, 44.578299556515006
5.1038238354017205, 44.798175710052675
5.154862073755738, 45.01805186359036
5.205900312109755, 45.23792801712803
5.256938550463772, 45.45780417066571
5.307976788817789, 45.67768032420338
5.3590150271718064, 45.897556477741055
5.410053265525824, 46.11743263127873
5.461091503879841, 46.3373087848164
5.512129742233858, 46.557184938354084
5.563167980587875, 46.77706109189175
5.614206218941892, 46.996937245429436
5.66524445729591, 47.216813398967105
5.716282695649927, 47.43668955250478
5.767320934003944, 47.65656570604246
5.818359172357961, 47.876441859580126
5.869397410711978, 48.09631801311781
5.920435649065996, 48.31619416665548
5.971473887420013, 48.536070320193154
6.02251212577403, 48.75594647373083
6.073550364128048, 48.97582262726851
6.124588602482064, 49.19569878080618
6.175626840836082, 49.41557493434386
6.226665079190099, 49.635451087881535
6.277703317544116, 49.855327241419204
6.328741555898134, 50.07520339495689
6.37977979425215, 50.295079548494556
6.430818032606168, 50.51495570203223
6.481856270960185, 50.73483185556991
6.532894509314202, 50.95470800910758
6.58393274766822, 51.17458416264526
6.634970986022236, 51.39446031618293
6.686009224376254, 51.61433646972061
6.7370474627302706, 51.83421262325828
6.788085701084288, 52.05408877679596
6.839123939438306, 52.273964930333634
6.890162177792322, 52.4938410838713
6.94120041614634, 52.713717237408986
6.9922386545003565, 52.933593390946655
7.043276892854374, 53.15346954448433
7.094315131208392, 53.37334569802201
7.145353369562408, 53.59322185155968
7.196391607916426, 53.81309800509736
7.247429846270443, 54.032974158635035
7.29846808462446, 54.25285031217271
7.349506322978478, 54.47272646571038
7.400544561332494, 54.692602619248056
7.451582799686512, 54.91247877278573
7.502621038040529, 55.13235492632341
7.553659276394546, 55.352231079861085
7.604697514748564, 55.57210723339876
7.65573575310258, 55.79198338693643
7.706773991456598, 56.011859540474106
7.757812229810615, 56.23173569401178
7.808850468164632, 56.45161184754946
7.85988870651865, 56.671488001087134
7.910926944872666, 56.89136415462481
7.961965183226684, 57.111240308162486
8.0130034215807, 57.331116461700155
8.064041659934718, 57.55099261523783
8.115079898288736, 57.77086876877551
8.166118136642753, 57.99074492231318
8.21715637499677, 58.21062107585086
8.268194613350786, 58.43049722938853
8.319232851704804, 58.65037338292621
8.370271090058822, 58.87024953646389
8.421309328412839, 59.090125690001564
8.472347566766857, 59.31000184353924
8.523385805120872, 59.52987799707691
8.57442404347489, 59.749754150614585
8.625462281828908, 59.96963030415226
8.676500520182925, 60.18950645768994
8.727538758536943, 60.40938261122761
8.778576996890958, 60.62925876476528
8.829615235244976, 60.84913491830296
8.880653473598993, 61.069011071840634
8.931691711953011, 61.28888722537831
8.982729950307029, 61.50876337891599
9.033768188661044, 61.70845620637877
9.084806427015062, 61.713550986044325
9.13584466536908, 61.71864576570987
9.186882903723097, 61.72374054537542
9.237921142077115, 61.728835325040976
9.28895938043113, 61.73393010470652
9.339997618785148, 61.73902488437208
9.391035857139165, 61.744119664037626
9.442074095493183, 61.749214443703174
9.4931123338472, 61.75430922336873
9.544150572201216, 61.75940400303428
9.595188810555234, 61.76449878269983
9.646227048909251, 61.76959356236538
9.697265287263269, 61.77468834203093
9.748303525617287, 61.77978312169648
9.799341763971302, 61.78487790136203
9.85038000232532, 61.789972681027585
9.901418240679337, 61.79506746069313
9.952456479033355, 61.80016224035868
10.003494717387373, 61.805257020024236
10.05453295574139, 61.81035179968978
10.105571194095406, 61.81544657935534
10.156609432449423, 61.820541359020886
10.207647670803441, 61.825636138686434
10.258685909157458, 61.83073091835199
10.309724147511476, 61.83582569801754
10.360762385865492, 61.84092047768309
10.41180062421951, 61.84601525734864
10.462838862573527, 61.85111003701419
10.513877100927544, 61.85620481667974
10.564915339281562, 61.86129959634529
10.615953577635578, 61.866394376010845
10.666991815989595, 61.87148915567639
10.718030054343613, 61.87658393534194
10.76906829269763, 61.881678715007496
10.820106531051648, 61.886773494673044
10.871144769405664, 61.8918682743386
10.922183007759681, 61.896963054004146
10.973221246113699, 61.902057833669694
11.024259484467716, 61.90715261333525
11.075297722821734, 61.9122473930008
11.12633596117575, 61.91734217266635
11.177374199529767, 61.9224369523319
11.228412437883785, 61.92753173199745
11.279450676237802, 61.932626511663
11.33048891459182, 61.93772129132855
11.381527152945836, 61.942816070994105
11.432565391299853, 61.94791085065965
11.48360362965387, 61.95300563032521
11.534641868007888, 61.958100409990756
11.585680106361906, 61.963195189656304
11.636718344715922, 61.96828996932186
11.68775658306994, 61.97338474898741
11.738794821423957, 61.97847952865296
11.789833059777974, 61.98357430831851
11.840871298131992, 61.98866908798406
11.891909536486008, 61.99376386764961
11.942947774840025, 61.99885864731516
11.993986013194043, 62.003953426980715
12.04502425154806, 62.00904820664626
12.096062489902078, 62.01414298631181
12.147100728256095, 62.019237765977365
12.198138966610111, 62.02433254564291
12.249177204964129, 62.02942732530847
12.300215443318146, 62.034522104974016
12.351253681672164, 62.039616884639564
12.402291920026181, 62.04471166430512
12.453330158380197, 62.04980644397067
12.504368396734215, 62.05490122363622
12.555406635088232, 62.05999600330177
12.60644487344225, 62.06509078296732
12.657483111796267, 62.07018556263287
12.708521350150283, 62.07528034229842
12.7595595885043, 62.080375121963975
12.810597826858318, 62.08546990162952
12.861636065212336, 62.09056468129507
12.912674303566353, 62.095659460960626
12.96371254192037, 62.10075424062617
13.014750780274387, 62.10584902029173
13.065789018628404, 62.110943799957276
13.116827256982422, 62.116038579622824
13.16786549533644, 62.12113335928838
13.218903733690455, 62.12622813895393
13.269941972044473, 62.13132291861948
13.32098021039849, 62.13641769828503
13.372018448752508, 62.14151247795058
13.423056687106525, 62.14660725761613
13.474094925460541, 62.15170203728168
13.525133163814559, 62.156796816947235
13.576171402168576, 62.16189159661278
13.627209640522594, 62.16698637627833
13.678247878876611, 62.172081155943886
13.729286117230627, 62.177175935609434
13.780324355584645, 62.18227071527499
13.831362593938662, 62.187365494940536
13.88240083229268, 62.192460274606084
13.933439070646697, 62.19755505427164
13.984477309000713, 62.20264983393719
14.03551554735473, 62.20774461360274
14.086553785708748, 62.21283939326829
14.137592024062766, 62.21793417293384
14.188630262416783, 62.22302895259939
14.2396685007708, 62.22812373226494
14.290706739124817, 62.233218511930495
14.341744977478834, 62.23831329159604
14.392783215832852, 62.24340807126159
14.44382145418687, 62.248502850927146
14.494859692540887, 62.253597630592694
14.545897930894903, 62.25869241025825
14.59693616924892, 62.2637871899238
14.647974407602938, 62.268881969589344
14.699012645956955, 62.2739767492549
14.750050884310973, 62.27907152892045
14.801089122664989, 62.284166308586
14.852127361019006, 62.28926108825155
14.903165599373024, 62.2943558679171
14.954203837727041, 62.29945064758265
15.005242076081059, 62.3045454272482
15.056280314435075, 62.309640206913755
15.107318552789092, 62.3147349865793
15.15835679114311, 62.31982976624485
15.209395029497127, 62.324924545910406
15.260433267851145, 62.330019325575954
15.31147150620516, 62.33511410524151
15.362509744559178, 62.34020888490706
15.413547982913196, 62.345303664572604
15.464586221267213, 62.35039844423816
15.51562445962123, 62.35549322390371
15.566662697975246, 62.36058800356926
15.617700936329264, 62.36568278323481
15.668739174683282, 62.37077756290036
15.7197774130373, 62.37587234256591
15.770815651391317, 62.38096712223146
15.821853889745332, 62.386061901897016
15.87289212809935, 62.39115668156256
15.923930366453368, 62.39625146122811
15.974968604807385, 62.401346240893666
16.0260068431614, 62.406441020559214
16.07704508151542, 62.41153580022477
16.128083319869436, 62.41663057989032
16.179121558223454, 62.421725359555865
16.23015979657747, 62.42682013922142
16.28119803493149, 62.43191491888697
16.332236273285506, 62.43700969855252
16.383274511639524, 62.44210447821807
16.43431274999354, 62.44719925788362
16.485350988347555, 62.45229403754917
16.536389226701573, 62.45738881721472
16.58742746505559, 62.462483596880276
16.638465703409608, 62.46757837654582
16.689503941763626, 62.47267315621137
16.740542180117643, 62.477767935876926
16.79158041847166, 62.482862715542474
16.842618656825678, 62.48795749520803
16.893656895179696, 62.49305227487358
16.944695133533713, 62.498147054539125
16.995733371887727, 62.50324183420468
17.046771610241745, 62.50833661387023
17.097809848595762, 62.51343139353578
17.14884808694978, 62.51852617320133
17.199886325303797, 62.52362095286688
17.250924563657815, 62.52871573253243
17.301962802011833, 62.53381051219798
17.35300104036585, 62.538905291863536
17.404039278719868, 62.544000071529084
17.455077517073885, 62.54909485119463
17.506115755427903, 62.554189630860186
17.557153993781917, 62.559284410525734
17.608192232135934, 62.56437919019129
17.659230470489952, 62.56947396985684
17.71026870884397, 62.574568749522385
17.761306947197987, 62.57966352918794
17.812345185552005, 62.58475830885349
17.863383423906022, 62.58985308851904
17.91442166226004, 62.59494786818459
17.965459900614057, 62.60004264785014
18.016498138968075, 62.60513742751569
18.06753637732209, 62.61023220718124
18.118574615676106, 62.615326986846796
18.169612854030124, 62.620421766512344
18.22065109238414, 62.62551654617789
18.27168933073816, 62.63061132584345
18.322727569092176, 62.635706105508994
18.373765807446194, 62.64080088517455
18.42480404580021, 62.6458956648401
18.47584228415423, 62.65099044450565
18.526880522508247, 62.6560852241712
18.57791876086226, 62.66118000383675
18.62895699921628, 62.6662747835023
18.679995237570296, 62.67136956316785
18.731033475924313, 62.6764643428334
18.78207171427833, 62.68155912249895
18.83310995263235, 62.6866539021645
18.884148190986366, 62.691748681830056
18.935186429340384, 62.696843461495604
18.9862246676944, 62.70193824116116
19.03726290604842, 62.70703302082671
19.088301144402433, 62.712127800492254
19.13933938275645, 62.71722258015781
19.190377621110468, 62.72231735982336
19.241415859464485, 62.727412139488905
19.292454097818503, 62.73250691915446
19.34349233617252, 62.73760169882001
19.394530574526538, 62.74269647848556
19.445568812880555, 62.74779125815111
19.496607051234573, 62.752886037816666
19.54764528958859, 62.75798081748221
19.598683527942605, 62.76307559714776
19.649721766296622, 62.768170376813316
19.70076000465064, 62.773265156478864
19.751798243004657, 62.77835993614441
19.802836481358675, 62.78345471580997
19.853874719712692, 62.788549495475515
19.90491295806671, 62.79364427514107
19.955951196420727, 62.79873905480662
20.006989434774745, 62.80383383447217
20.058027673128763, 62.80892861413772
20.10906591148278, 62.81402339380327
20.160104149836794, 62.81911817346882
20.21114238819081, 62.82421295313437
20.26218062654483, 62.829307732799926
20.313218864898847, 62.83440251246547
20.364257103252864, 62.83949729213102
20.415295341606882, 62.844592071796576
20.4663335799609, 62.849686851462124
20.517371818314917, 62.85478163112768
20.568410056668935, 62.85987641079323
20.619448295022952, 62.864971190458775
20.670486533376966, 62.87006597012433
20.721524771730984, 62.87516074978988
20.772563010085, 62.88025552945543
20.82360124843902, 62.88535030912098
20.874639486793036, 62.89044508878653
20.925677725147054, 62.89553986845208
20.97671596350107, 62.90063464811763
21.02775420185509, 62.905729427783186
21.078792440209106, 62.910824207448734
21.129830678563124, 62.91591898711428
21.180868916917138, 62.921013766779836
21.231907155271156, 62.926108546445384
21.282945393625173, 62.93120332611094
21.33398363197919, 62.93629810577649
21.38502187033321, 62.941392885442035
21.436060108687226, 62.94648766510759
21.487098347041243, 62.95158244477314
21.53813658539526, 62.95667722443869
21.58917482374928, 62.96177200410424
21.640213062103296, 62.96686678376979
21.69125130045731, 62.97196156343534
21.742289538811328, 62.97705634310089
21.793327777165345, 62.982151122766446
21.844366015519363, 62.987245902431994
21.89540425387338, 62.99234068209754
21.946442492227398, 62.9974354617631
21.997480730581415, 63.002530241428644
22.048518968935433, 63.0076250210942
22.09955720728945, 63.01271980075975
22.150595445643468, 63.017814580425295
22.201633683997485, 63.02290936009085
22.2526719223515, 63.0280041397564
22.303710160705517, 63.03309891942195
22.354748399059535, 63.0381936990875
22.405786637413552, 63.04328847875305
22.45682487576757, 63.0483832584186
22.507863114121587, 63.05347803808415
22.558901352475605, 63.058572817749706
22.609939590829622, 63.063667597415254
22.66097782918364, 63.0687623770808
22.712016067537657, 63.07385715674636
22.76305430589167, 63.078951936411904
22.81409254424569, 63.08404671607746
22.865130782599707, 63.08914149574301
22.916169020953724, 63.094236275408555
22.96720725930774, 63.09933105507411
23.01824549766176, 63.10442583473966
23.069283736015777, 63.10952061440521
23.120321974369794, 63.11461539407076
23.171360212723812, 63.11971017373631
23.22239845107783, 63.12480495340186
23.273436689431843, 63.12989973306741
23.32447492778586, 63.134994512732966
23.37551316613988, 63.140089292398514
23.426551404493896, 63.14518407206406
23.477589642847914, 63.15027885172962
23.52862788120193, 63.155373631395165
23.57966611955595, 63.16046841106072
23.630704357909966, 63.16556319072627
23.681742596263984, 63.170657970391815
23.732780834618, 63.17575275005737
23.783819072972015, 63.18084752972292
23.834857311326033, 63.18594230938847
23.88589554968005, 63.19103708905402
23.936933788034068, 63.19613186871957
23.987972026388086, 63.20122664838512
24.039010264742103, 63.20632142805067
24.09004850309612, 63.211416207716226
24.141086741450138, 63.216510987381774
24.192124979804156, 63.22160576704732
24.243163218158173, 63.22670054671288
24.29420145651219, 63.231795326378425
24.345239694866205, 63.23689010604398
24.396277933220222, 63.24198488570953
24.44731617157424, 63.247079665375075
24.498354409928258, 63.25217444504063
24.549392648282275, 63.25726922470618
24.600430886636293, 63.26236400437173
24.65146912499031, 63.26745878403728
24.702507363344328, 63.27255356370283
24.753545601698345, 63.277648343368384
24.804583840052363, 63.28274312303393
24.855622078406377, 63.287837902699486
24.906660316760394, 63.292932682365034
24.957698555114412, 63.29802746203058
25.00873679346843, 63.30312224169614
25.059775031822447, 63.308217021361685
25.110813270176465, 63.31331180102724
25.161851508530482, 63.31840658069279
25.2128897468845, 63.323501360358335
25.263927985238517, 63.32859614002389
25.314966223592535, 63.33369091968944
25.36600446194655, 63.33878569935499
25.417042700300566, 63.34388047902054
25.468080938654584, 63.34897525868609
25.5191191770086, 63.354070038351644
25.57015741536262, 63.35916481801719
25.621195653716637, 63.36425959768275
25.672233892070654, 63.369354377348294
25.72327213042467, 63.37444915701384
25.77431036877869, 63.3795439366794
25.825348607132707, 63.384638716344945
25.87638684548672, 63.3897334960105
25.92742508384074, 63.39482827567605
25.978463322194756, 63.399923055341596
26.029501560548773, 63.40501783500715
26.08053979890279, 63.4101126146727
26.13157803725681, 63.41520739433825
26.182616275610826, 63.4203021740038
26.233654513964844, 63.42539695366935
26.28469275231886, 63.430491733334904
26.33573099067288, 63.43558651300045
26.386769229026896, 63.44068129266601
26.43780746738091, 63.445776072331554
26.488845705734928, 63.45087085199711
26.539883944088945, 63.45596563166266
26.590922182442963, 63.461060411328205
26.64196042079698, 63.46615519099376
26.692998659150998, 63.47124997065931
26.744036897505016, 63.47634475032486
26.795075135859033, 63.48143952999041
26.84611337421305, 63.48653430965596
26.897151612567068, 63.49162908932151
26.948189850921082, 63.49672386898706
26.9992280892751, 63.50181864865261
27.050266327629117, 63.506913428318164
27.101304565983135, 63.51200820798371
27.152342804337152, 63.51710298764927
27.20338104269117, 63.522197767314815
27.254419281045188, 63.52729254698036
27.305457519399205, 63.53238732664592
27.356495757753223, 63.537482106311465
27.40753399610724, 63.54257688597702
27.458572234461254, 63.54767166564257
27.50961047281527, 63.55276644530812
27.56064871116929, 63.55786122497367
27.611686949523307, 63.56295600463922
27.662725187877324, 63.56805078430477
27.713763426231342, 63.57314556397032
27.76480166458536, 63.578240343635876
27.815839902939377, 63.583335123301424
27.866878141293395, 63.58842990296697
27.917916379647412, 63.59352468263253
27.968954618001426, 63.598619462298075
28.019992856355444, 63.60371424196362
28.07103109470946, 63.60880902162918
28.12206933306348, 63.613903801294725
28.173107571417496, 63.61899858096028
28.224145809771514, 63.62409336062583
28.27518404812553, 63.629188140291376
28.32622228647955, 63.63428291995693
28.377260524833567, 63.63937769962248
28.428298763187584, 63.644472479288034
28.4793370015416, 63.64956725895358
28.530375239895616, 63.654662038619136
28.581413478249633, 63.659756818284684
28.63245171660365, 63.66485159795023
28.68348995495767, 63.66994637761579
28.734528193311686, 63.675041157281335
28.785566431665703, 63.68013593694689
28.83660467001972, 63.68523071661244
28.88764290837374, 63.690325496277985
28.938681146727756, 63.69542027594354
28.989719385081774, 63.70051505560909
29.040757623435788, 63.70560983527464
29.091795861789805, 63.71070461494019
29.142834100143823, 63.71579939460574
29.19387233849784, 63.720894174271294
29.244910576851858, 63.72598895393684
29.295948815205875, 63.7310837336024
29.346987053559893, 63.736178513267944
29.39802529191391, 63.74127329293349
29.449063530267928, 63.74636807259905
29.500101768621946, 63.751462852264595
29.55114000697596, 63.75655763193015
29.602178245329977, 63.7616524115957
29.653216483683995, 63.766747191261246
29.704254722038012, 63.7718419709268
29.75529296039203, 63.77693675059235
29.806331198746047, 63.7820315302579
29.857369437100065, 63.78712630992345
29.908407675454082, 63.792221089589
29.9594459138081, 63.797315869254554
30.010484152162118, 63.8024106489201
30.06152239051613, 63.80750542858566
30.11256062887015, 63.812600208251204
30.163598867224167, 63.81769498791675
30.214637105578184, 63.82278976758231
30.2656753439322, 63.827884547247855
30.31671358228622, 63.83297932691341
30.367751820640237, 63.83807410657896
30.418790058994254, 63.843168886244506
30.469828297348272, 63.84826366591006
30.52086653570229, 63.85335844557561
30.571904774056307, 63.85845322524116
30.62294301241032, 63.86354800490671
30.67398125076434, 63.86864278457226
30.725019489118356, 63.873737564237814
30.776057727472374, 63.87883234390336
30.82709596582639, 63.88392712356892
30.87813420418041, 63.889021903234465
30.929172442534426, 63.89411668290001
30.980210680888444, 63.89921146256557
31.03124891924246, 63.904306242231115
31.08228715759648, 63.90940102189667
31.133325395950493, 63.91449580156222
31.18436363430451, 63.919590581227766
31.235401872658528, 63.92468536089332
31.286440111012546, 63.92978014055887
31.337478349366563, 63.93487492022442
31.38851658772058, 63.93996969988997
31.4395548260746, 63.94506447955552
31.490593064428616, 63.950159259221074
31.541631302782633, 63.95525403888662
31.59266954113665, 63.96034881855218
31.643707779490665, 63.965443598217725
31.694746017844682, 63.97053837788327
31.7457842561987, 63.97563315754883
31.796822494552718, 63.980727937214375
31.847860732906735, 63.98582271687993
31.898898971260753, 63.99091749654548
31.94993720961477, 63.996012276211026
32.000975447968784, 64.00110705587657
32.0520136863228, 64.00620183554213
32.10305192467682, 64.01129661520768
32.15409016303084, 64.01639139487324
32.205128401384854, 64.02148617453878
32.25616663973887, 64.02658095420433
32.30720487809289, 64.03167573386989
32.35824311644691, 64.03677051353543
32.409281354800925, 64.04186529320098
32.46031959315494, 64.04696007286654
32.51135783150896, 64.05205485253208
32.56239606986298, 64.05714963219764
32.613434308216995, 64.06224441186319
32.66447254657101, 64.06733919152875
32.71551078492503, 64.07243397119429
32.76654902327905, 64.07752875085984
32.817587261633065, 64.0826235305254
32.86862549998708, 64.08771831019094
32.9196637383411, 64.09281308985649
32.97070197669511, 64.09790786952205
33.02174021504913, 64.10300264918759
33.072778453403146, 64.10809742885314
33.12381669175716, 64.1131922085187
33.17485493011118, 64.11828698818425
33.2258931684652, 64.12338176784979
33.276931406819216, 64.12847654751535
33.32796964517323, 64.1335713271809
33.37900788352725, 64.13866610684644
33.43004612188127, 64.143760886512
33.481084360235286, 64.14885566617755
33.532122598589304, 64.1539504458431
33.58316083694332, 64.15904522550865
33.63419907529734, 64.1641400051742
33.685237313651356, 64.16923478483976
33.736275552005374, 64.1743295645053
33.78731379035939, 64.17942434417085
33.83835202871341, 64.18451912383641
33.88939026706743, 64.18961390350195
33.940428505421444, 64.1947086831675
33.991466743775455, 64.19980346283306
34.04250498212947, 64.2048982424986
34.09354322048349, 64.20999302216416
34.14458145883751, 64.21508780182971
34.195619697191525, 64.22018258149527
34.24665793554554, 64.2252773611608
34.29769617389956, 64.23037214082636
34.34873441225358, 64.23546692049192
34.399772650607595, 64.24056170015746
34.45081088896161, 64.24565647982301
34.50184912731563, 64.25075125948857
34.55288736566965, 64.25584603915411
34.603925604023665, 64.26094081881966
34.65496384237768, 64.26603559848522
34.7060020807317, 64.27113037815077
34.75704031908572, 64.27622515781631
34.808078557439735, 64.28131993748187
34.85911679579375, 64.28641471714742
34.91015503414777, 64.29150949681296
34.96119327250179, 64.29660427647852
35.012231510855806, 64.30169905614407
35.063269749209816, 64.30679383580961
35.11430798756383, 64.31188861547517
35.16534622591785, 64.31698339514072
35.21638446427187, 64.32207817480628
35.267422702625886, 64.32717295447182
35.318460940979904, 64.33226773413737
35.36949917933392, 64.33736251380293
35.42053741768794, 64.34245729346847
35.471575656041956, 64.34755207313403
35.522613894395974, 64.35264685279958
35.57365213274999, 64.35774163246512
35.62469037110401, 64.36283641213068
35.67572860945803, 64.36793119179623
35.726766847812044, 64.37302597146179
35.77780508616606, 64.37812075112733
35.82884332452008, 64.38321553079288
35.8798815628741, 64.38831031045844
35.930919801228114, 64.39340509012398
35.98195803958213, 64.39849986978953
36.03299627793615, 64.40359464945509
36.08403451629016, 64.40868942912063
36.13507275464418, 64.41378420878618
36.186110992998195, 64.41887898845174
36.23714923135221, 64.42397376811729
36.28818746970623, 64.42906854778283
36.33922570806025, 64.43416332744839
36.390263946414265, 64.43925810711394
36.44130218476828, 64.44435288677948
36.4923404231223, 64.44944766644504
36.54337866147632, 64.4545424461106
36.594416899830335, 64.45963722577613
36.64545513818435, 64.46473200544169
36.69649337653837, 64.46982678510724
36.74753161489239, 64.4749215647728
36.798569853246406, 64.48001634443834
36.84960809160042, 64.4851111241039
36.90064632995444, 64.49020590376945
36.95168456830846, 64.49530068343499
37.002722806662476, 64.50039546310055
37.05376104501649, 64.5054902427661
37.10479928337051, 64.51058502243166
37.15583752172452, 64.5156798020972
37.20687576007854, 64.52077458176275
37.25791399843256, 64.5258693614283
37.308952236786574, 64.53096414109385
37.35999047514059, 64.5360589207594
37.41102871349461, 64.54115370042496
37.46206695184863, 64.5462484800905
37.513105190202644, 64.55134325975605
37.56414342855666, 64.55643803942161
37.61518166691068, 64.56153281908715
37.6662199052647, 64.5666275987527
37.717258143618714, 64.57172237841826
37.76829638197273, 64.57681715808381
37.81933462032675, 64.58191193774935
37.87037285868077, 64.58700671741491
37.921411097034785, 64.59210149708046
37.9724493353888, 64.597196276746
38.02348757374282, 64.60229105641156
38.07452581209684, 64.60738583607711
38.125564050450855, 64.61248061574267
38.176602288804865, 64.61757539540821
38.22764052715888, 64.62267017507376
38.2786787655129, 64.62776495473932
38.32971700386692, 64.63285973440486
38.380755242220935, 64.63795451407042
38.43179348057495, 64.64304929373597
38.48283171892897, 64.64814407340151
38.53386995728299, 64.65323885306707
38.584908195637006, 64.65833363273262
38.63594643399102, 64.66342841239816
38.68698467234504, 64.66852319206372
38.73802291069906, 64.67361797172927
38.789061149053076, 64.67871275139483
38.84009938740709, 64.68380753106037
38.89113762576111, 64.68890231072592
38.94217586411513, 64.69399709039148
38.993214102469146, 64.69909187005702
39.044252340823164, 64.70418664972257
39.09529057917718, 64.70928142938813
39.1463288175312, 64.71437620905368
39.19736705588521, 64.71947098871922
39.24840529423923, 64.72456576838478
39.299443532593244, 64.72966054805033
39.35048177094726, 64.73475532771587
39.40152000930128, 64.73985010738143
39.4525582476553, 64.74494488704698
39.503596486009315, 64.75003966671252
39.55463472436333, 64.75513444637808
39.60567296271735, 64.76022922604363
39.65671120107137, 64.76532400570918
39.707749439425385, 64.77041878537473
39.7587876777794, 64.77551356504028
39.80982591613342, 64.78060834470584
39.86086415448744, 64.78570312437138
39.911902392841455, 64.79079790403694
39.96294063119547, 64.79589268370249
40.01397886954949, 64.80098746336803
40.06501710790351, 64.80608224303359
40.116055346257525, 64.81117702269914
40.16709358461154, 64.8162718023647
40.21813182296556, 64.82136658203024
40.26917006131957, 64.82646136169579
40.32020829967359, 64.83155614136135
40.371246538027606, 64.83665092102689
40.42228477638162, 64.84174570069244
40.47332301473564, 64.846840480358
40.52436125308966, 64.85193526002354
40.575399491443676, 64.85703003968909
40.62643772979769, 64.86212481935465
40.67747596815171, 64.86721959902019
40.72851420650573, 64.87231437868574
40.779552444859746, 64.8774091583513
40.830590683213764, 64.88250393801685
40.88162892156778, 64.8875987176824
40.9326671599218, 64.89269349734795
40.983705398275816, 64.8977882770135
41.034743636629834, 64.90288305667904
41.08578187498385, 64.9079778363446
41.13682011333787, 64.91307261601015
41.18785835169189, 64.91816739567571
41.238896590045904, 64.92326217534125
41.289934828399915, 64.9283569550068
41.34097306675393, 64.93345173467236
41.39201130510795, 64.9385465143379
41.44304954346197, 64.94364129400346
41.494087781815985, 64.94873607366901
41.54512602017, 64.95383085333455
41.59616425852402, 64.9589256330001
41.64720249687804, 64.96402041266566
41.698240735232055, 64.96911519233122
41.74927897358607, 64.97420997199676
41.80031721194009, 64.97930475166231
41.85135545029411, 64.98439953132787
41.902393688648125, 64.95387416027947
41.95343192700214, 64.7940626226511
42.00447016535616, 64.63425108502273
42.05550840371018, 64.47443954739435
42.106546642064195, 64.31462800976598
42.15758488041821, 64.15481647213761
42.20862311877223, 63.99500493450923
42.25966135712625, 63.83519339688086
42.310699595480266, 63.67538185925248
42.361737833834276, 63.51557032162413
42.412776072188294, 63.35575878399576
42.46381431054231, 63.19594724636739
42.51485254889633, 63.03613570873901
42.565890787250346, 62.87632417111064
42.616929025604364, 62.71651263348227
42.66796726395838, 62.556701095853896
42.7190055023124, 62.39688955822552
42.77004374066642, 62.237078020597146
42.821081979020434, 62.077266482968774
42.87212021737445, 61.917454945340396
42.92315845572847, 61.757643407712024
42.97419669408249, 61.59783187008365
43.025234932436504, 61.43802033245528
43.07627317079052, 61.2782087948269
43.12731140914454, 61.11839725719853
43.17834964749856, 60.95858571957016
43.229387885852574, 60.79877418194178
43.28042612420659, 60.63896264431341
43.33146436256061, 60.47915110668504
43.38250260091462, 60.31933956905669
43.43354083926864, 60.15952803142831
43.484579077622655, 59.99971649379994
43.53561731597667, 59.839904956171566
43.58665555433069, 59.680093418543194
43.63769379268471, 59.520281880914816
43.688732031038725, 59.360470343286444
43.73977026939274, 59.20065880565807
43.79080850774676, 59.040847268029694
43.84184674610078, 58.88103573040132
43.892884984454795, 58.72122419277295
43.94392322280881, 58.56141265514458
43.99496146116283, 58.4016011175162
44.04599969951685, 58.24178957988783
44.097037937870866, 58.08197804225946
44.14807617622488, 57.92216650463108
44.1991144145789, 57.76235496700271
44.25015265293292, 57.602543429374336
44.301190891286936, 57.442731891745964
44.35222912964095, 57.282920354117586
44.40326736799497, 57.123108816489214
44.45430560634898, 56.963297278860864
44.505343844703, 56.80348574123249
44.55638208305702, 56.643674203604114
44.607420321411034, 56.48386266597574
44.65845855976505, 56.32405112834737
44.70949679811907, 56.16423959071899
44.76053503647309, 56.00442805309062
44.811573274827104, 55.84461651546225
44.86261151318112, 55.68480497783388
44.91364975153514, 55.5249934402055
44.96468798988916, 55.36518190257713
45.015726228243174, 55.205370364948756
45.06676446659719, 55.04555882732038
45.11780270495121, 54.885747289692006
45.16884094330523, 54.725935752063634
45.219879181659245, 54.56612421443526
45.27091742001326, 54.40631267680689
45.32195565836728, 54.24650113917851
45.3729938967213, 54.08668960155014
45.424032135075315, 53.92687806392176
45.475070373429325, 53.76706652629342
45.52610861178334, 53.60725498866504
45.57714685013736, 53.44744345103667
45.62818508849138, 53.28763191340829
45.679223326845396, 53.12782037577992
45.73026156519941, 52.96800883815155
45.78129980355343, 52.808197300523176
45.83233804190745, 52.648385762894804
45.883376280261466, 52.488574225266426
45.93441451861548, 52.328762687638054
45.9854527569695, 52.168951150009676
46.03649099532352, 52.009139612381304
46.087529233677536, 51.84932807475293
46.13856747203155, 51.68951653712456
46.18960571038557, 51.52970499949619
46.24064394873959, 51.36989346186781
46.291682187093606, 51.21008192423944
46.342720425447624, 51.05027038661106
46.39375866380164, 50.89045884898269
46.44479690215566, 50.73064731135432
46.495835140509676, 50.570835773725946
46.54687337886369, 50.41102423609759
46.597911617217704, 50.25121269846922
46.64894985557172, 50.091401160840846
46.69998809392574, 49.931589623212474
46.75102633227976, 49.7717780855841
46.802064570633775, 49.611966547955724
46.85310280898779, 49.45215501032735
46.90414104734181, 49.29234347269898
46.95517928569583, 49.1325319350706
47.006217524049845, 48.97272039744223
47.05725576240386, 48.81290885981386
47.10829400075788, 48.65309732218549
47.1593322391119, 48.49328578455711
47.210370477465915, 48.33347424692874
47.26140871581993, 48.17366270930036
47.31244695417395, 48.01385117167199
47.36348519252797, 47.854039634043616
47.414523430881985, 47.694228096415245
47.465561669236, 47.53441655878687
47.51659990759002, 47.3746050211585
47.56763814594403, 47.214793483530144
47.61867638429805, 47.05498194590177
47.669714622652066, 46.8951704082734
47.72075286100608, 46.73535887064503
47.7717910993601, 46.57554733301665
47.82282933771412, 46.41573579538827
47.873867576068136, 46.2559242577599
47.924905814422154, 46.09611272013153
47.97594405277617, 45.93630118250316
48.02698229113019, 45.776489644874786
48.078020529484206, 45.616678107246415
48.129058767838224, 45.456866569618036
48.18009700619224, 45.29705503198966
48.23113524454626, 45.137243494361286
48.282173482900276, 44.977431956732914
48.333211721254294, 44.81762041910454
48.38424995960831, 44.65780888147617
48.43528819796233, 44.4979973438478
48.48632643631635, 44.33818580621942
48.537364674670364, 44.17837426859105
48.58840291302438, 44.01856273096267
48.63944115137839, 43.85875119333433
48.69047938973241, 43.69893965570595
48.74151762808643, 43.53912811807758
48.792555866440445, 43.3793165804492
48.84359410479446, 43.21950504282083
48.89463234314848, 43.059693505192456
48.9456705815025, 42.899881967564085
48.996708819856515, 42.74007042993571
49.04774705821053, 42.580258892307334
49.09878529656455, 42.42044735467896
49.14982353491857, 42.260635817050584
49.200861773272585, 42.10082427942221
49.2519000116266, 41.94101274179384
49.30293824998062, 41.78120120416547
49.35397648833464, 41.6213896665371
49.405014726688655, 41.46157812890872
49.45605296504267, 41.30176659128035
49.50709120339669, 41.14195505365197
49.55812944175071, 40.9821435160236
49.609167680104726, 40.822331978395226
49.660205918458736, 40.662520440766876
49.711244156812754, 40.5027089031385
49.76228239516677, 40.342897365510126
49.81332063352079, 40.183085827881754
49.864358871874806, 40.02327429025338
49.915397110228824, 39.86346275262501
49.96643534858284, 39.70365121499663
50.01747358693686, 39.54383967736826
50.06851182529088, 39.38402813973988
50.119550063644894, 39.22421660211151
50.17058830199891, 39.06440506448314
50.22162654035293, 38.90459352685477
50.27266477870695, 38.7447819892264
50.323703017060964, 38.58497045159802
50.37474125541498, 38.425158913969646
50.425779493769, 38.26534737634127
50.47681773212302, 38.105535838712896
50.527855970477034, 37.945724301084525
50.57889420883105, 37.78591276345615
50.62993244718507, 37.62610122582778
50.68097068553909, 37.4662896881994
50.7320089238931, 37.30647815057105
50.783047162247115, 37.14666661294268
50.83408540060113, 36.98685507531431
50.88512363895515, 36.82704353768593
50.93616187730917, 36.66723200005756
50.987200115663185, 36.50742046242918
