Parameters: [51.351491583427915, 19.14302126824396, 9.578724565815644, 40.483581973172655, 4.407573346452825, -0.13163348914845657, -3.4510493593708302]
Points:
0.0, 19.14302126824396
0.051402894477905824, 19.369583295875305
0.10280578895581165, 19.59614532350665
0.15420868343371746, 19.822707351137993
0.2056115779116233, 20.04926937876934
0.2570144723895291, 20.275831406400684
0.30841736686743493, 20.50239343403203
0.3598202613453408, 20.728955461663375
0.4112231558232466, 20.955517489294717
0.4626260503011524, 21.182079516926063
0.5140289447790582, 21.40864154455741
0.565431839256964, 21.63520357218875
0.6168347337348699, 21.861765599820096
0.6682376282127757, 22.08832762745144
0.7196405226906816, 22.314889655082787
0.7710434171685874, 22.541451682714133
0.8224463116464932, 22.76801371034548
0.873849206124399, 22.99457573797682
0.9252521006023048, 23.221137765608166
0.9766549950802107, 23.44769979323951
1.0280578895581165, 23.674261820870854
1.0794607840360222, 23.9008238485022
1.130863678513928, 24.127385876133545
1.182266572991834, 24.35394790376489
1.2336694674697397, 24.580509931396236
1.2850723619476456, 24.80707195902758
1.3364752564255513, 25.033633986658923
1.3878781509034572, 25.26019601429027
1.4392810453813631, 25.486758041921615
1.4906839398592688, 25.713320069552957
1.5420868343371747, 25.939882097184302
1.5934897288150804, 26.166444124815648
1.6448926232929864, 26.393006152446993
1.6962955177708923, 26.61956818007834
1.747698412248798, 26.846130207709685
1.7991013067267039, 27.072692235341027
1.8505042012046096, 27.299254262972372
1.9019070956825155, 27.525816290603718
1.9533099901604214, 27.75237831823506
2.004712884638327, 27.978940345866405
2.056115779116233, 28.20550237349775
2.107518673594139, 28.432064401129097
2.1589215680720444, 28.658626428760442
2.2103244625499503, 28.885188456391788
2.261727357027856, 29.11175048402313
2.313130251505762, 29.338312511654475
2.364533145983668, 29.56487453928582
2.4159360404615735, 29.791436566917163
2.4673389349394794, 30.01799859454851
2.5187418294173853, 30.244560622179854
2.5701447238952912, 30.4711226498112
2.621547618373197, 30.697684677442545
2.6729505128511026, 30.92424670507389
2.7243534073290085, 31.150808732705233
2.7757563018069145, 31.37737076033658
2.8271591962848204, 31.603932787967924
2.8785620907627263, 31.83049481559927
2.9299649852406318, 32.05705684323061
2.9813678797185377, 32.28361887086196
3.0327707741964436, 32.5101808984933
3.0841736686743495, 32.73674292612465
3.1355765631522554, 32.963304953755994
3.186979457630161, 33.18986698138734
3.238382352108067, 33.416429009018685
3.2897852465859727, 33.64299103665003
3.3411881410638786, 33.86955306428138
3.3925910355417845, 34.096115091912715
3.44399393001969, 34.32267711954406
3.495396824497596, 34.549239147175406
3.546799718975502, 34.77580117480675
3.5982026134534077, 35.0023632024381
3.6496055079313137, 35.22892523006944
3.701008402409219, 35.45548725770078
3.752411296887125, 35.68204928533213
3.803814191365031, 35.90861131296347
3.855217085842937, 36.13517334059482
3.906619980320843, 36.361735368226164
3.9580228747987483, 36.58829739585751
4.009425769276654, 36.814859423488855
4.06082866375456, 37.0414214511202
4.112231558232466, 37.267983478751546
4.1636344527103715, 37.49454550638289
4.215037347188278, 37.72110753401424
4.266440241666183, 37.94766956164558
4.317843136144089, 38.17423158927692
4.369246030621995, 38.40079361690827
4.420648925099901, 38.62735564453961
4.472051819577807, 38.85391767217096
4.523454714055712, 39.0804796998023
4.574857608533618, 39.30704172743364
4.626260503011524, 39.53360375506499
4.67766339748943, 39.76016578269633
4.729066291967336, 39.98672781032768
4.7804691864452415, 40.213289837959024
4.831872080923147, 40.43985186559037
4.883274975401053, 40.666413893221716
4.934677869878959, 40.89297592085306
4.986080764356865, 41.11953794848441
5.037483658834771, 41.34609997611575
5.088886553312676, 41.5726620037471
5.1402894477905825, 41.799224031378444
5.191692342268488, 42.02578605900978
5.243095236746394, 42.252348086641135
5.2944981312243, 42.47891011427247
5.345901025702205, 42.70547214190382
5.397303920180112, 42.932034169535164
5.448706814658017, 43.1585961971665
5.5001097091359235, 43.385158224797856
5.551512603613829, 43.611720252429194
5.602915498091734, 43.83828228006054
5.654318392569641, 44.064844307691885
5.705721287047546, 44.29140633532323
5.757124181525453, 44.517968362954576
5.808527076003358, 44.74453039058592
5.8599299704812635, 44.97109241821727
5.91133286495917, 45.19765444584861
5.962735759437075, 45.42421647347996
6.014138653914982, 45.650778501111304
6.065541548392887, 45.87734052874265
6.116944442870793, 46.10390255637399
6.168347337348699, 46.33046458400534
6.2197502318266045, 46.55702661163668
6.271153126304511, 46.783588639268025
6.322556020782416, 47.01015066689937
6.373958915260322, 47.23671269453071
6.425361809738228, 47.46327472216206
6.476764704216134, 47.6898367497934
6.52816759869404, 47.916398777424746
6.579570493171945, 48.14296080505609
6.630973387649851, 48.36952283268744
6.682376282127757, 48.59608486031878
6.733779176605663, 48.82264688795013
6.785182071083569, 49.049208915581474
6.8365849655614745, 49.27577094321282
6.88798786003938, 49.502332970844165
6.939390754517286, 49.72889499847551
6.990793648995192, 49.955457026106856
7.042196543473098, 50.1820190537382
7.093599437951004, 50.40858108136955
7.145002332428909, 50.635143109000886
7.1964052269068155, 50.86170513663223
7.247808121384721, 51.08826716426358
7.299211015862627, 51.31482919189493
7.350613910340533, 51.54139121952626
7.402016804818438, 51.76795324715761
7.453419699296345, 51.99451527478895
7.50482259377425, 52.2210773024203
7.5562254882521565, 52.44763933005164
7.607628382730062, 52.67420135768299
7.659031277207967, 52.900763385314335
7.710434171685874, 53.12732541294568
7.761837066163779, 53.353887440577026
7.813239960641686, 53.58044946820837
7.864642855119591, 53.80701149583972
7.9160457495974965, 54.03357352347106
7.967448644075403, 54.26013555110241
8.018851538553308, 54.486697578733754
8.070254433031215, 54.7132596063651
8.12165732750912, 54.93982163399643
8.173060221987026, 55.166383661627776
8.224463116464932, 55.39294568925912
8.275866010942838, 55.61950771689048
8.327268905420743, 55.84606974452181
8.37867179989865, 56.07263177215316
8.430074694376556, 56.299193799784504
8.48147758885446, 56.52575582741585
8.532880483332367, 56.752317855047195
8.584283377810273, 56.97887988267854
8.635686272288178, 57.20544191030989
8.687089166766084, 57.43200393794123
8.73849206124399, 57.65856596557258
8.789894955721897, 57.88512799320392
8.841297850199801, 58.11169002083527
8.892700744677708, 58.338252048466614
8.944103639155614, 58.56481407609796
8.995506533633518, 58.79137610372929
9.046909428111425, 59.01793813136064
9.098312322589331, 59.244500158992
9.149715217067236, 59.47106218662333
9.201118111545142, 59.697624214254674
9.252521006023048, 59.92418624188602
9.303923900500955, 60.150748269517365
9.35532679497886, 60.37731029714871
9.406729689456766, 60.603872324780056
9.458132583934672, 60.8304343524114
9.509535478412577, 61.05699638004275
9.560938372890483, 61.28355840767409
9.61234126736839, 61.357527273826854
9.663744161846294, 61.3507609314744
9.7151470563242, 61.34399458912194
9.766549950802107, 61.337228246769484
9.817952845280013, 61.33046190441703
9.869355739757918, 61.32369556206457
9.920758634235824, 61.316929219712115
9.97216152871373, 61.31016287735966
10.023564423191635, 61.3033965350072
10.074967317669541, 61.296630192654746
10.126370212147448, 61.28986385030228
10.177773106625352, 61.283097507949826
10.229176001103259, 61.27633116559737
10.280578895581165, 61.26956482324491
10.331981790059071, 61.26279848089246
10.383384684536976, 61.25603213854
10.434787579014882, 61.249265796187544
10.486190473492789, 61.24249945383509
10.537593367970693, 61.23573311148263
10.5889962624486, 61.228966769130174
10.640399156926506, 61.22220042677772
10.69180205140441, 61.21543408442526
10.743204945882317, 61.208667742072805
10.794607840360223, 61.20190139972035
10.84601073483813, 61.19513505736789
10.897413629316034, 61.188368715015436
10.94881652379394, 61.18160237266298
11.000219418271847, 61.17483603031052
11.051622312749751, 61.16806968795807
11.103025207227658, 61.16130334560561
11.154428101705564, 61.154537003253154
11.205830996183469, 61.1477706609007
11.257233890661375, 61.14100431854824
11.308636785139281, 61.134237976195784
11.360039679617188, 61.12747163384333
11.411442574095092, 61.12070529149087
11.462845468572999, 61.113938949138415
11.514248363050905, 61.10717260678596
11.56565125752881, 61.1004062644335
11.617054152006716, 61.093639922081046
11.668457046484622, 61.08687357972858
11.719859940962527, 61.080107237376126
11.771262835440433, 61.07334089502367
11.82266572991834, 61.06657455267121
11.874068624396246, 61.05980821031876
11.92547151887415, 61.0530418679663
11.976874413352057, 61.046275525613844
12.028277307829963, 61.03950918326139
12.079680202307868, 61.03274284090893
12.131083096785774, 61.025976498556474
12.18248599126368, 61.01921015620402
12.233888885741585, 61.01244381385156
12.285291780219492, 61.005677471499105
12.336694674697398, 60.99891112914665
12.388097569175304, 60.99214478679419
12.439500463653209, 60.985378444441736
12.490903358131115, 60.97861210208928
12.542306252609022, 60.97184575973682
12.593709147086926, 60.965079417384366
12.645112041564833, 60.95831307503191
12.696514936042739, 60.951546732679454
12.747917830520644, 60.944780390327
12.79932072499855, 60.93801404797454
12.850723619476456, 60.931247705622084
12.902126513954363, 60.92448136326963
12.953529408432267, 60.91771502091717
13.004932302910174, 60.910948678564715
13.05633519738808, 60.90418233621226
13.107738091865984, 60.8974159938598
13.15914098634389, 60.89064965150734
13.210543880821797, 60.88388330915488
13.261946775299702, 60.877116966802426
13.313349669777608, 60.87035062444997
13.364752564255514, 60.86358428209751
13.416155458733419, 60.856817939745056
13.467558353211325, 60.8500515973926
13.518961247689232, 60.84328525504014
13.570364142167138, 60.83651891268769
13.621767036645043, 60.82975257033523
13.673169931122949, 60.822986227982774
13.724572825600855, 60.81621988563032
13.77597572007876, 60.80945354327786
13.827378614556666, 60.802687200925405
13.878781509034573, 60.79592085857295
13.930184403512477, 60.78915451622049
13.981587297990384, 60.782388173868036
14.03299019246829, 60.77562183151558
14.084393086946196, 60.76885548916312
14.135795981424101, 60.762089146810666
14.187198875902007, 60.75532280445821
14.238601770379914, 60.74855646210575
14.290004664857818, 60.7417901197533
14.341407559335725, 60.73502377740084
14.392810453813631, 60.728257435048384
14.444213348291536, 60.72149109269593
14.495616242769442, 60.71472475034347
14.547019137247348, 60.707958407991015
14.598422031725255, 60.70119206563856
14.64982492620316, 60.6944257232861
14.701227820681066, 60.68765938093364
14.752630715158972, 60.68089303858118
14.804033609636877, 60.674126696228726
14.855436504114783, 60.66736035387627
14.90683939859269, 60.66059401152381
14.958242293070594, 60.653827669171356
15.0096451875485, 60.6470613268189
15.061048082026407, 60.64029498446644
15.112450976504313, 60.63352864211399
15.163853870982217, 60.62676229976153
15.215256765460124, 60.619995957409074
15.26665965993803, 60.61322961505662
15.318062554415935, 60.60646327270416
15.369465448893841, 60.599696930351705
15.420868343371747, 60.59293058799925
15.472271237849652, 60.58616424564679
15.523674132327558, 60.579397903294335
15.575077026805465, 60.57263156094188
15.626479921283371, 60.56586521858942
15.677882815761276, 60.559098876236966
15.729285710239182, 60.55233253388451
15.780688604717088, 60.54556619153205
15.832091499194993, 60.5387998491796
15.8834943936729, 60.53203350682714
15.934897288150806, 60.525267164474684
15.98630018262871, 60.51850082212223
16.037703077106617, 60.51173447976977
16.089105971584523, 60.504968137417315
16.14050886606243, 60.49820179506486
16.191911760540336, 60.491435452712395
16.24331465501824, 60.48466911035994
16.294717549496145, 60.47790276800748
16.34612044397405, 60.471136425655025
16.397523338451958, 60.46437008330257
16.448926232929864, 60.45760374095011
16.50032912740777, 60.450837398597656
16.551732021885677, 60.4440710562452
16.60313491636358, 60.43730471389274
16.654537810841486, 60.43053837154029
16.705940705319392, 60.42377202918783
16.7573435997973, 60.417005686835374
16.808746494275205, 60.41023934448292
16.86014938875311, 60.40347300213046
16.911552283231018, 60.396706659778005
16.96295517770892, 60.38994031742555
17.014358072186827, 60.38317397507309
17.065760966664733, 60.376407632720635
17.11716386114264, 60.36964129036818
17.168566755620546, 60.36287494801572
17.219969650098452, 60.356108605663266
17.271372544576355, 60.34934226331081
17.32277543905426, 60.34257592095835
17.374178333532168, 60.3358095786059
17.425581228010074, 60.32904323625344
17.47698412248798, 60.322276893900984
17.528387016965887, 60.31551055154853
17.579789911443793, 60.30874420919607
17.631192805921696, 60.301977866843615
17.682595700399602, 60.29521152449116
17.73399859487751, 60.2884451821387
17.785401489355415, 60.28167883978624
17.83680438383332, 60.27491249743378
17.888207278311228, 60.268146155081325
17.939610172789134, 60.26137981272887
17.991013067267037, 60.25461347037641
18.042415961744943, 60.247847128023956
18.09381885622285, 60.2410807856715
18.145221750700756, 60.23431444331904
18.196624645178662, 60.22754810096659
18.24802753965657, 60.22078175861413
18.29943043413447, 60.214015416261674
18.350833328612378, 60.20724907390922
18.402236223090284, 60.20048273155676
18.45363911756819, 60.193716389204305
18.505042012046097, 60.18695004685185
18.556444906524003, 60.18018370449939
18.60784780100191, 60.173417362146935
18.659250695479813, 60.16665101979448
18.71065358995772, 60.15988467744202
18.762056484435625, 60.153118335089566
18.81345937891353, 60.14635199273711
18.864862273391438, 60.13958565038465
18.916265167869344, 60.1328193080322
18.96766806234725, 60.12605296567974
19.019070956825153, 60.119286623327284
19.07047385130306, 60.11252028097483
19.121876745780966, 60.10575393862237
19.173279640258873, 60.098987596269914
19.22468253473678, 60.09222125391745
19.276085429214685, 60.085454911564995
19.327488323692588, 60.07868856921254
19.378891218170494, 60.07192222686008
19.4302941126484, 60.065155884507625
19.481697007126307, 60.05838954215517
19.533099901604213, 60.05162319980271
19.58450279608212, 60.044856857450256
19.635905690560026, 60.0380905150978
19.68730858503793, 60.03132417274534
19.738711479515835, 60.02455783039289
19.79011437399374, 60.01779148804043
19.841517268471648, 60.011025145687974
19.892920162949554, 60.00425880333552
19.94432305742746, 59.99749246098306
19.995725951905364, 59.990726118630604
20.04712884638327, 59.98395977627815
20.098531740861176, 59.97719343392569
20.149934635339083, 59.970427091573235
20.20133752981699, 59.96366074922078
20.252740424294895, 59.95689440686832
20.3041433187728, 59.950128064515866
20.355546213250705, 59.94336172216341
20.40694910772861, 59.93659537981095
20.458352002206517, 59.9298290374585
20.509754896684424, 59.92306269510604
20.56115779116233, 59.916296352753584
20.612560685640236, 59.90953001040113
20.663963580118143, 59.902763668048664
20.715366474596046, 59.895997325696214
20.766769369073952, 59.88923098334375
20.81817226355186, 59.882464640991294
20.869575158029765, 59.87569829863884
20.92097805250767, 59.86893195628638
20.972380946985577, 59.862165613933925
21.02378384146348, 59.85539927158147
21.075186735941386, 59.84863292922901
21.126589630419293, 59.841866586876556
21.1779925248972, 59.8351002445241
21.229395419375106, 59.82833390217164
21.280798313853012, 59.82156755981919
21.33220120833092, 59.81480121746673
21.38360410280882, 59.808034875114274
21.435006997286727, 59.80126853276182
21.486409891764634, 59.79450219040936
21.53781278624254, 59.787735848056904
21.589215680720446, 59.78096950570445
21.640618575198353, 59.77420316335199
21.69202146967626, 59.767436820999535
21.743424364154162, 59.76067047864708
21.79482725863207, 59.75390413629462
21.846230153109975, 59.747137793942166
21.89763304758788, 59.74037145158971
21.949035942065787, 59.73360510923725
22.000438836543694, 59.726838766884796
22.051841731021597, 59.72007242453234
22.103244625499503, 59.713306082179884
22.15464751997741, 59.70653973982743
22.206050414455316, 59.69977339747497
22.257453308933222, 59.69300705512251
22.30885620341113, 59.68624071277005
22.360259097889035, 59.679474370417594
22.411661992366938, 59.67270802806514
22.463064886844844, 59.66594168571268
22.51446778132275, 59.659175343360225
22.565870675800657, 59.65240900100777
22.617273570278563, 59.64564265865531
22.66867646475647, 59.638876316302856
22.720079359234376, 59.6321099739504
22.77148225371228, 59.62534363159794
22.822885148190185, 59.618577289245486
22.87428804266809, 59.61181094689303
22.925690937145998, 59.60504460454057
22.977093831623904, 59.59827826218812
23.02849672610181, 59.59151191983566
23.079899620579713, 59.584745577483204
23.13130251505762, 59.57797923513075
23.182705409535526, 59.57121289277829
23.234108304013432, 59.564446550425835
23.28551119849134, 59.55768020807338
23.336914092969245, 59.55091386572092
23.38831698744715, 59.544147523368466
23.439719881925054, 59.53738118101601
23.49112277640296, 59.53061483866355
23.542525670880867, 59.523848496311096
23.593928565358773, 59.51708215395864
23.64533145983668, 59.51031581160618
23.696734354314586, 59.50354946925373
23.748137248792492, 59.49678312690126
23.799540143270395, 59.490016784548814
23.8509430377483, 59.48325044219635
23.902345932226208, 59.476484099843894
23.953748826704114, 59.46971775749144
24.00515172118202, 59.46295141513898
24.056554615659927, 59.456185072786525
24.10795751013783, 59.44941873043407
24.159360404615736, 59.44265238808161
24.210763299093642, 59.435886045729156
24.26216619357155, 59.4291197033767
24.313569088049455, 59.42235336102424
24.36497198252736, 59.415587018671786
24.416374877005268, 59.40882067631933
24.46777777148317, 59.40205433396687
24.519180665961077, 59.39528799161442
24.570583560438983, 59.38852164926196
24.62198645491689, 59.381755306909504
24.673389349394796, 59.37498896455705
24.724792243872702, 59.36822262220459
24.77619513835061, 59.361456279852135
24.82759803282851, 59.35468993749968
24.879000927306418, 59.34792359514722
24.930403821784324, 59.341157252794765
24.98180671626223, 59.33439091044231
25.033209610740137, 59.32762456808985
25.084612505218043, 59.320858225737396
25.136015399695946, 59.31409188338494
25.187418294173852, 59.30732554103248
25.23882118865176, 59.30055919868003
25.290224083129665, 59.29379285632757
25.34162697760757, 59.28702651397511
25.393029872085478, 59.28026017162265
25.444432766563384, 59.273493829270194
25.495835661041287, 59.26672748691774
25.547238555519193, 59.25996114456528
25.5986414499971, 59.253194802212825
25.650044344475006, 59.24642845986037
25.701447238952912, 59.23966211750791
25.75285013343082, 59.232895775155455
25.804253027908725, 59.226129432803
25.855655922386628, 59.21936309045054
25.907058816864534, 59.212596748098086
25.95846171134244, 59.20583040574563
26.009864605820347, 59.19906406339317
26.061267500298253, 59.19229772104072
26.11267039477616, 59.18553137868826
26.164073289254063, 59.178765036335804
26.21547618373197, 59.17199869398335
26.266879078209875, 59.16523235163089
26.31828197268778, 59.158466009278435
26.369684867165688, 59.15169966692598
26.421087761643594, 59.14493332457352
26.4724906561215, 59.138166982221065
26.523893550599404, 59.13140063986861
26.57529644507731, 59.12463429751615
26.626699339555216, 59.117867955163696
26.678102234033123, 59.11110161281124
26.72950512851103, 59.10433527045878
26.780908022988935, 59.09756892810633
26.832310917466838, 59.09080258575386
26.883713811944745, 59.08403624340141
26.93511670642265, 59.07726990104895
26.986519600900557, 59.070503558696494
27.037922495378464, 59.06373721634404
27.08932538985637, 59.05697087399158
27.140728284334276, 59.050204531639125
27.19213117881218, 59.04343818928667
27.243534073290085, 59.03667184693421
27.294936967767992, 59.029905504581755
27.346339862245898, 59.0231391622293
27.397742756723805, 59.01637281987684
27.44914565120171, 59.009606477524386
27.500548545679617, 59.00284013517193
27.55195144015752, 58.99607379281947
27.603354334635426, 58.98930745046702
27.654757229113333, 58.98254110811456
27.70616012359124, 58.975774765762104
27.757563018069145, 58.96900842340965
27.808965912547052, 58.96224208105719
27.860368807024955, 58.955475738704735
27.91177170150286, 58.94870939635228
27.963174595980767, 58.94194305399982
28.014577490458674, 58.935176711647365
28.06598038493658, 58.92841036929491
28.117383279414486, 58.92164402694245
28.168786173892393, 58.914877684589996
28.220189068370296, 58.90811134223754
28.271591962848202, 58.90134499988508
28.32299485732611, 58.89457865753262
28.374397751804015, 58.88781231518016
28.42580064628192, 58.88104597282771
28.477203540759827, 58.87427963047525
28.528606435237734, 58.867513288122794
28.580009329715637, 58.86074694577034
28.631412224193543, 58.85398060341788
28.68281511867145, 58.847214261065425
28.734218013149356, 58.84044791871297
28.785620907627262, 58.83368157636051
28.83702380210517, 58.826915234008055
28.88842669658307, 58.8201488916556
28.939829591060978, 58.81338254930314
28.991232485538884, 58.806616206950686
29.04263538001679, 58.79984986459823
29.094038274494697, 58.79308352224577
29.145441168972603, 58.78631717989332
29.19684406345051, 58.77955083754086
29.248246957928412, 58.772784495188404
29.29964985240632, 58.76601815283595
29.351052746884225, 58.75925181048349
29.40245564136213, 58.752485468131034
29.453858535840038, 58.74571912577858
29.505261430317944, 58.73895278342612
29.55666432479585, 58.732186441073665
29.608067219273753, 58.72542009872121
29.65947011375166, 58.71865375636875
29.710873008229566, 58.711887414016296
29.762275902707472, 58.70512107166384
29.81367879718538, 58.698354729311376
29.865081691663285, 58.69158838695892
29.916484586141188, 58.68482204460646
29.967887480619094, 58.67805570225401
30.019290375097, 58.67128935990155
30.070693269574907, 58.664523017549094
30.122096164052813, 58.65775667519664
30.17349905853072, 58.65099033284418
30.224901953008626, 58.644223990491724
30.27630484748653, 58.63745764813927
30.327707741964435, 58.63069130578681
30.37911063644234, 58.623924963434355
30.430513530920248, 58.6171586210819
30.481916425398154, 58.61039227872944
30.53331931987606, 58.603625936376986
30.584722214353967, 58.59685959402453
30.63612510883187, 58.59009325167207
30.687528003309776, 58.58332690931962
30.738930897787682, 58.57656056696716
30.79033379226559, 58.569794224614704
30.841736686743495, 58.56302788226225
30.8931395812214, 58.55626153990979
30.944542475699304, 58.549495197557334
30.99594537017721, 58.54272885520488
31.047348264655117, 58.53596251285242
31.098751159133023, 58.529196170499965
31.15015405361093, 58.52242982814751
31.201556948088836, 58.51566348579505
31.252959842566742, 58.508897143442596
31.304362737044645, 58.50213080109014
31.35576563152255, 58.49536445873768
31.407168526000458, 58.48859811638522
31.458571420478364, 58.48183177403276
31.50997431495627, 58.47506543168031
31.561377209434177, 58.46829908932785
31.612780103912083, 58.461532746975394
31.664182998389986, 58.45476640462294
31.715585892867892, 58.44800006227048
31.7669887873458, 58.441233719918024
31.818391681823705, 58.43446737756557
31.86979457630161, 58.42770103521311
31.921197470779518, 58.420934692860655
31.97260036525742, 58.4141683505082
32.02400325973533, 58.40740200815574
32.07540615421323, 58.400635665803286
32.12680904869114, 58.39386932345083
32.178211943169046, 58.38710298109837
32.22961483764695, 58.380336638745916
32.28101773212486, 58.37357029639346
32.33242062660276, 58.366803954041
32.38382352108067, 58.36003761168855
32.435226415558574, 58.35327126933609
32.48662931003648, 58.346504926983634
32.53803220451439, 58.33973858463118
32.58943509899229, 58.33297224227872
32.6408379934702, 58.326205899926265
32.6922408879481, 58.31943955757381
32.74364378242601, 58.31267321522135
32.795046676903915, 58.305906872868896
32.84644957138182, 58.29914053051644
32.89785246585973, 58.292374188163976
32.94925536033763, 58.285607845811526
33.00065825481554, 58.27884150345906
33.05206114929344, 58.272075161106606
33.10346404377135, 58.26530881875415
33.154866938249256, 58.25854247640169
33.20626983272716, 58.25177613404924
33.25767272720507, 58.24500979169678
33.30907562168297, 58.238243449344324
33.36047851616088, 58.23147710699187
33.411881410638784, 58.22471076463941
33.463284305116694, 58.217944422286955
33.5146871995946, 58.2111780799345
33.5660900940725, 58.20441173758204
33.61749298855041, 58.197645395229586
33.66889588302831, 58.19087905287713
33.72029877750622, 58.18411271052467
33.771701671984125, 58.177346368172216
33.823104566462035, 58.17058002581976
33.87450746093994, 58.1638136834673
33.92591035541784, 58.15704734111485
33.97731324989575, 58.15028099876239
34.028716144373654, 58.143514656409934
34.080119038851564, 58.13674831405748
34.131521933329466, 58.12998197170502
34.18292482780737, 58.123215629352565
34.23432772228528, 58.11644928700011
34.28573061676318, 58.10968294464765
34.33713351124109, 58.102916602295196
34.388536405718995, 58.09615025994273
34.439939300196905, 58.089383917590276
34.49134219467481, 58.08261757523782
34.54274508915271, 58.07585123288536
34.59414798363062, 58.069084890532906
34.64555087810852, 58.06231854818045
34.69695377258643, 58.05555220582799
34.748356667064336, 58.04878586347554
34.799759561542245, 58.04201952112308
34.85116245602015, 58.035253178770624
34.90256535049805, 58.02848683641817
34.95396824497596, 58.02172049406571
35.005371139453864, 58.014954151713255
35.056774033931774, 58.0081878093608
35.10817692840968, 58.00142146700834
35.159579822887586, 57.994655124655885
35.21098271736549, 57.98788878230343
35.26238561184339, 57.98112243995097
35.3137885063213, 57.974356097598516
35.365191400799205, 57.96758975524606
35.416594295277115, 57.9608234128936
35.46799718975502, 57.95405707054115
35.51940008423293, 57.94729072818869
35.57080297871083, 57.940524385836234
35.62220587318873, 57.93375804348378
35.67360876766664, 57.92699170113132
35.725011662144546, 57.920225358778865
35.776414556622456, 57.91345901642641
35.82781745110036, 57.90669267407395
35.87922034557827, 57.89992633172149
35.93062324005617, 57.89315998936904
35.982026134534074, 57.886393647016575
36.033429029011984, 57.87962730466412
36.08483192348989, 57.87286096231166
36.1362348179678, 57.866094619959206
36.1876377124457, 57.85932827760675
36.2390406069236, 57.85256193525429
36.29044350140151, 57.84579559290184
36.341846395879415, 57.83902925054938
36.393249290357325, 57.832262908196924
36.44465218483523, 57.82549656584447
36.49605507931314, 57.81873022349201
36.54745797379104, 57.811963881139555
36.59886086826894, 57.8051975387871
36.65026376274685, 57.79843119643464
36.701666657224756, 57.791664854082185
36.753069551702666, 57.78489851172973
36.80447244618057, 57.77813216937727
36.85587534065848, 57.771365827024816
36.90727823513638, 57.76459948467236
36.958681129614284, 57.7578331423199
37.010084024092194, 57.75106679996745
37.0614869185701, 57.74430045761499
37.11288981304801, 57.737534115262534
37.16429270752591, 57.73076777291008
37.21569560200382, 57.72400143055762
37.26709849648172, 57.717235088205165
37.318501390959625, 57.71046874585271
37.369904285437535, 57.703702403500245
37.42130717991544, 57.696936061147795
37.47271007439335, 57.69016971879533
37.52411296887125, 57.683403376442875
37.57551586334916, 57.67663703409042
37.62691875782706, 57.66987069173796
37.678321652304966, 57.663104349385506
37.729724546782876, 57.65633800703305
37.78112744126078, 57.64957166468059
37.83253033573869, 57.64280532232814
37.88393323021659, 57.63603897997568
37.9353361246945, 57.629272637623224
37.986739019172404, 57.62250629527077
38.03814191365031, 57.61573995291831
38.08954480812822, 57.608973610565855
38.14094770260612, 57.6022072682134
38.19235059708403, 57.59544092586094
38.24375349156193, 57.588674583508485
38.295156386039835, 57.58190824115603
38.346559280517745, 57.57514189880357
38.39796217499565, 57.568375556451116
38.44936506947356, 57.56160921409866
38.50076796395146, 57.5548428717462
38.55217085842937, 57.54807652939375
38.60357375290727, 57.54131018704129
38.654976647385176, 57.534543844688834
38.706379541863086, 57.52777750233638
38.75778243634099, 57.52101115998392
38.8091853308189, 57.514244817631464
38.8605882252968, 57.50747847527901
38.91199111977471, 57.500712132926544
38.963394014252614, 57.49394579057409
39.01479690873052, 57.48717944822164
39.06619980320843, 57.480413105869175
39.11760269768633, 57.47364676351672
39.16900559216424, 57.46688042116426
39.22040848664214, 57.460114078811806
39.27181138112005, 57.45334773645935
39.323214275597955, 57.44658139410689
39.37461717007586, 57.43981505175444
39.42602006455377, 57.43304870940198
39.47742295903167, 57.426282367049524
39.52882585350958, 57.41951602469707
39.58022874798748, 57.41274968234461
39.63163164246539, 57.405983339992154
39.683034536943296, 57.3992169976397
39.7344374314212, 57.39245065528724
39.78584032589911, 57.385684312934785
39.83724322037701, 57.37891797058233
39.88864611485492, 57.37215162822987
39.940049009332824, 57.365385285877416
39.99145190381073, 57.35861894352496
40.04285479828864, 57.3518526011725
40.09425769276654, 57.34508625882005
40.14566058724445, 57.33831991646759
40.19706348172235, 57.331553574115134
40.24846637620026, 57.32478723176268
40.299869270678165, 57.31802088941022
40.35127216515607, 57.311254547057764
40.40267505963398, 57.30448820470531
40.45407795411188, 57.297721862352844
40.50548084858979, 57.21826404540073
40.556883743067694, 57.040870119342955
40.6082866375456, 56.86347619328516
40.659689532023506, 56.686082267227384
40.71109242650141, 56.508688341169616
40.76249532097932, 56.33129441511181
40.81389821545722, 56.153900489054045
40.86530110993513, 55.97650656299625
40.916704004413035, 55.799112636938474
40.968106898890944, 55.62171871088068
41.01950979336885, 55.4443247848229
41.07091268784675, 55.26693085876513
41.12231558232466, 55.08953693270733
41.17371847680256, 54.91214300664956
41.22512137128047, 54.73474908059176
41.276524265758376, 54.55735515453399
41.327927160236285, 54.37996122847619
41.37933005471419, 54.202567302418416
41.43073294919209, 54.02517337636065
41.48213584367, 53.84777945030285
41.533538738147904, 53.67038552424508
41.584941632625814, 53.49299159818728
41.63634452710372, 53.315597672129506
41.687747421581626, 53.13820374607171
41.73915031605953, 52.960809820013935
41.79055321053743, 52.78341589395616
41.84195610501534, 52.606021967898364
41.893358999493245, 52.42862804184059
41.944761893971155, 52.25123411578279
41.99616478844906, 52.07384018972502
42.04756768292696, 51.89644626366725
42.09897057740487, 51.719052337609455
42.15037347188277, 51.54165841155168
42.20177636636068, 51.364264485493884
42.253179260838586, 51.18687055943611
42.304582155316496, 51.00947663337831
42.3559850497944, 50.83208270732054
42.4073879442723, 50.65468878126276
42.45879083875021, 50.47729485520497
42.510193733228114, 50.2999009291472
42.561596627706024, 50.122507003089396
42.61299952218393, 49.94511307703162
42.66440241666184, 49.767719150973825
42.71580531113974, 49.59032522491606
42.76720820561764, 49.41293129885828
42.81861110009555, 49.235537372800486
42.870013994573455, 49.05814344674271
42.921416889051365, 48.880749520684915
42.97281978352927, 48.70335559462714
43.02422267800718, 48.525961668569344
43.07562557248508, 48.34856774251157
43.12702846696298, 48.1711738164538
43.17843136144089, 47.993779890396
43.229834255918796, 47.816385964338224
43.281237150396706, 47.638992038280435
43.33264004487461, 47.46159811222266
43.38404293935252, 47.28420418616486
43.43544583383042, 47.10681026010709
43.486848728308324, 46.929416334049314
43.538251622786234, 46.75202240799152
43.58965451726414, 46.57462848193374
43.64105741174205, 46.39723455587595
43.69246030621995, 46.21984062981817
43.74386320069786, 46.042446703760376
43.79526609517576, 45.8650527777026
43.846668989653665, 45.687658851644834
43.898071884131575, 45.51026492558704
43.94947477860948, 45.33287099952926
44.00087767308739, 45.15547707347146
44.05228056756529, 44.97808314741369
44.10368346204319, 44.80068922135592
44.1550863565211, 44.62329529529812
44.206489250999006, 44.445901369240346
44.257892145476916, 44.26850744318255
44.30929503995482, 44.091113517124775
44.36069793443273, 43.91371959106698
44.41210082891063, 43.736325665009204
44.463503723388534, 43.558931738951436
44.514906617866444, 43.38153781289364
44.56630951234435, 43.204143886835865
44.61771240682226, 43.02674996077806
44.66911530130016, 42.849356034720294
44.72051819577807, 42.6719621086625
44.77192109025597, 42.49456818260472
44.823323984733875, 42.31717425654695
44.874726879211785, 42.13978033048915
44.92612977368969, 41.96238640443138
44.9775326681676, 41.78499247837358
45.0289355626455, 41.60759855231581
45.08033845712341, 41.43020462625801
45.13174135160131, 41.25281070020024
45.183144246079216, 41.07541677414247
45.234547140557126, 40.898022848084665
45.28595003503503, 40.7206289220269
45.33735292951294, 40.5432349959691
45.38875582399084, 40.365841069911326
45.44015871846875, 40.18844714385353
45.491561612946654, 40.011053217795755
45.54296450742456, 39.83365929173799
45.59436740190247, 39.656265365680184
45.64577029638037, 39.47887143962241
45.69717319085828, 39.30147751356462
45.74857608533618, 39.124083587506846
45.79997897981409, 38.94668966144904
45.851381874291995, 38.76929573539127
45.9027847687699, 38.5919018093335
45.95418766324781, 38.414507883275704
46.00559055772571, 38.23711395721793
46.05699345220362, 38.05972003116013
46.10839634668152, 37.88232610510236
46.159799241159426, 37.70493217904459
46.211202135637336, 37.52753825298679
46.26260503011524, 37.35014432692901
46.31400792459315, 37.17275040087122
46.36541081907105, 36.99535647481345
46.41681371354896, 36.817962548755645
46.468216608026864, 36.64056862269788
46.51961950250477, 36.4631746966401
46.57102239698268, 36.285780770582306
46.62242529146058, 36.10838684452453
46.67382818593849, 35.930992918466735
46.72523108041639, 35.75359899240896
46.7766339748943, 35.576205066351164
46.828036869372205, 35.39881114029339
46.87943976385011, 35.221417214235615
46.93084265832802, 35.044023288177826
46.98224555280592, 34.86662936212005
47.03364844728383, 34.68923543606225
47.085051341761734, 34.51184151000448
47.13645423623964, 34.334447583946684
47.187857130717546, 34.15705365788891
47.23926002519545, 33.979659731831134
47.29066291967336, 33.80226580577334
47.34206581415126, 33.62487187971557
47.39346870862917, 33.44747795365777
47.444871603107075, 33.27008402759999
47.496274497584984, 33.092690101542196
47.54767739206289, 32.91529617548443
47.59908028654079, 32.737902249426654
47.6504831810187, 32.56050832336885
47.7018860754966, 32.38311439731108
47.75328896997451, 32.20572047125329
47.804691864452415, 32.02832654519551
47.85609475893032, 31.850932619137737
47.90749765340823, 31.67353869307994
47.95890054788613, 31.49614476702217
48.01030344236404, 31.31875084096437
48.061706336841944, 31.1413569149066
48.113109231319854, 30.963962988848802
48.164512125797756, 30.786569062791028
48.21591502027566, 30.609175136733256
48.26731791475357, 30.431781210675457
48.31872080923147, 30.254387284617685
48.37012370370938, 30.076993358559886
48.421526598187285, 29.899599432502114
48.472929492665195, 29.72220550644432
48.5243323871431, 29.544811580386543
48.575735281621, 29.367417654328772
48.62713817609891, 29.190023728270972
48.67854107057681, 29.0126298022132
48.72994396505472, 28.835235876155405
48.781346859532626, 28.65784195009763
48.832749754010536, 28.480448024039834
48.88415264848844, 28.30305409798206
48.93555554296634, 28.125660171924288
48.98695843744425, 27.948266245866492
49.038361331922154, 27.770872319808717
49.089764226400064, 27.59347839375092
49.14116712087797, 27.416084467693146
49.19257001535588, 27.23869054163535
49.24397290983378, 27.06129661557758
49.29537580431168, 26.883902689519804
49.34677869878959, 26.706508763462008
49.398181593267495, 26.529114837404233
49.449584487745405, 26.351720911346437
49.50098738222331, 26.174326985288662
49.55239027670122, 25.996933059230866
49.60379317117912, 25.819539133173095
49.65519606565702, 25.64214520711532
49.70659896013493, 25.464751281057524
49.758001854612836, 25.28735735499975
49.809404749090746, 25.109963428941953
49.86080764356865, 24.932569502884178
49.91221053804655, 24.75517557682641
49.96361343252446, 24.577781650768607
50.015016327002364, 24.40038772471084
50.066419221480274, 24.222993798653043
50.11782211595818, 24.045599872595268
50.16922501043609, 23.868205946537472
50.22062790491399, 23.690812020479697
50.27203079939189, 23.513418094421922
50.3234336938698, 23.336024168364126
50.374836588347705, 23.15863024230635
50.426239482825615, 22.981236316248555
50.47764237730352, 22.80384239019078
50.52904527178143, 22.626448464132984
50.58044816625933, 22.44905453807521
50.63185106073723, 22.271660612017442
50.68325395521514, 22.094266685959646
50.734656849693046, 21.91687275990187
50.786059744170956, 21.739478833844075
50.83746263864886, 21.5620849077863
50.88886553312677, 21.384690981728504
50.94026842760467, 21.20729705567073
50.991671322082574, 21.029903129612954
51.043074216560484, 20.852509203555158
51.09447711103839, 20.675115277497383
51.1458800055163, 20.497721351439587
51.1972828999942, 20.32032742538182
51.24868579447211, 20.142933499324016
51.30008868895001, 19.96553957326625
51.351491583427915, 19.788145647208474
