Parameters: [54.93731219629082, 24.134930438339268, 10.003055385107304, 39.395994223791746, 4.013389240215876, 0.1258131793826502, -2.8472145587033175]
Points:
0.0, 24.134930438339268
0.05499230450079161, 24.35563596151742
0.10998460900158322, 24.576341484695572
0.1649769135023748, 24.797047007873726
0.21996921800316643, 25.017752531051876
0.27496152250395806, 25.23845805423003
0.3299538270047496, 25.45916357740818
0.38494613150554124, 25.679869100586334
0.43993843600633287, 25.900574623764484
0.4949307405071245, 26.121280146942638
0.5499230450079161, 26.34198567012079
0.6049153495087077, 26.562691193298942
0.6599076540094992, 26.783396716477093
0.7148999585102909, 27.004102239655246
0.7698922630110825, 27.224807762833397
0.8248845675118741, 27.44551328601155
0.8798768720126657, 27.6662188091897
0.9348691765134574, 27.886924332367855
0.989861481014249, 28.107629855546005
1.0448537855150406, 28.32833537872416
1.0998460900158322, 28.54904090190231
1.1548383945166238, 28.769746425080463
1.2098306990174155, 28.990451948258617
1.264823003518207, 29.211157471436767
1.3198153080189985, 29.431862994614917
1.3748076125197901, 29.65256851779307
1.4297999170205817, 29.87327404097122
1.4847922215213734, 30.093979564149375
1.539784526022165, 30.314685087327526
1.5947768305229566, 30.53539061050568
1.6497691350237482, 30.756096133683833
1.7047614395245398, 30.976801656861984
1.7597537440253315, 31.197507180040134
1.814746048526123, 31.418212703218288
1.8697383530269147, 31.63891822639644
1.9247306575277063, 31.85962374957459
1.979722962028498, 32.08032927275274
2.0347152665292896, 32.301034795930896
2.089707571030081, 32.52174031910905
2.144699875530873, 32.7424458422872
2.1996921800316644, 32.96315136546535
2.254684484532456, 33.183856888643504
2.3096767890332477, 33.40456241182166
2.3646690935340393, 33.62526793499981
2.419661398034831, 33.845973458177966
2.4746537025356226, 34.06667898135611
2.529646007036414, 34.287384504534266
2.584638311537206, 34.50809002771242
2.639630616037997, 34.72879555089057
2.6946229205387886, 34.94950107406872
2.7496152250395802, 35.170206597246874
2.804607529540372, 35.39091212042503
2.8595998340411635, 35.611617643603175
2.914592138541955, 35.83232316678133
2.9695844430427467, 36.05302868995948
3.0245767475435383, 36.27373421313763
3.07956905204433, 36.49443973631578
3.1345613565451216, 36.71514525949394
3.189553661045913, 36.93585078267209
3.244545965546705, 37.156556305850245
3.2995382700474964, 37.3772618290284
3.354530574548288, 37.597967352206545
3.4095228790490797, 37.8186728753847
3.4645151835498713, 38.03937839856285
3.519507488050663, 38.260083921741
3.5744997925514546, 38.480789444919154
3.629492097052246, 38.70149496809731
3.684484401553038, 38.92220049127546
3.7394767060538294, 39.142906014453615
3.794469010554621, 39.36361153763176
3.8494613150554127, 39.584317060809916
3.9044536195562043, 39.80502258398807
3.959445924056996, 40.025728107166216
4.014438228557787, 40.24643363034437
4.069430533058579, 40.467139153522524
4.12442283755937, 40.68784467670068
4.179415142060162, 40.90855019987883
4.234407446560954, 41.12925572305698
4.289399751061746, 41.34996124623513
4.344392055562537, 41.57066676941328
4.399384360063329, 41.79137229259143
4.45437666456412, 42.01207781576959
4.509368969064912, 42.23278333894774
4.564361273565703, 42.453488862125894
4.619353578066495, 42.67419438530405
4.674345882567287, 42.8948999084822
4.729338187068079, 43.115605431660356
4.78433049156887, 43.3363109548385
4.839322796069662, 43.557016478016656
4.894315100570453, 43.7777220011948
4.949307405071245, 43.99842752437296
5.004299709572036, 44.21913304755111
5.059292014072828, 44.439838570729265
5.1142843185736195, 44.66054409390742
5.169276623074412, 44.88124961708557
5.224268927575203, 45.10195514026372
5.279261232075994, 45.322660663441866
5.334253536576786, 45.54336618662002
5.389245841077577, 45.76407170979817
5.444238145578369, 45.98477723297633
5.4992304500791604, 46.20548275615448
5.5542227545799525, 46.426188279332635
5.609215059080744, 46.64689380251078
5.664207363581536, 46.867599325688936
5.719199668082327, 47.08830484886708
5.774191972583119, 47.309010372045236
5.82918427708391, 47.52971589522339
5.884176581584702, 47.750421418401544
5.939168886085493, 47.9711269415797
5.9941611905862855, 48.19183246475785
6.049153495087077, 48.412537987936
6.104145799587869, 48.63324351111415
6.15913810408866, 48.8539490342923
6.214130408589452, 49.07465455747045
6.269122713090243, 49.29536008064861
6.324115017591035, 49.51606560382676
6.379107322091826, 49.736771127004914
6.4340996265926185, 49.95747665018307
6.48909193109341, 50.17818217336122
6.544084235594202, 50.398887696539376
6.599076540094993, 50.61959321971752
6.654068844595785, 50.840298742895676
6.709061149096576, 51.06100426607382
6.764053453597368, 51.28170978925198
6.819045758098159, 51.50241531243013
6.8740380625989514, 51.723120835608285
6.929030367099743, 51.94382635878644
6.984022671600535, 52.16453188196459
7.039014976101326, 52.38523740514274
7.094007280602117, 52.605942928320886
7.148999585102909, 52.82664845149904
7.2039918896037, 53.04735397467719
7.258984194104492, 53.26805949785535
7.3139764986052835, 53.4887650210335
7.368968803106076, 53.709470544211655
7.423961107606867, 53.9301760673898
7.478953412107659, 54.150881590567955
7.53394571660845, 54.3715871137461
7.588938021109242, 54.592292636924256
7.643930325610033, 54.81299816010241
7.698922630110825, 55.033703683280564
7.7539149346116165, 55.25440920645872
7.808907239112409, 55.47511472963687
7.8638995436132, 55.69582025281502
7.918891848113992, 55.91652577599317
7.973884152614783, 56.137231299171326
8.028876457115574, 56.35793682234947
8.083868761616367, 56.57864234552763
8.138861066117158, 56.79934786870578
8.19385337061795, 57.020053391883934
8.24884567511874, 57.24075891506208
8.303837979619534, 57.46146443824024
8.358830284120325, 57.68216996141839
8.413822588621116, 57.90287548459654
8.468814893121907, 58.12358100777469
8.5238071976227, 58.34428653095285
8.578799502123491, 58.564992054131
8.633791806624282, 58.78569757730915
8.688784111125074, 59.0064031004873
8.743776415625867, 59.22710862366546
8.798768720126658, 59.447814146843605
8.853761024627449, 59.66851967002176
8.90875332912824, 59.889225193199906
8.963745633629031, 60.10993071637806
9.018737938129824, 60.33063623955622
9.073730242630615, 60.55134176273437
9.128722547131407, 60.77204728591252
9.183714851632198, 60.99275280909067
9.23870715613299, 61.21345833226883
9.293699460633782, 61.434163855446975
9.348691765134573, 61.65486937862513
9.403684069635364, 61.875574901803276
9.458676374136157, 62.09628042498144
9.513668678636948, 62.316985948159584
9.56866098313774, 62.53769147133774
9.62365328763853, 62.758396994515884
9.678645592139324, 62.979102517694045
9.733637896640115, 63.19980804087219
9.788630201140906, 63.420513564050346
9.843622505641697, 63.64121908722849
9.89861481014249, 63.86192461040665
9.953607114643281, 64.0826301335848
10.008599419144073, 64.28178280276116
10.063591723644864, 64.28870155943198
10.118584028145657, 64.29562031610281
10.173576332646448, 64.30253907277363
10.228568637147239, 64.30945782944445
10.28356094164803, 64.31637658611528
10.338553246148823, 64.3232953427861
10.393545550649614, 64.33021409945692
10.448537855150406, 64.33713285612775
10.503530159651197, 64.34405161279857
10.558522464151988, 64.3509703694694
10.61351476865278, 64.35788912614022
10.668507073153572, 64.36480788281104
10.723499377654363, 64.37172663948186
10.778491682155154, 64.37864539615269
10.833483986655947, 64.3855641528235
10.888476291156739, 64.39248290949433
10.94346859565753, 64.39940166616516
10.998460900158321, 64.40632042283598
11.053453204659114, 64.4132391795068
11.108445509159905, 64.42015793617763
11.163437813660696, 64.42707669284844
11.218430118161487, 64.43399544951927
11.27342242266228, 64.4409142061901
11.328414727163072, 64.44783296286093
11.383407031663863, 64.45475171953174
11.438399336164654, 64.46167047620257
11.493391640665447, 64.4685892328734
11.548383945166238, 64.47550798954421
11.60337624966703, 64.48242674621504
11.65836855416782, 64.48934550288587
11.713360858668613, 64.49626425955668
11.768353163169404, 64.50318301622751
11.823345467670196, 64.51010177289834
11.878337772170987, 64.51702052956915
11.93333007667178, 64.52393928623998
11.988322381172571, 64.53085804291081
12.043314685673362, 64.53777679958162
12.098306990174153, 64.54469555625245
12.153299294674946, 64.55161431292328
12.208291599175737, 64.55853306959409
12.263283903676529, 64.56545182626492
12.31827620817732, 64.57237058293575
12.373268512678111, 64.57928933960656
12.428260817178904, 64.58620809627739
12.483253121679695, 64.59312685294822
12.538245426180486, 64.60004560961903
12.593237730681277, 64.60696436628986
12.64823003518207, 64.61388312296069
12.703222339682862, 64.6208018796315
12.758214644183653, 64.62772063630233
12.813206948684444, 64.63463939297316
12.868199253185237, 64.64155814964398
12.923191557686028, 64.6484769063148
12.97818386218682, 64.65539566298563
13.03317616668761, 64.66231441965645
13.088168471188403, 64.66923317632727
13.143160775689195, 64.6761519329981
13.198153080189986, 64.68307068966892
13.253145384690777, 64.68998944633974
13.30813768919157, 64.69690820301057
13.363129993692361, 64.7038269596814
13.418122298193152, 64.7107457163522
13.473114602693943, 64.71766447302304
13.528106907194736, 64.72458322969386
13.583099211695528, 64.73150198636468
13.638091516196319, 64.7384207430355
13.69308382069711, 64.74533949970633
13.748076125197903, 64.75225825637715
13.803068429698694, 64.75917701304797
13.858060734199485, 64.7660957697188
13.913053038700276, 64.77301452638962
13.96804534320107, 64.77993328306044
14.02303764770186, 64.78685203973127
14.078029952202652, 64.79377079640209
14.133022256703443, 64.80068955307291
14.188014561204234, 64.80760830974374
14.243006865705027, 64.81452706641457
14.297999170205818, 64.82144582308538
14.35299147470661, 64.82836457975621
14.4079837792074, 64.83528333642704
14.462976083708194, 64.84220209309785
14.517968388208985, 64.84912084976868
14.572960692709776, 64.85603960643951
14.627952997210567, 64.86295836311032
14.68294530171136, 64.86987711978115
14.737937606212151, 64.87679587645198
14.792929910712942, 64.88371463312279
14.847922215213734, 64.89063338979362
14.902914519714527, 64.89755214646445
14.957906824215318, 64.90447090313526
15.012899128716109, 64.91138965980609
15.0678914332169, 64.91830841647692
15.122883737717693, 64.92522717314773
15.177876042218484, 64.93214592981856
15.232868346719275, 64.93906468648939
15.287860651220067, 64.9459834431602
15.34285295572086, 64.95290219983103
15.39784526022165, 64.95982095650186
15.452837564722442, 64.96673971317267
15.507829869223233, 64.9736584698435
15.562822173724026, 64.98057722651433
15.617814478224817, 64.98749598318514
15.672806782725608, 64.99441473985597
15.7277990872264, 65.0013334965268
15.782791391727192, 65.00825225319763
15.837783696227984, 65.01517100986844
15.892776000728775, 65.02208976653927
15.947768305229566, 65.0290085232101
16.00276060973036, 65.03592727988091
16.05775291423115, 65.04284603655174
16.11274521873194, 65.04976479322256
16.167737523232734, 65.05668354989338
16.222729827733524, 65.0636023065642
16.277722132234317, 65.07052106323503
16.332714436735106, 65.07743981990585
16.3877067412359, 65.08435857657668
16.442699045736692, 65.0912773332475
16.49769135023748, 65.09819608991832
16.552683654738274, 65.10511484658915
16.607675959239067, 65.11203360325997
16.662668263739857, 65.11895235993079
16.71766056824065, 65.12587111660162
16.77265287274144, 65.13278987327244
16.827645177242232, 65.13970862994326
16.882637481743025, 65.14662738661409
16.937629786243814, 65.15354614328491
16.992622090744607, 65.16046489995573
17.0476143952454, 65.16738365662655
17.10260669974619, 65.17430241329738
17.157599004246983, 65.18122116996821
17.212591308747772, 65.18813992663902
17.267583613248565, 65.19505868330985
17.322575917749358, 65.20197743998068
17.377568222250147, 65.2088961966515
17.43256052675094, 65.21581495332232
17.487552831251733, 65.22273370999315
17.542545135752523, 65.22965246666396
17.597537440253316, 65.23657122333479
17.652529744754105, 65.24348998000562
17.707522049254898, 65.25040873667643
17.76251435375569, 65.25732749334726
17.81750665825648, 65.26424625001809
17.872498962757273, 65.2711650066889
17.927491267258063, 65.27808376335973
17.982483571758856, 65.28500252003056
18.03747587625965, 65.29192127670137
18.092468180760438, 65.2988400333722
18.14746048526123, 65.30575879004303
18.202452789762024, 65.31267754671384
18.257445094262813, 65.31959630338467
18.312437398763606, 65.3265150600555
18.367429703264396, 65.33343381672631
18.42242200776519, 65.34035257339714
18.47741431226598, 65.34727133006797
18.53240661676677, 65.35419008673878
18.587398921267564, 65.36110884340961
18.642391225768357, 65.36802760008044
18.697383530269146, 65.37494635675127
18.75237583476994, 65.38186511342208
18.80736813927073, 65.38878387009291
18.86236044377152, 65.39570262676374
18.917352748272314, 65.40262138343455
18.972345052773104, 65.40954014010538
19.027337357273897, 65.4164588967762
19.08232966177469, 65.42337765344702
19.13732196627548, 65.43029641011785
19.192314270776272, 65.43721516678868
19.24730657527706, 65.44413392345949
19.302298879777855, 65.45105268013032
19.357291184278647, 65.45797143680115
19.412283488779437, 65.46489019347196
19.46727579328023, 65.47180895014279
19.52226809778102, 65.47872770681361
19.577260402281812, 65.48564646348443
19.632252706782605, 65.49256522015526
19.687245011283395, 65.49948397682608
19.742237315784188, 65.5064027334969
19.79722962028498, 65.51332149016773
19.85222192478577, 65.52024024683855
19.907214229286563, 65.52715900350937
19.962206533787352, 65.5340777601802
20.017198838288145, 65.54099651685102
20.072191142788938, 65.54791527352185
20.127183447289728, 65.55483403019267
20.18217575179052, 65.5617527868635
20.237168056291313, 65.56867154353432
20.292160360792103, 65.57559030020514
20.347152665292896, 65.58250905687596
20.402144969793685, 65.58942781354679
20.457137274294478, 65.5963465702176
20.51212957879527, 65.60326532688843
20.56712188329606, 65.61018408355926
20.622114187796853, 65.61710284023007
20.677106492297646, 65.6240215969009
20.732098796798436, 65.63094035357173
20.78709110129923, 65.63785911024254
20.842083405800018, 65.64477786691337
20.89707571030081, 65.6516966235842
20.952068014801604, 65.65861538025501
21.007060319302393, 65.66553413692584
21.062052623803186, 65.67245289359667
21.117044928303976, 65.67937165026748
21.17203723280477, 65.68629040693831
21.22702953730556, 65.69320916360914
21.28202184180635, 65.70012792027995
21.337014146307144, 65.70704667695078
21.392006450807937, 65.71396543362161
21.446998755308726, 65.72088419029242
21.50199105980952, 65.72780294696325
21.55698336431031, 65.73472170363408
21.6119756688111, 65.74164046030491
21.666967973311895, 65.74855921697572
21.721960277812684, 65.75547797364655
21.776952582313477, 65.76239673031738
21.83194488681427, 65.76931548698819
21.88693719131506, 65.77623424365902
21.941929495815852, 65.78315300032985
21.996921800316642, 65.79007175700066
22.051914104817435, 65.79699051367149
22.106906409318228, 65.80390927034232
22.161898713819017, 65.81082802701313
22.21689101831981, 65.81774678368396
22.271883322820603, 65.82466554035479
22.326875627321392, 65.8315842970256
22.381867931822185, 65.83850305369643
22.436860236322975, 65.84542181036726
22.491852540823768, 65.85234056703807
22.54684484532456, 65.8592593237089
22.60183714982535, 65.86617808037973
22.656829454326143, 65.87309683705054
22.711821758826936, 65.88001559372137
22.766814063327725, 65.8869343503922
22.82180636782852, 65.89385310706301
22.876798672329308, 65.90077186373384
22.9317909768301, 65.90769062040467
22.986783281330894, 65.9146093770755
23.041775585831683, 65.9215281337463
23.096767890332476, 65.92844689041713
23.151760194833265, 65.93536564708796
23.20675249933406, 65.94228440375878
23.26174480383485, 65.9492031604296
23.31673710833564, 65.95612191710043
23.371729412836434, 65.96304067377125
23.426721717337227, 65.96995943044207
23.481714021838016, 65.9768781871129
23.53670632633881, 65.98379694378372
23.5916986308396, 65.99071570045454
23.64669093534039, 65.99763445712537
23.701683239841184, 66.00455321379619
23.756675544341974, 66.01147197046701
23.811667848842767, 66.01839072713784
23.86666015334356, 66.02530948380866
23.92165245784435, 66.03222824047948
23.976644762345142, 66.03914699715031
24.03163706684593, 66.04606575382113
24.086629371346724, 66.05298451049195
24.141621675847517, 66.05990326716278
24.196613980348307, 66.0668220238336
24.2516062848491, 66.07374078050442
24.306598589349893, 66.08065953717525
24.361590893850682, 66.08757829384606
24.416583198351475, 66.09449705051689
24.471575502852264, 66.10141580718772
24.526567807353057, 66.10833456385855
24.58156011185385, 66.11525332052936
24.63655241635464, 66.12217207720019
24.691544720855433, 66.12909083387102
24.746537025356222, 66.13600959054183
24.801529329857015, 66.14292834721266
24.856521634357808, 66.14984710388349
24.911513938858597, 66.1567658605543
24.96650624335939, 66.16368461722513
25.021498547860183, 66.17060337389596
25.076490852360973, 66.17752213056677
25.131483156861766, 66.1844408872376
25.186475461362555, 66.19135964390843
25.241467765863348, 66.19827840057924
25.29646007036414, 66.20519715725007
25.35145237486493, 66.2121159139209
25.406444679365723, 66.21903467059171
25.461436983866516, 66.22595342726254
25.516429288367306, 66.23287218393337
25.5714215928681, 66.23979094060418
25.626413897368888, 66.24670969727501
25.68140620186968, 66.25362845394584
25.736398506370474, 66.26054721061665
25.791390810871263, 66.26746596728748
25.846383115372056, 66.2743847239583
25.90137541987285, 66.28130348062913
25.95636772437364, 66.28822223729995
26.01136002887443, 66.29514099397078
26.06635233337522, 66.3020597506416
26.121344637876014, 66.30897850731242
26.176336942376807, 66.31589726398325
26.231329246877596, 66.32281602065407
26.28632155137839, 66.32973477732489
26.341313855879182, 66.33665353399572
26.39630616037997, 66.34357229066654
26.451298464880765, 66.35049104733736
26.506290769381554, 66.35740980400819
26.561283073882347, 66.36432856067901
26.61627537838314, 66.37124731734983
26.67126768288393, 66.37816607402065
26.726259987384722, 66.38508483069148
26.78125229188551, 66.3920035873623
26.836244596386305, 66.39892234403312
26.891236900887098, 66.40584110070395
26.946229205387887, 66.41275985737477
27.00122150988868, 66.4196786140456
27.056213814389473, 66.42659737071642
27.111206118890262, 66.43351612738724
27.166198423391055, 66.44043488405806
27.221190727891845, 66.44735364072889
27.276183032392638, 66.4542723973997
27.33117533689343, 66.46119115407053
27.38616764139422, 66.46810991074136
27.441159945895013, 66.47502866741218
27.496152250395806, 66.481947424083
27.551144554896595, 66.48886618075383
27.606136859397388, 66.49578493742466
27.661129163898178, 66.50270369409547
27.71612146839897, 66.5096224507663
27.771113772899763, 66.51654120743713
27.826106077400553, 66.52345996410794
27.881098381901346, 66.53037872077877
27.93609068640214, 66.5372974774496
27.991082990902928, 66.54421623412041
28.04607529540372, 66.55113499079124
28.10106759990451, 66.55805374746207
28.156059904405303, 66.56497250413288
28.211052208906096, 66.57189126080371
28.266044513406886, 66.57881001747454
28.32103681790768, 66.58572877414535
28.376029122408468, 66.59264753081618
28.43102142690926, 66.59956628748701
28.486013731410054, 66.60648504415782
28.541006035910844, 66.61340380082865
28.595998340411636, 66.62032255749948
28.65099064491243, 66.62724131417029
28.70598294941322, 66.63416007084112
28.76097525391401, 66.64107882751195
28.8159675584148, 66.64799758418276
28.870959862915594, 66.65491634085359
28.925952167416387, 66.66183509752442
28.980944471917176, 66.66875385419524
29.03593677641797, 66.67567261086606
29.090929080918762, 66.68259136753689
29.145921385419552, 66.68951012420771
29.200913689920345, 66.69642888087853
29.255905994421134, 66.70334763754936
29.310898298921927, 66.71026639422018
29.36589060342272, 66.717185150891
29.42088290792351, 66.72410390756183
29.475875212424302, 66.73102266423265
29.530867516925095, 66.73794142090347
29.585859821425885, 66.7448601775743
29.640852125926678, 66.75177893424512
29.695844430427467, 66.75869769091594
29.75083673492826, 66.76561644758677
29.805829039429053, 66.7725352042576
29.860821343929842, 66.77945396092841
29.915813648430635, 66.78637271759924
29.970805952931425, 66.79329147427006
30.025798257432218, 66.80021023094088
30.08079056193301, 66.8071289876117
30.1357828664338, 66.81404774428253
30.190775170934593, 66.82096650095335
30.245767475435386, 66.82788525762417
30.300759779936175, 66.834804014295
30.35575208443697, 66.84172277096582
30.410744388937758, 66.84864152763664
30.46573669343855, 66.85556028430747
30.520728997939344, 66.8624790409783
30.575721302440133, 66.86939779764911
30.630713606940926, 66.87631655431994
30.68570591144172, 66.88323531099077
30.74069821594251, 66.89015406766158
30.7956905204433, 66.89707282433241
30.85068282494409, 66.90399158100324
30.905675129444884, 66.91091033767405
30.960667433945677, 66.91782909434488
31.015659738446466, 66.92474785101571
31.07065204294726, 66.93166660768652
31.125644347448052, 66.93858536435735
31.18063665194884, 66.94550412102818
31.235628956449634, 66.952422877699
31.290621260950424, 66.95934163436982
31.345613565451217, 66.96626039104065
31.40060586995201, 66.97317914771146
31.4555981744528, 66.98009790438229
31.510590478953592, 66.98701666105312
31.565582783454385, 66.99393541772393
31.620575087955174, 67.00085417439476
31.675567392455967, 67.00777293106559
31.730559696956757, 67.0146916877364
31.78555200145755, 67.02161044440723
31.840544305958343, 67.02852920107806
31.895536610459132, 67.03544795774889
31.950528914959925, 67.0423667144197
32.00552121946072, 67.04928547109053
32.06051352396151, 67.05620422776136
32.1155058284623, 67.06312298443217
32.17049813296309, 67.070041741103
32.22549043746388, 67.07696049777383
32.280482741964676, 67.08387925444464
32.33547504646547, 67.09079801111547
32.390467350966254, 67.0977167677863
32.44545965546705, 67.10463552445711
32.50045195996784, 67.11155428112794
32.55544426446863, 67.11847303779876
32.610436568969426, 67.12539179446958
32.66542887347021, 67.1323105511404
32.720421177971005, 67.13922930781123
32.7754134824718, 67.14614806448205
32.83040578697259, 67.15306682115288
32.885398091473384, 67.1599855778237
32.94039039597418, 67.16690433449452
32.99538270047496, 67.17382309116535
33.050375004975756, 67.18074184783617
33.10536730947655, 67.18766060450699
33.16035961397734, 67.19457936117782
33.215351918478135, 67.20149811784864
33.27034422297892, 67.20841687451946
33.32533652747971, 67.21533563119029
33.380328831980506, 67.22225438786111
33.4353211364813, 67.22917314453194
33.49031344098209, 67.23609190120276
33.54530574548288, 67.24301065787358
33.60029804998367, 67.24992941454441
33.655290354484464, 67.25684817121522
33.71028265898526, 67.26376692788605
33.76527496348605, 67.27068568455688
33.820267267986836, 67.2776044412277
33.87525957248763, 67.28452319789852
33.93025187698842, 67.29144195456935
33.985244181489215, 67.29836071124016
34.04023648599001, 67.30527946791099
34.0952287904908, 67.31219822458182
34.150221094991586, 67.31911698125263
34.20521339949238, 67.32603573792346
34.26020570399317, 67.33295449459429
34.315198008493965, 67.3398732512651
34.37019031299476, 67.34679200793593
34.425182617495544, 67.35371076460676
34.48017492199634, 67.36062952127757
34.53516722649713, 67.3675482779484
34.59015953099792, 67.37446703461923
34.645151835498716, 67.38138579129006
34.7001441399995, 67.38830454796087
34.755136444500295, 67.3952233046317
34.81012874900109, 67.40214206130253
34.86512105350188, 67.40906081797334
34.92011335800267, 67.41597957464417
34.975105662503466, 67.422898331315
35.03009796700425, 67.42981708798581
35.085090271505045, 67.43673584465664
35.14008257600584, 67.44365460132747
35.19507488050663, 67.45057335799828
35.250067185007424, 67.45749211466911
35.30505948950821, 67.46441087133994
35.360051794009, 67.47132962801075
35.415044098509796, 67.47824838468158
35.47003640301059, 67.4851671413524
35.52502870751138, 67.49208589802322
35.58002101201217, 67.49900465469405
35.63501331651296, 67.50592341136488
35.69000562101375, 67.51284216803569
35.74499792551455, 67.51976092470652
35.79999023001534, 67.52667968137735
35.854982534516125, 67.53359843804816
35.90997483901692, 67.54051719471899
35.96496714351771, 67.54743595138982
36.019959448018504, 67.55435470806063
36.0749517525193, 67.56127346473146
36.12994405702009, 67.56819222140228
36.184936361520876, 67.5751109780731
36.23992866602167, 67.58202973474393
36.29492097052246, 67.58894849141475
36.349913275023255, 67.59586724808558
36.40490557952405, 67.6027860047564
36.459897884024834, 67.60970476142722
36.51489018852563, 67.61662351809805
36.56988249302642, 67.62354227476887
36.62487479752721, 67.6304610314397
36.679867102028005, 67.63737978811052
36.73485940652879, 67.64429854478134
36.789851711029584, 67.65121730145216
36.84484401553038, 67.65813605812299
36.89983632003117, 67.6650548147938
36.95482862453196, 67.67197357146463
37.00982092903275, 67.67889232813546
37.06481323353354, 67.68581108480628
37.119805538034335, 67.6927298414771
37.17479784253513, 67.69964859814793
37.22979014703592, 67.70656735481874
37.284782451536714, 67.71348611148957
37.3397747560375, 67.7204048681604
37.39476706053829, 67.72732362483121
37.449759365039085, 67.73424238150204
37.50475166953988, 67.74116113817287
37.55974397404067, 67.7480798948437
37.61473627854146, 67.75499865151451
37.66972858304225, 67.76191740818534
37.72472088754304, 67.76883616485617
37.779713192043836, 67.77575492152698
37.83470549654463, 67.78267367819781
37.889697801045415, 67.78959243486864
37.94469010554621, 67.79651119153945
37.999682410047, 67.80342994821028
38.054674714547794, 67.81034870488111
38.10966701904859, 67.81726746155192
38.16465932354938, 67.82418621822275
38.219651628050165, 67.83110497489358
38.27464393255096, 67.83802373156439
38.32963623705175, 67.84494248823522
38.384628541552544, 67.85186124490605
38.43962084605334, 67.85878000157686
38.49461315055412, 67.86569875824769
38.549605455054916, 67.87261751491852
38.60459775955571, 67.87953627158933
38.6595900640565, 67.88645502826016
38.714582368557295, 67.89337378493099
38.76957467305808, 67.9002925416018
38.824566977558874, 67.90721129827263
38.87955928205967, 67.91413005494346
38.93455158656046, 67.92104881161427
38.98954389106125, 67.9279675682851
39.04453619556204, 67.93488632495593
39.09952850006283, 67.94180508162674
39.154520804563624, 67.94872383829757
39.20951310906442, 67.9556425949684
39.26450541356521, 67.96256135163922
39.319497718066, 67.96948010831004
39.37449002256679, 67.97639886498087
39.42948232706758, 67.88375656171674
39.484474631568375, 67.72718167172543
39.53946693606917, 67.57060678173413
39.59445924056996, 67.41403189174282
39.64945154507075, 67.25745700175155
39.70444384957154, 67.10088211176024
39.75943615407233, 66.94430722176894
39.814428458573126, 66.78773233177763
39.86942076307392, 66.63115744178633
39.924413067574704, 66.47458255179505
39.9794053720755, 66.31800766180375
40.03439767657629, 66.16143277181244
40.08938998107708, 66.00485788182114
40.144382285577876, 65.84828299182983
40.19937459007867, 65.69170810183853
40.254366894579455, 65.53513321184724
40.30935919908025, 65.37855832185593
40.36435150358104, 65.22198343186464
40.419343808081834, 65.06540854187334
40.47433611258263, 64.90883365188203
40.52932841708341, 64.75225876189074
40.584320721584206, 64.59568387189944
40.639313026085, 64.43910898190813
40.69430533058579, 64.28253409191683
40.749297635086585, 64.12595920192553
40.80428993958737, 63.96938431193425
40.85928224408816, 63.812809421942944
40.914274548588956, 63.65623453195164
40.96926685308975, 63.499659641960335
41.02425915759054, 63.34308475196903
41.07925146209133, 63.186509861977754
41.13424376659212, 63.02993497198645
41.189236071092914, 62.873360081995145
41.24422837559371, 62.71678519200384
41.2992206800945, 62.560210302012536
41.35421298459529, 62.40363541202123
41.40920528909608, 62.24706052202995
41.46419759359687, 62.09048563203864
41.519189898097665, 61.93391074204734
41.57418220259846, 61.77733585205604
41.62917450709925, 61.620760962064736
41.684166811600036, 61.46418607207345
41.73915911610083, 61.30761118208215
41.79415142060162, 61.15103629209084
41.849143725102415, 60.99446140209954
41.90413602960321, 60.837886512108234
41.959128334103994, 60.68131162211695
42.01412063860479, 60.524736732125646
42.06911294310558, 60.36816184213434
42.12410524760637, 60.211586952143044
42.179097552107166, 60.05501206215174
42.23408985660795, 59.898437172160456
42.289082161108745, 59.74186228216915
42.34407446560954, 59.58528739217785
42.39906677011033, 59.42871250218654
42.45405907461112, 59.27213761219524
42.509051379111916, 59.11556272220393
42.5640436836127, 58.95898783221266
42.619035988113495, 58.80241294222135
42.67402829261429, 58.64583805223005
42.72902059711508, 58.48926316223874
42.784012901615874, 58.33268827224744
42.83900520611666, 58.176113382256155
42.89399751061745, 58.01953849226485
42.948989815118246, 57.862963602273545
43.00398211961904, 57.70638871228224
43.05897442411983, 57.54981382229094
43.11396672862062, 57.39323893229965
43.16895903312141, 57.23666404230835
43.2239513376222, 57.08008915231705
43.278943642123, 56.923514262325746
43.33393594662379, 56.76693937233444
43.38892825112458, 56.61036448234314
43.44392055562537, 56.45378959235185
43.49891286012616, 56.29721470236055
43.553905164626954, 56.140639812369244
43.60889746912775, 55.98406492237794
43.66388977362854, 55.82749003238664
43.718882078129326, 55.67091514239536
43.77387438263012, 55.514340252404054
43.82886668713091, 55.35776536241275
43.883858991631705, 55.201190472421445
43.9388512961325, 55.04461558243014
43.993843600633284, 54.88804069243886
44.04883590513408, 54.73146580244755
44.10382820963487, 54.574890912456254
44.15882051413566, 54.41831602246495
44.213812818636455, 54.261741132473645
44.26880512313724, 54.10516624248236
44.323797427638034, 53.94859135249106
44.37878973213883, 53.79201646249975
44.43378203663962, 53.63544157250845
44.48877434114041, 53.47886668251714
44.543766645641206, 53.322291792525846
44.59875895014199, 53.165716902534555
44.653751254642785, 53.00914201254325
44.70874355914358, 52.85256712255195
44.76373586364437, 52.69599223256065
44.818728168145164, 52.539417342569344
44.87372047264595, 52.38284245257806
44.92871277714674, 52.226267562586756
44.983705081647535, 52.06969267259545
45.03869738614833, 51.91311778260415
45.09368969064912, 51.75654289261284
45.14868199514991, 51.599968002621566
45.2036742996507, 51.44339311263026
45.25866660415149, 51.286818222638956
45.313658908652286, 51.13024333264765
45.36865121315308, 50.97366844265635
45.42364351765387, 50.81709355266504
45.47863582215466, 50.66051866267376
45.53362812665545, 50.503943772682454
45.588620431156244, 50.34736888269116
45.64361273565704, 50.19079399269985
45.69860504015783, 50.03421910270855
45.753597344658615, 49.87764421271726
45.80858964915941, 49.72106932272596
45.8635819536602, 49.564494432734655
45.918574258160994, 49.40791954274335
45.97356656266179, 49.251344652752046
46.02855886716257, 49.09476976276076
46.083551171663366, 48.93819487276946
46.13854347616416, 48.78161998277815
46.19353578066495, 48.62504509278685
46.248528085165745, 48.468470202795544
46.30352038966653, 48.31189531280427
46.358512694167324, 48.15532042281296
46.41350499866812, 47.99874553282166
46.46849730316891, 47.842170642830354
46.5234896076697, 47.68559575283905
46.578481912170496, 47.529020862847744
46.63347421667128, 47.37244597285647
46.688466521172074, 47.21587108286516
46.74345882567287, 47.05929619287386
46.79845113017366, 46.902721302882554
46.85344343467445, 46.74614641289125
46.90843573917524, 46.589571522899966
46.96342804367603, 46.43299663290866
47.018420348176825, 46.27642174291736
47.07341265267762, 46.11984685292606
47.12840495717841, 45.963271962934755
47.1833972616792, 45.806697072943464
47.23838956617999, 45.65012218295216
47.29338187068078, 45.493547292960855
47.348374175181576, 45.33697240296956
47.40336647968237, 45.18039751297825
47.45835878418316, 45.02382262298695
47.51335108868395, 44.867247732995665
47.56834339318474, 44.71067284300436
47.62333569768553, 44.554097953013056
47.678328002186326, 44.39752306302175
47.73332030668712, 44.240948173030446
47.788312611187905, 44.08437328303917
47.8433049156887, 43.927798393047865
47.89829722018949, 43.77122350305656
47.953289524690284, 43.614648613065256
48.00828182919108, 43.45807372307395
48.06327413369186, 43.30149883308267
48.118266438192656, 43.14492394309137
48.17325874269345, 42.988349053100066
48.22825104719424, 42.83177416310876
48.283243351695035, 42.67519927311746
48.33823565619582, 42.518624383126166
48.39322796069661, 42.36204949313487
48.448220265197406, 42.205474603143564
48.5032125696982, 42.04889971315226
48.55820487419899, 41.892324823160955
48.613197178699785, 41.73574993316966
48.66818948320057, 41.57917504317837
48.723181787701364, 41.42260015318706
48.77817409220216, 41.26602526319576
48.83316639670295, 41.10945037320445
48.88815870120374, 40.952875483213155
48.94315100570453, 40.79630059322187
48.99814331020532, 40.63972570323057
49.053135614706115, 40.48315081323926
49.10812791920691, 40.32657592324796
49.1631202237077, 40.17000103325665
49.218112528208486, 40.01342614326538
49.27310483270928, 39.85685125327407
49.32809713721007, 39.70027636328277
49.383089441710865, 39.54370147329146
49.43808174621166, 39.38712658330016
49.493074050712444, 39.230551693308875
49.54806635521324, 39.07397680331757
49.60305865971403, 38.917401913326266
49.65805096421482, 38.76082702333497
49.713043268715616, 38.604252133343664
49.76803557321641, 38.44767724335236
49.823027877717195, 38.29110235336107
49.87802018221799, 38.134527463369764
49.93301248671878, 37.97795257337847
49.98800479121957, 37.82137768338716
50.04299709572037, 37.66480279339586
50.09798940022115, 37.508227903404574
50.152981704721945, 37.35165301341327
50.20797400922274, 37.195078123421965
50.26296631372353, 37.03850323343066
50.317958618224324, 36.881928343439355
50.37295092272511, 36.72535345344808
50.4279432272259, 36.568778563456775
50.482935531726696, 36.41220367346547
50.53792783622749, 36.255628783474165
50.59292014072828, 36.09905389348286
50.647912445229075, 35.942479003491556
50.70290474972986, 35.78590411350027
50.757897054230654, 35.62932922350897
50.81288935873145, 35.47275433351767
50.86788166323224, 35.316179443526366
50.92287396773303, 35.15960455353506
50.97786627223382, 35.00302966354378
51.03285857673461, 34.84645477355247
51.087850881235404, 34.68987988356117
51.1428431857362, 34.533304993569864
51.19783549023699, 34.37673010357856
51.252827794737776, 34.220155213587276
51.30782009923857, 34.06358032359598
51.36281240373936, 33.907005433604674
51.417804708240155, 33.75043054361337
51.47279701274095, 33.593855653622064
51.527789317241734, 33.43728076363078
51.58278162174253, 33.28070587363948
51.63777392624332, 33.12413098364817
51.69276623074411, 32.96755609365687
51.747758535244905, 32.81098120366556
51.8027508397457, 32.654406313674265
51.857743144246484, 32.49783142368298
51.91273544874728, 32.34125653369168
51.96772775324807, 32.18468164370037
52.02272005774886, 32.02810675370907
52.077712362249656, 31.871531863717763
52.13270466675044, 31.71495697372648
52.187696971251235, 31.558382083735175
52.24268927575203, 31.40180719374387
52.29768158025282, 31.245232303752573
52.352673884753614, 31.08865741376127
52.4076661892544, 30.932082523769985
52.46265849375519, 30.77550763377868
52.517650798255985, 30.618932743787376
52.57264310275678, 30.46235785379607
52.62763540725757, 30.305782963804766
52.682627711758364, 30.149208073813462
52.73762001625915, 29.99263318382218
52.79261232075994, 29.836058293830874
52.847604625260736, 29.679483403839576
52.90259692976153, 29.52290851384827
52.95758923426232, 29.366333623856967
53.01258153876311, 29.209758733865684
53.0675738432639, 29.05318384387438
53.122566147764694, 28.896608953883074
53.17755845226549, 28.74003406389177
53.23255075676628, 28.583459173900465
53.287543061267066, 28.42688428390918
53.34253536576786, 28.270309393917877
53.39752767026865, 28.11373450392658
53.452519974769444, 27.957159613935275
53.50751227927024, 27.80058472394397
53.56250458377102, 27.644009833952687
53.617496888271816, 27.487434943961382
53.67248919277261, 27.330860053970078
53.7274814972734, 27.174285163978773
53.782473801774195, 27.01771027398747
53.83746610627499, 26.86113538399617
53.892458410775774, 26.704560494004888
53.94745071527657, 26.547985604013583
54.00244301977736, 26.39141071402228
54.05743532427815, 26.234835824030974
54.112427628778946, 26.07826093403967
54.16741993327973, 25.921686044048386
54.222412237780524, 25.76511115405708
54.27740454228132, 25.608536264065776
54.33239684678211, 25.45196137407447
54.3873891512829, 25.295386484083174
54.44238145578369, 25.13881159409189
54.49737376028448, 24.982236704100586
54.552366064785275, 24.82566181410928
54.60735836928607, 24.669086924117977
54.66235067378686, 24.512512034126672
54.71734297828765, 24.35593714413539
54.77233528278844, 24.199362254144084
54.82732758728923, 24.04278736415278
54.882319891790026, 23.886212474161482
54.93731219629082, 23.729637584170177
