Parameters: [50.25199357086427, 20.415200219099248, 13.981027018013902, 39.849810823830474, 3.9596105291380885, 0.1945920139166824, -2.9590949486824325]
Points:
0.0, 20.415200219099248
0.050302295866731, 20.614377719452975
0.100604591733462, 20.8135552198067
0.150906887600193, 21.01273272016043
0.201209183466924, 21.211910220514156
0.25151147933365503, 21.411087720867886
0.301813775200386, 21.610265221221614
0.352116071067117, 21.80944272157534
0.402418366933848, 22.008620221929068
0.45272066280057904, 22.207797722282795
0.5030229586673101, 22.40697522263652
0.553325254534041, 22.60615272299025
0.603627550400772, 22.805330223343976
0.6539298462675031, 23.004507723697703
0.704232142134234, 23.203685224051434
0.7545344380009651, 23.40286272440516
0.804836733867696, 23.602040224758888
0.855139029734427, 23.801217725112615
0.9054413256011581, 24.00039522546634
0.955743621467889, 24.19957272582007
1.0060459173346201, 24.398750226173796
1.056348213201351, 24.597927726527523
1.106650509068082, 24.79710522688125
1.156952804934813, 24.996282727234977
1.207255100801544, 25.195460227588704
1.2575573966682752, 25.394637727942435
1.3078596925350061, 25.59381522829616
1.358161988401737, 25.79299272864989
1.408464284268468, 25.992170229003616
1.458766580135199, 26.191347729357343
1.5090688760019302, 26.39052522971107
1.5593711718686611, 26.589702730064797
1.609673467735392, 26.788880230418528
1.659975763602123, 26.988057730772255
1.710278059468854, 27.18723523112598
1.7605803553355852, 27.38641273147971
1.8108826512023162, 27.585590231833436
1.8611849470690471, 27.784767732187163
1.911487242935778, 27.98394523254089
1.961789538802509, 28.183122732894617
2.0120918346692402, 28.382300233248344
2.062394130535971, 28.58147773360207
2.112696426402702, 28.780655233955798
2.162998722269433, 28.979832734309525
2.213301018136164, 29.179010234663252
2.263603314002895, 29.37818773501698
2.313905609869626, 29.577365235370706
2.364207905736357, 29.776542735724437
2.414510201603088, 29.975720236078164
2.4648124974698193, 30.174897736431895
2.5151147933365503, 30.37407523678562
2.5654170892032813, 30.57325273713935
2.6157193850700122, 30.772430237493076
2.666021680936743, 30.971607737846803
2.716323976803474, 31.17078523820053
2.766626272670205, 31.369962738554257
2.816928568536936, 31.569140238907984
2.867230864403667, 31.76831773926171
2.917533160270398, 31.967495239615438
2.9678354561371294, 32.166672739969165
3.0181377520038604, 32.36585024032289
3.0684400478705913, 32.56502774067662
3.1187423437373223, 32.764205241030346
3.1690446396040532, 32.96338274138407
3.219346935470784, 33.16256024173781
3.269649231337515, 33.361737742091535
3.319951527204246, 33.56091524244526
3.370253823070977, 33.76009274279899
3.420556118937708, 33.959270243152716
3.470858414804439, 34.15844774350644
3.5211607106711704, 34.35762524386017
3.5714630065379014, 34.5568027442139
3.6217653024046323, 34.755980244567624
3.6720675982713633, 34.95515774492135
3.7223698941380943, 35.15433524527508
3.7726721900048252, 35.353512745628805
3.822974485871556, 35.55269024598253
3.873276781738287, 35.75186774633626
3.923579077605018, 35.951045246689986
3.973881373471749, 36.15022274704371
4.0241836693384805, 36.34940024739744
4.074485965205211, 36.54857774775117
4.124788261071942, 36.747755248104895
4.175090556938673, 36.94693274845862
4.225392852805404, 37.14611024881235
4.275695148672135, 37.345287749166076
4.325997444538866, 37.5444652495198
4.376299740405598, 37.74364274987354
4.426602036272328, 37.94282025022726
4.47690433213906, 38.14199775058099
4.52720662800579, 38.34117525093471
4.5775089238725215, 38.540352751288445
4.627811219739252, 38.739530251642165
4.678113515605983, 38.9387077519959
4.728415811472714, 39.137885252349626
4.778718107339445, 39.33706275270335
4.829020403206176, 39.53624025305708
4.879322699072907, 39.73541775341081
4.929624994939639, 39.93459525376454
4.979927290806369, 40.13377275411826
5.030229586673101, 40.332950254471996
5.080531882539831, 40.532127754825716
5.1308341784065625, 40.73130525517945
5.181136474273293, 40.93048275553318
5.2314387701400245, 41.129660255886904
5.281741066006755, 41.32883775624063
5.332043361873486, 41.52801525659436
5.382345657740218, 41.727192756948085
5.432647953606948, 41.92637025730181
5.48295024947368, 42.12554775765554
5.53325254534041, 42.324725258009266
5.583554841207142, 42.52390275836299
5.633857137073872, 42.72308025871672
5.6841594329406036, 42.92225775907045
5.734461728807334, 43.121435259424175
5.7847640246740655, 43.3206127597779
5.835066320540796, 43.51979026013163
5.885368616407527, 43.718967760485356
5.935670912274259, 43.91814526083908
5.985973208140989, 44.11732276119281
6.036275504007721, 44.31650026154654
6.086577799874451, 44.515677761900264
6.136880095741183, 44.71485526225399
6.187182391607913, 44.91403276260772
6.237484687474645, 45.113210262961445
6.287786983341375, 45.31238776331517
6.3380892792081065, 45.5115652636689
6.388391575074837, 45.710742764022626
6.438693870941568, 45.90992026437636
6.4889961668083, 46.10909776473009
6.53929846267503, 46.308275265083815
6.589600758541762, 46.50745276543754
6.639903054408492, 46.70663026579127
6.690205350275224, 46.905807766144996
6.740507646141954, 47.10498526649872
6.790809942008686, 47.30416276685245
6.841112237875416, 47.50334026720618
6.8914145337421475, 47.70251776755991
6.941716829608878, 47.90169526791363
6.992019125475609, 48.100872768267365
7.042321421342341, 48.30005026862109
7.092623717209071, 48.49922776897482
7.142926013075803, 48.698405269328546
7.193228308942533, 48.89758276968227
7.243530604809265, 49.096760270036
7.293832900675995, 49.29593777038973
7.344135196542727, 49.495115270743455
7.394437492409457, 49.69429277109718
7.4447397882761885, 49.89347027145091
7.495042084142919, 50.092647771804636
7.5453443800096505, 50.29182527215836
7.595646675876382, 50.49100277251209
7.645948971743112, 50.69018027286582
7.696251267609844, 50.889357773219544
7.746553563476574, 51.08853527357327
7.796855859343306, 51.287712773927
7.847158155210036, 51.486890274280725
7.897460451076768, 51.68606777463445
7.947762746943498, 51.88524527498818
7.99806504281023, 52.084422775341906
8.048367338676961, 52.28360027569563
8.098669634543691, 52.48277777604937
8.148971930410422, 52.68195527640309
8.199274226277154, 52.88113277675682
8.249576522143885, 53.08031027711055
8.299878818010615, 53.279487777464276
8.350181113877346, 53.478665277817996
8.400483409744078, 53.67784277817173
8.450785705610809, 53.87702027852546
8.50108800147754, 54.076197778879184
8.55139029734427, 54.27537527923291
8.601692593211002, 54.47455277958664
8.651994889077733, 54.673730279940365
8.702297184944463, 54.87290778029409
8.752599480811195, 55.072085280647826
8.802901776677926, 55.271262781001546
8.853204072544656, 55.47044028135527
8.903506368411387, 55.669617781709
8.95380866427812, 55.868795282062734
9.00411096014485, 56.06797278241646
9.05441325601158, 56.26715028277018
9.10471555187831, 56.46632778312391
9.155017847745043, 56.66550528347764
9.205320143611774, 56.86468278383137
9.255622439478504, 57.06386028418509
9.305924735345236, 57.263037784538824
9.356227031211967, 57.46221528489255
9.406529327078697, 57.66139278524628
9.456831622945428, 57.860570285600005
9.50713391881216, 58.05974778595373
9.55743621467889, 58.25892528630746
9.607738510545621, 58.458102786661186
9.658040806412352, 58.65728028701491
9.708343102279084, 58.85645778736864
9.758645398145815, 59.05563528772237
9.808947694012545, 59.254812788076094
9.859249989879277, 59.45399028842983
9.909552285746008, 59.653167788783556
9.959854581612738, 59.852345289137276
10.010156877479469, 60.051522789491
10.060459173346201, 60.25070028984474
10.110761469212932, 60.449877790198464
10.161063765079662, 60.649055290552184
10.211366060946395, 60.84823279090592
10.261668356813125, 61.047410291259645
10.311970652679856, 61.24658779161337
10.362272948546586, 61.4457652919671
10.412575244413318, 61.644942792320826
10.462877540280049, 61.84412029267455
10.51317983614678, 62.04329779302828
10.56348213201351, 62.24247529338201
10.613784427880242, 62.441652793735734
10.664086723746973, 62.64083029408946
10.714389019613703, 62.84000779444319
10.764691315480436, 63.03918529479692
10.814993611347166, 63.23836279515065
10.865295907213897, 63.43754029550437
10.915598203080627, 63.6367177958581
10.96590049894736, 63.83589529621183
11.01620279481409, 64.03507279656556
11.06650509068082, 64.23425029691929
11.116807386547551, 64.433427797273
11.167109682414283, 64.63260529762674
11.217411978281014, 64.83178279798047
11.267714274147744, 65.0309602983342
11.318016570014477, 65.23013779868792
11.368318865881207, 65.42931529904165
11.418621161747938, 65.62849279939537
11.468923457614668, 65.8276702997491
11.5192257534814, 66.02684780010284
11.569528049348131, 66.22602530045656
11.619830345214861, 66.42520280081028
11.670132641081592, 66.62438030116401
11.720434936948324, 66.82355780151775
11.770737232815055, 67.02273530187146
11.821039528681785, 67.22191280222519
11.871341824548518, 67.42109030257893
11.921644120415248, 67.62026780293266
11.971946416281979, 67.81944530328639
12.02224871214871, 68.0186228036401
12.072551008015441, 68.21780030399384
12.122853303882172, 68.41697780434757
12.173155599748902, 68.6161553047013
12.223457895615633, 68.81533280505501
12.273760191482365, 69.01451030540875
12.324062487349096, 69.21368780576248
12.374364783215826, 69.4128653061162
12.424667079082559, 69.61204280646993
12.47496937494929, 69.81122030682366
12.52527167081602, 70.01039780717738
12.57557396668275, 70.20957530753111
12.625876262549482, 70.40875280788484
12.676178558416213, 70.60793030823856
12.726480854282944, 70.80710780859229
12.776783150149674, 71.00628530894602
12.827085446016406, 71.20546280929975
12.877387741883137, 71.40464030965347
12.927690037749867, 71.6038178100072
12.9779923336166, 71.80299531036093
13.02829462948333, 72.00217281071465
13.07859692535006, 72.20135031106838
13.128899221216791, 72.40052781142211
13.179201517083523, 72.59970531177584
13.229503812950254, 72.79888281212956
13.279806108816985, 72.99806031248329
13.330108404683715, 73.19723781283702
13.380410700550447, 73.39641531319074
13.430712996417178, 73.59559281354447
13.481015292283908, 73.7947703138982
13.53131758815064, 73.99394781425192
13.581619884017371, 74.19312531460565
13.631922179884102, 74.39230281495938
13.682224475750832, 74.5914803153131
13.732526771617565, 74.79065781566683
13.782829067484295, 74.98983531602056
13.833131363351026, 75.18901281637429
13.883433659217756, 75.38819031672801
13.933735955084488, 75.58736781708174
13.984038250951219, 75.77520796967282
14.03434054681795, 75.78499639473017
14.084642842684682, 75.79478481978751
14.134945138551412, 75.80457324484485
14.185247434418143, 75.81436166990218
14.235549730284873, 75.82415009495952
14.285852026151606, 75.83393852001686
14.336154322018336, 75.84372694507421
14.386456617885067, 75.85351537013155
14.436758913751797, 75.86330379518888
14.48706120961853, 75.87309222024622
14.53736350548526, 75.88288064530356
14.58766580135199, 75.89266907036091
14.637968097218723, 75.90245749541825
14.688270393085453, 75.91224592047558
14.738572688952184, 75.92203434553292
14.788874984818914, 75.93182277059026
14.839177280685647, 75.94161119564761
14.889479576552377, 75.95139962070495
14.939781872419108, 75.96118804576228
14.990084168285838, 75.97097647081962
15.04038646415257, 75.98076489587696
15.090688760019301, 75.99055332093431
15.140991055886031, 76.00034174599165
15.191293351752764, 76.01013017104898
15.241595647619494, 76.01991859610632
15.291897943486225, 76.02970702116366
15.342200239352955, 76.03949544622101
15.392502535219688, 76.04928387127835
15.442804831086418, 76.05907229633569
15.493107126953149, 76.06886072139302
15.54340942281988, 76.07864914645036
15.593711718686611, 76.08843757150771
15.644014014553342, 76.09822599656505
15.694316310420072, 76.10801442162239
15.744618606286805, 76.11780284667972
15.794920902153535, 76.12759127173706
15.845223198020266, 76.1373796967944
15.895525493886996, 76.14716812185175
15.945827789753729, 76.15695654690909
15.99613008562046, 76.16674497196642
16.04643238148719, 76.17653339702376
16.096734677353922, 76.1863218220811
16.14703697322065, 76.19611024713845
16.197339269087383, 76.20589867219579
16.247641564954115, 76.21568709725312
16.297943860820844, 76.22547552231046
16.348246156687576, 76.2352639473678
16.39854845255431, 76.24505237242515
16.448850748421037, 76.25484079748249
16.49915304428777, 76.26462922253982
16.5494553401545, 76.27441764759716
16.59975763602123, 76.2842060726545
16.650059931887963, 76.29399449771185
16.70036222775469, 76.30378292276919
16.750664523621424, 76.31357134782652
16.800966819488156, 76.32335977288386
16.851269115354885, 76.3331481979412
16.901571411221617, 76.34293662299855
16.95187370708835, 76.35272504805589
17.00217600295508, 76.36251347311322
17.05247829882181, 76.37230189817056
17.10278059468854, 76.3820903232279
17.15308289055527, 76.39187874828525
17.203385186422004, 76.40166717334259
17.253687482288733, 76.41145559839993
17.303989778155465, 76.42124402345726
17.354292074022197, 76.4310324485146
17.404594369888926, 76.44082087357195
17.45489666575566, 76.45060929862929
17.50519896162239, 76.46039772368663
17.55550125748912, 76.47018614874396
17.60580355335585, 76.4799745738013
17.65610584922258, 76.48976299885864
17.706408145089313, 76.49955142391599
17.756710440956045, 76.50933984897333
17.807012736822774, 76.51912827403066
17.857315032689506, 76.528916699088
17.90761732855624, 76.53870512414534
17.957919624422967, 76.54849354920269
18.0082219202897, 76.55828197426003
18.05852421615643, 76.56807039931736
18.10882651202316, 76.5778588243747
18.159128807889893, 76.58764724943204
18.20943110375662, 76.59743567448939
18.259733399623354, 76.60722409954673
18.310035695490086, 76.61701252460406
18.360337991356815, 76.6268009496614
18.410640287223547, 76.63658937471874
18.46094258309028, 76.64637779977609
18.511244878957008, 76.65616622483343
18.56154717482374, 76.66595464989076
18.611849470690473, 76.6757430749481
18.6621517665572, 76.68553150000544
18.712454062423934, 76.69531992506279
18.762756358290662, 76.70510835012013
18.813058654157395, 76.71489677517746
18.863360950024127, 76.7246852002348
18.913663245890856, 76.73447362529214
18.963965541757588, 76.74426205034949
19.01426783762432, 76.75405047540683
19.06457013349105, 76.76383890046417
19.11487242935778, 76.7736273255215
19.165174725224514, 76.78341575057884
19.215477021091242, 76.79320417563619
19.265779316957975, 76.80299260069353
19.316081612824703, 76.81278102575087
19.366383908691436, 76.8225694508082
19.416686204558168, 76.83235787586554
19.466988500424897, 76.84214630092288
19.51729079629163, 76.85193472598023
19.56759309215836, 76.86172315103757
19.61789538802509, 76.8715115760949
19.668197683891822, 76.88130000115224
19.718499979758555, 76.89108842620958
19.768802275625283, 76.90087685126693
19.819104571492016, 76.91066527632427
19.869406867358748, 76.9204537013816
19.919709163225477, 76.93024212643894
19.97001145909221, 76.94003055149628
20.020313754958938, 76.94981897655363
20.07061605082567, 76.95960740161097
20.120918346692402, 76.9693958266683
20.17122064255913, 76.97918425172564
20.221522938425863, 76.98897267678298
20.271825234292596, 76.99876110184033
20.322127530159324, 77.00854952689767
20.372429826026057, 77.018337951955
20.42273212189279, 77.02812637701234
20.473034417759518, 77.03791480206968
20.52333671362625, 77.04770322712703
20.57363900949298, 77.05749165218437
20.62394130535971, 77.0672800772417
20.674243601226443, 77.07706850229904
20.724545897093172, 77.08685692735638
20.774848192959904, 77.09664535241373
20.825150488826637, 77.10643377747107
20.875452784693366, 77.1162222025284
20.925755080560098, 77.12601062758574
20.97605737642683, 77.13579905264308
21.02635967229356, 77.14558747770042
21.07666196816029, 77.15537590275777
21.12696426402702, 77.1651643278151
21.177266559893752, 77.17495275287244
21.227568855760484, 77.18474117792978
21.277871151627213, 77.19452960298712
21.328173447493946, 77.20431802804447
21.378475743360678, 77.2141064531018
21.428778039227407, 77.22389487815914
21.47908033509414, 77.23368330321648
21.52938263096087, 77.24347172827382
21.5796849268276, 77.25326015333117
21.629987222694332, 77.2630485783885
21.68028951856106, 77.27283700344584
21.730591814427793, 77.28262542850318
21.780894110294525, 77.29241385356052
21.831196406161254, 77.30220227861787
21.881498702027987, 77.3119907036752
21.93180099789472, 77.32177912873254
21.982103293761448, 77.33156755378988
22.03240558962818, 77.34135597884722
22.082707885494912, 77.35114440390457
22.13301018136164, 77.36093282896191
22.183312477228373, 77.37072125401924
22.233614773095102, 77.38050967907658
22.283917068961834, 77.39029810413392
22.334219364828567, 77.40008652919127
22.384521660695295, 77.40987495424861
22.434823956562028, 77.41966337930594
22.48512625242876, 77.42945180436328
22.53542854829549, 77.43924022942062
22.58573084416222, 77.44902865447797
22.636033140028953, 77.45881707953531
22.686335435895682, 77.46860550459265
22.736637731762414, 77.47839392964998
22.786940027629143, 77.48818235470732
22.837242323495875, 77.49797077976466
22.887544619362608, 77.50775920482201
22.937846915229336, 77.51754762987935
22.98814921109607, 77.52733605493668
23.0384515069628, 77.53712447999402
23.08875380282953, 77.54691290505136
23.139056098696262, 77.55670133010871
23.189358394562994, 77.56648975516605
23.239660690429723, 77.57627818022338
23.289962986296455, 77.58606660528072
23.340265282163184, 77.59585503033806
23.390567578029916, 77.60564345539541
23.44086987389665, 77.61543188045275
23.491172169763377, 77.62522030551008
23.54147446563011, 77.63500873056742
23.591776761496842, 77.64479715562476
23.64207905736357, 77.65458558068211
23.692381353230303, 77.66437400573945
23.742683649097035, 77.67416243079678
23.792985944963764, 77.68395085585412
23.843288240830496, 77.69373928091146
23.893590536697225, 77.70352770596881
23.943892832563957, 77.71331613102615
23.99419512843069, 77.72310455608348
24.04449742429742, 77.73289298114082
24.09479972016415, 77.74268140619816
24.145102016030883, 77.75246983125551
24.19540431189761, 77.76225825631285
24.245706607764344, 77.77204668137018
24.296008903631076, 77.78183510642752
24.346311199497805, 77.79162353148486
24.396613495364537, 77.80141195654221
24.446915791231266, 77.81120038159955
24.497218087098, 77.82098880665689
24.54752038296473, 77.83077723171422
24.59782267883146, 77.84056565677156
24.64812497469819, 77.8503540818289
24.698427270564924, 77.86014250688625
24.748729566431653, 77.86993093194359
24.799031862298385, 77.87971935700092
24.849334158165117, 77.88950778205826
24.899636454031846, 77.8992962071156
24.94993874989858, 77.90908463217295
25.000241045765307, 77.91887305723029
25.05054334163204, 77.92866148228762
25.10084563749877, 77.93844990734496
25.1511479333655, 77.9482383324023
25.201450229232233, 77.95802675745965
25.251752525098965, 77.96781518251699
25.302054820965694, 77.97760360757432
25.352357116832426, 77.98739203263166
25.40265941269916, 77.997180457689
25.452961708565887, 78.00696888274635
25.50326400443262, 78.01675730780369
25.553566300299348, 78.02654573286102
25.60386859616608, 78.03633415791836
25.654170892032813, 78.0461225829757
25.70447318789954, 78.05591100803305
25.754775483766274, 78.06569943309039
25.805077779633006, 78.07548785814772
25.855380075499735, 78.08527628320506
25.905682371366467, 78.0950647082624
25.9559846672332, 78.10485313331975
26.006286963099928, 78.11464155837709
26.05658925896666, 78.12442998343442
26.10689155483339, 78.13421840849176
26.15719385070012, 78.1440068335491
26.207496146566854, 78.15379525860645
26.257798442433582, 78.16358368366379
26.308100738300315, 78.17337210872113
26.358403034167047, 78.18316053377846
26.408705330033776, 78.1929489588358
26.459007625900508, 78.20273738389314
26.50930992176724, 78.21252580895049
26.55961221763397, 78.22231423400783
26.6099145135007, 78.23210265906516
26.66021680936743, 78.2418910841225
26.710519105234162, 78.25167950917984
26.760821401100895, 78.26146793423719
26.811123696967623, 78.27125635929453
26.861425992834356, 78.28104478435186
26.911728288701088, 78.2908332094092
26.962030584567817, 78.30062163446654
27.01233288043455, 78.31041005952389
27.06263517630128, 78.32019848458123
27.11293747216801, 78.32998690963856
27.163239768034742, 78.3397753346959
27.21354206390147, 78.34956375975324
27.263844359768203, 78.35935218481059
27.314146655634936, 78.36914060986793
27.364448951501664, 78.37892903492526
27.414751247368397, 78.3887174599826
27.46505354323513, 78.39850588503994
27.515355839101858, 78.40829431009729
27.56565813496859, 78.41808273515463
27.615960430835322, 78.42787116021196
27.66626272670205, 78.4376595852693
27.716565022568783, 78.44744801032664
27.766867318435512, 78.45723643538398
27.817169614302244, 78.46702486044133
27.867471910168977, 78.47681328549866
27.917774206035705, 78.486601710556
27.968076501902438, 78.49639013561334
28.01837879776917, 78.50617856067069
28.0686810936359, 78.51596698572803
28.11898338950263, 78.52575541078537
28.169285685369363, 78.5355438358427
28.219587981236092, 78.54533226090004
28.269890277102824, 78.55512068595738
28.320192572969553, 78.56490911101473
28.370494868836285, 78.57469753607207
28.420797164703018, 78.5844859611294
28.471099460569746, 78.59427438618674
28.52140175643648, 78.60406281124408
28.57170405230321, 78.61385123630143
28.62200634816994, 78.62363966135877
28.672308644036672, 78.6334280864161
28.722610939903404, 78.64321651147344
28.772913235770133, 78.65300493653078
28.823215531636865, 78.66279336158813
28.873517827503594, 78.67258178664547
28.923820123370326, 78.6823702117028
28.97412241923706, 78.69215863676014
29.024424715103788, 78.70194706181748
29.07472701097052, 78.71173548687483
29.125029306837252, 78.72152391193217
29.17533160270398, 78.7313123369895
29.225633898570713, 78.74110076204684
29.275936194437445, 78.75088918710418
29.326238490304174, 78.76067761216153
29.376540786170906, 78.77046603721887
29.426843082037635, 78.7802544622762
29.477145377904368, 78.79004288733354
29.5274476737711, 78.79983131239088
29.57774996963783, 78.80961973744823
29.62805226550456, 78.81940816250557
29.678354561371293, 78.8291965875629
29.728656857238022, 78.83898501262024
29.778959153104754, 78.84877343767758
29.829261448971486, 78.85856186273492
29.879563744838215, 78.86835028779227
29.929866040704947, 78.8781387128496
29.980168336571676, 78.88792713790694
30.03047063243841, 78.89771556296428
30.08077292830514, 78.90750398802163
30.13107522417187, 78.91729241307897
30.181377520038602, 78.9270808381363
30.231679815905334, 78.93686926319364
30.281982111772063, 78.94665768825098
30.332284407638795, 78.95644611330832
30.382586703505527, 78.96623453836567
30.432888999372256, 78.976022963423
30.48319129523899, 78.98581138848034
30.533493591105717, 78.99559981353768
30.58379588697245, 79.00538823859502
30.634098182839182, 79.01517666365237
30.68440047870591, 79.0249650887097
30.734702774572643, 79.03475351376704
30.785005070439375, 79.04454193882438
30.835307366306104, 79.05433036388172
30.885609662172836, 79.06411878893907
30.93591195803957, 79.0739072139964
30.986214253906297, 79.08369563905374
31.03651654977303, 79.09348406411108
31.08681884563976, 79.10327248916842
31.13712114150649, 79.11306091422577
31.187423437373223, 79.1228493392831
31.23772573323995, 79.13263776434044
31.288028029106684, 79.14242618939778
31.338330324973416, 79.15221461445512
31.388632620840145, 79.16200303951246
31.438934916706877, 79.17179146456981
31.48923721257361, 79.18157988962714
31.53953950844034, 79.19136831468448
31.58984180430707, 79.20115673974182
31.6401441001738, 79.21094516479916
31.69044639604053, 79.22073358985651
31.740748691907264, 79.23052201491384
31.791050987773993, 79.24031043997118
31.841353283640725, 79.25009886502852
31.891655579507457, 79.25988729008586
31.941957875374186, 79.26967571514321
31.99226017124092, 79.27946414020055
32.04256246710765, 79.28925256525788
32.09286476297438, 79.29904099031522
32.14316705884111, 79.30882941537256
32.193469354707844, 79.31861784042991
32.24377165057457, 79.32840626548725
32.2940739464413, 79.33819469054458
32.34437624230804, 79.34798311560192
32.394678538174766, 79.35777154065926
32.444980834041495, 79.36755996571661
32.49528312990823, 79.37734839077395
32.54558542577496, 79.38713681583128
32.59588772164169, 79.39692524088862
32.646190017508424, 79.40671366594596
32.69649231337515, 79.41650209100331
32.74679460924188, 79.42629051606065
32.79709690510862, 79.43607894111798
32.847399200975346, 79.44586736617532
32.897701496842075, 79.45565579123266
32.94800379270881, 79.46544421629001
32.99830608857554, 79.47523264134735
33.04860838444227, 79.48502106640468
33.098910680309, 79.49480949146202
33.14921297617573, 79.50459791651936
33.19951527204246, 79.5143863415767
33.24981756790919, 79.52417476663405
33.300119863775926, 79.53396319169138
33.350422159642655, 79.54375161674872
33.40072445550938, 79.55354004180606
33.45102675137612, 79.5633284668634
33.50132904724285, 79.57311689192075
33.55163134310958, 79.58290531697808
33.60193363897631, 79.59269374203542
33.65223593484304, 79.60248216709276
33.70253823070977, 79.6122705921501
33.752840526576506, 79.62205901720745
33.803142822443235, 79.63184744226479
33.85344511830996, 79.64163586732212
33.9037474141767, 79.65142429237946
33.95404971004343, 79.6612127174368
34.00435200591016, 79.67100114249415
34.05465430177689, 79.68078956755149
34.10495659764362, 79.69057799260882
34.15525889351035, 79.70036641766616
34.20556118937708, 79.7101548427235
34.255863485243815, 79.71994326778085
34.30616578111054, 79.72973169283819
34.35646807697727, 79.73952011789552
34.40677037284401, 79.74930854295286
34.45707266871074, 79.7590969680102
34.507374964577465, 79.76888539306754
34.5576772604442, 79.77867381812489
34.60797955631093, 79.78846224318222
34.65828185217766, 79.79825066823956
34.708584148044395, 79.8080390932969
34.75888644391112, 79.81782751835425
34.80918873977785, 79.82761594341159
34.85949103564459, 79.83740436846892
34.90979333151132, 79.84719279352626
34.960095627378045, 79.8569812185836
35.01039792324478, 79.86676964364094
35.06070021911151, 79.87655806869829
35.11100251497824, 79.88634649375562
35.161304810844975, 79.89613491881296
35.2116071067117, 79.9059233438703
35.26190940257843, 79.91571176892764
35.31221169844516, 79.92550019398499
35.3625139943119, 79.93528861904232
35.412816290178625, 79.94507704409966
35.463118586045354, 79.954865469157
35.51342088191209, 79.96465389421434
35.56372317777882, 79.97444231927169
35.61402547364555, 79.98423074432903
35.66432776951228, 79.99401916938636
35.71463006537901, 80.0038075944437
35.76493236124574, 80.01359601950104
35.81523465711248, 80.02338444455839
35.865536952979205, 80.03317286961573
35.915839248845934, 80.04296129467306
35.96614154471267, 80.0527497197304
36.0164438405794, 80.06253814478774
36.06674613644613, 80.07232656984507
36.11704843231286, 80.08211499490243
36.16735072817959, 80.09190341995976
36.21765302404632, 80.1016918450171
36.26795531991306, 80.11148027007444
36.318257615779785, 80.12126869513179
36.368559911646514, 80.13105712018913
36.41886220751324, 80.14084554524646
36.46916450337998, 80.1506339703038
36.51946679924671, 80.16042239536114
36.569769095113436, 80.17021082041848
36.62007139098017, 80.17999924547583
36.6703736868469, 80.18978767053316
36.72067598271363, 80.1995760955905
36.770978278580365, 80.20936452064784
36.821280574447094, 80.21915294570518
36.87158287031382, 80.22894137076253
36.92188516618056, 80.23872979581986
36.97218746204729, 80.2485182208772
37.022489757914016, 80.25830664593454
37.07279205378075, 80.26809507099188
37.12309434964748, 80.27788349604923
37.17339664551421, 80.28767192110656
37.223698941380945, 80.2974603461639
37.274001237247674, 80.30724877122124
37.3243035331144, 80.31703719627858
37.37460582898114, 80.32682562133593
37.42490812484787, 80.33661404639327
37.475210420714596, 80.3464024714506
37.525512716581325, 80.35619089650794
37.57581501244806, 80.36597932156528
37.62611730831479, 80.37576774662263
37.67641960418152, 80.38555617167997
37.726721900048254, 80.3953445967373
37.77702419591498, 80.40513302179464
37.82732649178171, 80.41492144685198
37.87762878764845, 80.42470987190933
37.927931083515176, 80.43449829696667
37.978233379381905, 80.444286722024
38.02853567524864, 80.45407514708134
38.07883797111537, 80.46386357213868
38.1291402669821, 80.47365199719601
38.179442562848834, 80.48344042225337
38.22974485871556, 80.4932288473107
38.28004715458229, 80.50301727236804
38.33034945044903, 80.51280569742538
38.380651746315756, 80.52259412248273
38.430954042182485, 80.53238254754007
38.48125633804922, 80.5421709725974
38.53155863391595, 80.55195939765474
38.58186092978268, 80.56174782271208
38.63216322564941, 80.57153624776942
38.68246552151614, 80.58132467282677
38.73276781738287, 80.5911130978841
38.7830701132496, 80.60090152294144
38.833372409116336, 80.61068994799878
38.883674704983065, 80.62047837305612
38.933977000849794, 80.63026679811347
38.98427929671653, 80.6400552231708
39.03458159258326, 80.64984364822814
39.08488388844999, 80.65963207328548
39.13518618431672, 80.66942049834282
39.18548848018345, 80.67920892340017
39.23579077605018, 80.6889973484575
39.286093071916916, 80.69878577351484
39.336395367783645, 80.70857419857218
39.386697663650374, 80.71836262362952
39.43699995951711, 80.72815104868687
39.48730225538384, 80.7379394737442
39.53760455125057, 80.74772789880154
39.5879068471173, 80.75751632385888
39.63820914298403, 80.76730474891622
39.68851143885076, 80.77709317397355
39.738813734717496, 80.7868815990309
39.789116030584225, 80.79667002408824
39.839418326450954, 80.80645844914558
39.88972062231768, 80.69038386303386
39.94002291818442, 80.54153459342747
39.99032521405115, 80.3926853238211
40.040627509917876, 80.24383605421474
40.09092980578461, 80.09498678460835
40.14123210165134, 79.94613751500198
40.19153439751807, 79.79728824539562
40.241836693384805, 79.64843897578923
40.292138989251534, 79.49958970618286
40.34244128511826, 79.3507404365765
40.392743580985, 79.20189116697011
40.44304587685173, 79.05304189736374
40.493348172718456, 78.90419262775738
40.54365046858519, 78.755343358151
40.59395276445192, 78.60649408854462
40.64425506031865, 78.45764481893826
40.694557356185385, 78.30879554933188
40.744859652052114, 78.1599462797255
40.79516194791884, 78.01109701011914
40.84546424378558, 77.86224774051276
40.89576653965231, 77.71339847090638
40.946068835519036, 77.56454920130003
40.996371131385764, 77.41569993169365
41.0466734272525, 77.26685066208726
41.09697572311923, 77.1180013924809
41.14727801898596, 76.96915212287453
41.197580314852694, 76.82030285326815
41.24788261071942, 76.67145358366179
41.29818490658615, 76.52260431405541
41.34848720245289, 76.37375504444903
41.398789498319616, 76.22490577484265
41.449091794186344, 76.0760565052363
41.49939409005308, 75.92720723562991
41.54969638591981, 75.77835796602353
41.59999868178654, 75.62950869641718
41.65030097765327, 75.48065942681079
41.70060327352, 75.33181015720442
41.75090556938673, 75.18296088759806
41.80120786525347, 75.03411161799167
41.851510161120196, 74.8852623483853
41.901812456986924, 74.73641307877894
41.95211475285366, 74.58756380917255
42.00241704872039, 74.43871453956618
42.05271934458712, 74.28986526995982
42.103021640453846, 74.14101600035345
42.15332393632058, 73.99216673074706
42.20362623218731, 73.8433174611407
42.25392852805404, 73.69446819153433
42.304230823920776, 73.54561892192794
42.354533119787504, 73.39676965232158
42.40483541565423, 73.24792038271521
42.45513771152097, 73.09907111310882
42.5054400073877, 72.95022184350246
42.555742303254426, 72.80137257389609
42.60604459912116, 72.6525233042897
42.65634689498789, 72.50367403468334
42.70664919085462, 72.35482476507697
42.756951486721356, 72.20597549547058
42.807253782588084, 72.05712622586422
42.85755607845481, 71.90827695625785
42.90785837432155, 71.75942768665146
42.95816067018828, 71.6105784170451
43.008462966055006, 71.46172914743873
43.05876526192174, 71.31287987783234
43.10906755778847, 71.16403060822597
43.1593698536552, 71.01518133861961
43.20967214952193, 70.86633206901324
43.259974445388664, 70.71748279940685
43.31027674125539, 70.5686335298005
43.36057903712212, 70.41978426019412
43.41088133298886, 70.27093499058773
43.461183628855586, 70.12208572098137
43.511485924722315, 69.973236451375
43.56178822058905, 69.82438718176861
43.61209051645578, 69.67553791216226
43.66239281232251, 69.52668864255588
43.712695108189244, 69.3778393729495
43.76299740405597, 69.22899010334314
43.8132996999227, 69.08014083373676
43.86360199578944, 68.93129156413038
43.913904291656166, 68.78244229452402
43.964206587522895, 68.63359302491764
44.01450888338963, 68.48474375531126
44.06481117925636, 68.3358944857049
44.11511347512309, 68.18704521609853
44.165415770989824, 68.03819594649214
44.21571806685655, 67.88934667688578
44.26602036272328, 67.7404974072794
44.31632265859001, 67.59164813767305
44.366624954456746, 67.44279886806666
44.416927250323475, 67.29394959846029
44.467229546190204, 67.14510032885391
44.51753184205694, 66.99625105924753
44.56783413792367, 66.84740178964117
44.6181364337904, 66.69855252003481
44.66843872965713, 66.54970325042842
44.71874102552386, 66.40085398082205
44.76904332139059, 66.25200471121568
44.819345617257326, 66.10315544160929
44.869647913124055, 65.95430617200293
44.919950208990784, 65.80545690239656
44.97025250485752, 65.65660763279017
45.02055480072425, 65.50775836318381
45.07085709659098, 65.35890909357744
45.12115939245771, 65.21005982397105
45.17146168832444, 65.06121055436469
45.22176398419117, 64.91236128475832
45.272066280057906, 64.76351201515193
45.322368575924635, 64.61466274554557
45.372670871791364, 64.4658134759392
45.42297316765809, 64.31696420633284
45.47327546352483, 64.16811493672645
45.52357775939156, 64.01926566712008
45.573880055258286, 63.87041639751372
45.62418235112502, 63.721567127907335
45.67448464699175, 63.57271785830096
45.72478694285848, 63.4238685886946
45.775089238725215, 63.275019319088216
45.825391534591944, 63.12617004948184
45.87569383045867, 62.97732077987548
45.92599612632541, 62.82847151026909
45.97629842219214, 62.679622240662724
46.026600718058866, 62.53077297105636
46.0769030139256, 62.38192370144997
46.12720530979233, 62.233074431843605
46.17750760565906, 62.08422516223724
46.227809901525795, 61.93537589263085
46.278112197392524, 61.786526623024486
46.32841449325925, 61.63767735341812
46.37871678912599, 61.48882808381173
46.42901908499272, 61.33997881420537
46.479321380859446, 61.191129544599
46.529623676726175, 61.042280274992635
46.57992597259291, 60.89343100538625
46.63022826845964, 60.74458173577988
46.68053056432637, 60.595732466173516
46.730832860193104, 60.44688319656713
46.78113515605983, 60.298033926960755
46.83143745192656, 60.1491846573544
46.8817397477933, 60.00033538774801
46.932042043660026, 59.851486118141636
46.982344339526755, 59.70263684853528
47.03264663539349, 59.55378757892889
47.08294893126022, 59.40493830932252
47.13325122712695, 59.25608903971616
47.183553522993684, 59.10723977010977
47.23385581886041, 58.9583905005034
47.28415811472714, 58.80954123089704
47.33446041059388, 58.66069196129065
47.384762706460606, 58.51184269168428
47.435065002327335, 58.36299342207792
47.48536729819407, 58.21414415247153
47.5356695940608, 58.06529488286516
47.58597188992753, 57.916445613258794
47.63627418579426, 57.76759634365243
47.68657648166099, 57.61874707404604
47.73687877752772, 57.469897804439675
47.78718107339445, 57.32104853483331
47.837483369261186, 57.17219926522692
47.887785665127915, 57.023349995620556
47.93808796099464, 56.87450072601419
47.98839025686138, 56.7256514564078
48.03869255272811, 56.57680218680144
48.08899484859484, 56.42795291719507
48.13929714446157, 56.279103647588684
48.1895994403283, 56.13025437798232
48.23990173619503, 55.98140510837595
48.290204032061766, 55.832555838769565
48.340506327928495, 55.68370656916319
48.39080862379522, 55.53485729955683
48.44111091966196, 55.386008029950446
48.49141321552869, 55.23715876034407
48.54171551139542, 55.088309490737714
48.59201780726215, 54.93946022113133
48.64232010312888, 54.790610951524954
48.69262239899561, 54.641761681918595
48.74292469486234, 54.49291241231222
48.793226990729075, 54.344063142705835
48.8435292865958, 54.195213873099476
48.89383158246253, 54.0463646034931
48.94413387832927, 53.897515333886716
48.994436174196, 53.74866606428036
49.044738470062725, 53.599816794673984
49.09504076592946, 53.4509675250676
49.14534306179619, 53.30211825546123
49.19564535766292, 53.153268985854865
49.245947653529655, 53.00441971624848
49.29624994939638, 52.85557044664211
49.34655224526311, 52.706721177035746
49.39685454112985, 52.55787190742936
49.44715683699658, 52.40902263782299
49.497459132863305, 52.26017336821663
49.54776142873004, 52.11132409861024
49.59806372459677, 51.962474829003874
49.6483660204635, 51.81362555939751
49.698668316330235, 51.66477628979112
49.74897061219696, 51.515927020184755
49.79927290806369, 51.36707775057839
49.84957520393042, 51.21822848097202
49.89987749979716, 51.069379211365636
49.950179795663885, 50.92052994175927
50.000482091530614, 50.7716806721529
50.05078438739735, 50.62283140254651
50.10108668326408, 50.47398213294015
50.15138897913081, 50.32513286333378
50.20169127499754, 50.17628359372739
50.25199357086427, 50.02743432412103
