Parameters: [47.087770030748636, 23.23456869463245, 8.590402962790673, 35.515514571682495, 3.7417758986968153, 0.14159321067260022, -2.8269295477699656]
Points:
0.0, 23.23456869463245
0.04713490493568432, 23.41093694590816
0.09426980987136864, 23.58730519718387
0.14140471480705297, 23.763673448459578
0.18853961974273728, 23.940041699735286
0.2356745246784216, 24.116409951010997
0.28280942961410593, 24.292778202286705
0.3299443345497902, 24.469146453562416
0.37707923948547456, 24.645514704838124
0.4242141444211589, 24.821882956113832
0.4713490493568432, 24.998251207389544
0.5184839542925275, 25.17461945866525
0.5656188592282119, 25.35098770994096
0.6127537641638962, 25.52735596121667
0.6598886690995804, 25.70372421249238
0.7070235740352648, 25.880092463768086
0.7541584789709491, 26.056460715043798
0.8012933839066334, 26.232828966319506
0.8484282888423178, 26.409197217595214
0.8955631937780021, 26.585565468870925
0.9426980987136864, 26.761933720146633
0.9898330036493708, 26.938301971422344
1.036967908585055, 27.114670222698052
1.0841028135207393, 27.29103847397376
1.1312377184564237, 27.46740672524947
1.178372623392108, 27.64377497652518
1.2255075283277923, 27.820143227800887
1.2726424332634767, 27.9965114790766
1.3197773381991609, 28.172879730352307
1.3669122431348453, 28.349247981628018
1.4140471480705297, 28.525616232903726
1.4611820530062138, 28.701984484179434
1.5083169579418982, 28.878352735455145
1.5554518628775826, 29.054720986730853
1.6025867678132668, 29.23108923800656
1.6497216727489512, 29.407457489282272
1.6968565776846356, 29.58382574055798
1.7439914826203198, 29.760193991833688
1.7911263875560042, 29.9365622431094
1.8382612924916886, 30.112930494385107
1.8853961974273727, 30.289298745660815
1.9325311023630571, 30.465666996936527
1.9796660072987415, 30.642035248212235
2.026800912234426, 30.818403499487943
2.07393581717011, 30.994771750763654
2.1210707221057943, 31.171140002039362
2.1682056270414787, 31.34750825331507
2.215340531977163, 31.52387650459078
2.2624754369128475, 31.700244755866493
2.309610341848532, 31.8766130071422
2.356745246784216, 32.05298125841791
2.4038801517199, 32.22934950969362
2.4510150566555846, 32.405717760969324
2.498149961591269, 32.582086012245036
2.5452848665269534, 32.75845426352075
2.592419771462638, 32.93482251479645
2.6395546763983218, 33.11119076607216
2.686689581334006, 33.287559017347874
2.7338244862696905, 33.46392726862358
2.780959391205375, 33.64029551989929
2.8280942961410593, 33.816663771175
2.8752292010767437, 33.993032022450706
2.9223641060124277, 34.16940027372642
2.969499010948112, 34.34576852500213
3.0166339158837965, 34.52213677627783
3.063768820819481, 34.698505027553544
3.1109037257551653, 34.874873278829256
3.1580386306908492, 35.05124153010496
3.2051735356265336, 35.22760978138067
3.252308440562218, 35.40397803265638
3.2994433454979024, 35.58034628393209
3.346578250433587, 35.7567145352078
3.393713155369271, 35.93308278648351
3.440848060304955, 36.109451037759214
3.4879829652406396, 36.285819289034926
3.535117870176324, 36.46218754031064
3.5822527751120083, 36.63855579158635
3.6293876800476927, 36.81492404286205
3.676522584983377, 36.991292294137764
3.723657489919061, 37.16766054541347
3.7707923948547455, 37.34402879668918
3.81792729979043, 37.52039704796489
3.8650622047261143, 37.6967652992406
3.9121971096617987, 37.873133550516314
3.959332014597483, 38.04950180179202
4.0064669195331675, 38.22587005306773
4.053601824468852, 38.40223830434344
4.100736729404536, 38.578606555619146
4.14787163434022, 38.75497480689485
4.195006539275904, 38.93134305817056
4.242141444211589, 39.10771130944627
4.289276349147273, 39.28407956072198
4.336411254082957, 39.460447811997696
4.383546159018642, 39.6368160632734
4.430681063954326, 39.81318431454911
4.4778159688900105, 39.98955256582482
4.524950873825695, 40.16592081710053
4.572085778761379, 40.34228906837624
4.619220683697064, 40.51865731965195
4.666355588632747, 40.695025570927655
4.713490493568432, 40.87139382220336
4.760625398504116, 41.04776207347908
4.8077603034398, 41.22413032475478
4.854895208375485, 41.40049857603049
4.902030113311169, 41.576866827306205
4.949165018246854, 41.75323507858191
4.996299923182538, 41.92960332985762
5.043434828118222, 42.10597158113333
5.090569733053907, 42.282339832409036
5.137704637989591, 42.45870808368475
5.184839542925276, 42.63507633496046
5.231974447860959, 42.81144458623616
5.2791093527966435, 42.987812837511875
5.326244257732328, 43.164181088787586
5.373379162668012, 43.34054934006329
5.420514067603697, 43.516917591339
5.467648972539381, 43.69328584261471
5.5147838774750655, 43.86965409389042
5.56191878241075, 44.04602234516613
5.609053687346434, 44.22239059644184
5.656188592282119, 44.398758847717545
5.703323497217803, 44.57512709899326
5.7504584021534875, 44.75149535026897
5.797593307089171, 44.92786360154467
5.844728212024855, 45.104231852820384
5.89186311696054, 45.280600104096095
5.938998021896224, 45.4569683553718
5.986132926831909, 45.63333660664751
6.033267831767593, 45.80970485792322
6.080402736703277, 45.98607310919893
6.127537641638962, 46.162441360474645
6.174672546574646, 46.33880961175035
6.2218074515103305, 46.51517786302606
6.268942356446015, 46.69154611430177
6.3160772613816984, 46.86791436557748
6.363212166317383, 47.04428261685318
6.410347071253067, 47.22065086812889
6.457481976188752, 47.397019119404604
6.504616881124436, 47.57338737068031
6.55175178606012, 47.74975562195603
6.598886690995805, 47.92612387323173
6.646021595931489, 48.10249212450744
6.693156500867174, 48.278860375783154
6.740291405802858, 48.45522862705886
6.787426310738542, 48.63159687833457
6.834561215674227, 48.80796512961028
6.88169612060991, 48.984333380885985
6.928831025545595, 49.16070163216169
6.975965930481279, 49.33706988343741
7.0231008354169635, 49.51343813471311
7.070235740352648, 49.689806385988824
7.117370645288332, 49.866174637264535
7.164505550224017, 50.04254288854024
7.211640455159701, 50.21891113981595
7.2587753600953855, 50.39527939109166
7.30591026503107, 50.57164764236737
7.353045169966754, 50.74801589364308
7.400180074902439, 50.92438414491879
7.447314979838122, 51.100752396194494
7.494449884773807, 51.277120647470205
7.541584789709491, 51.45348889874592
7.588719694645175, 51.62985715002162
7.63585459958086, 51.80622540129733
7.682989504516544, 51.982593652573044
7.730124409452229, 52.15896190384875
7.777259314387913, 52.33533015512446
7.824394219323597, 52.51169840640017
7.871529124259282, 52.688066657675876
7.918664029194966, 52.864434908951594
7.96579893413065, 53.0408031602273
8.012933839066335, 53.217171411503
8.060068744002018, 53.393539662778714
8.107203648937704, 53.569907914054426
8.154338553873387, 53.74627616533013
8.201473458809073, 53.92264441660585
8.248608363744756, 54.09901266788155
8.29574326868044, 54.27538091915726
8.342878173616125, 54.451749170432976
8.390013078551808, 54.62811742170868
8.437147983487494, 54.804485672984384
8.484282888423177, 54.980853924260096
8.531417793358862, 55.15722217553581
8.578552698294546, 55.33359042681151
8.625687603230231, 55.38292752642357
8.672822508165915, 55.38960150894816
8.7199574131016, 55.39627549147276
8.767092318037284, 55.402949473997346
8.814227222972967, 55.409623456521935
8.861362127908652, 55.41629743904653
8.908497032844336, 55.42297142157112
8.955631937780021, 55.42964540409571
9.002766842715705, 55.436319386620305
9.04990174765139, 55.442993369144894
9.097036652587073, 55.44966735166948
9.144171557522759, 55.45634133419408
9.191306462458442, 55.46301531671867
9.238441367394127, 55.46968929924326
9.285576272329811, 55.47636328176785
9.332711177265494, 55.48303726429244
9.37984608220118, 55.48971124681703
9.426980987136863, 55.49638522934163
9.474115892072549, 55.503059211866216
9.521250797008232, 55.509733194390805
9.568385701943917, 55.5164071769154
9.6155206068796, 55.52308115943999
9.662655511815286, 55.52975514196458
9.70979041675097, 55.536429124489175
9.756925321686655, 55.54310310701376
9.804060226622338, 55.54977708953835
9.851195131558024, 55.55645107206295
9.898330036493707, 55.56312505458754
9.94546494142939, 55.569799037112126
9.992599846365076, 55.57647301963672
10.03973475130076, 55.58314700216131
10.086869656236445, 55.5898209846859
10.134004561172128, 55.596494967210496
10.181139466107814, 55.603168949735085
10.228274371043497, 55.609842932259674
10.275409275979182, 55.61651691478427
10.322544180914866, 55.62319089730886
10.369679085850551, 55.62986487983345
10.416813990786235, 55.636538862358044
10.463948895721918, 55.64321284488263
10.511083800657604, 55.64988682740722
10.558218705593287, 55.65656080993182
10.605353610528972, 55.66323479245641
10.652488515464656, 55.669908774980996
10.699623420400341, 55.67658275750559
10.746758325336025, 55.68325674003018
10.79389323027171, 55.68993072255477
10.841028135207393, 55.696604705079366
10.888163040143079, 55.703278687603955
10.935297945078762, 55.709952670128544
10.982432850014446, 55.71662665265314
11.029567754950131, 55.72330063517773
11.076702659885814, 55.72997461770232
11.1238375648215, 55.736648600226914
11.170972469757183, 55.7433225827515
11.218107374692869, 55.74999656527609
11.265242279628552, 55.75667054780069
11.312377184564237, 55.76334453032528
11.35951208949992, 55.770018512849866
11.406646994435606, 55.77669249537446
11.45378189937129, 55.78336647789905
11.500916804306975, 55.79004046042364
11.548051709242658, 55.796714442948236
11.595186614178342, 55.803388425472825
11.642321519114027, 55.810062407997414
11.68945642404971, 55.81673639052201
11.736591328985396, 55.8234103730466
11.78372623392108, 55.83008435557119
11.830861138856765, 55.836758338095784
11.877996043792448, 55.84343232062037
11.925130948728134, 55.85010630314496
11.972265853663817, 55.85678028566956
12.019400758599502, 55.86345426819415
12.066535663535186, 55.870128250718736
12.11367056847087, 55.87680223324333
12.160805473406555, 55.88347621576792
12.207940378342238, 55.89015019829251
12.255075283277924, 55.896824180817106
12.302210188213607, 55.903498163341695
12.349345093149292, 55.910172145866284
12.396479998084976, 55.91684612839088
12.443614903020661, 55.92352011091547
12.490749807956345, 55.93019409344006
12.53788471289203, 55.936868075964654
12.585019617827713, 55.94354205848924
12.632154522763397, 55.95021604101383
12.679289427699082, 55.95689002353843
12.726424332634766, 55.96356400606302
12.773559237570451, 55.970237988587606
12.820694142506134, 55.9769119711122
12.86782904744182, 55.98358595363679
12.914963952377503, 55.99025993616138
12.962098857313189, 55.996933918685976
13.009233762248872, 56.003607901210565
13.056368667184557, 56.01028188373515
13.10350357212024, 56.01695586625975
13.150638477055926, 56.02362984878434
13.19777338199161, 56.03030383130893
13.244908286927293, 56.03697781383352
13.292043191862978, 56.04365179635811
13.339178096798662, 56.0503257788827
13.386313001734347, 56.0569997614073
13.43344790667003, 56.063673743931886
13.480582811605716, 56.070347726456475
13.5277177165414, 56.07702170898107
13.574852621477085, 56.08369569150566
13.621987526412768, 56.090369674030256
13.669122431348454, 56.097043656554845
13.716257336284137, 56.103717639079434
13.76339224121982, 56.11039162160402
13.810527146155506, 56.11706560412862
13.85766205109119, 56.12373958665321
13.904796956026875, 56.130413569177804
13.951931860962558, 56.13708755170239
13.999066765898244, 56.14376153422698
14.046201670833927, 56.15043551675158
14.093336575769612, 56.15710949927617
14.140471480705296, 56.163783481800756
14.187606385640981, 56.17045746432535
14.234741290576665, 56.17713144684994
14.281876195512348, 56.18380542937453
14.329011100448033, 56.190479411899126
14.376146005383717, 56.197153394423715
14.423280910319402, 56.203827376948304
14.470415815255086, 56.2105013594729
14.517550720190771, 56.21717534199749
14.564685625126454, 56.22384932452208
14.61182053006214, 56.230523307046674
14.658955434997823, 56.23719728957126
14.706090339933509, 56.24387127209585
14.753225244869192, 56.25054525462045
14.800360149804877, 56.25721923714504
14.84749505474056, 56.263893219669626
14.894629959676244, 56.27056720219422
14.94176486461193, 56.27724118471881
14.988899769547613, 56.2839151672434
15.036034674483298, 56.290589149767996
15.083169579418982, 56.297263132292585
15.130304484354667, 56.303937114817174
15.17743938929035, 56.31061109734177
15.224574294226036, 56.31728507986636
15.27170919916172, 56.32395906239095
15.318844104097405, 56.330633044915544
15.365979009033088, 56.33730702744013
15.413113913968772, 56.34398100996472
15.460248818904457, 56.35065499248932
15.50738372384014, 56.35732897501391
15.554518628775826, 56.364002957538496
15.60165353371151, 56.37067694006309
15.648788438647195, 56.37735092258768
15.695923343582878, 56.38402490511227
15.743058248518564, 56.390698887636866
15.790193153454247, 56.397372870161455
15.837328058389932, 56.404046852686044
15.884462963325616, 56.41072083521064
15.9315978682613, 56.41739481773523
15.978732773196985, 56.42406880025982
16.02586767813267, 56.430742782784414
16.07300258306835, 56.437416765309
16.120137488004037, 56.44409074783359
16.167272392939722, 56.45076473035819
16.214407297875407, 56.45743871288278
16.26154220281109, 56.464112695407366
16.308677107746774, 56.47078667793196
16.35581201268246, 56.47746066045655
16.402946917618145, 56.48413464298114
16.450081822553827, 56.490808625505736
16.497216727489512, 56.497482608030325
16.544351632425197, 56.50415659055491
16.59148653736088, 56.51083057307951
16.638621442296564, 56.5175045556041
16.68575634723225, 56.52417853812869
16.732891252167935, 56.53085252065328
16.780026157103617, 56.53752650317787
16.827161062039302, 56.54420048570246
16.874295966974987, 56.55087446822706
16.921430871910673, 56.557548450751646
16.968565776846354, 56.564222433276235
17.01570068178204, 56.57089641580083
17.062835586717725, 56.57757039832542
17.109970491653407, 56.58424438085001
17.157105396589092, 56.590918363374605
17.204240301524777, 56.597592345899194
17.251375206460462, 56.60426632842378
17.298510111396144, 56.61094031094838
17.34564501633183, 56.61761429347297
17.392779921267515, 56.62428827599756
17.4399148262032, 56.63096225852215
17.48704973113888, 56.63763624104674
17.534184636074567, 56.64431022357133
17.581319541010252, 56.65098420609593
17.628454445945934, 56.657658188620516
17.67558935088162, 56.664332171145105
17.722724255817305, 56.6710061536697
17.76985916075299, 56.67768013619429
17.81699406568867, 56.68435411871888
17.864128970624357, 56.691028101243475
17.911263875560042, 56.697702083768064
17.958398780495727, 56.70437606629265
18.00553368543141, 56.71105004881725
18.052668590367094, 56.71772403134184
18.09980349530278, 56.72439801386643
18.14693840023846, 56.73107199639102
18.194073305174147, 56.73774597891561
18.241208210109832, 56.7444199614402
18.288343115045517, 56.7510939439648
18.3354780199812, 56.757767926489386
18.382612924916884, 56.764441909013975
18.42974782985257, 56.77111589153857
18.476882734788255, 56.77778987406316
18.524017639723937, 56.78446385658775
18.571152544659622, 56.791137839112345
18.618287449595307, 56.797811821636934
18.66542235453099, 56.80448580416152
18.712557259466674, 56.81115978668612
18.75969216440236, 56.81783376921071
18.806827069338045, 56.8245077517353
18.853961974273727, 56.83118173425989
18.901096879209412, 56.83785571678448
18.948231784145097, 56.84452969930907
18.995366689080782, 56.85120368183367
19.042501594016464, 56.857877664358256
19.08963649895215, 56.864551646882845
19.136771403887835, 56.87122562940744
19.18390630882352, 56.87789961193203
19.2310412137592, 56.88457359445662
19.278176118694887, 56.891247576981215
19.325311023630572, 56.897921559505804
19.372445928566254, 56.90459554203039
19.41958083350194, 56.91126952455499
19.466715738437625, 56.91794350707958
19.51385064337331, 56.92461748960417
19.56098554830899, 56.93129147212876
19.608120453244677, 56.93796545465335
19.655255358180362, 56.94463943717794
19.702390263116047, 56.95131341970254
19.74952516805173, 56.957987402227126
19.796660072987414, 56.964661384751714
19.8437949779231, 56.97133536727631
19.89092988285878, 56.9780093498009
19.938064787794467, 56.98468333232549
19.985199692730152, 56.991357314850084
20.032334597665837, 56.99803129737467
20.07946950260152, 57.00470527989926
20.126604407537204, 57.01137926242386
20.17373931247289, 57.01805324494845
20.220874217408575, 57.024727227473036
20.268009122344257, 57.03140120999763
20.315144027279942, 57.03807519252222
20.362278932215627, 57.04474917504682
20.40941383715131, 57.051423157571406
20.456548742086994, 57.058097140095995
20.50368364702268, 57.064771122620584
20.550818551958365, 57.07144510514518
20.597953456894047, 57.07811908766977
20.645088361829732, 57.08479307019436
20.692223266765417, 57.091467052718954
20.739358171701102, 57.09814103524354
20.786493076636784, 57.10481501776813
20.83362798157247, 57.11148900029273
20.880762886508155, 57.11816298281732
20.927897791443836, 57.124836965341906
20.97503269637952, 57.1315109478665
21.022167601315207, 57.13818493039109
21.069302506250892, 57.14485891291569
21.116437411186574, 57.151532895440276
21.16357231612226, 57.158206877964865
21.210707221057945, 57.16488086048946
21.25784212599363, 57.17155484301405
21.30497703092931, 57.17822882553864
21.352111935864997, 57.18490280806323
21.399246840800682, 57.191576790587824
21.446381745736364, 57.19825077311241
21.49351665067205, 57.20492475563701
21.540651555607734, 57.2115987381616
21.58778646054342, 57.21827272068619
21.6349213654791, 57.224946703210776
21.682056270414787, 57.23162068573537
21.729191175350472, 57.23829466825996
21.776326080286157, 57.24496865078456
21.82346098522184, 57.251642633309146
21.870595890157524, 57.258316615833735
21.91773079509321, 57.26499059835833
21.96486570002889, 57.27166458088292
22.012000604964577, 57.27833856340751
22.059135509900262, 57.285012545932105
22.106270414835947, 57.291686528456694
22.15340531977163, 57.29836051098128
22.200540224707314, 57.30503449350588
22.247675129643, 57.31170847603047
22.294810034578685, 57.31838245855506
22.341944939514367, 57.32505644107965
22.389079844450052, 57.33173042360424
22.436214749385737, 57.33840440612883
22.483349654321422, 57.34507838865343
22.530484559257104, 57.351752371178016
22.57761946419279, 57.358426353702605
22.624754369128475, 57.3651003362272
22.671889274064156, 57.37177431875179
22.71902417899984, 57.37844830127638
22.766159083935527, 57.385122283800975
22.813293988871212, 57.391796266325564
22.860428893806894, 57.39847024885015
22.90756379874258, 57.40514423137475
22.954698703678265, 57.41181821389934
23.00183360861395, 57.41849219642393
23.04896851354963, 57.42516617894852
23.096103418485317, 57.43184016147311
23.143238323421002, 57.4385141439977
23.190373228356684, 57.4451881265223
23.23750813329237, 57.451862109046886
23.284643038228054, 57.458536091571474
23.33177794316374, 57.46521007409607
23.37891284809942, 57.47188405662066
23.426047753035107, 57.47855803914525
23.473182657970792, 57.485232021669844
23.520317562906477, 57.49190600419443
23.56745246784216, 57.49857998671902
23.614587372777844, 57.50525396924362
23.66172227771353, 57.51192795176821
23.70885718264921, 57.518601934292796
23.755992087584897, 57.52527591681739
23.803126992520582, 57.53194989934198
23.850261897456267, 57.53862388186657
23.89739680239195, 57.545297864391166
23.944531707327634, 57.551971846915755
23.99166661226332, 57.558645829440344
24.038801517199005, 57.56531981196494
24.085936422134687, 57.57199379448953
24.133071327070372, 57.57866777701412
24.180206232006057, 57.585341759538714
24.22734113694174, 57.5920157420633
24.274476041877424, 57.59868972458789
24.32161094681311, 57.60536370711249
24.368745851748795, 57.61203768963708
24.415880756684476, 57.618711672161666
24.46301566162016, 57.62538565468626
24.510150566555847, 57.63205963721085
24.557285471491532, 57.63873361973544
24.604420376427214, 57.645407602260036
24.6515552813629, 57.652081584784625
24.698690186298585, 57.658755567309214
24.745825091234266, 57.66542954983381
24.79295999616995, 57.6721035323584
24.840094901105637, 57.67877751488299
24.887229806041322, 57.685451497407584
24.934364710977004, 57.69212547993217
24.98149961591269, 57.69879946245676
25.028634520848374, 57.70547344498136
25.07576942578406, 57.71214742750595
25.12290433071974, 57.718821410030536
25.170039235655427, 57.72549539255513
25.217174140591112, 57.73216937507972
25.264309045526794, 57.73884335760431
25.31144395046248, 57.745517340128906
25.358578855398164, 57.752191322653495
25.40571376033385, 57.758865305178084
25.45284866526953, 57.76553928770268
25.499983570205217, 57.77221327022727
25.547118475140902, 57.77888725275186
25.594253380076587, 57.785561235276454
25.64138828501227, 57.79223521780104
25.688523189947954, 57.79890920032563
25.73565809488364, 57.80558318285023
25.78279299981932, 57.81225716537482
25.829927904755007, 57.818931147899406
25.877062809690692, 57.825605130424
25.924197714626377, 57.83227911294859
25.97133261956206, 57.83895309547318
26.018467524497744, 57.845627077997776
26.06560242943343, 57.852301060522365
26.112737334369115, 57.858975043046954
26.159872239304796, 57.86564902557155
26.20700714424048, 57.87232300809614
26.254142049176167, 57.87899699062073
26.301276954111852, 57.885670973145324
26.348411859047534, 57.89234495566991
26.39554676398322, 57.8990189381945
26.442681668918905, 57.9056929207191
26.489816573854586, 57.91236690324369
26.53695147879027, 57.919040885768275
26.584086383725957, 57.92571486829287
26.631221288661642, 57.93238885081746
26.678356193597324, 57.93906283334205
26.72549109853301, 57.945736815866645
26.772626003468694, 57.952410798391234
26.81976090840438, 57.95908478091582
26.86689581334006, 57.96575876344042
26.914030718275747, 57.97243274596501
26.961165623211432, 57.9791067284896
27.008300528147114, 57.98578071101419
27.0554354330828, 57.99245469353878
27.102570338018484, 57.99912867606337
27.14970524295417, 58.00580265858797
27.19684014788985, 58.012476641112556
27.243975052825537, 58.019150623637145
27.291109957761222, 58.02582460616174
27.338244862696907, 58.03249858868633
27.38537976763259, 58.03917257121092
27.432514672568274, 58.045846553735515
27.47964957750396, 58.052520536260104
27.52678448243964, 58.05919451878469
27.573919387375327, 58.06586850130929
27.621054292311012, 58.07254248383388
27.668189197246697, 58.079216466358474
27.71532410218238, 58.08589044888306
27.762459007118064, 58.09256443140765
27.80959391205375, 58.09923841393224
27.856728816989435, 58.10591239645684
27.903863721925116, 58.112586378981426
27.9509986268608, 58.11926036150602
27.998133531796487, 58.12593434403061
28.04526843673217, 58.1326083265552
28.092403341667854, 58.13928230907979
28.13953824660354, 58.145956291604385
28.186673151539225, 58.152630274128974
28.233808056474906, 58.15930425665356
28.28094296141059, 58.16597823917816
28.328077866346277, 58.17265222170275
28.375212771281962, 58.17932620422734
28.422347676217644, 58.18600018675193
28.46948258115333, 58.19267416927652
28.516617486089014, 58.19934815180112
28.563752391024696, 58.20602213432571
28.61088729596038, 58.212696116850296
28.658022200896067, 58.219370099374885
28.705157105831752, 58.22604408189948
28.752292010767434, 58.23271806442407
28.79942691570312, 58.239392046948666
28.846561820638804, 58.246066029473255
28.89369672557449, 58.252740011997844
28.94083163051017, 58.25941399452243
28.987966535445857, 58.26608797704703
29.035101440381542, 58.27276195957162
29.082236345317224, 58.279435942096214
29.12937125025291, 58.2861099246208
29.176506155188594, 58.29278390714539
29.22364106012428, 58.29945788966999
29.27077596505996, 58.30613187219458
29.317910869995647, 58.312805854719166
29.365045774931332, 58.31947983724376
29.412180679867017, 58.32615381976835
29.4593155848027, 58.33282780229294
29.506450489738384, 58.339501784817536
29.55358539467407, 58.346175767342125
29.600720299609755, 58.352849749866714
29.647855204545436, 58.35952373239131
29.69499010948112, 58.3661977149159
29.742125014416807, 58.37287169744049
29.78925991935249, 58.37954567996508
29.836394824288174, 58.38621966248967
29.88352972922386, 58.39289364501426
29.930664634159545, 58.39956762753886
29.977799539095226, 58.40624161006345
30.02493444403091, 58.412915592588035
30.072069348966597, 58.41958957511263
30.119204253902282, 58.42626355763722
30.166339158837964, 58.43293754016181
30.21347406377365, 58.439611522686405
30.260608968709334, 58.446285505210994
30.307743873645016, 58.45295948773558
30.3548787785807, 58.45963347026018
30.402013683516387, 58.46630745278477
30.449148588452072, 58.47298143530936
30.496283493387754, 58.47965541783395
30.54341839832344, 58.48632940035854
30.590553303259124, 58.49300338288313
30.63768820819481, 58.49967736540773
30.68482311313049, 58.506351347932316
30.731958018066177, 58.513025330456905
30.779092923001862, 58.5196993129815
30.826227827937544, 58.52637329550609
30.87336273287323, 58.53304727803068
30.920497637808914, 58.539721260555275
30.9676325427446, 58.546395243079864
31.01476744768028, 58.55306922560445
31.061902352615967, 58.55974320812905
31.109037257551652, 58.56641719065364
31.156172162487337, 58.57309117317823
31.20330706742302, 58.57976515570282
31.250441972358704, 58.58643913822741
31.29757687729439, 58.593113120752
31.34471178223007, 58.5997871032766
31.391846687165756, 58.606461085801186
31.43898159210144, 58.613135068325775
31.486116497037127, 58.61980905085037
31.53325140197281, 58.62648303337496
31.580386306908494, 58.63315701589955
31.62752121184418, 58.639830998424145
31.674656116779865, 58.646504980948734
31.721791021715546, 58.65317896347332
31.76892592665123, 58.65985294599792
31.816060831586917, 58.66652692852251
31.8631957365226, 58.6732009110471
31.910330641458284, 58.67987489357169
31.95746554639397, 58.68654887609628
32.00460045132965, 58.69322285862087
32.05173535626534, 58.69989684114547
32.09887026120102, 58.706570823670056
32.1460051661367, 58.713244806194645
32.19314007107239, 58.71991878871924
32.240274976008074, 58.72659277124383
32.28740988094376, 58.73326675376842
32.334544785879444, 58.739940736293015
32.381679690815126, 58.746614718817604
32.428814595750815, 58.75328870134219
32.4759495006865, 58.75996268386679
32.52308440562218, 58.76663666639138
32.57021931055787, 58.77331064891597
32.61735421549355, 58.77998463144056
32.66448912042923, 58.78665861396515
32.71162402536492, 58.79333259648974
32.7587589303006, 58.80000657901434
32.80589383523629, 58.806680561538926
32.85302874017197, 58.813354544063515
32.900163645107654, 58.82002852658811
32.94729855004334, 58.8267025091127
32.994433454979024, 58.83337649163729
33.041568359914706, 58.840050474161885
33.088703264850395, 58.846724456686474
33.135838169786076, 58.85339843921106
33.18297307472176, 58.86007242173566
33.23010797965745, 58.86674640426025
33.27724288459313, 58.87342038678484
33.32437778952882, 58.88009436930943
33.3715126944645, 58.88676835183402
33.41864759940018, 58.89344233435861
33.46578250433587, 58.90011631688321
33.51291740927155, 58.906790299407795
33.56005231420723, 58.913464281932384
33.60718721914292, 58.92013826445698
33.654322124078604, 58.92681224698157
33.701457029014286, 58.93348622950616
33.748591933949974, 58.940160212030754
33.795726838885656, 58.94683419455534
33.842861743821345, 58.95350817707993
33.88999664875703, 58.96018215960453
33.93713155369271, 58.96685614212912
33.9842664586284, 58.973530124653706
34.03140136356408, 58.9802041071783
34.07853626849976, 58.98687808970289
34.12567117343545, 58.99355207222748
34.17280607837113, 59.000226054752076
34.21994098330681, 59.006900037276665
34.2670758882425, 59.013574019801254
34.314210793178184, 59.02024800232585
34.36134569811387, 59.02692198485044
34.408480603049554, 59.03359596737503
34.455615507985236, 59.040269949899624
34.502750412920925, 59.04694393242421
34.54988531785661, 59.0536179149488
34.59702022279229, 59.0602918974734
34.64415512772798, 59.06696587999799
34.69129003266366, 59.073639862522576
34.73842493759934, 59.08031384504717
34.78555984253503, 59.08698782757176
34.83269474747071, 59.09366181009635
34.8798296524064, 59.100335792620946
34.92696455734208, 59.107009775145535
34.97409946227776, 59.113683757670124
35.02123436721345, 59.12035774019472
35.068369272149134, 59.12703172271931
35.115504177084816, 59.1337057052439
35.162639082020505, 59.140379687768494
35.209773986956186, 59.14705367029308
35.25690889189187, 59.15372765281767
35.30404379682756, 59.16040163534227
35.35117870176324, 59.16707561786686
35.39831360669893, 59.17374960039145
35.44544851163461, 59.18042358291604
35.49258341657029, 59.18709756544063
35.53971832150598, 59.121922165774556
35.58685322644166, 58.98867511028055
35.63398813137734, 58.85542805478654
35.68112303631303, 58.72218099929252
35.728257941248714, 58.58893394379851
35.775392846184396, 58.455686888304506
35.822527751120084, 58.322439832810474
35.869662656055766, 58.18919277731647
35.916797560991455, 58.05594572182244
35.96393246592714, 57.922698666328436
36.01106737086282, 57.789451610834426
36.05820227579851, 57.6562045553404
36.10533718073419, 57.52295749984639
36.15247208566987, 57.38971044435239
36.19960699060556, 57.25646338885836
36.24674189554124, 57.123216333364354
36.29387680047692, 56.989969277870344
36.34101170541261, 56.85672222237632
36.388146610348294, 56.72347516688231
36.43528151528398, 56.590228111388285
36.482416420219664, 56.456981055894275
36.529551325155346, 56.32373400040027
36.576686230091035, 56.19048694490624
36.623821135026716, 56.05723988941224
36.6709560399624, 55.92399283391823
36.71809094489809, 55.7907457784242
36.76522584983377, 55.65749872293019
36.81236075476945, 55.52425166743619
36.85949565970514, 55.39100461194216
36.90663056464082, 55.257757556448155
36.95376546957651, 55.12451050095412
37.00090037451219, 54.99126344546012
37.04803527944787, 54.85801638996611
37.09517018438356, 54.724769334472086
37.142305089319244, 54.591522278978076
37.189439994254926, 54.45827522348407
37.236574899190614, 54.32502816799004
37.283709804126296, 54.19178111249604
37.33084470906198, 54.05853405700203
37.37797961399767, 53.925287001508
37.42511451893335, 53.79203994601399
37.47224942386904, 53.65879289051997
37.51938432880472, 53.52554583502596
37.5665192337404, 53.392298779531956
37.61365413867609, 53.259051724037924
37.66078904361177, 53.12580466854392
37.70792394854745, 52.99255761304991
37.75505885348314, 52.85931055755589
37.802193758418824, 52.726063502061876
37.849328663354505, 52.59281644656787
37.896463568290194, 52.45956939107384
37.943598473225876, 52.32632233557984
37.990733378161565, 52.19307528008581
38.03786828309725, 52.059828224591804
38.08500318803293, 51.926581169097794
38.13213809296862, 51.79333411360377
38.1792729979043, 51.66008705810976
38.22640790283998, 51.52684000261576
38.27354280777567, 51.393592947121725
38.32067771271135, 51.26034589162772
38.36781261764704, 51.12709883613369
38.41494752258272, 50.99385178063969
38.4620824275184, 50.86060472514568
38.50921733245409, 50.72735766965165
38.556352237389774, 50.59411061415764
38.603487142325456, 50.46086355866364
38.650622047261145, 50.32761650316961
38.697756952196826, 50.194369447675605
38.74489185713251, 50.061122392181595
38.7920267620682, 49.92787533668757
38.83916166700388, 49.79462828119356
38.88629657193957, 49.661381225699536
38.93343147687525, 49.528134170205526
38.98056638181093, 49.39488711471152
39.02770128674662, 49.26164005921749
39.0748361916823, 49.12839300372349
39.12197109661798, 48.99514594822948
39.16910600155367, 48.861898892735454
39.216240906489354, 48.72865183724144
39.263375811425036, 48.59540478174744
39.310510716360724, 48.46215772625341
39.357645621296406, 48.328910670759406
39.404780526232095, 48.195663615265374
39.45191543116778, 48.06241655977137
39.49905033610346, 47.92916950427736
39.54618524103915, 47.79592244878334
39.59332014597483, 47.66267539328933
39.64045505091051, 47.52942833779532
39.6875899558462, 47.39618128230129
39.73472486078188, 47.26293422680729
39.78185976571756, 47.12968717131328
39.82899467065325, 46.996440115819254
39.876129575588934, 46.863193060325244
39.92326448052462, 46.72994600483122
39.970399385460304, 46.59669894933721
40.017534290395986, 46.46345189384321
40.064669195331675, 46.330204838349175
40.111804100267356, 46.19695778285517
40.15893900520304, 46.06371072736116
40.20607391013873, 45.93046367186714
40.25320881507441, 45.79721661637313
40.30034372001009, 45.663969560879124
40.34747862494578, 45.53072250538509
40.39461352988146, 45.39747544989109
40.44174843481715, 45.26422839439706
40.48888333975283, 45.130981338903055
40.53601824468851, 44.997734283409045
40.5831531496242, 44.86448722791502
40.630288054559884, 44.73124017242101
40.677422959495566, 44.597993116927
40.724557864431254, 44.464746061432976
40.771692769366936, 44.33149900593897
40.81882767430262, 44.19825195044496
40.86596257923831, 44.06500489495094
40.91309748417399, 43.93175783945693
40.96023238910968, 43.798510783962904
41.00736729404536, 43.665263728468894
41.05450219898104, 43.53201667297489
41.10163710391673, 43.39876961748086
41.14877200885241, 43.265522561986856
41.19590691378809, 43.132275506492846
41.24304181872378, 42.99902845099882
41.290176723659464, 42.86578139550481
41.337311628595145, 42.7325343400108
41.384446533530834, 42.59928728451678
41.431581438466516, 42.46604022902277
41.478716343402205, 42.33279317352874
41.52585124833789, 42.19954611803473
41.57298615327357, 42.06629906254073
41.62012105820926, 41.9330520070467
41.66725596314494, 41.799804951552694
41.71439086808062, 41.66655789605869
41.76152577301631, 41.53331084056466
41.80866067795199, 41.40006378507066
41.85579558288767, 41.26681672957665
41.90293048782336, 41.13356967408262
41.95006539275904, 41.00032261858861
41.99720029769473, 40.86707556309459
42.044335202630414, 40.73382850760058
42.091470107566096, 40.60058145210657
42.138605012501785, 40.46733439661254
42.185739917437466, 40.33408734111853
42.23287482237315, 40.20084028562453
42.28000972730884, 40.0675932301305
42.32714463224452, 39.934346174636495
42.3742795371802, 39.80109911914249
42.42141444211589, 39.66785206364846
42.46854934705157, 39.53460500815446
42.51568425198726, 39.401357952660426
42.56281915692294, 39.26811089716642
42.60995406185862, 39.13486384167241
42.65708896679431, 39.00161678617839
42.704223871729994, 38.86836973068438
42.751358776665676, 38.73512267519037
42.798493681601364, 38.601875619696344
42.845628586537046, 38.468628564202334
42.89276349147273, 38.33538150870833
42.93989839640842, 38.2021344532143
42.9870333013441, 38.068887397720296
43.03416820627979, 37.935640342226264
43.08130311121547, 37.80239328673226
43.12843801615115, 37.66914623123826
43.17557292108684, 37.53589917574423
43.22270782602252, 37.402652120250224
43.2698427309582, 37.269405064756214
43.31697763589389, 37.13615800926219
43.364112540829574, 37.00291095376818
43.411247445765255, 36.86966389827417
43.458382350700944, 36.736416842780145
43.505517255636626, 36.603169787286134
43.552652160572315, 36.46992273179211
43.599787065507996, 36.3366756762981
43.64692197044368, 36.2034286208041
43.69405687537937, 36.070181565310065
43.74119178031505, 35.93693450981606
43.78832668525073, 35.80368745432206
43.83546159018642, 35.67044039882803
43.8825964951221, 35.537193343334025
43.92973140005778, 35.403946287840014
43.97686630499347, 35.27069923234599
44.02400120992915, 35.13745217685198
44.07113611486484, 35.004205121357955
44.118271019800524, 34.870958065863945
44.165405924736206, 34.737711010369935
44.212540829671894, 34.60446395487591
44.259675734607576, 34.4712168993819
44.30681063954326, 34.3379698438879
44.35394554447895, 34.204722788393866
44.40108044941463, 34.07147573289986
44.44821535435031, 33.93822867740586
44.495350259286, 33.80498162191183
44.54248516422168, 33.671734566417825
44.58962006915737, 33.538487510923794
44.63675497409305, 33.40524045542979
44.68388987902873, 33.27199339993578
44.73102478396442, 33.138746344441756
44.778159688900104, 33.005499288947746
44.825294593835785, 32.872252233453736
44.872429498771474, 32.73900517795971
44.919564403707156, 32.6057581224657
44.966699308642845, 32.47251106697168
45.01383421357853, 32.33926401147767
45.06096911851421, 32.206016955983664
45.1081040234499, 32.07276990048963
45.15523892838558, 31.93952284499563
45.20237383332126, 31.806275789501623
45.24950873825695, 31.673028734007595
45.29664364319263, 31.539781678513588
45.34377854812831, 31.40653462301958
45.390913453064, 31.273287567525553
45.43804835799968, 31.140040512031547
45.48518326293537, 31.00679345653752
45.532318167871054, 30.873546401043512
45.579453072806736, 30.740299345549506
45.626587977742425, 30.607052290055478
45.673722882678106, 30.47380523456147
45.72085778761379, 30.340558179067465
45.76799269254948, 30.207311123573437
45.81512759748516, 30.07406406807943
45.86226250242084, 29.940817012585423
45.90939740735653, 29.807569957091395
45.95653231229221, 29.67432290159739
46.0036672172279, 29.54107584610336
46.05080212216358, 29.407828790609354
46.09793702709926, 29.274581735115348
46.14507193203495, 29.14133467962132
46.192206836970634, 29.008087624127313
46.239341741906316, 28.874840568633307
46.286476646842004, 28.74159351313928
46.333611551777686, 28.608346457645272
46.38074645671337, 28.475099402151265
46.42788136164906, 28.341852346657237
46.47501626658474, 28.20860529116323
46.52215117152043, 28.075358235669203
46.56928607645611, 27.942111180175196
46.61642098139179, 27.80886412468119
46.66355588632748, 27.67561706918716
46.71069079126316, 27.542370013693155
46.75782569619884, 27.40912295819915
46.80496060113453, 27.27587590270512
46.852095506070214, 27.142628847211114
46.899230411005895, 27.009381791717104
46.946365315941584, 26.87613473622308
46.993500220877266, 26.74288768072907
47.040635125812955, 26.609640625235045
47.087770030748636, 26.476393569741035
