Parameters: [47.618265470137096, 18.876697137580422, 10.168854760350097, 35.892824709143966, 4.270813578739407, 0.11273216055456159, -3.0496002942688807]
Points:
0.0, 18.876697137580422
0.04766593140153864, 19.080269444653375
0.09533186280307727, 19.283841751726328
0.14299779420461592, 19.487414058799278
0.19066372560615455, 19.69098636587223
0.23832965700769318, 19.894558672945184
0.28599558840923184, 20.098130980018137
0.33366151981077047, 20.301703287091087
0.3813274512123091, 20.50527559416404
0.42899338261384773, 20.708847901236993
0.47665931401538636, 20.912420208309946
0.524325245416925, 21.115992515382896
0.5719911768184637, 21.31956482245585
0.6196571082200023, 21.523137129528802
0.6673230396215409, 21.726709436601755
0.7149889710230796, 21.930281743674705
0.7626549024246182, 22.133854050747658
0.8103208338261568, 22.33742635782061
0.8579867652276955, 22.540998664893564
0.9056526966292341, 22.744570971966517
0.9533186280307727, 22.948143279039467
1.0009845594323115, 23.15171558611242
1.04865049083385, 23.355287893185373
1.0963164222353887, 23.558860200258323
1.1439823536369274, 23.762432507331276
1.191648285038466, 23.96600481440423
1.2393142164400046, 24.169577121477182
1.2869801478415432, 24.373149428550136
1.3346460792430819, 24.57672173562309
1.3823120106446205, 24.78029404269604
1.4299779420461591, 24.98386634976899
1.4776438734476978, 25.187438656841945
1.5253098048492364, 25.391010963914894
1.572975736250775, 25.594583270987847
1.6206416676523137, 25.7981555780608
1.6683075990538523, 26.001727885133754
1.715973530455391, 26.205300192206707
1.7636394618569295, 26.408872499279656
1.8113053932584682, 26.61244480635261
1.8589713246600068, 26.816017113425563
1.9066372560615454, 27.019589420498512
1.954303187463084, 27.223161727571465
2.001969118864623, 27.42673403464442
2.0496350502661613, 27.63030634171737
2.0973009816677, 27.833878648790325
2.1449669130692386, 28.037450955863275
2.1926328444707774, 28.241023262936228
2.240298775872316, 28.444595570009177
2.2879647072738547, 28.64816787708213
2.335630638675393, 28.851740184155084
2.383296570076932, 29.055312491228037
2.4309625014784704, 29.25888479830099
2.4786284328800092, 29.462457105373943
2.5262943642815476, 29.666029412446893
2.5739602956830865, 29.86960171951985
2.621626227084625, 30.073174026592795
2.6692921584861637, 30.276746333665752
2.716958089887702, 30.4803186407387
2.764624021289241, 30.683890947811655
2.8122899526907794, 30.887463254884608
2.8599558840923183, 31.09103556195756
2.9076218154938567, 31.294607869030514
2.9552877468953955, 31.498180176103467
3.002953678296934, 31.701752483176417
3.050619609698473, 31.90532479024937
3.0982855411000116, 32.10889709732233
3.14595147250155, 32.31246940439527
3.193617403903089, 32.516041711468226
3.2412833353046273, 32.71961401854118
3.288949266706166, 32.92318632561413
3.3366151981077046, 33.126758632687086
3.3842811295092434, 33.33033093976004
3.431947060910782, 33.53390324683299
3.4796129923123207, 33.73747555390594
3.527278923713859, 33.94104786097889
3.574944855115398, 34.144620168051844
3.6226107865169364, 34.3481924751248
3.670276717918475, 34.55176478219775
3.7179426493200136, 34.755337089270704
3.7656085807215525, 34.95890939634366
3.813274512123091, 35.1624817034166
3.8609404435246297, 35.36605401048956
3.908606374926168, 35.56962631756251
3.956272306327707, 35.77319862463546
4.003938237729246, 35.976770931708415
4.051604169130784, 36.18034323878137
4.099270100532323, 36.38391554585432
4.146936031933861, 36.58748785292727
4.1946019633354, 36.79106016000023
4.242267894736939, 36.994632467073174
4.289933826138477, 37.19820477414613
4.337599757540016, 37.40177708121908
4.385265688941555, 37.60534938829203
4.432931620343093, 37.80892169536499
4.480597551744632, 38.01249400243793
4.52826348314617, 38.21606630951089
4.575929414547709, 38.41963861658384
4.623595345949248, 38.6232109236568
4.671261277350786, 38.826783230729745
4.7189272087523255, 39.030355537802706
4.766593140153864, 39.23392784487565
4.814259071555402, 39.437500151948605
4.861925002956941, 39.64107245902156
4.90959093435848, 39.84464476609451
4.9572568657600184, 40.048217073167464
5.004922797161557, 40.25178938024041
5.052588728563095, 40.45536168731336
5.100254659964635, 40.65893399438632
5.147920591366173, 40.86250630145928
5.195586522767711, 41.06607860853222
5.24325245416925, 41.26965091560517
5.290918385570789, 41.47322322267813
5.3385843169723275, 41.67679552975108
5.386250248373866, 41.880367836824036
5.433916179775404, 42.08394014389698
5.481582111176944, 42.28751245096994
5.529248042578482, 42.49108475804289
5.57691397398002, 42.69465706511584
5.624579905381559, 42.898229372188794
5.672245836783098, 43.10180167926175
5.7199117681846365, 43.3053739863347
5.767577699586175, 43.50894629340765
5.815243630987713, 43.71251860048061
5.862909562389253, 43.91609090755355
5.910575493790791, 44.11966321462651
5.9582414251923295, 44.32323552169946
6.005907356593868, 44.52680782877241
6.053573287995407, 44.730380135845365
6.101239219396946, 44.93395244291832
6.148905150798484, 45.13752474999127
6.196571082200023, 45.341097057064225
6.244237013601562, 45.54466936413718
6.2919029450031, 45.748241671210124
6.3395688764046385, 45.95181397828308
6.387234807806178, 46.15538628535603
6.434900739207716, 46.35895859242898
6.482566670609255, 46.56253089950194
6.530232602010793, 46.76610320657488
6.577898533412332, 46.96967551364784
6.625564464813871, 47.17324782072079
6.673230396215409, 47.37682012779375
6.7208963276169476, 47.580392434866695
6.768562259018487, 47.783964741939656
6.816228190420025, 47.9875370490126
6.863894121821564, 48.191109356085555
6.911560053223102, 48.39468166315851
6.959225984624641, 48.59825397023146
7.00689191602618, 48.801826277304414
7.054557847427718, 49.00539858437736
7.102223778829257, 49.20897089145031
7.149889710230796, 49.41254319852327
7.197555641632334, 49.61611550559622
7.245221573033873, 49.81968781266917
7.292887504435411, 50.02326011974212
7.34055343583695, 50.22683242681508
7.388219367238489, 50.430404733888025
7.435885298640027, 50.633977040960986
7.483551230041566, 50.83754934803393
7.531217161443105, 51.041121655106885
7.578883092844643, 51.24469396217984
7.626549024246182, 51.44826626925279
7.674214955647721, 51.651838576325744
7.7218808870492595, 51.8554108833987
7.769546818450798, 52.05898319047165
7.817212749852336, 52.2625554975446
7.864878681253876, 52.46612780461756
7.912544612655414, 52.6697001116905
7.960210544056952, 52.873272418763456
8.007876475458492, 53.07684472583641
8.05554240686003, 53.28041703290936
8.103208338261568, 53.483989339982315
8.150874269663108, 53.68756164705527
8.198540201064645, 53.891133954128215
8.246206132466185, 54.094706261201175
8.293872063867722, 54.29827856827412
8.341537995269261, 54.501850875347074
8.3892039266708, 54.70542318242003
8.436869858072338, 54.90899548949298
8.484535789473878, 55.11256779656593
8.532201720875417, 55.31614010363889
8.579867652276954, 55.51971241071183
8.627533583678494, 55.72328471778479
8.675199515080031, 55.92685702485774
8.72286544648157, 56.13042933193069
8.77053137788311, 56.334001639003645
8.818197309284647, 56.5375739460766
8.865863240686187, 56.74114625314955
8.913529172087726, 56.944718560222505
8.961195103489263, 57.14829086729545
9.008861034890803, 57.35186317436841
9.05652696629234, 57.55543548144136
9.10419289769388, 57.75900778851431
9.151858829095419, 57.96258009558726
9.199524760496956, 58.16615240266022
9.247190691898496, 58.36972470973317
9.294856623300035, 58.57329701680612
9.342522554701572, 58.77686932387907
9.390188486103112, 58.98044163095203
9.437854417504651, 59.18401393802498
9.485520348906189, 59.38758624509793
9.533186280307728, 59.59115855217088
9.580852211709265, 59.794730859243835
9.628518143110805, 59.99830316631679
9.676184074512344, 60.20187547338974
9.723850005913881, 60.40544778046269
9.77151593731542, 60.60902008753565
9.81918186871696, 60.8125923946086
9.866847800118498, 61.01616470168155
9.914513731520037, 61.2197370087545
9.962179662921574, 61.42330931582745
10.009845594323114, 61.626881622900406
10.057511525724653, 61.83045392997336
10.10517745712619, 62.034026237046305
10.15284338852773, 62.237598544119265
10.20050931992927, 62.30954861520524
10.248175251330807, 62.314922098636984
10.295841182732346, 62.320295582068724
10.343507114133883, 62.32566906550046
10.391173045535423, 62.3310425489322
10.438838976936962, 62.33641603236394
10.4865049083385, 62.34178951579569
10.534170839740039, 62.34716299922743
10.581836771141578, 62.35253648265917
10.629502702543116, 62.35790996609091
10.677168633944655, 62.36328344952265
10.724834565346194, 62.368656932954394
10.772500496747732, 62.374030416386134
10.820166428149271, 62.37940389981787
10.867832359550809, 62.38477738324961
10.915498290952348, 62.39015086668135
10.963164222353887, 62.39552435011309
11.010830153755425, 62.40089783354484
11.058496085156964, 62.40627131697658
11.106162016558503, 62.41164480040832
11.15382794796004, 62.41701828384006
11.20149387936158, 62.4223917672718
11.249159810763118, 62.427765250703544
11.296825742164657, 62.433138734135284
11.344491673566196, 62.43851221756702
11.392157604967734, 62.44388570099876
11.439823536369273, 62.4492591844305
11.487489467770812, 62.45463266786225
11.53515539917235, 62.46000615129399
11.58282133057389, 62.46537963472573
11.630487261975427, 62.47075311815747
11.678153193376966, 62.47612660158921
11.725819124778505, 62.481500085020954
11.773485056180043, 62.486873568452694
11.821150987581582, 62.49224705188443
11.868816918983121, 62.49762053531617
11.916482850384659, 62.50299401874791
11.964148781786198, 62.50836750217966
12.011814713187736, 62.5137409856114
12.059480644589275, 62.51911446904314
12.107146575990814, 62.52448795247488
12.154812507392352, 62.52986143590662
12.202478438793891, 62.53523491933836
12.25014437019543, 62.540608402770104
12.297810301596968, 62.545981886201844
12.345476232998507, 62.55135536963358
12.393142164400047, 62.55672885306532
12.440808095801584, 62.56210233649706
12.488474027203123, 62.56747581992881
12.536139958604661, 62.57284930336055
12.5838058900062, 62.57822278679229
12.63147182140774, 62.58359627022403
12.679137752809277, 62.58896975365577
12.726803684210816, 62.594343237087514
12.774469615612356, 62.599716720519254
12.822135547013893, 62.605090203950994
12.869801478415432, 62.61046368738273
12.91746740981697, 62.61583717081447
12.96513334121851, 62.62121065424622
13.012799272620049, 62.62658413767796
13.060465204021586, 62.6319576211097
13.108131135423125, 62.63733110454144
13.155797066824665, 62.64270458797318
13.203462998226202, 62.648078071404925
13.251128929627741, 62.653451554836664
13.298794861029279, 62.658825038268404
13.346460792430818, 62.66419852170014
13.394126723832358, 62.66957200513188
13.441792655233895, 62.67494548856362
13.489458586635434, 62.68031897199537
13.537124518036974, 62.68569245542711
13.584790449438511, 62.69106593885885
13.63245638084005, 62.69643942229059
13.680122312241588, 62.70181290572233
13.727788243643127, 62.707186389154074
13.775454175044667, 62.712559872585814
13.823120106446204, 62.717933356017554
13.870786037847743, 62.72330683944929
13.918451969249283, 62.72868032288103
13.96611790065082, 62.73405380631278
14.01378383205236, 62.73942728974452
14.061449763453899, 62.74480077317626
14.109115694855436, 62.750174256608
14.156781626256976, 62.75554774003974
14.204447557658513, 62.760921223471485
14.252113489060052, 62.766294706903224
14.299779420461592, 62.771668190334964
14.34744535186313, 62.7770416737667
14.395111283264669, 62.78241515719844
14.442777214666208, 62.78778864063019
14.490443146067745, 62.79316212406193
14.538109077469285, 62.79853560749367
14.585775008870822, 62.80390909092541
14.633440940272362, 62.80928257435715
14.6811068716739, 62.814656057788895
14.728772803075438, 62.820029541220634
14.776438734476978, 62.825403024652374
14.824104665878517, 62.830776508084114
14.871770597280054, 62.83614999151585
14.919436528681594, 62.84152347494759
14.967102460083131, 62.84689695837934
15.01476839148467, 62.85227044181108
15.06243432288621, 62.85764392524282
15.110100254287747, 62.86301740867456
15.157766185689287, 62.8683908921063
15.205432117090826, 62.873764375538045
15.253098048492364, 62.879137858969784
15.300763979893903, 62.884511342401524
15.348429911295442, 62.88988482583326
15.39609584269698, 62.895258309265
15.443761774098519, 62.90063179269675
15.491427705500056, 62.90600527612849
15.539093636901596, 62.91137875956023
15.586759568303135, 62.91675224299197
15.634425499704673, 62.92212572642371
15.682091431106212, 62.927499209855455
15.729757362507751, 62.932872693287194
15.777423293909289, 62.938246176718934
15.825089225310828, 62.943619660150674
15.872755156712365, 62.94899314358241
15.920421088113905, 62.95436662701416
15.968087019515444, 62.9597401104459
16.015752950916983, 62.96511359387764
16.06341888231852, 62.97048707730938
16.11108481372006, 62.97586056074112
16.158750745121598, 62.981234044172865
16.206416676523137, 62.986607527604605
16.254082607924676, 62.991981011036344
16.301748539326216, 62.997354494468084
16.34941447072775, 63.00272797789982
16.39708040212929, 63.00810146133156
16.44474633353083, 63.01347494476331
16.49241226493237, 63.01884842819505
16.54007819633391, 63.02422191162679
16.587744127735444, 63.02959539505853
16.635410059136984, 63.03496887849027
16.683075990538523, 63.040342361922015
16.730741921940062, 63.045715845353755
16.7784078533416, 63.051089328785494
16.82607378474314, 63.056462812217234
16.873739716144676, 63.06183629564897
16.921405647546216, 63.06720977908072
16.969071578947755, 63.07258326251246
17.016737510349294, 63.0779567459442
17.064403441750834, 63.08333022937594
17.11206937315237, 63.08870371280768
17.15973530455391, 63.094077196239425
17.207401235955448, 63.099450679671165
17.255067167356987, 63.104824163102904
17.302733098758527, 63.110197646534644
17.350399030160062, 63.11557112996638
17.3980649615616, 63.12094461339813
17.44573089296314, 63.12631809682987
17.49339682436468, 63.13169158026161
17.54106275576622, 63.13706506369335
17.58872868716776, 63.14243854712509
17.636394618569295, 63.14781203055683
17.684060549970834, 63.153185513988575
17.731726481372373, 63.158558997420315
17.779392412773912, 63.163932480852054
17.82705834417545, 63.169305964283794
17.874724275576988, 63.17467944771553
17.922390206978527, 63.18005293114728
17.970056138380066, 63.18542641457902
18.017722069781605, 63.19079989801076
18.065388001183145, 63.1961733814425
18.11305393258468, 63.20154686487424
18.16071986398622, 63.206920348305985
18.20838579538776, 63.212293831737725
18.2560517267893, 63.217667315169464
18.303717658190838, 63.223040798601204
18.351383589592377, 63.228414282032944
18.399049520993913, 63.23378776546469
18.446715452395452, 63.23916124889643
18.49438138379699, 63.24453473232817
18.54204731519853, 63.24990821575991
18.58971324660007, 63.25528169919165
18.637379178001606, 63.260655182623395
18.685045109403145, 63.266028666055135
18.732711040804684, 63.271402149486875
18.780376972206223, 63.276775632918614
18.828042903607763, 63.282149116350354
18.875708835009302, 63.2875225997821
18.923374766410838, 63.29289608321384
18.971040697812377, 63.29826956664558
19.018706629213916, 63.30364305007732
19.066372560615456, 63.30901653350906
19.114038492016995, 63.314390016940806
19.16170442341853, 63.319763500372545
19.20937035482007, 63.325136983804285
19.25703628622161, 63.330510467236024
19.30470221762315, 63.335883950667764
19.352368149024688, 63.341257434099504
19.400034080426224, 63.34663091753125
19.447700011827763, 63.35200440096299
19.495365943229302, 63.35737788439473
19.54303187463084, 63.36275136782647
19.59069780603238, 63.36812485125821
19.63836373743392, 63.373498334689955
19.686029668835456, 63.378871818121695
19.733695600236995, 63.384245301553435
19.781361531638535, 63.389618784985174
19.829027463040074, 63.394992268416914
19.876693394441613, 63.40036575184866
19.92435932584315, 63.4057392352804
19.972025257244688, 63.41111271871214
20.019691188646227, 63.41648620214388
20.067357120047767, 63.42185968557562
20.115023051449306, 63.427233169007366
20.162688982850845, 63.432606652439105
20.21035491425238, 63.437980135870845
20.25802084565392, 63.443353619302584
20.30568677705546, 63.448727102734324
20.353352708457, 63.45410058616607
20.40101863985854, 63.45947406959781
20.448684571260074, 63.46484755302955
20.496350502661613, 63.47022103646129
20.544016434063153, 63.47559451989303
20.591682365464692, 63.48096800332477
20.63934829686623, 63.486341486756515
20.687014228267767, 63.491714970188255
20.734680159669306, 63.497088453619995
20.782346091070846, 63.502461937051734
20.830012022472385, 63.507835420483474
20.877677953873924, 63.51320890391522
20.925343885275463, 63.51858238734696
20.973009816677, 63.5239558707787
21.02067574807854, 63.52932935421044
21.068341679480078, 63.53470283764218
21.116007610881617, 63.540076321073926
21.163673542283156, 63.545449804505665
21.211339473684692, 63.550823287937405
21.25900540508623, 63.556196771369144
21.30667133648777, 63.561570254800884
21.35433726788931, 63.56694373823263
21.40200319929085, 63.57231722166437
21.44966913069239, 63.57769070509611
21.497335062093924, 63.58306418852785
21.545000993495464, 63.58843767195959
21.592666924897003, 63.593811155391336
21.640332856298542, 63.599184638823075
21.68799878770008, 63.604558122254815
21.735664719101617, 63.609931605686555
21.783330650503157, 63.615305089118294
21.830996581904696, 63.620678572550034
21.878662513306235, 63.62605205598178
21.926328444707774, 63.63142553941352
21.97399437610931, 63.63679902284526
22.02166030751085, 63.642172506277
22.06932623891239, 63.64754598970874
22.116992170313928, 63.652919473140486
22.164658101715467, 63.658292956572225
22.212324033117007, 63.663666440003965
22.259989964518542, 63.669039923435705
22.30765589592008, 63.674413406867444
22.35532182732162, 63.67978689029919
22.40298775872316, 63.68516037373093
22.4506536901247, 63.69053385716267
22.498319621526235, 63.69590734059441
22.545985552927775, 63.70128082402615
22.593651484329314, 63.706654307457896
22.641317415730853, 63.712027790889636
22.688983347132393, 63.717401274321375
22.73664927853393, 63.722774757753115
22.784315209935468, 63.728148241184854
22.831981141337007, 63.7335217246166
22.879647072738546, 63.73889520804834
22.927313004140085, 63.74426869148008
22.974978935541625, 63.74964217491182
23.02264486694316, 63.75501565834356
23.0703107983447, 63.760389141775306
23.11797672974624, 63.765762625207046
23.16564266114778, 63.771136108638785
23.213308592549318, 63.776509592070525
23.260974523950853, 63.781883075502265
23.308640455352393, 63.787256558934004
23.356306386753932, 63.79263004236575
23.40397231815547, 63.79800352579749
23.45163824955701, 63.80337700922923
23.49930418095855, 63.80875049266097
23.546970112360086, 63.81412397609271
23.594636043761625, 63.819497459524456
23.642301975163164, 63.824870942956196
23.689967906564704, 63.830244426387935
23.737633837966243, 63.835617909819675
23.78529976936778, 63.840991393251414
23.832965700769318, 63.84636487668316
23.880631632170857, 63.8517383601149
23.928297563572396, 63.85711184354664
23.975963494973936, 63.86248532697838
24.02362942637547, 63.86785881041012
24.07129535777701, 63.873232293841866
24.11896128917855, 63.878605777273606
24.16662722058009, 63.883979260705345
24.21429315198163, 63.889352744137085
24.261959083383168, 63.894726227568825
24.309625014784704, 63.900099711000564
24.357290946186243, 63.90547319443231
24.404956877587782, 63.91084667786405
24.45262280898932, 63.91622016129579
24.50028874039086, 63.92159364472753
24.547954671792397, 63.92696712815927
24.595620603193936, 63.932340611591016
24.643286534595475, 63.937714095022756
24.690952465997015, 63.943087578454495
24.738618397398554, 63.948461061886235
24.786284328800093, 63.953834545317974
24.83395026020163, 63.95920802874972
24.881616191603168, 63.96458151218146
24.929282123004707, 63.9699549956132
24.976948054406247, 63.97532847904494
25.024613985807786, 63.98070196247668
25.072279917209322, 63.986075445908426
25.11994584861086, 63.991448929340166
25.1676117800124, 63.996822412771905
25.21527771141394, 64.00219589620365
25.26294364281548, 64.00756937963538
25.310609574217015, 64.01294286306712
25.358275505618554, 64.01831634649886
25.405941437020093, 64.0236898299306
25.453607368421633, 64.02906331336236
25.501273299823172, 64.0344367967941
25.54893923122471, 64.03981028022584
25.596605162626247, 64.04518376365758
25.644271094027786, 64.05055724708932
25.691937025429326, 64.05593073052106
25.739602956830865, 64.0613042139528
25.787268888232404, 64.06667769738453
25.83493481963394, 64.07205118081627
25.88260075103548, 64.07742466424801
25.93026668243702, 64.08279814767977
25.977932613838558, 64.0881716311115
26.025598545240097, 64.09354511454325
26.073264476641636, 64.09891859797499
26.120930408043172, 64.10429208140673
26.16859633944471, 64.10966556483847
26.21626227084625, 64.1150390482702
26.26392820224779, 64.12041253170194
26.31159413364933, 64.12578601513368
26.359260065050865, 64.13115949856542
26.406925996452404, 64.13653298199716
26.454591927853944, 64.14190646542892
26.502257859255483, 64.14727994886066
26.549923790657022, 64.1526534322924
26.597589722058558, 64.15802691572414
26.645255653460097, 64.16340039915588
26.692921584861637, 64.16877388258762
26.740587516263176, 64.17414736601935
26.788253447664715, 64.1795208494511
26.835919379066254, 64.18489433288283
26.88358531046779, 64.19026781631457
26.93125124186933, 64.19564129974633
26.97891717327087, 64.20101478317807
27.026583104672408, 64.2063882666098
27.074249036073947, 64.21176175004155
27.121914967475483, 64.21713523347329
27.169580898877022, 64.22250871690503
27.21724683027856, 64.22788220033677
27.2649127616801, 64.2332556837685
27.31257869308164, 64.23862916720024
27.360244624483176, 64.24400265063198
27.407910555884715, 64.24937613406374
27.455576487286255, 64.25474961749548
27.503242418687794, 64.26012310092722
27.550908350089333, 64.26549658435896
27.598574281490873, 64.2708700677907
27.64624021289241, 64.27624355122244
27.693906144293948, 64.28161703465418
27.741572075695487, 64.28699051808591
27.789238007097026, 64.29236400151765
27.836903938498565, 64.2977374849494
27.8845698699001, 64.30311096838113
27.93223580130164, 64.30848445181289
27.97990173270318, 64.31385793524463
28.02756766410472, 64.31923141867637
28.07523359550626, 64.3246049021081
28.122899526907798, 64.32997838553985
28.170565458309333, 64.33535186897159
28.218231389710873, 64.34072535240333
28.265897321112412, 64.34609883583506
28.31356325251395, 64.3514723192668
28.36122918391549, 64.35684580269854
28.408895115317026, 64.3622192861303
28.456561046718566, 64.36759276956204
28.504226978120105, 64.37296625299378
28.551892909521644, 64.37833973642552
28.599558840923184, 64.38371321985726
28.64722477232472, 64.389086703289
28.69489070372626, 64.39446018672074
28.742556635127798, 64.39983367015247
28.790222566529337, 64.40520715358421
28.837888497930876, 64.41058063701595
28.885554429332416, 64.41595412044771
28.93322036073395, 64.42132760387945
28.98088629213549, 64.42670108731119
29.02855222353703, 64.43207457074293
29.07621815493857, 64.43744805417467
29.12388408634011, 64.4428215376064
29.171550017741644, 64.44819502103815
29.219215949143184, 64.45356850446989
29.266881880544723, 64.45894198790162
29.314547811946262, 64.46431547133336
29.3622137433478, 64.4696889547651
29.40987967474934, 64.47506243819686
29.457545606150877, 64.4804359216286
29.505211537552416, 64.48580940506034
29.552877468953955, 64.49118288849208
29.600543400355495, 64.49655637192382
29.648209331757034, 64.50192985535556
29.69587526315857, 64.5073033387873
29.74354119456011, 64.51267682221903
29.791207125961648, 64.51805030565077
29.838873057363188, 64.52342378908251
29.886538988764727, 64.52879727251427
29.934204920166263, 64.53417075594601
29.981870851567802, 64.53954423937775
30.02953678296934, 64.54491772280949
30.07720271437088, 64.55029120624123
30.12486864577242, 64.55566468967297
30.17253457717396, 64.5610381731047
30.220200508575495, 64.56641165653645
30.267866439977034, 64.57178513996818
30.315532371378573, 64.57715862339992
30.363198302780113, 64.58253210683168
30.410864234181652, 64.58790559026342
30.458530165583188, 64.59327907369516
30.506196096984727, 64.5986525571269
30.553862028386266, 64.60402604055864
30.601527959787806, 64.60939952399038
30.649193891189345, 64.61477300742212
30.696859822590884, 64.62014649085386
30.74452575399242, 64.6255199742856
30.79219168539396, 64.63089345771733
30.8398576167955, 64.63626694114907
30.887523548197038, 64.64164042458083
30.935189479598577, 64.64701390801257
30.982855411000113, 64.65238739144431
31.030521342401652, 64.65776087487605
31.07818727380319, 64.66313435830779
31.12585320520473, 64.66850784173953
31.17351913660627, 64.67388132517127
31.221185068007806, 64.679254808603
31.268850999409345, 64.68462829203474
31.316516930810884, 64.69000177546648
31.364182862212424, 64.69537525889824
31.411848793613963, 64.70074874232998
31.459514725015502, 64.70612222576172
31.507180656417038, 64.71149570919346
31.554846587818577, 64.7168691926252
31.602512519220117, 64.72224267605694
31.650178450621656, 64.72761615948868
31.697844382023195, 64.73298964292042
31.74551031342473, 64.73836312635216
31.79317624482627, 64.7437366097839
31.84084217622781, 64.74911009321565
31.88850810762935, 64.75448357664739
31.936174039030888, 64.75985706007913
31.983839970432424, 64.76523054351087
32.03150590183397, 64.7706040269426
32.079171833235506, 64.77597751037435
32.12683776463704, 64.78135099380609
32.17450369603858, 64.78672447723783
32.22216962744012, 64.79209796066957
32.269835558841656, 64.7974714441013
32.317501490243195, 64.80284492753304
32.365167421644735, 64.8082184109648
32.412833353046274, 64.81359189439654
32.46049928444781, 64.81896537782828
32.50816521584935, 64.82433886126002
32.55583114725089, 64.82971234469176
32.60349707865243, 64.8350858281235
32.65116301005396, 64.84045931155524
32.6988289414555, 64.84583279498698
32.74649487285704, 64.85120627841872
32.79416080425858, 64.85657976185045
32.84182673566012, 64.86195324528221
32.88949266706166, 64.86732672871395
32.9371585984632, 64.87270021214569
32.98482452986474, 64.87807369557743
33.03249046126628, 64.88344717900917
33.08015639266782, 64.8888206624409
33.127822324069356, 64.89419414587265
33.17548825547089, 64.89956762930439
33.22315418687243, 64.90494111273613
33.27082011827397, 64.91031459616786
33.318486049675506, 64.91568807959962
33.366151981077046, 64.92106156303136
33.413817912478585, 64.9264350464631
33.461483843880124, 64.93180852989484
33.509149775281664, 64.93718201332658
33.5568157066832, 64.94255549675832
33.60448163808474, 64.94792898019006
33.65214756948628, 64.9533024636218
33.699813500887814, 64.95867594705354
33.74747943228935, 64.96404943048528
33.79514536369089, 64.96942291391701
33.84281129509243, 64.97479639734877
33.89047722649397, 64.98016988078051
33.93814315789551, 64.98554336421225
33.98580908929705, 64.99091684764399
34.03347502069859, 64.99629033107573
34.08114095210013, 65.00166381450747
34.12880688350167, 65.0070372979392
34.1764728149032, 65.01241078137095
34.22413874630474, 65.01778426480269
34.27180467770628, 65.02315774823442
34.31947060910782, 65.02853123166618
34.36713654050936, 65.03390471509792
34.414802471910896, 65.03927819852966
34.462468403312435, 65.0446516819614
34.510134334713975, 65.05002516539314
34.557800266115514, 65.05539864882488
34.60546619751705, 65.06077213225662
34.65313212891859, 65.06614561568836
34.700798060320125, 65.0715190991201
34.748463991721664, 65.07689258255184
34.7961299231232, 65.08226606598359
34.84379585452474, 65.08763954941533
34.89146178592628, 65.09301303284707
34.93912771732782, 65.09838651627881
34.98679364872936, 65.10375999971055
35.0344595801309, 65.10913348314229
35.08212551153244, 65.11450696657403
35.12979144293398, 65.11988045000577
35.17745737433552, 65.1252539334375
35.22512330573705, 65.13062741686925
35.27278923713859, 65.13600090030098
35.32045516854013, 65.14137438373274
35.36812109994167, 65.14674786716448
35.41578703134321, 65.15212135059622
35.463452962744746, 65.15749483402796
35.511118894146286, 65.1628683174597
35.558784825547825, 65.16824180089144
35.606450756949364, 65.17361528432318
35.6541166883509, 65.17898876775492
35.70178261975244, 65.18436225118666
35.749448551153975, 65.1897357346184
35.797114482555514, 65.19510921805013
35.844780413957054, 65.20048270148189
35.89244634535859, 65.20585618491363
35.94011227676013, 65.06169065856311
35.98777820816167, 64.91632862013437
36.03544413956321, 64.77096658170564
36.08311007096475, 64.6256045432769
36.13077600236629, 64.48024250484816
36.17844193376783, 64.33488046641943
36.22610786516936, 64.18951842799072
36.2737737965709, 64.04415638956199
36.32143972797244, 63.89879435113325
36.36910565937398, 63.75343231270452
36.41677159077552, 63.60807027427578
36.46443752217706, 63.462708235847046
36.5121034535786, 63.31734619741831
36.559769384980136, 63.171984158989574
36.607435316381675, 63.026622120560845
36.655101247783215, 62.88126008213211
36.702767179184754, 62.73589804370337
36.750433110586286, 62.59053600527466
36.798099041987825, 62.44517396684593
36.845764973389365, 62.29981192841719
36.893430904790904, 62.154449889988456
36.94109683619244, 62.00908785155972
36.98876276759398, 61.86372581313099
37.03642869899552, 61.718363774702254
37.08409463039706, 61.57300173627352
37.1317605617986, 61.42763969784478
37.17942649320014, 61.28227765941605
37.22709242460168, 61.13691562098732
37.27475835600321, 60.9915535825586
37.32242428740475, 60.846191544129866
37.37009021880629, 60.70082950570114
37.41775615020783, 60.5554674672724
37.46542208160937, 60.410105428843664
37.51308801301091, 60.26474339041493
37.56075394441245, 60.11938135198619
37.608419875813986, 59.97401931355746
37.656085807215526, 59.82865727512873
37.703751738617065, 59.68329523669999
37.751417670018604, 59.53793319827126
37.799083601420136, 59.39257115984255
37.846749532821676, 59.24720912141381
37.894415464223215, 59.101847082985074
37.942081395624754, 58.956485044556345
37.98974732702629, 58.81112300612761
38.03741325842783, 58.66576096769887
38.08507918982937, 58.52039892927014
38.13274512123091, 58.3750368908414
38.18041105263245, 58.22967485241267
38.22807698403399, 58.084312813983935
38.27574291543553, 57.9389507755552
38.32340884683706, 57.793588737126484
38.3710747782386, 57.648226698697755
38.41874070964014, 57.50286466026902
38.46640664104168, 57.35750262184028
38.51407257244322, 57.212140583411546
38.56173850384476, 57.06677854498281
38.6094044352463, 56.92141650655408
38.65707036664784, 56.776054468125345
38.704736298049376, 56.63069242969661
38.752402229450915, 56.48533039126788
38.80006816085245, 56.339968352839165
38.84773409225399, 56.19460631441043
38.895400023655526, 56.04924427598169
38.943065955057065, 55.90388223755296
38.990731886458605, 55.75852019912423
39.038397817860144, 55.61315816069549
39.08606374926168, 55.467796122266755
39.13372968066322, 55.32243408383802
39.18139561206476, 55.17707204540929
39.2290615434663, 55.03171000698055
39.27672747486784, 54.88634796855182
39.32439340626937, 54.7409859301231
39.37205933767091, 54.59562389169437
39.41972526907245, 54.45026185326564
39.46739120047399, 54.3048998148369
39.51505713187553, 54.159537776408165
39.56272306327707, 54.01417573797943
39.61038899467861, 53.8688136995507
39.65805492608015, 53.72345166112196
39.70572085748169, 53.57808962269323
39.753386788883226, 53.4327275842645
39.801052720284765, 53.28736554583576
39.8487186516863, 53.14200350740705
39.89638458308784, 52.99664146897831
39.944050514489376, 52.85127943054958
39.991716445890916, 52.705917392120845
40.039382377292455, 52.56055535369211
40.087048308693994, 52.41519331526337
40.13471424009553, 52.26983127683464
40.18238017149707, 52.12446923840591
40.23004610289861, 51.97910719997717
40.27771203430015, 51.833745161548435
40.32537796570169, 51.6883831231197
40.37304389710322, 51.54302108469099
40.42070982850476, 51.397659046262255
40.4683757599063, 51.25229700783352
40.51604169130784, 51.10693496940478
40.56370762270938, 50.96157293097605
40.61137355411092, 50.81621089254732
40.65903948551246, 50.67084885411858
40.706705416914, 50.525486815689845
40.75437134831554, 50.380124777261116
40.80203727971708, 50.23476273883238
40.84970321111861, 50.089400700403665
40.89736914252015, 49.94403866197493
40.94503507392169, 49.7986766235462
40.99270100532323, 49.653314585117464
41.040366936724766, 49.50795254668873
41.088032868126305, 49.36259050825999
41.135698799527844, 49.217228469831255
41.183364730929384, 49.071866431402526
41.23103066233092, 48.92650439297379
41.27869659373246, 48.781142354545054
41.326362525134, 48.635780316116325
41.374028456535534, 48.49041827768761
41.42169438793707, 48.345056239258874
41.46936031933861, 48.19969420083014
41.51702625074015, 48.05433216240141
41.56469218214169, 47.908970123972665
41.61235811354323, 47.763608085543936
41.66002404494477, 47.6182460471152
41.70768997634631, 47.472884008686464
41.75535590774785, 47.327521970257735
41.80302183914939, 47.182159931829
41.85068777055093, 47.03679789340026
41.89835370195246, 46.89143585497155
41.946019633354, 46.74607381654282
41.99368556475554, 46.60071177811408
42.04135149615708, 46.455349739685346
42.089017427558616, 46.30998770125661
42.136683358960155, 46.16462566282787
42.184349290361695, 46.019263624399144
42.232015221763234, 45.87390158597041
42.27968115316477, 45.72853954754167
42.32734708456631, 45.58317750911294
42.37501301596785, 45.4378154706842
42.422678947369384, 45.29245343225549
42.47034487877092, 45.147091393826756
42.51801081017246, 45.00172935539803
42.565676741574, 44.85636731696928
42.61334267297554, 44.711005278540554
42.66100860437708, 44.56564324011182
42.70867453577862, 44.42028120168308
42.75634046718016, 44.27491916325435
42.8040063985817, 44.12955712482562
42.85167232998324, 43.98419508639688
42.89933826138478, 43.83883304796815
42.94700419278631, 43.69347100953944
42.99467012418785, 43.5481089711107
43.04233605558939, 43.402746932681964
43.09000198699093, 43.257384894253235
43.13766791839247, 43.11202285582449
43.185333849794006, 42.96666081739576
43.232999781195545, 42.82129877896703
43.280665712597084, 42.67593674053829
43.328331643998624, 42.53057470210956
43.37599757540016, 42.38521266368082
43.423663506801695, 42.23985062525211
43.471329438203234, 42.094488586823374
43.518995369604774, 41.949126548394645
43.56666130100631, 41.8037645099659
43.61432723240785, 41.65840247153717
43.66199316380939, 41.513040433108436
43.70965909521093, 41.3676783946797
43.75732502661247, 41.22231635625097
43.80499095801401, 41.076954317822235
43.85265688941555, 40.9315922793935
43.90032282081709, 40.78623024096477
43.94798875221862, 40.640868202536055
43.99565468362016, 40.49550616410732
44.0433206150217, 40.35014412567858
44.09098654642324, 40.20478208724985
44.13865247782478, 40.05942004882111
44.18631840922632, 39.91405801039238
44.233984340627856, 39.768695971963645
44.281650272029395, 39.62333393353491
44.329316203430935, 39.47797189510618
44.376982134832474, 39.332609856677436
44.42464806623401, 39.18724781824871
44.472313997635545, 39.04188577981999
44.519979929037085, 38.89652374139126
44.567645860438624, 38.75116170296252
44.61531179184016, 38.60579966453379
44.6629777232417, 38.460437626105055
44.71064365464324, 38.31507558767632
44.75830958604478, 38.16971354924759
44.80597551744632, 38.02435151081885
44.85364144884786, 37.87898947239012
44.9013073802494, 37.73362743396139
44.94897331165094, 37.588265395532645
44.99663924305247, 37.44290335710394
45.04430517445401, 37.2975413186752
45.09197110585555, 37.15217928024647
45.13963703725709, 37.00681724181773
45.18730296865863, 36.861455203389
45.23496890006017, 36.71609316496026
45.282634831461706, 36.57073112653153
45.330300762863246, 36.4253690881028
45.377966694264785, 36.280007049674055
45.425632625666324, 36.134645011245325
45.47329855706786, 35.98928297281661
45.520964488469396, 35.84392093438788
45.568630419870935, 35.69855889595914
45.616296351272474, 35.55319685753041
45.663962282674014, 35.40783481910167
45.71162821407555, 35.26247278067294
45.75929414547709, 35.11711074224421
45.80696007687863, 34.97174870381547
45.85462600828017, 34.826386665386735
45.90229193968171, 34.681024626958006
45.94995787108325, 34.53566258852926
45.99762380248478, 34.390300550100555
46.04528973388632, 34.24493851167182
46.09295566528786, 34.09957647324309
46.1406215966894, 33.95421443481435
46.18828752809094, 33.80885239638562
46.23595345949248, 33.66349035795688
46.28361939089402, 33.518128319528145
46.33128532229556, 33.372766281099416
46.378951253697096, 33.22740424267067
46.426617185098635, 33.082042204241944
46.474283116500175, 32.93668016581321
46.52194904790171, 32.79131812738449
46.569614979303246, 32.645956088955764
46.617280910704785, 32.50059405052703
46.664946842106325, 32.35523201209829
46.712612773507864, 32.209869973669555
46.7602787049094, 32.064507935240826
46.80794463631094, 31.91914589681209
46.85561056771248, 31.773783858383354
46.90327649911402, 31.628421819954617
46.95094243051556, 31.48305978152589
46.9986083619171, 31.337697743097152
47.04627429331863, 31.192335704668437
47.09394022472017, 31.0469736662397
47.14160615612171, 30.901611627810972
47.18927208752325, 30.756249589382236
47.23693801892479, 30.6108875509535
47.28460395032633, 30.465525512524763
47.33226988172787, 30.320163474096034
47.37993581312941, 30.174801435667298
47.427601744530946, 30.029439397238562
47.475267675932486, 29.884077358809826
47.522933607334025, 29.73871532038109
47.57059953873556, 29.593353281952382
47.618265470137096, 29.447991243523646
