Parameters: [54.24396411532959, 15.53284786296841, 13.500531256991863, 44.65256084837099, 3.525422193013202, 0.002807736336650768, -3.0341703853582764]
Points:
0.0, 15.53284786296841
0.054298262377707296, 15.724272162196833
0.10859652475541459, 15.915696461425256
0.1628947871331219, 16.10712076065368
0.21719304951082918, 16.298545059882102
0.2714913118885365, 16.489969359110525
0.3257895742662438, 16.681393658338948
0.38008783664395107, 16.87281795756737
0.43438609902165837, 17.064242256795794
0.48868436139936566, 17.255666556024217
0.542982623777073, 17.44709085525264
0.5972808861547803, 17.638515154481063
0.6515791485324876, 17.829939453709486
0.7058774109101948, 18.02136375293791
0.7601756732879021, 18.21278805216633
0.8144739356656094, 18.404212351394758
0.8687721980433167, 18.59563665062318
0.923070460421024, 18.787060949851604
0.9773687227987313, 18.978485249080027
1.0316669851764386, 19.16990954830845
1.085965247554146, 19.361333847536873
1.1402635099318532, 19.552758146765296
1.1945617723095605, 19.74418244599372
1.2488600346872678, 19.93560674522214
1.303158297064975, 20.127031044450565
1.3574565594426824, 20.318455343678988
1.4117548218203897, 20.50987964290741
1.466053084198097, 20.701303942135834
1.5203513465758043, 20.892728241364257
1.5746496089535116, 21.08415254059268
1.6289478713312189, 21.275576839821102
1.6832461337089262, 21.467001139049525
1.7375443960866335, 21.65842543827795
1.7918426584643408, 21.84984973750637
1.846140920842048, 22.041274036734794
1.9004391832197554, 22.232698335963217
1.9547374455974627, 22.424122635191644
2.00903570797517, 22.615546934420067
2.0633339703528772, 22.80697123364849
2.1176322327305845, 22.998395532876913
2.171930495108292, 23.189819832105336
2.226228757485999, 23.38124413133376
2.2805270198637064, 23.57266843056218
2.3348252822414137, 23.764092729790605
2.389123544619121, 23.955517029019028
2.4434218069968283, 24.14694132824745
2.4977200693745356, 24.338365627475874
2.552018331752243, 24.529789926704296
2.60631659412995, 24.72121422593272
2.6606148565076575, 24.912638525161142
2.714913118885365, 25.104062824389565
2.769211381263072, 25.29548712361799
2.8235096436407794, 25.48691142284641
2.8778079060184867, 25.678335722074834
2.932106168396194, 25.869760021303257
2.9864044307739013, 26.06118432053168
3.0407026931516086, 26.252608619760103
3.095000955529316, 26.444032918988526
3.149299217907023, 26.63545721821695
3.2035974802847305, 26.826881517445372
3.2578957426624378, 27.018305816673795
3.312194005040145, 27.209730115902218
3.3664922674178523, 27.40115441513064
3.4207905297955596, 27.592578714359064
3.475088792173267, 27.784003013587487
3.5293870545509742, 27.97542731281591
3.5836853169286815, 28.166851612044333
3.637983579306389, 28.358275911272756
3.692281841684096, 28.54970021050118
3.7465801040618034, 28.7411245097296
3.8008783664395107, 28.932548808958025
3.855176628817218, 29.123973108186448
3.9094748911949253, 29.315397407414874
3.9637731535726326, 29.506821706643297
4.01807141595034, 29.69824600587172
4.072369678328047, 29.889670305100143
4.1266679407057545, 30.081094604328566
4.180966203083462, 30.27251890355699
4.235264465461169, 30.463943202785412
4.289562727838876, 30.655367502013835
4.343860990216584, 30.846791801242258
4.398159252594291, 31.03821610047068
4.452457514971998, 31.229640399699104
4.506755777349706, 31.421064698927527
4.561054039727413, 31.61248899815595
4.61535230210512, 31.803913297384373
4.6696505644828274, 31.995337596612796
4.723948826860535, 32.186761895841215
4.778247089238242, 32.378186195069645
4.832545351615949, 32.56961049429806
4.886843613993657, 32.76103479352649
4.941141876371364, 32.95245909275491
4.995440138749071, 33.14388339198334
5.0497384011267785, 33.33530769121176
5.104036663504486, 33.52673199044018
5.158334925882193, 33.718156289668606
5.2126331882599, 33.90958058889703
5.266931450637608, 34.10100488812545
5.321229713015315, 34.292429187353875
5.375527975393022, 34.4838534865823
5.42982623777073, 34.67527778581072
5.484124500148437, 34.866702085039144
5.538422762526144, 35.05812638426757
5.5927210249038515, 35.24955068349599
5.647019287281559, 35.44097498272441
5.701317549659266, 35.632399281952836
5.755615812036973, 35.82382358118126
5.809914074414681, 36.01524788040968
5.864212336792388, 36.206672179638105
5.918510599170095, 36.39809647886653
5.9728088615478026, 36.58952077809495
6.02710712392551, 36.78094507732337
6.081405386303217, 36.9723693765518
6.135703648680924, 37.16379367578022
6.190001911058632, 37.35521797500864
6.244300173436339, 37.546642274237065
6.298598435814046, 37.73806657346549
6.352896698191754, 37.92949087269391
6.407194960569461, 38.120915171922334
6.461493222947168, 38.312339471150764
6.5157914853248755, 38.50376377037918
6.570089747702583, 38.69518806960761
6.62438801008029, 38.886612368836026
6.678686272457997, 39.078036668064456
6.732984534835705, 39.26946096729287
6.787282797213412, 39.4608852665213
6.841581059591119, 39.65230956574972
6.895879321968827, 39.84373386497815
6.950177584346534, 40.035158164206564
7.004475846724241, 40.226582463434994
7.0587741091019485, 40.41800676266341
7.113072371479656, 40.60943106189184
7.167370633857363, 40.800855361120256
7.22166889623507, 40.992279660348686
7.275967158612778, 41.1837039595771
7.330265420990485, 41.37512825880553
7.384563683368192, 41.56655255803395
7.4388619457458995, 41.75797685726238
7.493160208123607, 41.949401156490794
7.547458470501314, 42.140825455719224
7.601756732879021, 42.33224975494764
7.656054995256729, 42.52367405417607
7.710353257634436, 42.715098353404485
7.764651520012143, 42.906522652632916
7.818949782389851, 43.09794695186134
7.873248044767558, 43.28937125108976
7.927546307145265, 43.480795550318184
7.9818445695229725, 43.67221984954661
8.03614283190068, 43.86364414877503
8.090441094278386, 44.05506844800345
8.144739356656094, 44.246492747231876
8.199037619033803, 44.4379170464603
8.253335881411509, 44.62934134568872
8.307634143789215, 44.820765644917145
8.361932406166924, 45.01218994414557
8.416230668544632, 45.20361424337399
8.470528930922338, 45.395038542602414
8.524827193300045, 45.58646284183084
8.579125455677753, 45.77788714105926
8.633423718055461, 45.96931144028768
8.687721980433167, 46.160735739516106
8.742020242810874, 46.35216003874453
8.796318505188582, 46.54358433797295
8.85061676756629, 46.735008637201375
8.904915029943997, 46.9264329364298
8.959213292321703, 47.11785723565822
9.013511554699411, 47.309281534886644
9.06780981707712, 47.50070583411507
9.122108079454826, 47.69213013334349
9.176406341832532, 47.88355443257191
9.23070460421024, 48.074978731800336
9.285002866587948, 48.266403031028766
9.339301128965655, 48.45782733025718
9.393599391343361, 48.649251629485605
9.44789765372107, 48.84067592871403
9.502195916098778, 49.03210022794246
9.556494178476484, 49.22352452717087
9.61079244085419, 49.414948826399296
9.665090703231899, 49.60637312562772
9.719388965609607, 49.79779742485615
9.773687227987313, 49.989221724084565
9.82798549036502, 50.18064602331299
9.882283752742728, 50.37207032254141
9.936582015120436, 50.56349462176984
9.990880277498142, 50.754918920998264
10.045178539875849, 50.94634322022668
10.099476802253557, 51.13776751945511
10.153775064631265, 51.32919181868353
10.208073327008972, 51.520616117911956
10.262371589386678, 51.71204041714037
10.316669851764386, 51.9034647163688
10.370968114142094, 52.094889015597225
10.4252663765198, 52.28631331482565
10.479564638897507, 52.477737614054064
10.533862901275215, 52.669161913282494
10.588161163652924, 52.86058621251092
10.64245942603063, 53.05201051173934
10.696757688408336, 53.243434810967756
10.751055950786045, 53.434859110196186
10.805354213163753, 53.62628340942461
10.85965247554146, 53.81770770865303
10.913950737919166, 54.00913200788145
10.968249000296874, 54.20055630710988
11.022547262674582, 54.3919806063383
11.076845525052288, 54.583404905566724
11.131143787429995, 54.77482920479514
11.185442049807703, 54.96625350402357
11.239740312185411, 55.15767780325199
11.294038574563118, 55.349102102480416
11.348336836940824, 55.54052640170884
11.402635099318532, 55.73195070093726
11.45693336169624, 55.923375000165684
11.511231624073947, 56.11479929939411
11.565529886451653, 56.30622359862253
11.619828148829361, 56.49764789785095
11.67412641120707, 56.68907219707938
11.728424673584776, 56.8804964963078
11.782722935962482, 57.07192079553622
11.83702119834019, 57.263345094764645
11.891319460717899, 57.454769393993075
11.945617723095605, 57.64619369322149
11.999915985473312, 57.837617992449914
12.05421424785102, 58.02904229167834
12.108512510228728, 58.22046659090677
12.162810772606434, 58.41189089013518
12.21710903498414, 58.603315189363606
12.271407297361849, 58.79473948859203
12.325705559739557, 58.98616378782046
12.380003822117263, 59.177588087048875
12.43430208449497, 59.3690123862773
12.488600346872678, 59.56043668550572
12.542898609250386, 59.75186098473415
12.597196871628093, 59.94328528396257
12.651495134005799, 60.13470958319099
12.705793396383507, 60.32613388241941
12.760091658761215, 60.51755818164784
12.814389921138922, 60.708982480876266
12.868688183516628, 60.90040678010468
12.922986445894336, 61.09183107933311
12.977284708272045, 61.283255378561535
13.031582970649751, 61.47467967778996
13.085881233027457, 61.66610397701837
13.140179495405166, 61.8575282762468
13.194477757782874, 62.04895257547523
13.24877602016058, 62.24037687470365
13.303074282538287, 62.431801173932065
13.357372544915995, 62.623225473160495
13.411670807293703, 62.81464977238892
13.46596906967141, 63.00607407161734
13.520267332049116, 63.12797578753103
13.574565594426824, 63.12812824273532
13.628863856804532, 63.12828069793962
13.683162119182239, 63.12843315314392
13.737460381559945, 63.12858560834821
13.791758643937653, 63.128738063552504
13.846056906315361, 63.1288905187568
13.900355168693068, 63.12904297396109
13.954653431070774, 63.129195429165385
14.008951693448482, 63.129347884369686
14.06324995582619, 63.12950033957398
14.117548218203897, 63.12965279477827
14.171846480581603, 63.12980524998257
14.226144742959312, 63.12995770518686
14.28044300533702, 63.130110160391155
14.334741267714726, 63.130262615595456
14.389039530092433, 63.13041507079975
14.44333779247014, 63.13056752600404
14.497636054847849, 63.13071998120834
14.551934317225555, 63.13087243641263
14.606232579603262, 63.131024891616924
14.66053084198097, 63.131177346821225
14.714829104358678, 63.13132980202552
14.769127366736384, 63.13148225722981
14.823425629114091, 63.131634712434106
14.877723891491799, 63.1317871676384
14.932022153869507, 63.131939622842694
14.986320416247214, 63.132092078046995
15.04061867862492, 63.13224453325129
15.094916941002628, 63.13239698845558
15.149215203380336, 63.132549443659876
15.203513465758043, 63.13270189886417
15.25781172813575, 63.13285435406846
15.312109990513457, 63.133006809272764
15.366408252891166, 63.13315926447706
15.420706515268872, 63.13331171968135
15.475004777646578, 63.133464174885646
15.529303040024287, 63.13361663008994
15.583601302401995, 63.13376908529423
15.637899564779701, 63.13392154049853
15.692197827157408, 63.13407399570283
15.746496089535116, 63.13422645090712
15.800794351912824, 63.134378906111415
15.85509261429053, 63.13453136131571
15.909390876668237, 63.13468381652
15.963689139045945, 63.134836271724296
16.017987401423653, 63.1349887269286
16.07228566380136, 63.13514118213289
16.126583926179066, 63.135293637337185
16.180882188556772, 63.13544609254148
16.235180450934482, 63.13559854774577
16.28947871331219, 63.135751002950066
16.343776975689895, 63.13590345815437
16.398075238067605, 63.13605591335866
16.45237350044531, 63.136208368562954
16.506671762823018, 63.13636082376725
16.560970025200724, 63.13651327897154
16.61526828757843, 63.136665734175835
16.66956654995614, 63.136818189380136
16.723864812333847, 63.13697064458443
16.778163074711554, 63.137123099788724
16.832461337089264, 63.13727555499302
16.88675959946697, 63.13742801019731
16.941057861844676, 63.137580465401605
16.995356124222383, 63.1377329206059
17.04965438660009, 63.1378853758102
17.1039526489778, 63.13803783101449
17.158250911355506, 63.13819028621879
17.212549173733212, 63.13834274142308
17.266847436110922, 63.138495196627375
17.32114569848863, 63.13864765183167
17.375443960866335, 63.13880010703597
17.42974222324404, 63.13895256224026
17.484040485621748, 63.13910501744456
17.538338747999457, 63.13925747264885
17.592637010377164, 63.139409927853144
17.64693527275487, 63.13956238305744
17.70123353513258, 63.13971483826174
17.755531797510287, 63.13986729346603
17.809830059887993, 63.140019748670326
17.8641283222657, 63.14017220387462
17.918426584643406, 63.140324659078914
17.972724847021116, 63.14047711428321
18.027023109398822, 63.14062956948751
18.08132137177653, 63.1407820246918
18.13561963415424, 63.140934479896096
18.189917896531945, 63.14108693510039
18.24421615890965, 63.14123939030468
18.298514421287358, 63.14139184550898
18.352812683665064, 63.14154430071328
18.407110946042774, 63.14169675591757
18.46140920842048, 63.141849211121865
18.515707470798187, 63.14200166632616
18.570005733175897, 63.14215412153045
18.624303995553603, 63.14230657673475
18.67860225793131, 63.14245903193904
18.732900520309016, 63.14261148714334
18.787198782686723, 63.142763942347635
18.841497045064433, 63.14291639755193
18.89579530744214, 63.14306885275622
18.950093569819845, 63.143221307960516
19.004391832197555, 63.14337376316481
19.05869009457526, 63.14352621836911
19.112988356952968, 63.143678673573405
19.167286619330675, 63.1438311287777
19.22158488170838, 63.14398358398199
19.27588314408609, 63.144136039186286
19.330181406463797, 63.14428849439058
19.384479668841504, 63.14444094959488
19.438777931219214, 63.144593404799174
19.49307619359692, 63.14474586000347
19.547374455974627, 63.14489831520776
19.601672718352333, 63.145050770412055
19.65597098073004, 63.14520322561635
19.71026924310775, 63.14535568082065
19.764567505485456, 63.145508136024944
19.818865767863162, 63.14566059122924
19.873164030240872, 63.14581304643353
19.92746229261858, 63.145965501637825
19.981760554996285, 63.14611795684212
20.03605881737399, 63.14627041204641
20.090357079751698, 63.14642286725071
20.144655342129408, 63.14657532245501
20.198953604507114, 63.1467277776593
20.25325186688482, 63.146880232863595
20.30755012926253, 63.14703268806789
20.361848391640237, 63.14718514327218
20.416146654017943, 63.14733759847648
20.47044491639565, 63.14749005368078
20.524743178773356, 63.14764250888507
20.579041441151066, 63.147794964089364
20.633339703528772, 63.14794741929366
20.68763796590648, 63.14809987449795
20.74193622828419, 63.14825232970225
20.796234490661895, 63.148404784906546
20.8505327530396, 63.14855724011084
20.904831015417308, 63.148709695315134
20.959129277795014, 63.14886215051943
21.013427540172724, 63.14901460572372
21.06772580255043, 63.14916706092802
21.122024064928137, 63.149319516132316
21.176322327305847, 63.14947197133661
21.230620589683554, 63.1496244265409
21.28491885206126, 63.1497768817452
21.339217114438966, 63.14992933694949
21.393515376816673, 63.15008179215379
21.447813639194383, 63.150234247358085
21.50211190157209, 63.15038670256238
21.556410163949796, 63.15053915776667
21.610708426327506, 63.15069161297097
21.665006688705212, 63.15084406817526
21.71930495108292, 63.150996523379554
21.773603213460625, 63.151148978583855
21.82790147583833, 63.15130143378815
21.88219973821604, 63.15145388899244
21.936498000593748, 63.151606344196736
21.990796262971454, 63.15175879940103
22.045094525349164, 63.151911254605324
22.09939278772687, 63.152063709809624
22.153691050104577, 63.15221616501392
22.207989312482283, 63.15236862021821
22.26228757485999, 63.152521075422506
22.3165858372377, 63.1526735306268
22.370884099615406, 63.15282598583109
22.425182361993112, 63.152978441035394
22.479480624370822, 63.15313089623969
22.53377888674853, 63.15328335144398
22.588077149126235, 63.153435806648275
22.64237541150394, 63.15358826185257
22.696673673881648, 63.15374071705686
22.750971936259358, 63.153893172261164
22.805270198637064, 63.15404562746546
22.85956846101477, 63.15419808266975
22.91386672339248, 63.154350537874045
22.968164985770187, 63.15450299307834
23.022463248147893, 63.15465544828263
23.0767615105256, 63.154807903486926
23.131059772903306, 63.15496035869123
23.185358035281016, 63.15511281389552
23.239656297658723, 63.155265269099814
23.29395456003643, 63.15541772430411
23.34825282241414, 63.1555701795084
23.402551084791845, 63.155722634712696
23.456849347169552, 63.155875089917
23.51114760954726, 63.15602754512129
23.565445871924965, 63.156180000325584
23.619744134302675, 63.15633245552988
23.67404239668038, 63.15648491073417
23.728340659058087, 63.156637365938465
23.782638921435797, 63.156789821142766
23.836937183813504, 63.15694227634706
23.89123544619121, 63.157094731551354
23.945533708568917, 63.15724718675565
23.999831970946623, 63.15739964195994
24.054130233324333, 63.157552097164235
24.10842849570204, 63.157704552368536
24.162726758079746, 63.15785700757283
24.217025020457456, 63.15800946277712
24.271323282835162, 63.15816191798142
24.32562154521287, 63.15831437318571
24.379919807590575, 63.158466828390004
24.43421806996828, 63.158619283594305
24.48851633234599, 63.1587717387986
24.542814594723698, 63.15892419400289
24.597112857101404, 63.15907664920719
24.651411119479114, 63.15922910441148
24.70570938185682, 63.159381559615774
24.760007644234527, 63.15953401482007
24.814305906612233, 63.15968647002437
24.86860416898994, 63.15983892522866
24.92290243136765, 63.159991380432956
24.977200693745356, 63.16014383563725
25.031498956123063, 63.16029629084154
25.085797218500772, 63.16044874604584
25.14009548087848, 63.16060120125014
25.194393743256185, 63.16075365645443
25.24869200563389, 63.160906111658726
25.302990268011598, 63.16105856686302
25.357288530389308, 63.16121102206731
25.411586792767014, 63.16136347727161
25.46588505514472, 63.16151593247591
25.52018331752243, 63.1616683876802
25.574481579900137, 63.161820842884495
25.628779842277844, 63.16197329808879
25.68307810465555, 63.16212575329308
25.737376367033256, 63.162278208497376
25.791674629410966, 63.16243066370168
25.845972891788673, 63.16258311890597
25.90027115416638, 63.162735574110265
25.95456941654409, 63.16288802931456
26.008867678921796, 63.16304048451885
26.063165941299502, 63.163192939723146
26.11746420367721, 63.16334539492744
26.171762466054915, 63.16349785013174
26.226060728432625, 63.163650305336034
26.28035899081033, 63.16380276054033
26.334657253188038, 63.16395521574462
26.388955515565748, 63.164107670948916
26.443253777943454, 63.16426012615321
26.49755204032116, 63.16441258135751
26.551850302698867, 63.164565036561804
26.606148565076573, 63.1647174917661
26.660446827454283, 63.16486994697039
26.71474508983199, 63.165022402174685
26.769043352209696, 63.16517485737898
26.823341614587406, 63.16532731258328
26.877639876965112, 63.16547976778757
26.93193813934282, 63.16563222299187
26.986236401720525, 63.16578467819616
27.04053466409823, 63.165937133400455
27.09483292647594, 63.16608958860475
27.149131188853648, 63.16624204380905
27.203429451231354, 63.16639449901334
27.257727713609064, 63.16654695421764
27.31202597598677, 63.16669940942193
27.366324238364477, 63.166851864626224
27.420622500742184, 63.16700431983052
27.47492076311989, 63.16715677503481
27.5292190254976, 63.16730923023911
27.583517287875306, 63.167461685443406
27.637815550253013, 63.1676141406477
27.692113812630723, 63.167766595851994
27.74641207500843, 63.16791905105629
27.800710337386136, 63.16807150626058
27.855008599763842, 63.16822396146488
27.90930686214155, 63.168376416669176
27.96360512451926, 63.16852887187347
28.017903386896965, 63.16868132707776
28.07220164927467, 63.16883378228206
28.12649991165238, 63.16898623748635
28.180798174030087, 63.16913869269065
28.235096436407794, 63.169291147894945
28.2893946987855, 63.16944360309924
28.343692961163207, 63.16959605830353
28.397991223540917, 63.16974851350783
28.452289485918623, 63.16990096871212
28.50658774829633, 63.17005342391642
28.56088601067404, 63.170205879120715
28.615184273051746, 63.17035833432501
28.669482535429452, 63.1705107895293
28.72378079780716, 63.170663244733596
28.778079060184865, 63.17081569993789
28.832377322562575, 63.17096815514219
28.88667558494028, 63.171120610346485
28.940973847317988, 63.17127306555078
28.995272109695698, 63.17142552075507
29.049570372073404, 63.171577975959366
29.10386863445111, 63.17173043116366
29.158166896828817, 63.17188288636795
29.212465159206523, 63.172035341572254
29.266763421584233, 63.17218779677655
29.32106168396194, 63.17234025198084
29.375359946339646, 63.172492707185135
29.429658208717356, 63.17264516238943
29.483956471095063, 63.17279761759372
29.53825473347277, 63.172950072798024
29.592552995850475, 63.17310252800232
29.646851258228182, 63.17325498320661
29.70114952060589, 63.173407438410905
29.755447782983598, 63.1735598936152
29.809746045361305, 63.17371234881949
29.864044307739015, 63.17386480402379
29.91834257011672, 63.17401725922809
29.972640832494427, 63.17416971443238
30.026939094872134, 63.174322169636675
30.08123735724984, 63.17447462484097
30.13553561962755, 63.17462708004526
30.189833882005257, 63.17477953524956
30.244132144382963, 63.17493199045386
30.298430406760673, 63.17508444565815
30.35272866913838, 63.175236900862444
30.407026931516086, 63.17538935606674
30.461325193893792, 63.17554181127103
30.5156234562715, 63.175694266475325
30.56992171864921, 63.175846721679626
30.624219981026915, 63.17599917688392
30.67851824340462, 63.176151632088214
30.73281650578233, 63.17630408729251
30.787114768160038, 63.1764565424968
30.841413030537744, 63.176608997701095
30.89571129291545, 63.176761452905396
30.950009555293157, 63.17691390810969
31.004307817670867, 63.17706636331398
31.058606080048573, 63.17721881851828
31.11290434242628, 63.17737127372257
31.16720260480399, 63.177523728926865
31.221500867181696, 63.177676184131165
31.275799129559402, 63.17782863933546
31.33009739193711, 63.17798109453975
31.384395654314815, 63.17813354974405
31.438693916692525, 63.17828600494834
31.49299217907023, 63.178438460152634
31.547290441447938, 63.178590915356935
31.601588703825648, 63.17874337056123
31.655886966203354, 63.17889582576552
31.71018522858106, 63.179048280969816
31.764483490958767, 63.17920073617411
31.818781753336474, 63.179353191378404
31.873080015714184, 63.179505646582705
31.92737827809189, 63.179658101787
31.981676540469596, 63.17981055699129
32.035974802847306, 63.179963012195586
32.09027306522501, 63.18011546739988
32.14457132760272, 63.18026792260417
32.198869589980426, 63.18042037780847
32.25316785235813, 63.18057283301277
32.30746611473584, 63.18072528821706
32.361764377113545, 63.180877743421355
32.41606263949126, 63.18103019862565
32.470360901868965, 63.18118265382994
32.52465916424667, 63.18133510903424
32.57895742662438, 63.18148756423854
32.633255689002084, 63.18164001944283
32.68755395137979, 63.181792474647125
32.7418522137575, 63.18194492985142
32.79615047613521, 63.18209738505571
32.85044873851292, 63.182249840260006
32.90474700089062, 63.18240229546431
32.95904526326833, 63.1825547506686
33.013343525646036, 63.182707205872894
33.06764178802374, 63.18285966107719
33.12194005040145, 63.18301211628148
33.176238312779155, 63.183164571485776
33.23053657515686, 63.18331702669008
33.284834837534575, 63.18346948189437
33.33913309991228, 63.183621937098664
33.39343136228999, 63.18377439230296
33.447729624667694, 63.18392684750725
33.5020278870454, 63.184079302711545
33.55632614942311, 63.18423175791584
33.61062441180081, 63.18438421312014
33.66492267417853, 63.184536668324434
33.71922093655623, 63.18468912352873
33.77351919893394, 63.18484157873302
33.827817461311646, 63.184994033937315
33.88211572368935, 63.18514648914161
33.93641398606706, 63.18529894434591
33.990712248444765, 63.1854513995502
34.04501051082247, 63.1856038547545
34.09930877320018, 63.18575630995879
34.15360703557789, 63.185908765163084
34.2079052979556, 63.18606122036738
34.262203560333305, 63.18621367557168
34.31650182271101, 63.18636613077597
34.37080008508872, 63.18651858598027
34.425098347466424, 63.18667104118456
34.47939660984413, 63.186823496388854
34.533694872221844, 63.18697595159315
34.58799313459955, 63.18712840679745
34.64229139697726, 63.18728086200174
34.69658965935496, 63.187433317206036
34.75088792173267, 63.18758577241033
34.805186184110376, 63.187738227614624
34.85948444648808, 63.18789068281892
34.91378270886579, 63.18804313802322
34.968080971243495, 63.18819559322751
35.02237923362121, 63.188348048431806
35.076677495998915, 63.1885005036361
35.13097575837662, 63.18865295884039
35.18527402075433, 63.18880541404469
35.239572283132034, 63.18895786924898
35.29387054550974, 63.18911032445328
35.34816880788745, 63.189262779657575
35.40246707026516, 63.18941523486187
35.45676533264287, 63.18956769006616
35.51106359502057, 63.189720145270456
35.56536185739828, 63.18987260047475
35.619660119775986, 63.19002505567905
35.67395838215369, 63.190177510883345
35.7282566445314, 63.19032996608764
35.782554906909105, 63.19048242129193
35.83685316928681, 63.190634876496226
35.891151431664525, 63.19078733170052
35.94544969404223, 63.19093978690482
35.99974795641994, 63.191092242109114
36.054046218797644, 63.19124469731341
36.10834448117535, 63.1913971525177
36.16264274355306, 63.191549607721996
36.216941005930764, 63.19170206292629
36.27123926830848, 63.19185451813059
36.325537530686184, 63.192006973334884
36.37983579306389, 63.19215942853918
36.434134055441596, 63.19231188374347
36.4884323178193, 63.192464338947765
36.54273058019701, 63.19261679415206
36.597028842574716, 63.19276924935635
36.65132710495242, 63.19292170456065
36.70562536733013, 63.19307415976495
36.75992362970784, 63.19322661496924
36.81422189208555, 63.193379070173535
36.868520154463255, 63.19353152537783
36.92281841684096, 63.19368398058212
36.97711667921867, 63.19383643578642
37.031414941596374, 63.19398889099072
37.08571320397408, 63.19414134619501
37.140011466351794, 63.194293801399304
37.1943097287295, 63.1944462566036
37.24860799110721, 63.19459871180789
37.30290625348491, 63.19475116701219
37.35720451586262, 63.194903622216486
37.411502778240326, 63.19505607742078
37.46580104061803, 63.195208532625074
37.52009930299574, 63.19536098782937
37.574397565373445, 63.19551344303366
37.62869582775116, 63.19566589823796
37.682994090128865, 63.195818353442256
37.73729235250657, 63.19597080864655
37.79159061488428, 63.19612326385084
37.845888877261984, 63.19627571905514
37.90018713963969, 63.19642817425943
37.9544854020174, 63.19658062946373
38.00878366439511, 63.196733084668026
38.06308192677282, 63.19688553987232
38.11738018915052, 63.19703799507661
38.17167845152823, 63.19719045028091
38.225976713905936, 63.1973429054852
38.28027497628364, 63.197495360689494
38.33457323866135, 63.197647815893795
38.388871501039056, 63.19780027109809
38.44316976341676, 63.19795272630238
38.497468025794475, 63.198105181506676
38.55176628817218, 63.19825763671097
38.60606455054989, 63.198410091915264
38.660362812927595, 63.198562547119565
38.7146610753053, 63.19871500232386
38.76895933768301, 63.19886745752815
38.823257600060714, 63.199019912732446
38.87755586243843, 63.19917236793674
38.931854124816134, 63.19932482314103
38.98615238719384, 63.199477278345334
39.04045064957155, 63.19962973354963
39.09474891194925, 63.19978218875392
39.14904717432696, 63.199934643958215
39.203345436704666, 63.20008709916251
39.25764369908237, 63.2002395543668
39.31194196146008, 63.200392009571104
39.36624022383779, 63.2005444647754
39.4205384862155, 63.20069691997969
39.474836748593205, 63.200849375183985
39.52913501097091, 63.20100183038828
39.58343327334862, 63.20115428559257
39.637731535726324, 63.201306740796866
39.69202979810403, 63.20145919600117
39.746328060481744, 63.20161165120546
39.80062632285945, 63.201764106409755
39.85492458523716, 63.20191656161405
39.90922284761486, 63.20206901681834
39.96352110999257, 63.202221472022636
40.017819372370276, 63.20237392722694
40.07211763474798, 63.20252638243123
40.12641589712569, 63.202678837635524
40.180714159503395, 63.20283129283982
40.23501242188111, 63.20298374804411
40.289310684258815, 63.203136203248405
40.34360894663652, 63.203288658452706
40.39790720901423, 63.203441113657
40.452205471391935, 63.203593568861294
40.50650373376964, 63.20374602406559
40.56080199614735, 63.20389847926988
40.61510025852506, 63.204050934474175
40.66939852090277, 63.204203389678476
40.723696783280474, 63.20435584488277
40.77799504565818, 63.20450830008706
40.83229330803589, 63.20466075529136
40.88659157041359, 63.20481321049565
40.9408898327913, 63.204965665699945
40.995188095169006, 63.205118120904245
41.04948635754671, 63.20527057610854
41.103784619924426, 63.20542303131283
41.15808288230213, 63.20557548651713
41.21238114467984, 63.20572794172142
41.266679407057545, 63.205880396925714
41.32097766943525, 63.20603285213001
41.37527593181296, 63.20618530733431
41.429574194190664, 63.2063377625386
41.48387245656838, 63.206490217742896
41.538170718946084, 63.20664267294719
41.59246898132379, 63.206795128151484
41.6467672437015, 63.20694758335578
41.7010655060792, 63.20710003856008
41.75536376845691, 63.20725249376437
41.809662030834616, 63.207404948968666
41.86396029321232, 63.20755740417296
41.91825855559003, 63.20770985937725
41.97255681796774, 63.20786231458155
42.02685508034545, 63.20801476978585
42.081153342723155, 63.20816722499014
42.13545160510086, 63.208319680194435
42.18974986747857, 63.20847213539873
42.244048129856274, 63.20862459060302
42.29834639223398, 63.20877704580732
42.352644654611694, 63.20892950101162
42.4069429169894, 63.20908195621591
42.46124117936711, 63.209234411420205
42.515539441744814, 63.2093868666245
42.56983770412252, 63.20953932182879
42.624135966500226, 63.209691777033086
42.67843422887793, 63.20984423223738
42.73273249125564, 63.20999668744168
42.787030753633346, 63.210149142645975
42.84132901601106, 63.21030159785027
42.895627278388766, 63.21045405305456
42.94992554076647, 63.210606508258856
43.00422380314418, 63.21075896346315
43.058522065521885, 63.21091141866745
43.11282032789959, 63.211063873871744
43.1671185902773, 63.21121632907604
43.22141685265501, 63.21136878428033
43.27571511503272, 63.211521239484625
43.330013377410424, 63.21167369468892
43.38431163978813, 63.21182614989322
43.43860990216584, 63.211978605097514
43.49290816454354, 63.21213106030181
43.54720642692125, 63.2122835155061
43.601504689298956, 63.212435970710395
43.65580295167666, 63.21258842591469
43.710101214054376, 63.21274088111899
43.76439947643208, 63.21289333632328
43.81869773880979, 63.21304579152758
43.872996001187495, 63.21319824673187
43.9272942635652, 63.213350701936164
43.98159252594291, 63.21350315714046
44.035890788320614, 63.21365561234476
44.09018905069833, 63.21380806754905
44.144487313076034, 63.21396052275335
44.19878557545374, 63.21411297795764
44.25308383783145, 63.214265433161934
44.30738210020915, 63.21441788836623
44.36168036258686, 63.21457034357052
44.415978624964566, 63.21472279877482
44.47027688734227, 63.214875253979116
44.52457514971998, 63.21502770918341
44.57887341209769, 63.215180164387704
44.6331716744754, 63.215332619592
44.687469936853105, 63.10946693682779
44.74176819923081, 62.944716757144946
44.79606646160852, 62.77996657746209
44.850364723986225, 62.61521639777924
44.90466298636393, 62.450466218096395
44.958961248741645, 62.28571603841352
45.01325951111935, 62.12096585873067
45.06755777349706, 61.95621567904782
45.121856035874764, 61.79146549936497
45.17615429825247, 61.62671531968212
45.23045256063018, 61.46196513999927
45.28475082300788, 61.29721496031642
45.33904908538559, 61.13246478063357
45.393347347763296, 60.96771460095072
45.44764561014101, 60.802964421267845
45.501943872518716, 60.638214241585
45.55624213489642, 60.47346406190215
45.61054039727413, 60.308713882219294
45.664838659651835, 60.143963702536446
45.71913692202954, 59.9792135228536
45.77343518440725, 59.81446334317074
45.82773344678496, 59.649713163487874
45.88203170916267, 59.48496298380502
45.936329971540374, 59.32021280412217
45.99062823391808, 59.15546262443932
46.04492649629579, 58.99071244475647
46.09922475867349, 58.82596226507362
46.1535230210512, 58.66121208539077
46.207821283428906, 58.49646190570792
46.26211954580661, 58.33171172602507
46.316417808184326, 58.1669615463422
46.37071607056203, 58.00221136665935
46.42501433293974, 57.8374611869765
46.479312595317445, 57.67271100729365
46.53361085769515, 57.5079608276108
46.58790912007286, 57.34321064792795
46.642207382450565, 57.1784604682451
46.69650564482828, 57.01371028856222
46.750803907205984, 56.848960108879375
46.80510216958369, 56.68420992919653
46.8594004319614, 56.51945974951367
46.913698694339104, 56.354709569830824
46.96799695671681, 56.189959390147976
47.02229521909452, 56.02520921046512
47.07659348147222, 55.86045903078227
47.13089174384993, 55.695708851099425
47.18519000622764, 55.53095867141655
47.23948826860535, 55.3662084917337
47.293786530983056, 55.20145831205085
47.34808479336076, 55.036708132368005
47.40238305573847, 54.87195795268515
47.456681318116175, 54.7072077730023
47.51097958049388, 54.542457593319455
47.565277842871595, 54.37770741363658
47.6195761052493, 54.21295723395373
47.67387436762701, 54.048207054270875
47.728172630004714, 53.88345687458803
47.78247089238242, 53.71870669490518
47.83676915476013, 53.553956515222325
47.89106741713783, 53.38920633553948
47.94536567951554, 53.22445615585663
47.999663941893246, 53.059705976173774
48.05396220427096, 52.894955796490905
48.108260466648666, 52.73020561680806
48.16255872902637, 52.5654554371252
48.21685699140408, 52.400705257442354
48.271155253781785, 52.235955077759506
48.32545351615949, 52.07120489807665
48.3797517785372, 51.9064547183938
48.43405004091491, 51.741704538710934
48.48834830329262, 51.57695435902808
48.542646565670324, 51.41220417934523
48.59694482804803, 51.24745399966238
48.65124309042574, 51.08270381997953
48.70554135280344, 50.91795364029668
48.75983961518115, 50.75320346061383
48.814137877558856, 50.58845328093098
48.86843613993656, 50.42370310124813
48.922734402314276, 50.25895292156525
48.97703266469198, 50.094202741882405
49.03133092706969, 49.92945256219956
49.085629189447396, 49.7647023825167
49.1399274518251, 49.599952202833855
49.19422571420281, 49.43520202315101
49.248523976580515, 49.27045184346815
49.30282223895823, 49.10570166378528
49.357120501335935, 48.940951484102435
49.41141876371364, 48.77620130441959
49.46571702609135, 48.61145112473673
49.520015288469054, 48.446700945053884
49.57431355084676, 48.281950765371036
49.62861181322447, 48.11720058568818
49.68291007560217, 47.95245040600533
49.73720833797988, 47.787700226322485
49.79150660035759, 47.62295004663961
49.8458048627353, 47.45819986695676
49.900103125113006, 47.293449687273906
49.95440138749071, 47.12869950759106
50.00869964986842, 46.96394932790821
50.062997912246125, 46.799199148225355
50.11729617462383, 46.63444896854251
50.171594437001545, 46.46969878885964
50.22589269937925, 46.30494860917679
50.28019096175696, 46.140198429493935
50.334489224134664, 45.97544824981109
50.38878748651237, 45.81069807012824
50.44308574889008, 45.645947890445385
50.49738401126778, 45.48119771076254
50.55168227364549, 45.31644753107969
50.605980536023196, 45.151697351396834
50.66027879840091, 44.986947171713965
50.714577060778616, 44.82219699203111
50.76887532315632, 44.65744681234826
50.82317358553403, 44.492696632665414
50.877471847911735, 44.32794645298256
50.93177011028944, 44.16319627329971
50.98606837266715, 43.99844609361686
51.04036663504486, 43.833695913933994
51.09466489742257, 43.66894573425114
51.148963159800275, 43.50419555456829
51.20326142217798, 43.33944537488544
51.25755968455569, 43.17469519520259
51.311857946933394, 43.00994501551974
51.3661562093111, 42.84519483583689
51.42045447168881, 42.68044465615404
51.47475273406651, 42.51569447647119
51.52905099644423, 42.35094429678831
51.58334925882193, 42.186194117105465
51.63764752119964, 42.02144393742262
51.691945783577346, 41.85669375773976
51.74624404595505, 41.691943578056915
51.80054230833276, 41.52719339837407
51.854840570710465, 41.36244321869121
51.90913883308818, 41.19769303900834
51.963437095465885, 41.03294285932549
52.01773535784359, 40.86819267964265
52.0720336202213, 40.70344249995979
52.126331882599004, 40.53869232027694
52.18063014497671, 40.373942140594096
52.23492840735442, 40.20919196091124
52.28922666973212, 40.044441781228386
52.34352493210983, 39.879691601545545
52.39782319448754, 39.71494142186267
52.45212145686525, 39.55019124217982
52.506419719242956, 39.385441062496966
52.56071798162066, 39.22069088281412
52.61501624399837, 39.05594070313127
52.669314506376075, 38.891190523448415
52.72361276875378, 38.72644034376557
52.777911031131495, 38.56169016408269
52.8322092935092, 38.39693998439985
52.88650755588691, 38.232189804716995
52.940805818264614, 38.06743962503414
52.99510408064232, 37.9026894453513
53.04940234302003, 37.737939265668444
53.103700605397734, 37.57318908598559
53.15799886777544, 37.40843890630275
53.212297130153146, 37.243688726619894
53.26659539253086, 37.078938546937025
53.320893654908566, 36.91418836725417
53.37519191728627, 36.74943818757132
53.42949017966398, 36.584688007888474
53.483788442041686, 36.41993782820562
53.53808670441939, 36.25518764852277
53.5923849667971, 36.09043746883992
53.64668322917481, 35.92568728915705
53.70098149155252, 35.7609371094742
53.755279753930225, 35.596186929791344
53.80957801630793, 35.431436750108496
53.86387627868564, 35.26668657042565
53.918174541063344, 35.10193639074279
53.97247280344105, 34.937186211059945
54.02677106581876, 34.7724360313771
54.08106932819646, 34.60768585169424
54.13536759057418, 34.44293567201137
54.18966585295188, 34.278185492328525
54.24396411532959, 34.11343531264568
