Parameters: [54.40918199276568, 18.331014814121605, 14.885371178750667, 40.640822298632415, 4.253690339061554, 0.18612758210787456, -3.3447114688519406]
Points:
0.0, 18.331014814121605
0.054463645638404085, 18.562686297403758
0.10892729127680817, 18.794357780685907
0.16339093691521225, 19.02602926396806
0.21785458255361634, 19.25770074725021
0.27231822819202045, 19.48937223053236
0.3267818738304245, 19.721043713814513
0.38124551946882856, 19.952715197096666
0.4357091651072327, 20.184386680378815
0.4901728107456368, 20.416058163660967
0.5446364563840409, 20.64772964694312
0.5991001020224449, 20.879401130225272
0.653563747660849, 21.11107261350742
0.7080273932992531, 21.342744096789573
0.7624910389376571, 21.574415580071726
0.8169546845760612, 21.806087063353875
0.8714183302144654, 22.037758546636027
0.9258819758528695, 22.26943002991818
0.9803456214912736, 22.501101513200332
1.0348092671296776, 22.73277299648248
1.0892729127680818, 22.964444479764634
1.1437365584064858, 23.196115963046786
1.1982002040448898, 23.427787446328935
1.252663849683294, 23.659458929611088
1.307127495321698, 23.89113041289324
1.361591140960102, 24.12280189617539
1.4160547865985063, 24.35447337945754
1.4705184322369103, 24.586144862739694
1.5249820778753143, 24.817816346021843
1.5794457235137185, 25.049487829303995
1.6339093691521225, 25.281159312586148
1.6883730147905267, 25.512830795868297
1.7428366604289307, 25.74450227915045
1.7973003060673347, 25.9761737624326
1.851763951705739, 26.20784524571475
1.906227597344143, 26.439516728996903
1.9606912429825472, 26.671188212279056
2.015154888620951, 26.902859695561204
2.069618534259355, 27.134531178843357
2.1240821798977594, 27.36620266212551
2.1785458255361636, 27.597874145407662
2.2330094711745674, 27.82954562868981
2.2874731168129716, 28.061217111971963
2.341936762451376, 28.292888595254116
2.3964004080897796, 28.52456007853627
2.450864053728184, 28.756231561818417
2.505327699366588, 28.98790304510057
2.559791345004992, 29.219574528382722
2.614254990643396, 29.45124601166487
2.6687186362818003, 29.682917494947024
2.723182281920204, 29.914588978229176
2.7776459275586083, 30.146260461511325
2.8321095731970125, 30.377931944793477
2.8865732188354163, 30.60960342807563
2.9410368644738205, 30.84127491135778
2.9955005101122247, 31.07294639463993
3.0499641557506285, 31.304617877922084
3.1044278013890327, 31.536289361204233
3.158891447027437, 31.767960844486385
3.213355092665841, 31.999632327768538
3.267818738304245, 32.23130381105069
3.322282383942649, 32.462975294332836
3.3767460295810534, 32.69464677761499
3.431209675219457, 32.92631826089714
3.4856733208578614, 33.15798974417929
3.5401369664962656, 33.389661227461445
3.5946006121346694, 33.621332710743594
3.6490642577730736, 33.85300419402574
3.703527903411478, 34.0846756773079
3.7579915490498816, 34.31634716059005
3.812455194688286, 34.5480186438722
3.86691884032669, 34.77969012715435
3.9213824859650943, 35.01136161043651
3.975846131603498, 35.24303309371865
4.030309777241902, 35.47470457700081
4.084773422880306, 35.70637606028296
4.13923706851871, 35.938047543565105
4.1937007141571145, 36.16971902684726
4.248164359795519, 36.40139051012942
4.302628005433923, 36.633061993411566
4.357091651072327, 36.864733476693715
4.4115552967107305, 37.09640495997587
4.466018942349135, 37.32807644325801
4.520482587987539, 37.55974792654017
4.574946233625943, 37.791419409822325
4.629409879264347, 38.023090893104474
4.683873524902752, 38.25476237638662
4.738337170541155, 38.48643385966878
4.792800816179559, 38.71810534295093
4.847264461817963, 38.94977682623308
4.901728107456368, 39.18144830951523
4.956191753094772, 39.41311979279738
5.010655398733176, 39.64479127607953
5.0651190443715794, 39.87646275936169
5.119582690009984, 40.108134242643835
5.174046335648388, 40.339805725925984
5.228509981286792, 40.57147720920814
5.282973626925196, 40.80314869249029
5.337437272563601, 41.03482017577244
5.391900918202005, 41.266491659054594
5.446364563840408, 41.49816314233674
5.500828209478812, 41.72983462561889
5.555291855117217, 41.96150610890105
5.609755500755621, 42.1931775921832
5.664219146394025, 42.424849075465346
5.718682792032429, 42.6565205587475
5.773146437670833, 42.88819204202965
5.827610083309237, 43.1198635253118
5.882073728947641, 43.351535008593956
5.936537374586045, 43.583206491876105
5.9910010202244495, 43.814877975158254
6.045464665862854, 44.04654945844041
6.099928311501257, 44.27822094172256
6.154391957139661, 44.50989242500471
6.2088556027780655, 44.741563908286864
6.26331924841647, 44.97323539156901
6.317782894054874, 45.20490687485116
6.372246539693278, 45.43657835813332
6.426710185331682, 45.668249841415474
6.481173830970086, 45.899921324697615
6.53563747660849, 46.13159280797977
6.590101122246894, 46.36326429126192
6.644564767885298, 46.59493577454407
6.699028413523703, 46.826607257826225
6.753492059162107, 47.05827874110838
6.80795570480051, 47.28995022439052
6.862419350438914, 47.52162170767268
6.916882996077319, 47.753293190954835
6.971346641715723, 47.98496467423698
7.025810287354127, 48.21663615751913
7.080273932992531, 48.44830764080129
7.1347375786309355, 48.67997912408344
7.189201224269339, 48.91165060736559
7.243664869907743, 49.14332209064774
7.298128515546147, 49.374993573929885
7.3525921611845515, 49.60666505721204
7.407055806822956, 49.8383365404942
7.46151945246136, 50.070008023776346
7.515983098099763, 50.301679507058495
7.5704467437381675, 50.53335099034065
7.624910389376572, 50.76502247362279
7.679374035014976, 50.99669395690495
7.73383768065338, 51.228365440187105
7.788301326291784, 51.46003692346926
7.842764971930189, 51.6917084067514
7.897228617568592, 51.92337989003356
7.951692263206996, 52.1550513733157
8.0061559088454, 52.386722856597856
8.060619554483804, 52.61839433988001
8.115083200122209, 52.85006582316217
8.169546845760612, 53.08173730644431
8.224010491399017, 53.313408789726466
8.27847413703742, 53.54508027300861
8.332937782675826, 53.776751756290764
8.387401428314229, 54.00842323957292
8.441865073952632, 54.24009472285506
8.496328719591038, 54.47176620613722
8.55079236522944, 54.703437689419374
8.605256010867846, 54.93510917270153
8.65971965650625, 55.16678065598367
8.714183302144654, 55.39845213926583
8.768646947783058, 55.630123622547984
8.823110593421461, 55.861795105830126
8.877574239059866, 56.09346658911228
8.93203788469827, 56.325138072394424
8.986501530336675, 56.55680955567658
9.040965175975078, 56.788481038958736
9.095428821613481, 57.02015252224088
9.149892467251886, 57.251824005523034
9.20435611289029, 57.48349548880519
9.258819758528695, 57.715166972087346
9.313283404167098, 57.94683845536949
9.367747049805503, 58.17850993865164
9.422210695443907, 58.4101814219338
9.47667434108231, 58.64185290521594
9.531137986720715, 58.8735243884981
9.585601632359118, 59.10519587178025
9.640065277997524, 59.336867355062395
9.694528923635927, 59.56853883834455
9.748992569274332, 59.80021032162671
9.803456214912735, 60.03188180490885
9.857919860551139, 60.263553288191005
9.912383506189544, 60.49522477147316
9.966847151827947, 60.7268962547553
10.021310797466352, 60.95856773803746
10.075774443104756, 61.190239221319615
10.130238088743159, 61.42191070460176
10.184701734381564, 61.65358218788391
10.239165380019967, 61.88525367116607
10.293629025658372, 62.116925154448225
10.348092671296776, 62.34859663773037
10.402556316935181, 62.58026812101252
10.457019962573584, 62.811939604294665
10.511483608211988, 63.04361108757682
10.565947253850393, 63.27528257085898
10.620410899488796, 63.50695405414112
10.674874545127201, 63.738625537423275
10.729338190765604, 63.97029702070543
10.78380183640401, 64.20196850398759
10.838265482042413, 64.43363998726973
10.892729127680816, 64.66531147055188
10.947192773319221, 64.89698295383404
11.001656418957625, 65.12865443711618
11.05612006459603, 65.36032592039834
11.110583710234433, 65.59199740368048
11.165047355872836, 65.82366888696264
11.219511001511242, 66.05534037024479
11.273974647149645, 66.28701185352693
11.32843829278805, 66.51868333680909
11.382901938426453, 66.75035482009125
11.437365584064858, 66.9820263033734
11.491829229703262, 67.21369778665554
11.546292875341665, 67.4453692699377
11.60075652098007, 67.67704075321986
11.655220166618474, 67.908712236502
11.709683812256879, 68.14038371978415
11.764147457895282, 68.3720552030663
11.818611103533687, 68.60372668634845
11.87307474917209, 68.83539816963061
11.927538394810494, 69.06706965291275
11.982002040448899, 69.2987411361949
12.036465686087302, 69.53041261947706
12.090929331725707, 69.76208410275922
12.14539297736411, 69.99375558604136
12.199856623002514, 70.22542706932352
12.25432026864092, 70.45709855260567
12.308783914279323, 70.68877003588781
12.363247559917728, 70.92044151916997
12.417711205556131, 71.15211300245213
12.472174851194536, 71.38378448573427
12.52663849683294, 71.61545596901642
12.581102142471343, 71.84712745229857
12.635565788109748, 72.07879893558072
12.690029433748151, 72.31047041886288
12.744493079386556, 72.54214190214503
12.79895672502496, 72.77381338542718
12.853420370663365, 73.00548486870933
12.907884016301768, 73.23715635199149
12.962347661940171, 73.46882783527363
13.016811307578577, 73.70049931855579
13.07127495321698, 73.93217080183794
13.125738598855385, 74.1638422851201
13.180202244493788, 74.39551376840224
13.234665890132193, 74.6271852516844
13.289129535770597, 74.85885673496654
13.343593181409, 75.09052821824869
13.398056827047405, 75.32219970153085
13.452520472685809, 75.55387118481299
13.506984118324214, 75.78554266809515
13.561447763962617, 76.0172141513773
13.61591140960102, 76.24888563465944
13.670375055239425, 76.4805571179416
13.724838700877829, 76.71222860122376
13.779302346516234, 76.94390008450591
13.833765992154637, 77.17557156778805
13.888229637793042, 77.40724305107021
13.942693283431446, 77.63891453435235
13.997156929069849, 77.87058601763451
14.051620574708254, 78.10225750091666
14.106084220346657, 78.3339289841988
14.160547865985063, 78.56560046748096
14.215011511623466, 78.79727195076312
14.269475157261871, 79.02894343404527
14.323938802900274, 79.26061491732742
14.378402448538678, 79.49228640060957
14.432866094177083, 79.72395788389173
14.487329739815486, 79.95562936717387
14.541793385453891, 80.18730085045603
14.596257031092295, 80.41897233373817
14.650720676730698, 80.65064381702032
14.705184322369103, 80.88231530030248
14.759647968007506, 81.11398678358462
14.814111613645911, 81.34565826686678
14.868575259284315, 81.57732975014893
14.92303890492272, 81.65578539331452
14.977502550561123, 81.66592257998997
15.031966196199527, 81.67605976666543
15.086429841837932, 81.68619695334088
15.140893487476335, 81.69633414001635
15.19535713311474, 81.7064713266918
15.249820778753143, 81.71660851336725
15.304284424391549, 81.72674570004271
15.358748070029952, 81.73688288671816
15.413211715668355, 81.74702007339363
15.46767536130676, 81.75715726006908
15.522139006945164, 81.76729444674453
15.576602652583569, 81.77743163342
15.631066298221972, 81.78756882009544
15.685529943860377, 81.79770600677091
15.73999358949878, 81.80784319344636
15.794457235137184, 81.81798038012181
15.848920880775589, 81.82811756679727
15.903384526413992, 81.83825475347273
15.957848172052397, 81.84839194014819
16.0123118176908, 81.85852912682364
16.066775463329204, 81.86866631349909
16.121239108967607, 81.87880350017456
16.175702754606014, 81.88894068685
16.230166400244418, 81.89907787352547
16.28463004588282, 81.90921506020092
16.339093691521224, 81.91935224687637
16.393557337159628, 81.92948943355184
16.448020982798035, 81.93962662022729
16.502484628436438, 81.94976380690275
16.55694827407484, 81.9599009935782
16.611411919713245, 81.97003818025365
16.66587556535165, 81.98017536692912
16.720339210990055, 81.99031255360457
16.774802856628458, 82.00044974028003
16.82926650226686, 82.01058692695548
16.883730147905265, 82.02072411363095
16.93819379354367, 82.0308613003064
16.992657439182075, 82.04099848698185
17.04712108482048, 82.05113567365731
17.10158473045888, 82.06127286033276
17.156048376097285, 82.07141004700823
17.210512021735692, 82.08154723368368
17.264975667374095, 82.09168442035913
17.3194393130125, 82.1018216070346
17.373902958650902, 82.11195879371004
17.42836660428931, 82.12209598038551
17.482830249927712, 82.13223316706096
17.537293895566116, 82.14237035373641
17.59175754120452, 82.15250754041188
17.646221186842922, 82.16264472708733
17.70068483248133, 82.17278191376279
17.755148478119732, 82.18291910043824
17.809612123758136, 82.19305628711369
17.86407576939654, 82.20319347378916
17.918539415034942, 82.2133306604646
17.97300306067335, 82.22346784714007
18.027466706311753, 82.23360503381552
18.081930351950156, 82.24374222049097
18.13639399758856, 82.25387940716644
18.190857643226963, 82.26401659384189
18.24532128886537, 82.27415378051735
18.299784934503773, 82.2842909671928
18.354248580142176, 82.29442815386825
18.40871222578058, 82.30456534054372
18.463175871418986, 82.31470252721917
18.51763951705739, 82.32483971389463
18.572103162695793, 82.33497690057008
18.626566808334196, 82.34511408724553
18.6810304539726, 82.355251273921
18.735494099611007, 82.36538846059645
18.78995774524941, 82.37552564727191
18.844421390887813, 82.38566283394736
18.898885036526217, 82.39580002062281
18.95334868216462, 82.40593720729828
19.007812327803027, 82.41607439397373
19.06227597344143, 82.4262115806492
19.116739619079834, 82.43634876732465
19.171203264718237, 82.44648595400011
19.22566691035664, 82.45662314067556
19.280130555995047, 82.46676032735101
19.33459420163345, 82.47689751402648
19.389057847271854, 82.48703470070193
19.443521492910257, 82.49717188737739
19.497985138548664, 82.50730907405284
19.552448784187067, 82.51744626072829
19.60691242982547, 82.52758344740376
19.661376075463874, 82.53772063407921
19.715839721102277, 82.54785782075467
19.770303366740684, 82.55799500743012
19.824767012379088, 82.56813219410557
19.87923065801749, 82.57826938078104
19.933694303655894, 82.58840656745649
19.988157949294298, 82.59854375413195
20.042621594932704, 82.6086809408074
20.097085240571108, 82.61881812748285
20.15154888620951, 82.62895531415832
20.206012531847914, 82.63909250083377
20.260476177486318, 82.64922968750923
20.314939823124725, 82.65936687418468
20.369403468763128, 82.66950406086013
20.42386711440153, 82.6796412475356
20.478330760039935, 82.68977843421105
20.53279440567834, 82.69991562088651
20.587258051316745, 82.71005280756196
20.64172169695515, 82.72018999423742
20.69618534259355, 82.73032718091288
20.750648988231955, 82.74046436758833
20.805112633870362, 82.7506015542638
20.859576279508765, 82.76073874093925
20.91403992514717, 82.7708759276147
20.968503570785572, 82.78101311429016
21.022967216423975, 82.79115030096561
21.077430862062382, 82.80128748764108
21.131894507700785, 82.81142467431653
21.18635815333919, 82.82156186099198
21.240821798977592, 82.83169904766744
21.295285444615995, 82.84183623434289
21.349749090254402, 82.85197342101836
21.404212735892806, 82.86211060769381
21.45867638153121, 82.87224779436926
21.513140027169612, 82.88238498104472
21.56760367280802, 82.89252216772017
21.622067318446422, 82.90265935439564
21.676530964084826, 82.91279654107109
21.73099460972323, 82.92293372774655
21.785458255361632, 82.933070914422
21.83992190100004, 82.94320810109745
21.894385546638443, 82.95334528777292
21.948849192276846, 82.96348247444837
22.00331283791525, 82.97361966112383
22.057776483553653, 82.98375684779928
22.11224012919206, 82.99389403447474
22.166703774830463, 83.0040312211502
22.221167420468866, 83.01416840782565
22.27563106610727, 83.02430559450112
22.330094711745673, 83.03444278117657
22.38455835738408, 83.04457996785202
22.439022003022483, 83.05471715452748
22.493485648660887, 83.06485434120293
22.54794929429929, 83.0749915278784
22.602412939937697, 83.08512871455385
22.6568765855761, 83.0952659012293
22.711340231214503, 83.10540308790476
22.765803876852907, 83.11554027458021
22.82026752249131, 83.12567746125568
22.874731168129717, 83.13581464793113
22.92919481376812, 83.14595183460658
22.983658459406524, 83.15608902128204
23.038122105044927, 83.1662262079575
23.09258575068333, 83.17636339463296
23.147049396321737, 83.18650058130841
23.20151304196014, 83.19663776798386
23.255976687598544, 83.20677495465932
23.310440333236947, 83.21691214133477
23.36490397887535, 83.22704932801024
23.419367624513757, 83.23718651468569
23.47383127015216, 83.24732370136114
23.528294915790564, 83.2574608880366
23.582758561428967, 83.26759807471205
23.637222207067374, 83.27773526138752
23.691685852705778, 83.28787244806297
23.74614949834418, 83.29800963473842
23.800613143982584, 83.30814682141389
23.855076789620988, 83.31828400808934
23.909540435259395, 83.3284211947648
23.964004080897798, 83.33855838144025
24.0184677265362, 83.34869556811572
24.072931372174605, 83.35883275479117
24.127395017813008, 83.36896994146662
24.181858663451415, 83.37910712814208
24.236322309089818, 83.38924431481753
24.29078595472822, 83.399381501493
24.345249600366625, 83.40951868816845
24.399713246005028, 83.4196558748439
24.454176891643435, 83.42979306151936
24.50864053728184, 83.43993024819481
24.56310418292024, 83.45006743487028
24.617567828558645, 83.46020462154573
24.672031474197052, 83.47034180822118
24.726495119835455, 83.48047899489664
24.78095876547386, 83.4906161815721
24.835422411112262, 83.50075336824756
24.889886056750665, 83.51089055492301
24.944349702389072, 83.52102774159846
24.998813348027475, 83.53116492827392
25.05327699366588, 83.54130211494937
25.107740639304282, 83.55143930162484
25.162204284942685, 83.56157648830029
25.216667930581092, 83.57171367497574
25.271131576219496, 83.5818508616512
25.3255952218579, 83.59198804832666
25.380058867496302, 83.60212523500212
25.43452251313471, 83.61226242167757
25.488986158773113, 83.62239960835302
25.543449804411516, 83.63253679502849
25.59791345004992, 83.64267398170394
25.652377095688323, 83.6528111683794
25.70684074132673, 83.66294835505485
25.761304386965133, 83.6730855417303
25.815768032603536, 83.68322272840577
25.87023167824194, 83.69335991508122
25.924695323880343, 83.70349710175668
25.97915896951875, 83.71363428843213
26.033622615157153, 83.72377147510758
26.088086260795556, 83.73390866178305
26.14254990643396, 83.7440458484585
26.197013552072363, 83.75418303513396
26.25147719771077, 83.76432022180941
26.305940843349173, 83.77445740848486
26.360404488987577, 83.78459459516033
26.41486813462598, 83.79473178183578
26.469331780264387, 83.80486896851124
26.52379542590279, 83.8150061551867
26.578259071541193, 83.82514334186214
26.632722717179597, 83.83528052853761
26.687186362818, 83.84541771521306
26.741650008456407, 83.85555490188852
26.79611365409481, 83.86569208856397
26.850577299733214, 83.87582927523944
26.905040945371617, 83.88596646191489
26.95950459101002, 83.89610364859034
27.013968236648427, 83.9062408352658
27.06843188228683, 83.91637802194126
27.122895527925234, 83.92651520861672
27.177359173563637, 83.93665239529217
27.23182281920204, 83.94678958196762
27.286286464840448, 83.95692676864309
27.34075011047885, 83.96706395531854
27.395213756117254, 83.977201141994
27.449677401755658, 83.98733832866945
27.504141047394064, 83.9974755153449
27.558604693032468, 84.00761270202037
27.61306833867087, 84.01774988869582
27.667531984309274, 84.02788707537128
27.721995629947678, 84.03802426204673
27.776459275586085, 84.04816144872218
27.830922921224488, 84.05829863539765
27.88538656686289, 84.0684358220731
27.939850212501295, 84.07857300874856
27.994313858139698, 84.08871019542401
28.048777503778105, 84.09884738209946
28.103241149416508, 84.10898456877493
28.15770479505491, 84.11912175545038
28.212168440693315, 84.12925894212584
28.266632086331718, 84.1393961288013
28.321095731970125, 84.14953331547675
28.37555937760853, 84.15967050215221
28.43002302324693, 84.16980768882766
28.484486668885335, 84.17994487550312
28.538950314523742, 84.19008206217858
28.593413960162145, 84.20021924885403
28.64787760580055, 84.21035643552949
28.702341251438952, 84.22049362220494
28.756804897077355, 84.2306308088804
28.811268542715762, 84.24076799555586
28.865732188354166, 84.25090518223132
28.92019583399257, 84.26104236890677
28.974659479630972, 84.27117955558222
29.029123125269376, 84.28131674225769
29.083586770907782, 84.29145392893314
29.138050416546186, 84.3015911156086
29.19251406218459, 84.31172830228405
29.246977707822992, 84.3218654889595
29.301441353461396, 84.33200267563497
29.355904999099803, 84.34213986231042
29.410368644738206, 84.35227704898588
29.46483229037661, 84.36241423566133
29.519295936015013, 84.37255142233678
29.57375958165342, 84.38268860901225
29.628223227291823, 84.3928257956877
29.682686872930226, 84.40296298236316
29.73715051856863, 84.41310016903861
29.791614164207033, 84.42323735571406
29.84607780984544, 84.43337454238953
29.900541455483843, 84.44351172906498
29.955005101122246, 84.45364891574044
30.00946874676065, 84.4637861024159
30.063932392399053, 84.47392328909135
30.11839603803746, 84.48406047576681
30.172859683675863, 84.49419766244226
30.227323329314267, 84.50433484911773
30.28178697495267, 84.51447203579318
30.336250620591073, 84.52460922246863
30.39071426622948, 84.53474640914409
30.445177911867884, 84.54488359581954
30.499641557506287, 84.555020782495
30.55410520314469, 84.56515796917046
30.608568848783097, 84.57529515584591
30.6630324944215, 84.58543234252137
30.717496140059904, 84.59556952919682
30.771959785698307, 84.60570671587229
30.82642343133671, 84.61584390254774
30.880887076975117, 84.62598108922319
30.93535072261352, 84.63611827589865
30.989814368251924, 84.6462554625741
31.044278013890327, 84.65639264924957
31.09874165952873, 84.66652983592502
31.153205305167138, 84.67666702260047
31.20766895080554, 84.68680420927593
31.262132596443944, 84.69694139595138
31.316596242082348, 84.70707858262685
31.371059887720754, 84.7172157693023
31.425523533359158, 84.72735295597775
31.47998717899756, 84.73749014265321
31.534450824635964, 84.74762732932867
31.588914470274368, 84.75776451600413
31.643378115912775, 84.76790170267958
31.697841761551178, 84.77803888935505
31.75230540718958, 84.7881760760305
31.806769052827985, 84.79831326270595
31.861232698466388, 84.80845044938141
31.915696344104795, 84.81858763605686
31.9701599897432, 84.82872482273233
32.0246236353816, 84.83886200940778
32.07908728102001, 84.84899919608323
32.13355092665841, 84.85913638275869
32.188014572296815, 84.86927356943414
32.242478217935215, 84.8794107561096
32.29694186357362, 84.88954794278506
32.35140550921203, 84.89968512946051
32.40586915485043, 84.90982231613597
32.460332800488835, 84.91995950281142
32.514796446127235, 84.93009668948689
32.56926009176564, 84.94023387616234
32.62372373740405, 84.95037106283779
32.67818738304245, 84.96050824951325
32.732651028680856, 84.9706454361887
32.787114674319255, 84.98078262286417
32.84157831995766, 84.99091980953962
32.89604196559607, 85.00105699621507
32.95050561123447, 85.01119418289053
33.004969256872876, 85.02133136956598
33.05943290251128, 85.03146855624145
33.11389654814968, 85.0416057429169
33.16836019378809, 85.05174292959235
33.22282383942649, 85.06188011626782
33.277287485064896, 85.07201730294327
33.3317511307033, 85.08215448961873
33.3862147763417, 85.09229167629418
33.44067842198011, 85.10242886296963
33.49514206761851, 85.1125660496451
33.549605713256916, 85.12270323632055
33.60406935889532, 85.13284042299601
33.65853300453372, 85.14297760967146
33.71299665017213, 85.15311479634693
33.76746029581053, 85.16325198302238
33.82192394144894, 85.17338916969783
33.87638758708734, 85.18352635637329
33.93085123272574, 85.19366354304874
33.98531487836415, 85.20380072972421
34.03977852400255, 85.21393791639966
34.09424216964096, 85.22407510307511
34.148705815279364, 85.23421228975057
34.20316946091776, 85.24434947642602
34.25763310655617, 85.25448666310149
34.31209675219457, 85.26462384977694
34.36656039783298, 85.27476103645239
34.421024043471384, 85.28489822312785
34.475487689109784, 85.2950354098033
34.52995133474819, 85.30517259647877
34.58441498038659, 85.31530978315422
34.638878626025, 85.32544696982967
34.693342271663404, 85.33558415650513
34.747805917301804, 85.34572134318059
34.80226956294021, 85.35585852985605
34.85673320857862, 85.3659957165315
34.91119685421702, 85.37613290320695
34.965660499855424, 85.38627008988242
35.020124145493824, 85.39640727655787
35.07458779113223, 85.40654446323333
35.12905143677064, 85.41668164990878
35.18351508240904, 85.42681883658423
35.237978728047445, 85.4369560232597
35.292442373685844, 85.44709320993515
35.34690601932425, 85.45723039661061
35.40136966496266, 85.46736758328606
35.45583331060106, 85.47750476996151
35.510296956239465, 85.48764195663698
35.564760601877865, 85.49777914331243
35.61922424751627, 85.50791632998789
35.67368789315468, 85.51805351666334
35.72815153879308, 85.5281907033388
35.782615184431485, 85.53832789001426
35.837078830069885, 85.54846507668971
35.89154247570829, 85.55860226336517
35.9460061213467, 85.56873945004062
36.0004697669851, 85.57887663671607
36.054933412623505, 85.58901382339154
36.109397058261905, 85.59915101006699
36.16386070390031, 85.60928819674245
36.21832434953872, 85.6194253834179
36.27278799517712, 85.62956257009336
36.327251640815525, 85.63969975676882
36.381715286453925, 85.64983694344427
36.43617893209233, 85.65997413011974
36.49064257773074, 85.67011131679519
36.54510622336914, 85.68024850347064
36.599569869007546, 85.6903856901461
36.654033514645946, 85.70052287682155
36.70849716028435, 85.71066006349702
36.76296080592276, 85.72079725017247
36.81742445156116, 85.73093443684792
36.871888097199566, 85.74107162352338
36.92635174283797, 85.75120881019883
36.98081538847637, 85.7613459968743
37.03527903411478, 85.77148318354975
37.08974267975318, 85.7816203702252
37.144206325391586, 85.79175755690066
37.19866997102999, 85.80189474357611
37.25313361666839, 85.81203193025158
37.3075972623068, 85.82216911692703
37.3620609079452, 85.8323063036025
37.416524553583606, 85.84244349027794
37.47098819922201, 85.8525806769534
37.52545184486041, 85.86271786362886
37.57991549049882, 85.87285505030431
37.63437913613722, 85.88299223697977
37.68884278177563, 85.89312942365522
37.74330642741403, 85.90326661033068
37.79777007305243, 85.91340379700614
37.85223371869084, 85.92354098368159
37.90669736432924, 85.93367817035706
37.96116100996765, 85.9438153570325
38.015624655606054, 85.95395254370796
38.07008830124445, 85.96408973038342
38.12455194688286, 85.97422691705887
38.17901559252126, 85.98436410373434
38.23347923815967, 85.99450129040979
38.287942883798074, 86.00463847708525
38.342406529436474, 86.0147756637607
38.39687017507488, 86.02491285043615
38.45133382071328, 86.03505003711162
38.50579746635169, 86.04518722378707
38.560261111990094, 86.05532441046253
38.614724757628494, 86.06546159713798
38.6691884032669, 86.07559878381343
38.7236520489053, 86.0857359704889
38.77811569454371, 86.09587315716435
38.832579340182114, 86.10601034383981
38.887042985820514, 86.11614753051526
38.94150663145892, 86.12628471719071
38.99597027709733, 86.13642190386618
39.05043392273573, 86.14655909054163
39.104897568374135, 86.1566962772171
39.159361214012534, 86.16683346389254
39.21382485965094, 86.176970650568
39.26828850528935, 86.18710783724346
39.32275215092775, 86.19724502391891
39.377215796566155, 86.20738221059437
39.431679442204555, 86.21751939726983
39.48614308784296, 86.22765658394528
39.54060673348137, 86.23779377062074
39.59507037911977, 86.24793095729619
39.649534024758175, 86.25806814397166
39.703997670396575, 86.2682053306471
39.75846131603498, 86.27834251732256
39.81292496167339, 86.28847970399802
39.86738860731179, 86.29861689067347
39.921852252950195, 86.30875407734894
39.976315898588595, 86.31889126402439
40.030779544227, 86.32902845069984
40.08524318986541, 86.3391656373753
40.13970683550381, 86.34930282405075
40.194170481142216, 86.35944001072622
40.248634126780615, 86.36957719740167
40.30309777241902, 86.37971438407712
40.35756141805743, 86.38985157075258
40.41202506369583, 86.39998875742803
40.466488709334236, 86.4101259441035
40.520952354972636, 86.42026313077895
40.57541600061104, 86.4304003174544
40.62987964624945, 86.44053750412986
40.68434329188785, 86.29700906828248
40.738806937526256, 86.1148438880802
40.793270583164656, 85.93267870787797
40.84773422880306, 85.7505135276757
40.90219787444147, 85.56834834747343
40.95666152007987, 85.38618316727118
41.011125165718276, 85.20401798706892
41.06558881135668, 85.02185280686665
41.12005245699508, 84.8396876266644
41.17451610263349, 84.65752244646214
41.22897974827189, 84.47535726625989
41.2834433939103, 84.29319208605763
41.3379070395487, 84.11102690585535
41.3923706851871, 83.92886172565312
41.44683433082551, 83.74669654545085
41.50129797646391, 83.5645313652486
41.55576162210232, 83.38236618504634
41.610225267740724, 83.20020100484408
41.66468891337912, 83.01803582464183
41.71915255901753, 82.83587064443955
41.77361620465593, 82.65370546423732
41.82807985029434, 82.47154028403504
41.882543495932744, 82.28937510383278
41.937007141571144, 82.10720992363053
41.99147078720955, 81.92504474342827
42.04593443284795, 81.74287956322603
42.10039807848636, 81.56071438302375
42.154861724124764, 81.37854920282149
42.209325369763164, 81.19638402261924
42.26378901540157, 81.01421884241698
42.31825266103997, 80.83205366221473
42.37271630667838, 80.64988848201247
42.427179952316784, 80.4677233018102
42.481643597955184, 80.28555812160795
42.53610724359359, 80.10339294140569
42.59057088923199, 79.92122776120344
42.6450345348704, 79.73906258100118
42.699498180508805, 79.5568974007989
42.753961826147204, 79.37473222059667
42.80842547178561, 79.1925670403944
42.86288911742402, 79.01040186019213
42.91735276306242, 78.82823667998989
42.971816408700825, 78.64607149978762
43.026280054339225, 78.46390631958538
43.08074369997763, 78.28174113938312
43.13520734561604, 78.09957595918084
43.18967099125444, 77.91741077897859
43.244134636892845, 77.73524559877633
43.298598282531245, 77.55308041857408
43.35306192816965, 77.37091523837182
43.40752557380806, 77.18875005816955
43.46198921944646, 77.00658487796731
43.516452865084865, 76.82441969776504
43.570916510723265, 76.64225451756279
43.62538015636167, 76.46008933736053
43.67984380200008, 76.27792415715827
43.73430744763848, 76.09575897695602
43.788771093276885, 75.91359379675374
43.843234738915285, 75.73142861655151
43.89769838455369, 75.54926343634924
43.9521620301921, 75.36709825614697
44.0066256758305, 75.18493307594473
44.061089321468906, 75.00276789574247
44.115552967107305, 74.82060271554022
44.17001661274571, 74.63843753533794
44.22448025838412, 74.45627235513568
44.27894390402252, 74.27410717493343
44.333407549660926, 74.09194199473117
44.387871195299326, 73.90977681452893
44.44233484093773, 73.72761163432666
44.49679848657614, 73.54544645412439
44.55126213221454, 73.36328127392215
44.605725777852946, 73.18111609371988
44.660189423491346, 72.99895091351763
44.71465306912975, 72.81678573331537
44.76911671476816, 72.63462055311311
44.82358036040656, 72.45245537291086
44.878044006044966, 72.27029019270859
44.93250765168337, 72.08812501250632
44.98697129732177, 71.90595983230408
45.04143494296018, 71.72379465210182
45.09589858859858, 71.54162947189957
45.15036223423699, 71.3594642916973
45.20482587987539, 71.17729911149503
45.25928952551379, 70.99513393129278
45.3137531711522, 70.81296875109052
45.3682168167906, 70.63080357088828
45.42268046242901, 70.44863839068601
45.477144108067414, 70.26647321048374
45.53160775370581, 70.0843080302815
45.58607139934422, 69.90214285007923
45.64053504498262, 69.71997766987698
45.69499869062103, 69.53781248967472
45.749462336259434, 69.35564730947246
45.803925981897834, 69.17348212927021
45.85838962753624, 68.99131694906794
45.91285327317464, 68.8091517688657
45.96731691881305, 68.62698658866343
46.021780564451454, 68.44482140846117
46.076244210089854, 68.26265622825892
46.13070785572826, 68.08049104805664
46.18517150136666, 67.89832586785441
46.23963514700507, 67.71616068765215
46.294098792643474, 67.53399550744987
46.348562438281874, 67.35183032724763
46.40302608392028, 67.16966514704536
46.45748972955868, 66.98749996684312
46.51195337519709, 66.80533478664086
46.566417020835495, 66.62316960643858
46.620880666473894, 66.44100442623633
46.6753443121123, 66.25883924603407
46.7298079577507, 66.07667406583182
46.78427160338911, 65.89450888562956
46.838735249027515, 65.71234370542729
46.893198894665915, 65.53017852522505
46.94766254030432, 65.34801334502278
47.00212618594273, 65.16584816482052
47.05658983158113, 64.98368298461827
47.111053477219535, 64.80151780441601
47.165517122857935, 64.61935262421376
47.21998076849634, 64.4371874440115
47.27444441413475, 64.25502226380922
47.32890805977315, 64.07285708360698
47.383371705411555, 63.890691903404715
47.437835351049955, 63.70852672320247
47.49229899668836, 63.526361543000206
47.54676264232677, 63.34419636279793
47.60122628796517, 63.16203118259569
47.655689933603576, 62.97986600239342
47.710153579241975, 62.79770082219118
47.76461722488038, 62.61553564198891
47.81908087051879, 62.433370461786645
47.87354451615719, 62.251205281584404
47.928008161795596, 62.06904010138213
47.982471807433996, 61.88687492117989
48.0369354530724, 61.70470974097762
48.09139909871081, 61.52254456077536
48.14586274434921, 61.34037938057311
48.200326389987616, 61.15821420037084
48.254790035626016, 60.9760490201686
48.30925368126442, 60.793883839966334
48.36371732690283, 60.611718659764065
48.41818097254123, 60.42955347956182
48.472644618179636, 60.24738829935956
48.527108263818036, 60.06522311915731
48.58157190945644, 59.88305793895505
48.63603555509485, 59.70089275875277
48.69049920073325, 59.51872757855053
48.744962846371656, 59.33656239834826
48.799426492010056, 59.154397218146016
48.85389013764846, 58.972232037943755
48.90835378328687, 58.790066857741486
48.96281742892527, 58.607901677539246
49.01728107456368, 58.42573649733697
49.071744720202084, 58.24357131713471
49.12620836584048, 58.06140613693246
49.18067201147889, 57.8792409567302
49.23513565711729, 57.69707577652795
49.2895993027557, 57.514910596325684
49.344062948394104, 57.332745416123416
49.398526594032504, 57.15058023592117
49.45299023967091, 56.96841505571891
49.50745388530931, 56.78624987551666
49.56191753094772, 56.6040846953144
49.616381176586124, 56.42191951511212
49.670844822224524, 56.23975433490988
49.72530846786293, 56.057589154707614
49.77977211350133, 55.87542397450537
49.83423575913974, 55.693258794303105
49.888699404778144, 55.51109361410084
49.943163050416544, 55.3289284338986
49.99762669605495, 55.14676325369632
50.05209034169335, 54.96459807349408
50.10655398733176, 54.78243289329181
50.161017632970164, 54.60026771308955
50.215481278608564, 54.4181025328873
50.26994492424697, 54.235937352685035
50.32440856988537, 54.053772172482795
50.37887221552378, 53.871606992280526
50.433335861162185, 53.68944181207826
50.487799506800584, 53.50727663187601
50.54226315243899, 53.32511145167375
50.59672679807739, 53.1429462714715
50.6511904437158, 52.96078109126923
50.705654089354205, 52.778615911066964
50.760117734992605, 52.596450730864724
50.81458138063101, 52.414285550662456
50.86904502626942, 52.23212037046019
50.92350867190782, 52.04995519025795
50.977972317546225, 51.86779001005568
51.032435963184625, 51.68562482985343
51.08689960882303, 51.50345964965116
51.14136325446144, 51.3212944694489
51.19582690009984, 51.139129289246654
51.250290545738245, 50.956964109044385
51.304754191376645, 50.774798928842145
51.35921783701505, 50.59263374863988
51.41368148265346, 50.41046856843761
51.46814512829186, 50.22830338823537
51.522608773930266, 50.0461382080331
51.577072419568665, 49.86397302783085
51.63153606520707, 49.68180784762858
51.68599971084548, 49.49964266742632
51.74046335648388, 49.317477487224075
51.794927002122286, 49.135312307021806
51.849390647760686, 48.953147126819566
51.90385429339909, 48.7709819466173
51.9583179390375, 48.58881676641503
52.0127815846759, 48.40665158621278
52.067245230314306, 48.22448640601052
52.121708875952706, 48.04232122580827
52.17617252159111, 47.860156045606004
52.23063616722952, 47.677990865403736
52.28509981286792, 47.495825685201496
52.339563458506326, 47.31366050499923
52.394027104144726, 47.13149532479699
52.44849074978313, 46.94933014459472
52.50295439542154, 46.76716496439245
52.55741804105994, 46.5849997841902
52.61188168669835, 46.40283460398794
52.666345332336746, 46.220669423785694
52.72080897797515, 46.038504243583425
52.77527262361356, 45.85633906338116
52.82973626925196, 45.674173883178916
52.88419991489037, 45.49200870297665
52.938663560528774, 45.30984352277438
52.99312720616717, 45.12767834257214
53.04759085180558, 44.94551316236987
53.10205449744398, 44.76334798216762
53.15651814308239, 44.581182801965355
53.210981788720794, 44.39901762176309
53.265445434359194, 44.216852441560846
53.3199090799976, 44.03468726135858
53.374372725636, 43.85252208115634
53.42883637127441, 43.67035690095407
53.483300016912814, 43.4881917207518
53.537763662551214, 43.30602654054956
53.59222730818962, 43.12386136034729
53.64669095382802, 42.941696180145044
53.70115459946643, 42.759530999942776
53.755618245104834, 42.577365819740514
53.810081890743234, 42.39520063953827
53.86454553638164, 42.213035459336
53.91900918202004, 42.03087027913376
53.97347282765845, 41.84870509893149
54.027936473296855, 41.66653991872922
54.082400118935254, 41.484374738526974
54.13686376457366, 41.30220955832471
54.19132741021206, 41.120044378122465
54.24579105585047, 40.937879197920196
54.300254701488875, 40.75571401771793
54.354718347127275, 40.57354883751569
54.40918199276568, 40.39138365731342
