Parameters: [46.77090375352367, 20.3895909715173, 13.14499870158196, 38.25346741166814, 4.0714875354127305, -0.12103251359380174, -2.9523110830452257]
Points:
0.0, 20.3895909715173
0.046817721474998665, 20.58020874093918
0.09363544294999733, 20.770826510361065
0.140453164424996, 20.961444279782945
0.18727088589999466, 21.15206204920483
0.23408860737499332, 21.34267981862671
0.280906328849992, 21.533297588048594
0.32772405032499063, 21.723915357470474
0.3745417717999893, 21.914533126892355
0.421359493274988, 22.10515089631424
0.46817721474998664, 22.29576866573612
0.5149949362249853, 22.486386435158003
0.561812657699984, 22.677004204579884
0.6086303791749826, 22.867621974001764
0.6554481006499813, 23.05823974342365
0.70226582212498, 23.24885751284553
0.7490835435999786, 23.439475282267413
0.7959012650749773, 23.630093051689293
0.842718986549976, 23.820710821111177
0.8895367080249746, 24.011328590533058
0.9363544294999733, 24.20194635995494
0.983172150974972, 24.392564129376822
1.0299898724499705, 24.583181898798703
1.0768075939249693, 24.773799668220587
1.123625315399968, 24.964417437642467
1.1704430368749665, 25.15503520706435
1.2172607583499653, 25.34565297648623
1.264078479824964, 25.536270745908112
1.3108962012999625, 25.726888515329996
1.3577139227749613, 25.917506284751877
1.40453164424996, 26.10812405417376
1.4513493657249585, 26.29874182359564
1.4981670871999573, 26.489359593017525
1.544984808674956, 26.679977362439406
1.5918025301499545, 26.870595131861286
1.6386202516249533, 27.06121290128317
1.685437973099952, 27.251830670705054
1.7322556945749505, 27.442448440126935
1.7790734160499493, 27.633066209548815
1.825891137524948, 27.8236839789707
1.8727088589999465, 28.01430174839258
1.9195265804749453, 28.20491951781446
1.966344301949944, 28.395537287236344
2.0131620234249428, 28.586155056658228
2.059979744899941, 28.776772826080105
2.10679746637494, 28.96739059550199
2.1536151878499386, 29.158008364923873
2.2004329093249373, 29.348626134345754
2.247250630799936, 29.539243903767634
2.2940683522749348, 29.729861673189518
2.340886073749933, 29.9204794426114
2.387703795224932, 30.11109721203328
2.4345215166999306, 30.301714981455163
2.4813392381749293, 30.492332750877047
2.528156959649928, 30.682950520298927
2.574974681124927, 30.873568289720808
2.621792402599925, 31.064186059142692
2.668610124074924, 31.254803828564572
2.7154278455499226, 31.445421597986453
2.7622455670249213, 31.636039367408337
2.80906328849992, 31.82665713683022
2.855881009974919, 32.0172749062521
2.902698731449917, 32.20789267567398
2.949516452924916, 32.398510445095866
2.9963341743999146, 32.58912821451774
3.0431518958749133, 32.77974598393963
3.089969617349912, 32.97036375336151
3.1367873388249103, 33.16098152278339
3.183605060299909, 33.35159929220528
3.230422781774908, 33.542217061627156
3.2772405032499066, 33.73283483104904
3.3240582247249053, 33.923452600470924
3.370875946199904, 34.1140703698928
3.4176936676749023, 34.304688139314685
3.464511389149901, 34.49530590873657
3.5113291106249, 34.685923678158446
3.5581468320998986, 34.87654144758033
3.6049645535748973, 35.067159217002214
3.651782275049896, 35.2577769864241
3.6985999965248944, 35.448394755845975
3.745417717999893, 35.63901252526786
3.792235439474892, 35.82963029468974
3.8390531609498906, 36.02024806411163
3.8858708824248893, 36.210865833533504
3.932688603899888, 36.40148360295539
3.9795063253748864, 36.59210137237727
4.0263240468498855, 36.78271914179915
4.073141768324884, 36.97333691122103
4.119959489799882, 37.16395468064292
4.166777211274881, 37.35457245006479
4.21359493274988, 37.54519021948668
4.260412654224878, 37.73580798890856
4.307230375699877, 37.92642575833044
4.354048097174876, 38.11704352775233
4.400865818649875, 38.30766129717421
4.447683540124873, 38.49827906659609
4.494501261599872, 38.688896836017975
4.541318983074871, 38.87951460543985
4.5881367045498695, 39.070132374861736
4.634954426024867, 39.26075014428362
4.681772147499866, 39.4513679137055
4.728589868974865, 39.64198568312738
4.775407590449864, 39.832603452549264
4.822225311924862, 40.02322122197114
4.869043033399861, 40.213838991393025
4.91586075487486, 40.40445676081491
4.962678476349859, 40.595074530236786
5.009496197824857, 40.78569229965868
5.056313919299856, 40.976310069080554
5.103131640774855, 41.16692783850244
5.149949362249854, 41.35754560792432
5.196767083724851, 41.5481633773462
5.24358480519985, 41.738781146768076
5.290402526674849, 41.92939891618997
5.337220248149848, 42.120016685611844
5.384037969624846, 42.31063445503373
5.430855691099845, 42.50125222445561
5.477673412574844, 42.69186999387749
5.524491134049843, 42.88248776329937
5.571308855524841, 43.07310553272126
5.61812657699984, 43.263723302143134
5.664944298474839, 43.454341071565025
5.711762019949838, 43.6449588409869
5.758579741424835, 43.83557661040878
5.805397462899834, 44.02619437983066
5.852215184374833, 44.21681214925255
5.899032905849832, 44.407429918674424
5.94585062732483, 44.598047688096315
5.992668348799829, 44.78866545751819
6.039486070274828, 44.979283226940076
6.086303791749827, 45.16990099636196
6.133121513224825, 45.36051876578384
6.179939234699824, 45.55113653520572
6.226756956174823, 45.741754304627605
6.273574677649821, 45.93237207404948
6.320392399124819, 46.122989843471366
6.367210120599818, 46.31360761289325
6.414027842074817, 46.50422538231513
6.460845563549816, 46.69484315173702
6.507663285024814, 46.885460921158895
6.554481006499813, 47.07607869058078
6.601298727974812, 47.26669646000266
6.648116449449811, 47.45731422942454
6.694934170924809, 47.647931998846424
6.741751892399808, 47.83854976826831
6.788569613874807, 48.029167537690185
6.835387335349805, 48.21978530711207
6.882205056824803, 48.41040307653395
6.929022778299802, 48.60102084595583
6.975840499774801, 48.791638615377714
7.0226582212498, 48.9822563847996
7.069475942724798, 49.172874154221475
7.116293664199797, 49.363491923643366
7.163111385674796, 49.55410969306524
7.209929107149795, 49.74472746248713
7.256746828624793, 49.93534523190901
7.303564550099792, 50.12596300133089
7.350382271574791, 50.31658077075277
7.397199993049789, 50.507198540174656
7.444017714524787, 50.69781630959653
7.490835435999786, 50.88843407901842
7.537653157474785, 51.0790518484403
7.584470878949784, 51.26966961786218
7.631288600424782, 51.46028738728406
7.678106321899781, 51.650905156705946
7.72492404337478, 51.84152292612782
7.771741764849779, 52.032140695549714
7.818559486324777, 52.22275846497159
7.865377207799776, 52.413376234393475
7.912194929274774, 52.60399400381535
7.959012650749773, 52.794611773237236
8.005830372224771, 52.98522954265912
8.052648093699771, 53.175847312081004
8.099465815174769, 53.36646508150288
8.146283536649769, 53.557082850924765
8.193101258124766, 53.74770062034665
8.239918979599764, 53.938318389768526
8.286736701074764, 54.12893615919041
8.333554422549762, 54.31955392861229
8.380372144024761, 54.51017169803418
8.42718986549976, 54.700789467456055
8.474007586974759, 54.89140723687794
8.520825308449757, 55.08202500629982
8.567643029924756, 55.27264277572171
8.614460751399754, 55.463260545143584
8.661278472874754, 55.65387831456547
8.708096194349752, 55.84449608398735
8.75491391582475, 56.03511385340923
8.80173163729975, 56.22573162283111
8.848549358774747, 56.41634939225299
8.895367080249747, 56.60696716167488
8.942184801724745, 56.79758493109676
8.989002523199744, 56.98820270051864
9.035820244674742, 57.17882046994052
9.082637966149742, 57.36943823936241
9.12945568762474, 57.56005600878429
9.176273409099739, 57.75067377820617
9.223091130574737, 57.94129154762805
9.269908852049735, 58.13190931704993
9.316726573524734, 58.322527086471815
9.363544294999732, 58.51314485589369
9.410362016474732, 58.703762625315576
9.45717973794973, 58.89438039473746
9.50399745942473, 59.084998164159344
9.550815180899727, 59.27561593358122
9.597632902374727, 59.466233703003105
9.644450623849725, 59.65685147242499
9.691268345324724, 59.84746924184687
9.738086066799722, 60.03808701126875
9.784903788274722, 60.228704780690634
9.83172150974972, 60.41932255011252
9.878539231224718, 60.609940319534395
9.925356952699717, 60.80055808895628
9.972174674174715, 60.991175858378156
10.018992395649715, 61.18179362780005
10.065810117124713, 61.372411397221924
10.112627838599712, 61.56302916664381
10.15944556007471, 61.753646936065685
10.20626328154971, 61.944264705487576
10.253081003024707, 62.13488247490945
10.299898724499707, 62.32550024433134
10.346716445974705, 62.516118013753214
10.393534167449703, 62.7067357831751
10.440351888924702, 62.89735355259698
10.4871696103997, 63.08797132201886
10.5339873318747, 63.27858909144075
10.580805053349698, 63.46920686086263
10.627622774824697, 63.65982463028451
10.674440496299695, 63.85044239970639
10.721258217774695, 64.04106016912829
10.768075939249693, 64.23167793855015
10.814893660724692, 64.42229570797204
10.86171138219969, 64.61291347739392
10.908529103674688, 64.8035312468158
10.955346825149688, 64.99414901623769
11.002164546624686, 65.18476678565956
11.048982268099685, 65.37538455508144
11.095799989574683, 65.56600232450333
11.142617711049683, 65.75662009392522
11.18943543252468, 65.94723786334708
11.23625315399968, 66.13785563276898
11.283070875474678, 66.32847340219087
11.329888596949678, 66.51909117161274
11.376706318424676, 66.70970894103462
11.423524039899675, 66.90032671045651
11.470341761374673, 67.09094447987839
11.51715948284967, 67.28156224930026
11.56397720432467, 67.47218001872216
11.610794925799668, 67.66279778814402
11.657612647274668, 67.85341555756591
11.704430368749666, 68.0440333269878
11.751248090224665, 68.23465109640968
11.798065811699663, 68.42526886583155
11.844883533174663, 68.61588663525345
11.89170125464966, 68.80650440467532
11.93851897612466, 68.9971221740972
11.985336697599658, 69.18773994351909
12.032154419074656, 69.37835771294097
12.078972140549656, 69.56897548236284
12.125789862024654, 69.75959325178474
12.172607583499653, 69.95021102120661
12.219425304974651, 70.14082879062849
12.26624302644965, 70.33144656005038
12.313060747924649, 70.52206432947226
12.359878469399648, 70.71268209889413
12.406696190874646, 70.90329986831603
12.453513912349646, 71.09391763773792
12.500331633824644, 71.28453540715978
12.547149355299641, 71.47515317658167
12.593967076774641, 71.66577094600356
12.640784798249639, 71.85638871542542
12.687602519724638, 72.04700648484732
12.734420241199636, 72.2376242542692
12.781237962674636, 72.42824202369108
12.828055684149634, 72.61885979311296
12.874873405624633, 72.80947756253485
12.921691127099631, 73.00009533195673
12.968508848574631, 73.1907131013786
13.015326570049629, 73.3813308708005
13.062144291524628, 73.57194864022237
13.108962012999626, 73.76256640964425
13.155779734474624, 73.90798448251464
13.202597455949624, 73.90231801600379
13.249415177424622, 73.89665154949293
13.296232898899621, 73.89098508298208
13.343050620374619, 73.88531861647122
13.389868341849619, 73.87965214996038
13.436686063324617, 73.87398568344952
13.483503784799616, 73.86831921693866
13.530321506274614, 73.86265275042781
13.577139227749614, 73.85698628391695
13.623956949224612, 73.85131981740611
13.67077467069961, 73.84565335089525
13.717592392174609, 73.8399868843844
13.764410113649607, 73.83432041787354
13.811227835124607, 73.8286539513627
13.858045556599604, 73.82298748485184
13.904863278074604, 73.81732101834098
13.951680999549602, 73.81165455183013
13.998498721024601, 73.80598808531927
14.0453164424996, 73.80032161880843
14.092134163974599, 73.79465515229757
14.138951885449597, 73.78898868578672
14.185769606924595, 73.78332221927586
14.232587328399594, 73.77765575276501
14.279405049874592, 73.77198928625415
14.326222771349592, 73.7663228197433
14.37304049282459, 73.76065635323245
14.41985821429959, 73.75498988672159
14.466675935774587, 73.74932342021074
14.513493657249587, 73.74365695369988
14.560311378724585, 73.73799048718904
14.607129100199584, 73.73232402067818
14.653946821674582, 73.72665755416733
14.700764543149582, 73.72099108765647
14.74758226462458, 73.71532462114561
14.794399986099577, 73.70965815463477
14.841217707574577, 73.7039916881239
14.888035429049575, 73.69832522161306
14.934853150524575, 73.6926587551022
14.981670871999572, 73.68699228859136
15.028488593474572, 73.6813258220805
15.07530631494957, 73.67565935556965
15.12212403642457, 73.66999288905879
15.168941757899567, 73.66432642254793
15.215759479374567, 73.65865995603708
15.262577200849565, 73.65299348952622
15.309394922324563, 73.64732702301538
15.356212643799562, 73.64166055650452
15.40303036527456, 73.63599408999367
15.44984808674956, 73.63032762348281
15.496665808224558, 73.62466115697197
15.543483529699557, 73.61899469046111
15.590301251174555, 73.61332822395025
15.637118972649555, 73.6076617574394
15.683936694124553, 73.60199529092854
15.730754415599552, 73.5963288244177
15.77757213707455, 73.59066235790684
15.824389858549548, 73.58499589139599
15.871207580024548, 73.57932942488513
15.918025301499545, 73.57366295837429
15.964843022974545, 73.56799649186343
16.011660744449543, 73.56233002535257
16.05847846592454, 73.55666355884172
16.105296187399542, 73.55099709233086
16.15211390887454, 73.54533062582001
16.198931630349538, 73.53966415930915
16.245749351824536, 73.53399769279831
16.292567073299537, 73.52833122628745
16.339384794774535, 73.52266475977659
16.386202516249533, 73.51699829326574
16.43302023772453, 73.51133182675488
16.47983795919953, 73.50566536024404
16.52665568067453, 73.49999889373318
16.573473402149528, 73.49433242722233
16.620291123624526, 73.48866596071147
16.667108845099524, 73.48299949420063
16.713926566574525, 73.47733302768977
16.760744288049523, 73.4716665611789
16.80756200952452, 73.46600009466806
16.85437973099952, 73.4603336281572
16.901197452474516, 73.45466716164636
16.948015173949518, 73.4490006951355
16.994832895424516, 73.44333422862465
17.041650616899513, 73.43766776211379
17.08846833837451, 73.43200129560294
17.135286059849513, 73.42633482909208
17.18210378132451, 73.42066836258122
17.22892150279951, 73.41500189607038
17.275739224274506, 73.40933542955952
17.322556945749508, 73.40366896304867
17.369374667224506, 73.39800249653781
17.416192388699503, 73.39233603002697
17.4630101101745, 73.38666956351611
17.5098278316495, 73.38100309700526
17.5566455531245, 73.3753366304944
17.6034632745995, 73.36967016398354
17.650280996074496, 73.3640036974727
17.697098717549494, 73.35833723096184
17.743916439024495, 73.35267076445099
17.790734160499493, 73.34700429794013
17.83755188197449, 73.34133783142929
17.88436960344949, 73.33567136491843
17.93118732492449, 73.33000489840758
17.97800504639949, 73.32433843189672
18.024822767874486, 73.31867196538586
18.071640489349484, 73.31300549887501
18.118458210824482, 73.30733903236415
18.165275932299483, 73.30167256585331
18.21209365377448, 73.29600609934245
18.25891137524948, 73.2903396328316
18.305729096724477, 73.28467316632074
18.352546818199478, 73.2790066998099
18.399364539674476, 73.27334023329904
18.446182261149474, 73.26767376678818
18.49299998262447, 73.26200730027733
18.53981770409947, 73.25634083376647
18.58663542557447, 73.25067436725563
18.63345314704947, 73.24500790074477
18.680270868524467, 73.23934143423392
18.727088589999465, 73.23367496772306
18.773906311474466, 73.2280085012122
18.820724032949464, 73.22234203470136
18.86754175442446, 73.2166755681905
18.91435947589946, 73.21100910167965
18.96117719737446, 73.20534263516879
19.00799491884946, 73.19967616865794
19.054812640324457, 73.19400970214708
19.101630361799455, 73.18834323563624
19.148448083274452, 73.18267676912538
19.195265804749454, 73.17701030261452
19.24208352622445, 73.17134383610367
19.28890124769945, 73.16567736959281
19.335718969174447, 73.16001090308197
19.38253669064945, 73.15434443657111
19.429354412124447, 73.14867797006026
19.476172133599444, 73.1430115035494
19.522989855074442, 73.13734503703856
19.569807576549444, 73.1316785705277
19.61662529802444, 73.12601210401684
19.66344301949944, 73.12034563750599
19.710260740974437, 73.11467917099513
19.757078462449435, 73.10901270448429
19.803896183924437, 73.10334623797343
19.850713905399434, 73.09767977146258
19.897531626874432, 73.09201330495172
19.94434934834943, 73.08634683844087
19.99116706982443, 73.08068037193001
20.03798479129943, 73.07501390541915
20.084802512774427, 73.06934743890831
20.131620234249425, 73.06368097239745
20.178437955724423, 73.0580145058866
20.225255677199424, 73.05234803937574
20.272073398674422, 73.0466815728649
20.31889112014942, 73.04101510635404
20.365708841624418, 73.03534863984319
20.41252656309942, 73.02968217333233
20.459344284574417, 73.02401570682147
20.506162006049415, 73.01834924031063
20.552979727524413, 73.01268277379977
20.599797448999414, 73.00701630728892
20.646615170474412, 73.00134984077806
20.69343289194941, 72.99568337426722
20.740250613424408, 72.99001690775636
20.787068334899406, 72.98435044124551
20.833886056374407, 72.97868397473465
20.880703777849405, 72.97301750822379
20.927521499324403, 72.96735104171294
20.9743392207994, 72.96168457520209
21.021156942274402, 72.95601810869124
21.0679746637494, 72.95035164218038
21.114792385224398, 72.94468517566953
21.161610106699396, 72.93901870915867
21.208427828174397, 72.93335224264783
21.255245549649395, 72.92768577613697
21.302063271124393, 72.92201930962611
21.34888099259939, 72.91635284311526
21.39569871407439, 72.9106863766044
21.44251643554939, 72.90501991009356
21.489334157024388, 72.8993534435827
21.536151878499386, 72.89368697707185
21.582969599974383, 72.88802051056099
21.629787321449385, 72.88235404405015
21.676605042924383, 72.87668757753929
21.72342276439938, 72.87102111102843
21.77024048587438, 72.86535464451758
21.817058207349376, 72.85968817800672
21.863875928824378, 72.85402171149588
21.910693650299375, 72.84835524498502
21.957511371774373, 72.84268877847417
22.00432909324937, 72.83702231196331
22.051146814724373, 72.83135584545245
22.09796453619937, 72.8256893789416
22.14478225767437, 72.82002291243074
22.191599979149366, 72.8143564459199
22.238417700624368, 72.80868997940904
22.285235422099365, 72.80302351289819
22.332053143574363, 72.79735704638733
22.37887086504936, 72.79169057987649
22.42568858652436, 72.78602411336563
22.47250630799936, 72.78035764685477
22.519324029474358, 72.77469118034392
22.566141750949356, 72.76902471383306
22.612959472424354, 72.76335824732222
22.659777193899355, 72.75769178081136
22.706594915374353, 72.75202531430051
22.75341263684935, 72.74635884778965
22.80023035832435, 72.7406923812788
22.84704807979935, 72.73502591476795
22.893865801274348, 72.72935944825709
22.940683522749346, 72.72369298174624
22.987501244224344, 72.71802651523538
23.03431896569934, 72.71236004872453
23.081136687174343, 72.70669358221367
23.12795440864934, 72.70102711570283
23.17477213012434, 72.69536064919197
23.221589851599337, 72.68969418268112
23.268407573074338, 72.68402771617026
23.315225294549336, 72.6783612496594
23.362043016024334, 72.67269478314856
23.40886073749933, 72.6670283166377
23.45567845897433, 72.66136185012685
23.50249618044933, 72.65569538361599
23.54931390192433, 72.65002891710515
23.596131623399327, 72.64436245059429
23.642949344874324, 72.63869598408344
23.689767066349326, 72.63302951757258
23.736584787824324, 72.62736305106172
23.78340250929932, 72.62169658455088
23.83022023077432, 72.61603011804002
23.87703795224932, 72.61036365152917
23.92385567372432, 72.60469718501831
23.970673395199317, 72.59903071850746
24.017491116674314, 72.5933642519966
24.064308838149312, 72.58769778548576
24.111126559624314, 72.5820313189749
24.15794428109931, 72.57636485246404
24.20476200257431, 72.5706983859532
24.251579724049307, 72.56503191944233
24.29839744552431, 72.55936545293149
24.345215166999306, 72.55369898642063
24.392032888474304, 72.54803251990978
24.438850609949302, 72.54236605339892
24.485668331424304, 72.53669958688806
24.5324860528993, 72.53103312037722
24.5793037743743, 72.52536665386636
24.626121495849297, 72.51970018735551
24.672939217324295, 72.51403372084465
24.719756938799296, 72.5083672543338
24.766574660274294, 72.50270078782295
24.813392381749292, 72.4970343213121
24.86021010322429, 72.49136785480124
24.90702782469929, 72.48570138829038
24.95384554617429, 72.48003492177953
25.000663267649287, 72.47436845526867
25.047480989124285, 72.46870198875783
25.094298710599283, 72.46303552224697
25.141116432074284, 72.45736905573612
25.187934153549282, 72.45170258922526
25.23475187502428, 72.44603612271442
25.281569596499278, 72.44036965620356
25.32838731797428, 72.4347031896927
25.375205039449277, 72.42903672318185
25.422022760924275, 72.42337025667099
25.468840482399273, 72.41770379016015
25.515658203874274, 72.41203732364929
25.562475925349272, 72.40637085713844
25.60929364682427, 72.40070439062758
25.656111368299268, 72.39503792411674
25.702929089774265, 72.38937145760588
25.749746811249267, 72.38370499109502
25.796564532724265, 72.37803852458417
25.843382254199263, 72.37237205807331
25.89019997567426, 72.36670559156246
25.937017697149262, 72.3610391250516
25.98383541862426, 72.35537265854076
26.030653140099258, 72.3497061920299
26.077470861574255, 72.34403972551905
26.124288583049257, 72.3383732590082
26.171106304524255, 72.33270679249733
26.217924025999253, 72.32704032598649
26.26474174747425, 72.32137385947563
26.31155946894925, 72.31570739296478
26.35837719042425, 72.31004092645392
26.405194911899248, 72.30437445994308
26.452012633374245, 72.29870799343222
26.498830354849243, 72.29304152692137
26.545648076324245, 72.28737506041051
26.592465797799242, 72.28170859389965
26.63928351927424, 72.2760421273888
26.686101240749238, 72.27037566087795
26.732918962224236, 72.2647091943671
26.779736683699237, 72.25904272785624
26.826554405174235, 72.2533762613454
26.873372126649233, 72.24770979483453
26.92018984812423, 72.24204332832369
26.967007569599232, 72.23637686181283
27.01382529107423, 72.23071039530197
27.060643012549228, 72.22504392879112
27.107460734024226, 72.21937746228026
27.154278455499227, 72.21371099576942
27.201096176974225, 72.20804452925856
27.247913898449223, 72.20237806274771
27.29473161992422, 72.19671159623685
27.34154934139922, 72.191045129726
27.38836706287422, 72.18537866321515
27.435184784349218, 72.17971219670429
27.482002505824216, 72.17404573019344
27.528820227299214, 72.16837926368258
27.575637948774215, 72.16271279717174
27.622455670249213, 72.15704633066088
27.66927339172421, 72.15137986415003
27.71609111319921, 72.14571339763917
27.76290883467421, 72.14004693112831
27.809726556149208, 72.13438046461746
27.856544277624206, 72.1287139981066
27.903361999099204, 72.12304753159576
27.9501797205742, 72.1173810650849
27.996997442049203, 72.11171459857405
28.0438151635242, 72.1060481320632
28.0906328849992, 72.10038166555235
28.137450606474196, 72.09471519904149
28.184268327949198, 72.08904873253063
28.231086049424196, 72.08338226601978
28.277903770899194, 72.07771579950892
28.32472149237419, 72.07204933299808
28.37153921384919, 72.06638286648722
28.41835693532419, 72.06071639997637
28.46517465679919, 72.05504993346551
28.511992378274186, 72.04938346695467
28.558810099749184, 72.0437170004438
28.605627821224186, 72.03805053393295
28.652445542699184, 72.0323840674221
28.69926326417418, 72.02671760091124
28.74608098564918, 72.0210511344004
28.79289870712418, 72.01538466788953
28.83971642859918, 72.00971820137869
28.886534150074176, 72.00405173486783
28.933351871549174, 71.99838526835698
28.980169593024172, 71.99271880184612
29.026987314499173, 71.98705233533526
29.07380503597417, 71.98138586882442
29.12062275744917, 71.97571940231356
29.167440478924167, 71.97005293580271
29.21425820039917, 71.96438646929185
29.261075921874166, 71.958720002781
29.307893643349164, 71.95305353627015
29.354711364824162, 71.9473870697593
29.401529086299163, 71.94172060324844
29.44834680777416, 71.93605413673758
29.49516452924916, 71.93038767022674
29.541982250724157, 71.92472120371588
29.588799972199155, 71.91905473720503
29.635617693674156, 71.91338827069417
29.682435415149154, 71.90772180418332
29.729253136624152, 71.90205533767246
29.77607085809915, 71.89638887116162
29.82288857957415, 71.89072240465076
29.86970630104915, 71.8850559381399
29.916524022524147, 71.87938947162905
29.963341743999145, 71.8737230051182
30.010159465474143, 71.86805653860735
30.056977186949144, 71.86239007209649
30.103794908424142, 71.85672360558564
30.15061262989914, 71.85105713907478
30.197430351374138, 71.84539067256394
30.24424807284914, 71.83972420605308
30.291065794324137, 71.83405773954222
30.337883515799135, 71.82839127303137
30.384701237274133, 71.82272480652051
30.431518958749134, 71.81705834000967
30.478336680224132, 71.8113918734988
30.52515440169913, 71.80572540698796
30.571972123174127, 71.8000589404771
30.618789844649125, 71.79439247396624
30.665607566124127, 71.7887260074554
30.712425287599125, 71.78305954094454
30.759243009074122, 71.77739307443369
30.80606073054912, 71.77172660792283
30.85287845202412, 71.76606014141198
30.89969617349912, 71.76039367490112
30.946513894974117, 71.75472720839028
30.993331616449115, 71.74906074187942
31.040149337924117, 71.74339427536856
31.086967059399115, 71.73772780885771
31.133784780874112, 71.73206134234685
31.18060250234911, 71.72639487583601
31.227420223824108, 71.72072840932515
31.27423794529911, 71.7150619428143
31.321055666774107, 71.70939547630344
31.367873388249105, 71.7037290097926
31.414691109724103, 71.69806254328174
31.461508831199104, 71.69239607677088
31.508326552674102, 71.68672961026003
31.5551442741491, 71.68106314374917
31.601961995624098, 71.67539667723833
31.648779717099096, 71.66973021072747
31.695597438574097, 71.66406374421662
31.742415160049095, 71.65839727770576
31.789232881524093, 71.65273081119491
31.83605060299909, 71.64706434468405
31.882868324474092, 71.6413978781732
31.92968604594909, 71.63573141166235
31.976503767424088, 71.63006494515149
32.023321488899086, 71.62439847864064
32.07013921037409, 71.61873201212978
32.11695693184908, 71.61306554561894
32.16377465332408, 71.60739907910808
32.210592374799084, 71.60173261259723
32.25741009627408, 71.59606614608637
32.30422781774908, 71.59039967957551
32.351045539224074, 71.58473321306467
32.397863260699076, 71.5790667465538
32.44468098217408, 71.57340028004296
32.49149870364907, 71.5677338135321
32.53831642512407, 71.56206734702126
32.585134146599074, 71.5564008805104
32.63195186807407, 71.55073441399955
32.67876958954907, 71.54506794748869
32.725587311024064, 71.53940148097783
32.772405032499066, 71.53373501446698
32.81922275397407, 71.52806854795612
32.86604047544906, 71.52240208144528
32.91285819692406, 71.51673561493442
32.95967591839906, 71.51106914842357
33.00649363987406, 71.50540268191271
33.05331136134906, 71.49973621540187
33.100129082824054, 71.49406974889101
33.146946804299056, 71.48840328238015
33.19376452577406, 71.4827368158693
33.24058224724905, 71.47707034935844
33.28739996872405, 71.4714038828476
33.33421769019905, 71.46573741633674
33.38103541167405, 71.46007094982589
33.42785313314905, 71.45440448331503
33.474670854624044, 71.44873801680419
33.521488576099046, 71.44307155029333
33.56830629757404, 71.43740508378247
33.61512401904904, 71.43173861727162
33.66194174052404, 71.42607215076076
33.70875946199904, 71.42040568424991
33.75557718347404, 71.41473921773905
33.80239490494903, 71.40907275122821
33.849212626424034, 71.40340628471735
33.896030347899035, 71.3977398182065
33.94284806937403, 71.39207335169564
33.98966579084903, 71.38640688518478
34.03648351232403, 71.38074041867394
34.08330123379903, 71.37507395216308
34.13011895527403, 71.36940748565223
34.17693667674902, 71.36374101914137
34.223754398224024, 71.35807455263053
34.270572119699025, 71.35240808611967
34.31738984117402, 71.34674161960882
34.36420756264902, 71.34107515309796
34.411025284124015, 71.3354086865871
34.45784300559902, 71.32974222007626
34.50466072707402, 71.3240757535654
34.55147844854901, 71.31840928705455
34.598296170024014, 71.31274282054369
34.645113891499015, 71.30707635403284
34.69193161297401, 71.30140988752198
34.73874933444901, 71.29574342101112
34.785567055924005, 71.29007695450028
34.83238477739901, 71.28441048798942
34.87920249887401, 71.27874402147857
34.926020220349, 71.27307755496771
34.972837941824004, 71.26741108845687
35.019655663299, 71.26174462194601
35.066473384774, 71.25607815543516
35.113291106249, 71.2504116889243
35.160108827723995, 71.24474522241346
35.206926549199, 71.2390787559026
35.253744270674, 71.23341228939174
35.30056199214899, 71.22774582288089
35.347379713623994, 71.22207935637003
35.39419743509899, 71.21641288985919
35.44101515657399, 71.21074642334833
35.48783287804899, 71.20507995683748
35.534650599523985, 71.19941349032662
35.58146832099899, 71.19374702381576
35.62828604247398, 71.18808055730491
35.67510376394898, 71.18241409079405
35.721921485423984, 71.17674762428321
35.76873920689898, 71.17108115777235
35.81555692837398, 71.1654146912615
35.86237464984898, 71.15974822475064
35.909192371323975, 71.1540817582398
35.95601009279898, 71.14841529172894
36.00282781427397, 71.14274882521808
36.04964553574897, 71.13708235870723
36.096463257223974, 71.13141589219637
36.14328097869897, 71.12574942568553
36.19009870017397, 71.12008295917467
36.236916421648964, 71.11441649266382
36.283734143123965, 71.10875002615296
36.33055186459897, 71.10308355964212
36.37736958607396, 71.09741709313126
36.42418730754896, 71.0917506266204
36.471005029023964, 71.08608416010955
36.51782275049896, 71.08041769359869
36.56464047197396, 71.07475122708784
36.611458193448954, 71.06908476057698
36.658275914923955, 71.06341829406614
36.705093636398956, 71.05775182755528
36.75191135787395, 71.05208536104443
36.79872907934895, 71.04641889453357
36.845546800823946, 71.04075242802271
36.89236452229895, 71.03508596151187
36.93918224377395, 71.02941949500101
36.98599996524894, 71.02375302849016
37.032817686723945, 71.0180865619793
37.07963540819894, 71.01242009546846
37.12645312967394, 71.0067536289576
37.17327085114894, 71.00108716244674
37.220088572623936, 70.99542069593589
37.26690629409894, 70.98975422942503
37.31372401557394, 70.98408776291419
37.36054173704893, 70.97842129640333
37.407359458523935, 70.97275482989248
37.45417717999893, 70.96708836338162
37.50099490147393, 70.96142189687077
37.54781262294893, 70.95575543035991
37.594630344423926, 70.95008896384905
37.64144806589893, 70.94442249733821
37.68826578737392, 70.93875603082735
37.73508350884892, 70.9330895643165
37.781901230323925, 70.92742309780564
37.82871895179892, 70.9217566312948
37.87553667327392, 70.91609016478394
37.92235439474892, 70.91042369827309
37.969172116223916, 70.90475723176223
38.01598983769892, 70.89909076525137
38.06280755917391, 70.89342429874053
38.10962528064891, 70.88775783222967
38.156443002123915, 70.88209136571882
38.20326072359891, 70.87642489920796
38.25007844507391, 70.87075843269712
38.296896166548905, 70.74213306319439
38.343713888023906, 70.60391258520082
38.39053160949891, 70.46569210720725
38.4373493309739, 70.3274716292137
38.4841670524489, 70.18925115122012
38.530984773923905, 70.05103067322655
38.5778024953989, 69.912810195233
38.6246202168739, 69.77458971723944
38.671437938348895, 69.63636923924588
38.718255659823896, 69.49814876125231
38.7650733812989, 69.35992828325874
38.81189110277389, 69.2217078052652
38.85870882424889, 69.08348732727163
38.90552654572389, 68.94526684927807
38.95234426719889, 68.8070463712845
38.99916198867389, 68.66882589329093
39.045979710148885, 68.53060541529737
39.092797431623886, 68.3923849373038
39.13961515309889, 68.25416445931023
39.18643287457388, 68.11594398131669
39.23325059604888, 67.97772350332312
39.28006831752388, 67.83950302532956
39.32688603899888, 67.70128254733599
39.37370376047388, 67.56306206934242
39.420521481948875, 67.42484159134887
39.467339203423876, 67.2866211133553
39.51415692489887, 67.14840063536175
39.56097464637387, 67.01018015736818
39.60779236784887, 66.87195967937461
39.65461008932387, 66.73373920138106
39.70142781079887, 66.59551872338749
39.74824553227387, 66.45729824539391
39.795063253748864, 66.31907776740036
39.841880975223866, 66.18085728940679
39.88869869669886, 66.04263681141325
39.93551641817386, 65.90441633341968
39.98233413964886, 65.7661958554261
40.02915186112386, 65.62797537743255
40.07596958259886, 65.48975489943898
40.12278730407385, 65.35153442144544
40.169605025548854, 65.21331394345187
40.216422747023856, 65.0750934654583
40.26324046849885, 64.93687298746474
40.31005818997385, 64.79865250947117
40.356875911448846, 64.66043203147761
40.40369363292385, 64.52221155348404
40.45051135439885, 64.38399107549047
40.49732907587384, 64.24577059749693
40.544146797348844, 64.10755011950336
40.590964518823846, 63.96932964150978
40.63778224029884, 63.83110916351623
40.68459996177384, 63.69288868552266
40.731417683248836, 63.55466820752911
40.77823540472384, 63.41644772953554
40.82505312619884, 63.27822725154197
40.87187084767383, 63.14000677354842
40.918688569148834, 63.00178629555485
40.96550629062383, 62.863565817561295
41.01232401209883, 62.725345339567724
41.05914173357383, 62.587124861574154
41.105959455048826, 62.448904383580604
41.15277717652383, 62.310683905587034
41.19959489799883, 62.17246342759346
41.24641261947382, 62.034242949599914
41.293230340948824, 61.896022471606344
41.34004806242382, 61.75780199361279
41.38686578389882, 61.61958151561922
41.43368350537382, 61.481361037625646
41.480501226848816, 61.3431405596321
41.52731894832382, 61.20492008163853
41.57413666979881, 61.06669960364498
41.62095439127381, 60.92847912565141
41.667772112748814, 60.790258647657836
41.71458983422381, 60.65203816966429
41.76140755569881, 60.51381769167072
41.80822527717381, 60.37559721367714
41.855042998648806, 60.2373767356836
41.90186072012381, 60.09915625769002
41.9486784415988, 59.96093577969647
41.9954961630738, 59.8227153017029
42.042313884548804, 59.68449482370933
42.0891316060238, 59.54627434571578
42.1359493274988, 59.40805386772221
42.182767048973794, 59.26983338972866
42.229584770448795, 59.13161291173509
42.2764024919238, 58.99339243374152
42.32322021339879, 58.85517195574796
42.37003793487379, 58.71695147775439
42.416855656348794, 58.57873099976082
42.46367337782379, 58.44051052176727
42.51049109929879, 58.3022900437737
42.557308820773784, 58.16406956578015
42.604126542248785, 58.02584908778658
42.65094426372379, 57.88762860979301
42.69776198519878, 57.749408131799456
42.74457970667378, 57.611187653805885
42.79139742814878, 57.472967175812336
42.83821514962378, 57.334746697818765
42.88503287109878, 57.196526219825195
42.931850592573774, 57.058305741831646
42.978668314048775, 56.920085263838075
43.02548603552378, 56.781864785844505
43.07230375699877, 56.643644307850955
43.11912147847377, 56.505423829857385
43.16593919994877, 56.367203351863836
43.21275692142377, 56.228982873870265
43.25957464289877, 56.09076239587669
43.306392364373764, 55.95254191788314
43.353210085848765, 55.81432143988957
43.40002780732376, 55.67610096189602
43.44684552879876, 55.53788048390245
43.49366325027376, 55.39966000590888
43.54048097174876, 55.26143952791533
43.58729869322376, 55.12321904992176
43.63411641469875, 54.9849985719282
43.680934136173754, 54.84677809393463
43.727751857648755, 54.70855761594106
43.77456957912375, 54.57033713794751
43.82138730059875, 54.43211665995394
43.86820502207375, 54.29389618196037
43.91502274354875, 54.15567570396682
43.96184046502375, 54.01745522597325
44.00865818649874, 53.879234747979694
44.055475907973744, 53.741014269986124
44.102293629448745, 53.60279379199255
44.14911135092374, 53.46457331399901
44.19592907239874, 53.326352836005434
44.242746793873735, 53.188132358011885
44.28956451534874, 53.049911880018314
44.33638223682374, 52.91169140202474
44.38319995829873, 52.773470924031194
44.430017679773734, 52.63525044603762
44.476835401248735, 52.497029968044046
44.52365312272373, 52.358809490050504
44.57047084419873, 52.220589012056934
44.617288565673725, 52.08236853406338
44.664106287148726, 51.94414805606981
44.71092400862373, 51.805927578076236
44.75774173009872, 51.66770710008269
44.80455945157372, 51.52948662208912
44.85137717304872, 51.39126614409557
44.89819489452372, 51.253045666102
44.94501261599872, 51.114825188108426
44.991830337473715, 50.97660471011487
45.038648058948716, 50.8383842321213
45.08546578042372, 50.70016375412773
45.13228350189871, 50.56194327613418
45.17910122337371, 50.42372279814061
45.22591894484871, 50.28550232014706
45.27273666632371, 50.14728184215349
45.31955438779871, 50.00906136415992
45.366372109273705, 49.87084088616636
45.413189830748706, 49.73262040817279
45.4600075522237, 49.59439993017925
45.5068252736987, 49.45617945218568
45.5536429951737, 49.3179589741921
45.6004607166487, 49.17973849619855
45.6472784381237, 49.04151801820498
45.6940961595987, 48.90329754021141
45.740913881073695, 48.76507706221786
45.787731602548696, 48.626856584224285
45.83454932402369, 48.48863610623074
45.88136704549869, 48.35041562823717
45.92818476697369, 48.2121951502436
45.97500248844869, 48.073974672250046
46.02182020992369, 47.935754194256475
46.06863793139868, 47.797533716262926
46.115455652873685, 47.659313238269355
46.162273374348686, 47.521092760275785
46.20909109582368, 47.382872282282236
46.25590881729868, 47.244651804288665
46.30272653877368, 47.106431326295095
46.34954426024868, 46.96821084830154
46.39636198172368, 46.82999037030797
46.44317970319867, 46.69176989231442
46.489997424673675, 46.55354941432085
46.536815146148676, 46.41532893632728
46.58363286762367, 46.27710845833373
46.63045058909867, 46.13888798034016
46.677268310573666, 46.0006675023466
46.72408603204867, 45.86244702435303
46.77090375352367, 45.72422654635946
