Parameters: [52.80345567089925, 21.389156591569176, 8.373838504977572, 38.26270130063427, 3.9596409484963906, -0.18675325562130177, -2.9559931598193074]
Points:
0.0, 21.389156591569176
0.052856311982882126, 21.598448608883096
0.10571262396576425, 21.807740626197017
0.15856893594864638, 22.017032643510937
0.2114252479315285, 22.226324660824858
0.2642815599144106, 22.43561667813878
0.31713787189729276, 22.6449086954527
0.3699941838801749, 22.85420071276662
0.422850495863057, 23.06349273008054
0.4757068078459391, 23.27278474739446
0.5285631198288212, 23.48207676470838
0.5814194318117034, 23.691368782022302
0.6342757437945855, 23.900660799336222
0.6871320557774676, 24.109952816650143
0.7399883677603498, 24.319244833964063
0.7928446797432319, 24.528536851277984
0.845700991726114, 24.737828868591905
0.8985573037089961, 24.947120885905825
0.9514136156918782, 25.156412903219746
1.0042699276747604, 25.365704920533666
1.0571262396576424, 25.574996937847587
1.1099825516405246, 25.784288955161507
1.1628388636234068, 25.993580972475428
1.2156951756062888, 26.20287298978935
1.268551487589171, 26.41216500710327
1.3214077995720532, 26.62145702441719
1.3742641115549352, 26.83074904173111
1.4271204235378174, 27.04004105904503
1.4799767355206996, 27.24933307635895
1.5328330475035816, 27.45862509367287
1.5856893594864638, 27.667917110986792
1.6385456714693458, 27.877209128300713
1.691401983452228, 28.086501145614633
1.7442582954351102, 28.295793162928554
1.7971146074179922, 28.505085180242475
1.8499709194008744, 28.714377197556395
1.9028272313837564, 28.923669214870316
1.9556835433666386, 29.132961232184236
2.008539855349521, 29.342253249498157
2.061396167332403, 29.551545266812077
2.114252479315285, 29.760837284125998
2.1671087912981672, 29.97012930143992
2.2199651032810492, 30.17942131875384
2.272821415263931, 30.38871333606776
2.3256777272468137, 30.59800535338168
2.3785340392296956, 30.8072973706956
2.4313903512125776, 31.01658938800952
2.48424666319546, 31.22588140532344
2.537102975178342, 31.435173422637362
2.589959287161224, 31.644465439951283
2.6428155991441065, 31.853757457265203
2.6956719111269885, 32.063049474579124
2.7485282231098704, 32.272341491893044
2.801384535092753, 32.481633509206965
2.854240847075635, 32.690925526520886
2.907097159058517, 32.900217543834806
2.9599534710413993, 33.10950956114873
3.0128097830242813, 33.31880157846265
3.0656660950071632, 33.52809359577657
3.1185224069900452, 33.73738561309048
3.1713787189729277, 33.94667763040441
3.2242350309558097, 34.15596964771833
3.2770913429386916, 34.36526166503225
3.329947654921574, 34.57455368234617
3.382803966904456, 34.78384569966009
3.435660278887338, 34.993137716974005
3.4885165908702205, 35.20242973428793
3.5413729028531025, 35.41172175160185
3.5942292148359845, 35.62101376891577
3.647085526818867, 35.830305786229694
3.699941838801749, 36.039597803543614
3.752798150784631, 36.24888982085753
3.805654462767513, 36.458181838171456
3.8585107747503953, 36.667473855485376
3.9113670867332773, 36.8767658727993
3.9642233987161593, 37.08605789011321
4.017079710699042, 37.29534990742714
4.069936022681924, 37.50464192474106
4.122792334664806, 37.71393394205498
4.175648646647688, 37.92322595936889
4.22850495863057, 38.13251797668282
4.281361270613452, 38.34180999399673
4.3342175825963345, 38.55110201131066
4.387073894579216, 38.760394028624575
4.4399302065620985, 38.9696860459385
4.492786518544981, 39.178978063252416
4.545642830527862, 39.38827008056634
4.598499142510745, 39.59756209788026
4.651355454493627, 39.806854115194184
4.704211766476509, 40.0161461325081
4.757068078459391, 40.225438149822025
4.809924390442274, 40.43473016713594
4.862780702425155, 40.64402218444987
4.915637014408038, 40.85331420176378
4.96849332639092, 41.06260621907771
5.021349638373802, 41.27189823639162
5.074205950356684, 41.48119025370555
5.1270622623395665, 41.69048227101946
5.179918574322448, 41.89977428833339
5.2327748863053305, 42.1090663056473
5.285631198288213, 42.31835832296123
5.3384875102710945, 42.527650340275144
5.391343822253977, 42.73694235758907
5.444200134236859, 42.946234374902986
5.497056446219741, 43.15552639221691
5.549912758202623, 43.36481840953083
5.602769070185506, 43.574110426844754
5.655625382168387, 43.78340244415867
5.70848169415127, 43.992694461472595
5.761338006134152, 44.20198647878651
5.814194318117034, 44.41127849610044
5.867050630099916, 44.62057051341435
5.9199069420827986, 44.82986253072828
5.97276325406568, 45.03915454804219
6.0256195660485625, 45.24844656535612
6.078475878031444, 45.45773858267003
6.1313321900143265, 45.66703059998396
6.184188501997209, 45.87632261729787
6.2370448139800905, 46.085614634611794
6.289901125962973, 46.294906651925714
6.342757437945855, 46.50419866923964
6.395613749928737, 46.713490686553556
6.448470061911619, 46.92278270386748
6.501326373894502, 47.1320747211814
6.554182685877383, 47.34136673849532
6.607038997860266, 47.55065875580924
6.659895309843148, 47.759950773123165
6.71275162182603, 47.96924279043708
6.765607933808912, 48.17853480775101
6.8184642457917946, 48.38782682506492
6.871320557774676, 48.59711884237884
6.9241768697575585, 48.80641085969276
6.977033181740441, 49.01570287700669
7.0298894937233225, 49.2249948943206
7.082745805706205, 49.43428691163453
7.135602117689087, 49.64357892894844
7.188458429671969, 49.852870946262364
7.241314741654851, 50.062162963576284
7.294171053637734, 50.27145498089021
7.347027365620615, 50.480746998204125
7.399883677603498, 50.69003901551805
7.45273998958638, 50.89933103283197
7.505596301569262, 51.10862305014589
7.558452613552144, 51.31791506745981
7.611308925535026, 51.52720708477373
7.664165237517908, 51.73649910208765
7.717021549500791, 51.94579111940158
7.769877861483672, 52.15508313671549
7.8227341734665545, 52.36437515402941
7.875590485449437, 52.57366717134333
7.9284467974323185, 52.78295918865725
7.981303109415201, 52.99225120597117
8.034159421398083, 53.2015432232851
8.087015733380966, 53.41083524059902
8.139872045363848, 53.62012725791294
8.192728357346729, 53.829419275226854
8.245584669329611, 54.038711292540775
8.298440981312494, 54.248003309854695
8.351297293295376, 54.457295327168616
8.404153605278259, 54.540888988298526
8.45700991726114, 54.53101789995559
8.509866229244022, 54.52114681161265
8.562722541226904, 54.51127572326971
8.615578853209787, 54.50140463492677
8.668435165192669, 54.49153354658384
8.721291477175551, 54.4816624582409
8.774147789158432, 54.47179136989796
8.827004101141315, 54.461920281555024
8.879860413124197, 54.45204919321208
8.93271672510708, 54.44217810486914
8.985573037089962, 54.4323070165262
9.038429349072844, 54.42243592818327
9.091285661055725, 54.41256483984033
9.144141973038607, 54.40269375149739
9.19699828502149, 54.392822663154455
9.249854597004372, 54.382951574811514
9.302710908987255, 54.373080486468574
9.355567220970137, 54.36320939812563
9.408423532953018, 54.3533383097827
9.4612798449359, 54.34346722143976
9.514136156918783, 54.33359613309682
9.566992468901665, 54.323725044753886
9.619848780884547, 54.313853956410945
9.67270509286743, 54.303982868068005
9.72556140485031, 54.294111779725064
9.778417716833193, 54.28424069138213
9.831274028816075, 54.27436960303919
9.884130340798958, 54.26449851469625
9.93698665278184, 54.254627426353316
9.989842964764723, 54.244756338010376
10.042699276747603, 54.234885249667435
10.095555588730486, 54.225014161324495
10.148411900713368, 54.21514307298156
10.20126821269625, 54.20527198463862
10.254124524679133, 54.19540089629568
10.306980836662014, 54.18552980795275
10.359837148644896, 54.17565871960981
10.412693460627779, 54.165787631266866
10.465549772610661, 54.155916542923926
10.518406084593543, 54.14604545458099
10.571262396576426, 54.13617436623805
10.624118708559307, 54.12630327789511
10.676975020542189, 54.11643218955218
10.729831332525071, 54.10656110120924
10.782687644507954, 54.0966900128663
10.835543956490836, 54.08681892452336
10.888400268473719, 54.07694783618042
10.9412565804566, 54.06707674783748
10.994112892439482, 54.05720565949454
11.046969204422364, 54.04733457115161
11.099825516405247, 54.03746348280867
11.152681828388129, 54.02759239446573
11.205538140371011, 54.01772130612279
11.258394452353892, 54.007850217779854
11.311250764336775, 53.997979129436914
11.364107076319657, 53.98810804109397
11.41696338830254, 53.97823695275104
11.469819700285422, 53.9683658644081
11.522676012268304, 53.95849477606516
11.575532324251185, 53.94862368772222
11.628388636234067, 53.938752599379285
11.68124494821695, 53.928881511036344
11.734101260199832, 53.919010422693404
11.786957572182715, 53.90913933435047
11.839813884165597, 53.89926824600753
11.892670196148478, 53.88939715766459
11.94552650813136, 53.87952606932165
11.998382820114243, 53.869654980978716
12.051239132097125, 53.859783892635775
12.104095444080007, 53.849912804292835
12.156951756062888, 53.8400417159499
12.20980806804577, 53.83017062760696
12.262664380028653, 53.82029953926402
12.315520692011535, 53.81042845092108
12.368377003994418, 53.80055736257815
12.4212333159773, 53.790686274235206
12.474089627960181, 53.780815185892266
12.526945939943063, 53.77094409754933
12.579802251925946, 53.76107300920639
12.632658563908828, 53.75120192086345
12.68551487589171, 53.74133083252051
12.738371187874593, 53.73145974417758
12.791227499857474, 53.72158865583464
12.844083811840356, 53.7117175674917
12.896940123823239, 53.70184647914876
12.949796435806121, 53.69197539080582
13.002652747789003, 53.68210430246288
13.055509059771886, 53.67223321411994
13.108365371754767, 53.66236212577701
13.161221683737649, 53.65249103743407
13.214077995720531, 53.64261994909113
13.266934307703414, 53.632748860748194
13.319790619686296, 53.62287777240525
13.372646931669179, 53.61300668406231
13.42550324365206, 53.60313559571937
13.478359555634942, 53.59326450737644
13.531215867617824, 53.5833934190335
13.584072179600707, 53.57352233069056
13.636928491583589, 53.56365124234762
13.68978480356647, 53.553780154004684
13.742641115549352, 53.543909065661744
13.795497427532235, 53.5340379773188
13.848353739515117, 53.52416688897587
13.901210051498, 53.51429580063293
13.954066363480882, 53.50442471228999
14.006922675463763, 53.494553623947056
14.059778987446645, 53.484682535604115
14.112635299429527, 53.474811447261175
14.16549161141241, 53.464940358918234
14.218347923395292, 53.4550692705753
14.271204235378175, 53.44519818223236
14.324060547361055, 53.43532709388942
14.376916859343938, 53.42545600554648
14.42977317132682, 53.415584917203546
14.482629483309703, 53.405713828860605
14.535485795292585, 53.395842740517665
14.588342107275468, 53.38597165217473
14.641198419258348, 53.37610056383179
14.69405473124123, 53.36622947548885
14.746911043224113, 53.35635838714591
14.799767355206995, 53.34648729880298
14.852623667189878, 53.336616210460036
14.90547997917276, 53.326745122117096
14.958336291155641, 53.31687403377416
15.011192603138523, 53.30700294543122
15.064048915121406, 53.29713185708828
15.116905227104288, 53.28726076874534
15.16976153908717, 53.27738968040241
15.222617851070051, 53.26751859205947
15.275474163052934, 53.25764750371653
15.328330475035816, 53.24777641537359
15.381186787018699, 53.23790532703065
15.434043099001581, 53.22803423868771
15.486899410984464, 53.21816315034477
15.539755722967344, 53.20829206200184
15.592612034950227, 53.1984209736589
15.645468346933109, 53.18854988531596
15.698324658915991, 53.178678796973024
15.751180970898874, 53.168807708630084
15.804037282881756, 53.15893662028714
15.856893594864637, 53.1490655319442
15.90974990684752, 53.13919444360127
15.962606218830402, 53.12932335525833
16.015462530813284, 53.11945226691539
16.068318842796167, 53.109581178572455
16.12117515477905, 53.099710090229514
16.17403146676193, 53.089839001886574
16.226887778744814, 53.07996791354363
16.279744090727696, 53.0700968252007
16.332600402710575, 53.06022573685776
16.385456714693458, 53.05035464851482
16.43831302667634, 53.040483560171886
16.491169338659223, 53.030612471828945
16.544025650642105, 53.020741383486005
16.596881962624987, 53.010870295143064
16.64973827460787, 53.00099920680013
16.702594586590752, 52.99112811845719
16.755450898573635, 52.98125703011425
16.808307210556517, 52.97138594177132
16.8611635225394, 52.961514853428376
16.91401983452228, 52.951643765085436
16.96687614650516, 52.941772676742495
17.019732458488043, 52.93190158839956
17.072588770470926, 52.92203050005662
17.12544508245381, 52.91215941171368
17.17830139443669, 52.90228832337075
17.231157706419573, 52.89241723502781
17.284014018402456, 52.88254614668487
17.336870330385338, 52.872675058341926
17.38972664236822, 52.86280396999899
17.442582954351103, 52.85293288165605
17.495439266333985, 52.84306179331311
17.548295578316864, 52.83319070497018
17.601151890299747, 52.82331961662724
17.65400820228263, 52.8134485282843
17.70686451426551, 52.80357743994136
17.759720826248394, 52.79370635159842
17.812577138231276, 52.78383526325548
17.86543345021416, 52.77396417491254
17.91828976219704, 52.76409308656961
17.971146074179924, 52.75422199822667
18.024002386162806, 52.74435090988373
18.07685869814569, 52.73447982154079
18.12971501012857, 52.724608733197854
18.18257132211145, 52.714737644854914
18.235427634094332, 52.70486655651197
18.288283946077215, 52.69499546816904
18.341140258060097, 52.6851243798261
18.39399657004298, 52.67525329148316
18.446852882025862, 52.66538220314022
18.499709194008744, 52.655511114797285
18.552565505991627, 52.645640026454345
18.60542181797451, 52.635768938111404
18.65827812995739, 52.625897849768464
18.711134441940274, 52.61602676142553
18.763990753923153, 52.60615567308259
18.816847065906035, 52.59628458473965
18.869703377888918, 52.586413496396716
18.9225596898718, 52.576542408053776
18.975416001854683, 52.566671319710835
19.028272313837565, 52.5568002313679
19.081128625820448, 52.54692914302496
19.13398493780333, 52.53705805468202
19.186841249786212, 52.52718696633908
19.239697561769095, 52.51731587799615
19.292553873751977, 52.507444789653206
19.34541018573486, 52.497573701310266
19.39826649771774, 52.48770261296733
19.45112280970062, 52.47783152462439
19.503979121683503, 52.46796043628145
19.556835433666386, 52.45808934793851
19.60969174564927, 52.44821825959558
19.66254805763215, 52.43834717125264
19.715404369615033, 52.4284760829097
19.768260681597916, 52.418604994566756
19.821116993580798, 52.40873390622382
19.87397330556368, 52.39886281788088
19.926829617546563, 52.38899172953794
19.979685929529445, 52.37912064119501
20.032542241512324, 52.36924955285207
20.085398553495207, 52.35937846450913
20.13825486547809, 52.34950737616619
20.19111117746097, 52.339636287823254
20.243967489443854, 52.32976519948031
20.296823801426736, 52.31989411113737
20.34968011340962, 52.31002302279444
20.4025364253925, 52.3001519344515
20.455392737375384, 52.29028084610856
20.508249049358266, 52.28040975776562
20.56110536134115, 52.270538669422685
20.613961673324027, 52.260667581079744
20.66681798530691, 52.250796492736804
20.719674297289792, 52.24092540439387
20.772530609272675, 52.23105431605093
20.825386921255557, 52.22118322770799
20.87824323323844, 52.21131213936505
20.931099545221322, 52.201441051022115
20.983955857204204, 52.191569962679175
21.036812169187087, 52.181698874336234
21.08966848116997, 52.1718277859933
21.14252479315285, 52.16195669765036
21.195381105135734, 52.15208560930742
21.248237417118613, 52.14221452096449
21.301093729101495, 52.132343432621546
21.353950041084378, 52.122472344278606
21.40680635306726, 52.112601255935665
21.459662665050143, 52.10273016759273
21.512518977033025, 52.09285907924979
21.565375289015908, 52.08298799090685
21.61823160099879, 52.07311690256391
21.671087912981672, 52.06324581422098
21.723944224964555, 52.05337472587804
21.776800536947437, 52.043503637535096
21.82965684893032, 52.03363254919216
21.8825131609132, 52.02376146084922
21.93536947289608, 52.01389037250628
21.988225784878964, 52.00401928416334
22.041082096861846, 51.99414819582041
22.09393840884473, 51.98427710747747
22.14679472082761, 51.97440601913453
22.199651032810493, 51.964534930791594
22.252507344793376, 51.95466384244865
22.305363656776258, 51.94479275410571
22.35821996875914, 51.93492166576277
22.411076280742023, 51.92505057741984
22.463932592724902, 51.9151794890769
22.516788904707784, 51.90530840073396
22.569645216690667, 51.895437312391024
22.62250152867355, 51.885566224048084
22.67535784065643, 51.87569513570514
22.728214152639314, 51.8658240473622
22.781070464622196, 51.85595295901927
22.83392677660508, 51.84608187067633
22.88678308858796, 51.83621078233339
22.939639400570844, 51.82633969399045
22.992495712553726, 51.816468605647515
23.04535202453661, 51.806597517304574
23.098208336519487, 51.796726428961634
23.15106464850237, 51.7868553406187
23.203920960485252, 51.77698425227576
23.256777272468135, 51.76711316393282
23.309633584451017, 51.757242075589886
23.3624898964339, 51.747370987246946
23.415346208416782, 51.737499898904005
23.468202520399664, 51.727628810561065
23.521058832382547, 51.71775772221813
23.57391514436543, 51.70788663387519
23.62677145634831, 51.69801554553225
23.679627768331194, 51.68814445718931
23.732484080314073, 51.67827336884638
23.785340392296956, 51.668402280503436
23.838196704279838, 51.658531192160495
23.89105301626272, 51.64866010381756
23.943909328245603, 51.63878901547462
23.996765640228485, 51.62891792713168
24.049621952211368, 51.61904683878875
24.10247826419425, 51.60917575044581
24.155334576177133, 51.59930466210287
24.208190888160015, 51.589433573759926
24.261047200142897, 51.57956248541699
24.313903512125776, 51.56969139707405
24.36675982410866, 51.55982030873111
24.41961613609154, 51.54994922038817
24.472472448074424, 51.54007813204524
24.525328760057306, 51.5302070437023
24.57818507204019, 51.52033595535936
24.63104138402307, 51.510464867016424
24.683897696005953, 51.50059377867348
24.736754007988836, 51.49072269033054
24.789610319971718, 51.48085160198761
24.8424666319546, 51.47098051364467
24.895322943937483, 51.46110942530173
24.948179255920362, 51.45123833695879
25.001035567903244, 51.441367248615855
25.053891879886127, 51.431496160272914
25.10674819186901, 51.421625071929974
25.15960450385189, 51.41175398358704
25.212460815834774, 51.4018828952441
25.265317127817656, 51.39201180690116
25.31817343980054, 51.38214071855822
25.37102975178342, 51.372269630215285
25.423886063766304, 51.362398541872345
25.476742375749186, 51.352527453529405
25.529598687732065, 51.34265636518647
25.582454999714948, 51.33278527684353
25.63531131169783, 51.32291418850059
25.688167623680712, 51.31304310015765
25.741023935663595, 51.303172011814716
25.793880247646477, 51.293300923471776
25.84673655962936, 51.283429835128835
25.899592871612242, 51.273558746785895
25.952449183595125, 51.26368765844296
26.005305495578007, 51.25381657010002
26.05816180756089, 51.24394548175708
26.111018119543772, 51.23407439341415
26.16387443152665, 51.22420330507121
26.216730743509533, 51.214332216728266
26.269587055492416, 51.204461128385326
26.322443367475298, 51.19459004004239
26.37529967945818, 51.18471895169945
26.428155991441063, 51.17484786335651
26.481012303423945, 51.16497677501358
26.533868615406828, 51.15510568667064
26.58672492738971, 51.1452345983277
26.639581239372593, 51.13536350998476
26.692437551355475, 51.12549242164182
26.745293863338357, 51.11562133329888
26.798150175321236, 51.10575024495594
26.85100648730412, 51.09587915661301
26.903862799287, 51.08600806827007
26.956719111269884, 51.07613697992713
27.009575423252766, 51.066265891584194
27.06243173523565, 51.056394803241254
27.11528804721853, 51.04652371489831
27.168144359201413, 51.03665262655537
27.221000671184296, 51.02678153821244
27.273856983167178, 51.0169104498695
27.32671329515006, 51.00703936152656
27.37956960713294, 50.99716827318362
27.432425919115822, 50.987297184840685
27.485282231098704, 50.977426096497744
27.538138543081587, 50.967555008154804
27.59099485506447, 50.95768391981187
27.64385116704735, 50.94781283146893
27.696707479030234, 50.93794174312599
27.749563791013117, 50.92807065478305
27.802420102996, 50.918199566440116
27.85527641497888, 50.908328478097175
27.908132726961764, 50.898457389754235
27.960989038944646, 50.888586301411294
28.013845350927525, 50.87871521306836
28.066701662910408, 50.86884412472542
28.11955797489329, 50.85897303638248
28.172414286876172, 50.84910194803955
28.225270598859055, 50.839230859696606
28.278126910841937, 50.829359771353666
28.33098322282482, 50.81948868301073
28.383839534807702, 50.80961759466779
28.436695846790585, 50.79974650632485
28.489552158773467, 50.78987541798191
28.54240847075635, 50.78000432963898
28.595264782739232, 50.77013324129604
28.64812109472211, 50.760262152953096
28.700977406704993, 50.750391064610156
28.753833718687876, 50.74051997626722
28.806690030670758, 50.73064888792428
28.85954634265364, 50.72077779958134
28.912402654636523, 50.71090671123841
28.965258966619405, 50.70103562289547
29.018115278602288, 50.69116453455253
29.07097159058517, 50.681293446209594
29.123827902568053, 50.67142235786665
29.176684214550935, 50.66155126952371
29.229540526533814, 50.65168018118077
29.282396838516696, 50.64180909283784
29.33525315049958, 50.6319380044949
29.38810946248246, 50.62206691615196
29.440965774465344, 50.612195827809025
29.493822086448226, 50.602324739466084
29.54667839843111, 50.592453651123144
29.59953471041399, 50.5825825627802
29.652391022396873, 50.57271147443727
29.705247334379756, 50.56284038609433
29.75810364636264, 50.55296929775139
29.81095995834552, 50.54309820940845
29.8638162703284, 50.533227121065515
29.916672582311282, 50.523356032722575
29.969528894294164, 50.513484944379634
30.022385206277047, 50.5036138560367
30.07524151825993, 50.49374276769376
30.12809783024281, 50.48387167935082
30.180954142225694, 50.47400059100788
30.233810454208577, 50.464129502664946
30.28666676619146, 50.454258414322005
30.33952307817434, 50.444387325979065
30.392379390157224, 50.43451623763613
30.445235702140103, 50.42464514929319
30.498092014122985, 50.41477406095025
30.550948326105868, 50.40490297260732
30.60380463808875, 50.39503188426438
30.656660950071632, 50.385160795921436
30.709517262054515, 50.375289707578496
30.762373574037397, 50.36541861923556
30.81522988602028, 50.35554753089262
30.868086198003162, 50.34567644254968
30.920942509986045, 50.33580535420674
30.973798821968927, 50.32593426586381
31.02665513395181, 50.31606317752087
31.07951144593469, 50.30619208917793
31.13236775791757, 50.29632100083499
31.185224069900453, 50.28644991249205
31.238080381883336, 50.27657882414911
31.290936693866218, 50.26670773580618
31.3437930058491, 50.25683664746324
31.396649317831983, 50.2469655591203
31.449505629814865, 50.23709447077736
31.502361941797748, 50.227223382434424
31.55521825378063, 50.217352294091484
31.608074565763513, 50.20748120574854
31.660930877746395, 50.1976101174056
31.713787189729274, 50.18773902906267
31.766643501712156, 50.17786794071973
31.81949981369504, 50.16799685237679
31.87235612567792, 50.158125764033855
31.925212437660804, 50.148254675690914
31.978068749643686, 50.138383587347974
32.03092506162657, 50.12851249900503
32.08378137360945, 50.1186414106621
32.13663768559233, 50.10877032231916
32.18949399757521, 50.09889923397622
32.2423503095581, 50.08902814563328
32.29520662154098, 50.079157057290345
32.34806293352386, 50.069285968947405
32.40091924550674, 50.059414880604464
32.45377555748963, 50.04954379226153
32.50663186947251, 50.03967270391859
32.55948818145539, 50.02980161557565
32.61234449343827, 50.01993052723272
32.66520080542115, 50.010059438889776
32.71805711740404, 50.000188350546836
32.770913429386916, 49.9903172622039
32.8237697413698, 49.98044617386096
32.87662605335268, 49.97057508551802
32.929482365335566, 49.96070399717508
32.982338677318445, 49.95083290883214
33.03519498930133, 49.94096182048921
33.08805130128421, 49.93109073214627
33.140907613267096, 49.921219643803326
33.193763925249975, 49.91134855546039
33.246620237232854, 49.90147746711745
33.29947654921574, 49.89160637877451
33.35233286119862, 49.88173529043158
33.405189173181505, 49.87186420208864
33.458045485164384, 49.8619931137457
33.51090179714727, 49.85212202540276
33.56375810913015, 49.84225093705982
33.616614421113034, 49.83237984871688
33.66947073309591, 49.82250876037394
33.7223270450788, 49.812637672031
33.77518335706168, 49.80276658368807
33.82803966904456, 49.79289549534513
33.88089598102744, 49.78302440700219
33.93375229301032, 49.773153318659254
33.98660860499321, 49.763282230316314
34.03946491697609, 49.75341114197337
34.09232122895897, 49.74354005363044
34.14517754094185, 49.7336689652875
34.19803385292474, 49.72379787694456
34.25089016490762, 49.71392678860162
34.3037464768905, 49.70405570025868
34.35660278887338, 49.694184611915745
34.40945910085627, 49.684313523572804
34.462315412839146, 49.674442435229864
34.515171724822025, 49.66457134688693
34.56802803680491, 49.65470025854399
34.62088434878779, 49.64482917020105
34.673740660770676, 49.634958081858116
34.726596972753555, 49.625086993515175
34.77945328473644, 49.615215905172235
34.83230959671932, 49.6053448168293
34.885165908702206, 49.59547372848636
34.938022220685085, 49.58560264014342
34.99087853266797, 49.57573155180048
35.04373484465085, 49.56586046345755
35.09659115663373, 49.555989375114606
35.149447468616614, 49.546118286771666
35.20230378059949, 49.536247198428725
35.25516009258238, 49.52637611008579
35.30801640456526, 49.51650502174285
35.360872716548144, 49.50663393339991
35.41372902853102, 49.49676284505698
35.46658534051391, 49.48689175671404
35.51944165249679, 49.4770206683711
35.572297964479674, 49.467149580028156
35.62515427646255, 49.45727849168522
35.67801058844543, 49.44740740334228
35.73086690042832, 49.43753631499934
35.783723212411196, 49.42766522665641
35.83657952439408, 49.41779413831347
35.88943583637696, 49.40792304997053
35.94229214835985, 49.39805196162759
35.995148460342726, 49.388180873284654
36.04800477232561, 49.37830978494171
36.10086108430849, 49.36843869659877
36.15371739629138, 49.35856760825584
36.206573708274256, 49.3486965199129
36.25943002025714, 49.33882543156996
36.31228633224002, 49.32895434322702
36.3651426442229, 49.319083254884085
36.417998956205786, 49.309212166541144
36.470855268188664, 49.2993410781982
36.52371158017155, 49.28946998985526
36.57656789215443, 49.27959890151233
36.629424204137315, 49.26972781316939
36.682280516120194, 49.25985672482645
36.73513682810308, 49.249985636483515
36.78799314008596, 49.240114548140575
36.840849452068845, 49.230243459797634
36.893705764051724, 49.2203723714547
36.9465620760346, 49.21050128311176
36.99941838801749, 49.20063019476882
37.05227470000037, 49.19075910642589
37.105131011983254, 49.180888018082946
37.15798732396613, 49.171016929740006
37.21084363594902, 49.161145841397065
37.2636999479319, 49.15127475305413
37.31655625991478, 49.14140366471119
37.36941257189766, 49.13153257636825
37.42226888388055, 49.12166148802531
37.47512519586343, 49.11179039968238
37.527981507846306, 49.10191931133944
37.58083781982919, 49.092048222996496
37.63369413181207, 49.08217713465356
37.68655044379496, 49.07230604631062
37.739406755777836, 49.06243495796768
37.79226306776072, 49.05256386962474
37.8451193797436, 49.04269278128181
37.89797569172649, 49.03282169293887
37.950832003709365, 49.02295060459593
38.00368831569225, 49.013079516252986
38.05654462767513, 49.00320842791005
38.109400939658016, 48.99333733956711
38.162257251640895, 48.98346625122417
38.215113563623774, 48.97359516288124
38.26796987560666, 48.9491341264865
38.32082618758954, 48.79289122981183
38.373682499572425, 48.636648333137146
38.426538811555304, 48.480405436462476
38.47939512353819, 48.32416253978779
38.53225143552107, 48.16791964311313
38.585107747503955, 48.01167674643844
38.63796405948683, 47.85543384976378
38.69082037146972, 47.69919095308909
38.7436766834526, 47.542948056414424
38.79653299543548, 47.38670515973976
38.84938930741836, 47.23046226306507
38.90224561940124, 47.07421936639041
38.95510193138413, 46.91797646971572
39.00795824336701, 46.761733573041056
39.06081455534989, 46.60549067636637
39.11367086733277, 46.4492477796917
39.16652717931566, 46.29300488301702
39.21938349129854, 46.13676198634235
39.27223980328142, 45.980519089667666
39.3250961152643, 45.824276192993004
39.37795242724718, 45.668033296318335
39.430808739230066, 45.51179039964365
39.483665051212945, 45.35554750296898
39.53652136319583, 45.1993046062943
39.58937767517871, 45.043061709619636
39.642233987161596, 44.886818812944945
39.695090299144475, 44.73057591627028
39.74794661112736, 44.5743330195956
39.80080292311024, 44.41809012292093
39.853659235093126, 44.261847226246246
39.906515547076005, 44.10560432957158
39.95937185905889, 43.94936143289689
40.01222817104177, 43.793118536222224
40.06508448302465, 43.63687563954756
40.117940795007534, 43.48063274287288
40.17079710699041, 43.32438984619821
40.2236534189733, 43.168146949523525
40.27650973095618, 43.01190405284886
40.329366042939064, 42.85566115617417
40.38222235492194, 42.69941825949951
40.43507866690483, 42.54317536282482
40.48793497888771, 42.38693246615016
40.540791290870594, 42.23068956947547
40.59364760285347, 42.0744466728008
40.64650391483635, 41.91820377612614
40.69936022681924, 41.76196087945145
40.75221653880212, 41.60571798277679
40.805072850785, 41.4494750861021
40.85792916276788, 41.293232189427435
40.91078547475077, 41.13698929275275
40.963641786733646, 40.98074639607808
41.01649809871653, 40.8245034994034
41.06935441069941, 40.668260602728736
41.1222107226823, 40.512017706054046
41.175067034665176, 40.35577480937938
41.227923346648055, 40.199531912704714
41.28077965863094, 40.04328901603003
41.33363597061382, 39.88704611935536
41.386492282596706, 39.73080322268068
41.439348594579585, 39.574560326006015
41.49220490656247, 39.418317429331324
41.54506121854535, 39.26207453265666
41.597917530528235, 39.10583163598197
41.650773842511114, 38.94958873930731
41.703630154494, 38.793345842632625
41.75648646647688, 38.637102945957956
41.809342778459765, 38.48086004928327
41.862199090442644, 38.32461715260861
41.91505540242552, 38.16837425593394
41.96791171440841, 38.01213135925926
42.02076802639129, 37.85588846258459
42.073624338374174, 37.699645565909904
42.12648065035705, 37.543402669235235
42.17933696233994, 37.38715977256055
42.23219327432282, 37.23091687588589
42.2850495863057, 37.0746739792112
42.33790589828858, 36.918431082536536
42.39076221027147, 36.762188185861845
42.44361852225435, 36.60594528918718
42.496474834237226, 36.44970239251252
42.54933114622011, 36.29345949583784
42.60218745820299, 36.13721659916317
42.65504377018588, 35.980973702488484
42.707900082168756, 35.824730805813815
42.76075639415164, 35.66848790913913
42.81361270613452, 35.51224501246446
42.86646901811741, 35.35600211578978
42.919325330100285, 35.19975921911511
42.97218164208317, 35.043516322440425
43.02503795406605, 34.88727342576576
43.07789426604893, 34.7310305290911
43.130750578031815, 34.57478763241641
43.183606890014694, 34.41854473574175
43.23646320199758, 34.26230183906706
43.28931951398046, 34.106058942392394
43.342175825963345, 33.94981604571771
43.395032137946224, 33.79357314904304
43.44788844992911, 33.63733025236836
43.50074476191199, 33.48108735569369
43.553601073894875, 33.324844459019005
43.60645738587775, 33.168601562344335
43.65931369786064, 33.01235866566965
43.71217000984352, 32.85611576899498
43.7650263218264, 32.69987287232032
43.81788263380928, 32.543629975645636
43.87073894579216, 32.387387078970974
43.92359525777505, 32.23114418229628
43.97645156975793, 32.07490128562162
44.02930788174081, 31.918658388946934
44.08216419372369, 31.762415492272268
44.13502050570658, 31.60617259559758
44.18787681768946, 31.449929698922915
44.24073312967234, 31.293686802248228
44.29358944165522, 31.137443905573566
44.3464457536381, 30.9812010088989
44.39930206562099, 30.824958112224213
44.452158377603865, 30.668715215549547
44.50501468958675, 30.51247231887486
44.55787100156963, 30.356229422200197
44.610727313552516, 30.19998652552551
44.663583625535395, 30.043743628850844
44.71643993751828, 29.887500732176157
44.76929624950116, 29.73125783550149
44.822152561484046, 29.575014938826808
44.875008873466925, 29.418772042152142
44.927865185449804, 29.262529145477476
44.98072149743269, 29.10628624880279
45.03357780941557, 28.950043352128123
45.086434121398455, 28.79380045545344
45.13929043338133, 28.637557558778774
45.19214674536422, 28.481314662104086
45.2450030573471, 28.32507176542942
45.297859369329984, 28.168828868754733
45.35071568131286, 28.01258597208007
45.40357199329575, 27.856343075405384
45.45642830527863, 27.700100178730718
45.509284617261514, 27.54385728205603
45.56214092924439, 27.387614385381365
45.61499724122727, 27.231371488706703
45.66785355321016, 27.075128592032016
45.72070986519304, 26.91888569535735
45.77356617717592, 26.762642798682663
45.8264224891588, 26.606399902007997
45.87927880114169, 26.450157005333313
45.932135113124566, 26.293914108658647
45.98499142510745, 26.13767121198396
46.03784773709033, 25.981428315309294
46.09070404907322, 25.82518541863461
46.143560361056096, 25.668942521959945
46.196416673038975, 25.51269962528528
46.24927298502186, 25.356456728610592
46.30212929700474, 25.200213831935926
46.354985608987626, 25.043970935261243
46.407841920970505, 24.887728038586577
46.46069823295339, 24.73148514191189
46.51355454493627, 24.575242245237224
46.566410856919155, 24.418999348562537
46.619267168902034, 24.262756451887874
46.67212348088492, 24.106513555213187
46.7249797928678, 23.95027065853852
46.77783610485068, 23.794027761863855
46.830692416833564, 23.637784865189168
46.88354872881644, 23.481541968514506
46.93640504079933, 23.32529907183982
46.98926135278221, 23.169056175165153
47.042117664765094, 23.012813278490466
47.09497397674797, 22.8565703818158
47.14783028873086, 22.700327485141116
47.20068660071374, 22.54408458846645
47.25354291269662, 22.387841691791763
47.3063992246795, 22.231598795117097
47.35925553666239, 22.07535589844241
47.41211184864527, 21.919113001767748
47.464968160628146, 21.762870105093082
47.51782447261103, 21.606627208418395
47.57068078459391, 21.45038431174373
47.6235370965768, 21.294141415069042
47.676393408559676, 21.13789851839438
47.72924972054256, 20.981655621719693
47.78210603252544, 20.825412725045027
47.83496234450833, 20.66916982837034
47.887818656491206, 20.512926931695674
47.94067496847409, 20.35668403502099
47.99353128045697, 20.200441138346324
48.04638759243985, 20.04419824167166
48.099243904422735, 19.88795534499697
48.152100216405614, 19.731712448322305
48.2049565283885, 19.575469551647622
48.25781284037138, 19.419226654972956
48.310669152354265, 19.26298375829827
48.363525464337144, 19.106740861623603
48.41638177632003, 18.95049796494892
48.46923808830291, 18.794255068274254
48.522094400285795, 18.638012171599566
48.574950712268674, 18.4817692749249
48.62780702425155, 18.325526378250235
48.68066333623444, 18.16928348157555
48.73351964821732, 18.013040584900885
48.7863759602002, 17.856797688226198
48.83923227218308, 17.700554791551532
48.89208858416597, 17.544311894876845
48.94494489614885, 17.388068998202183
48.99780120813173, 17.231826101527496
49.05065752011461, 17.07558320485283
49.1035138320975, 16.919340308178143
49.15637014408038, 16.76309741150348
49.209226456063256, 16.60685451482881
49.26208276804614, 16.450611618154127
49.31493908002902, 16.294368721479458
49.36779539201191, 16.138125824804774
49.420651703994785, 15.981882928130112
49.47350801597767, 15.825640031455421
49.52636432796055, 15.669397134780759
49.579220639943436, 15.513154238106075
49.632076951926315, 15.356911341431406
49.6849332639092, 15.200668444756722
49.73778957589208, 15.044425548082053
49.790645887874966, 14.88818265140737
49.843502199857845, 14.731939754732707
49.896358511840724, 14.575696858058038
49.94921482382361, 14.419453961383354
50.00207113580649, 14.263211064708685
50.054927447789375, 14.106968168034001
50.10778375977225, 13.950725271359339
50.16064007175514, 13.794482374684648
50.21349638373802, 13.638239478009986
50.266352695720904, 13.481996581335295
50.31920900770378, 13.325753684660633
50.37206531968667, 13.16951078798595
50.42492163166955, 13.01326789131128
50.47777794365243, 12.857024994636618
50.53063425563531, 12.700782097961927
50.58349056761819, 12.544539201287265
50.63634687960108, 12.388296304612581
50.68920319158396, 12.232053407937912
50.74205950356684, 12.075810511263228
50.79491581554972, 11.919567614588559
50.84777212753261, 11.763324717913875
50.900628439515486, 11.607081821239213
50.95348475149837, 11.450838924564522
51.00634106348125, 11.29459602788986
51.05919737546413, 11.13835313121519
51.112053687447016, 10.982110234540507
51.164909999429895, 10.825867337865844
51.21776631141278, 10.669624441191154
51.27062262339566, 10.513381544516491
51.323478935378546, 10.3571386478418
51.376335247361425, 10.200895751167138
51.42919155934431, 10.044652854492455
51.48204787132719, 9.888409957817785
51.534904183310076, 9.732167061143102
51.587760495292954, 9.575924164468432
51.64061680727584, 9.419681267793749
51.69347311925872, 9.263438371119086
51.7463294312416, 9.107195474444417
51.799185743224484, 8.950952577769733
51.85204205520736, 8.794709681095064
51.90489836719025, 8.63846678442038
51.95775467917313, 8.482223887745718
52.010610991156014, 8.325980991071027
52.06346730313889, 8.169738094396365
52.11632361512178, 8.013495197721674
52.16917992710466, 7.857252301047012
52.222036239087544, 7.7010094043723285
52.27489255107042, 7.544766507697659
52.3277488630533, 7.388523611022997
52.38060517503619, 7.232280714348306
52.433461487019066, 7.076037817673644
52.48631779900195, 6.91979492099896
52.53917411098483, 6.763552024324291
52.59203042296772, 6.607309127649607
52.644886734950596, 6.451066230974938
52.69774304693348, 6.294823334300254
52.75059935891636, 6.138580437625592
52.80345567089925, 5.982337540950901
