Parameters: [48.37313735087916, 17.197025270312423, 6.21378127440631, 41.75893995606929, 3.937543207413087, 0.06905994086054146, -2.82229101389613]
Points:
0.0, 17.197025270312423
0.04842155890978895, 17.387687250690014
0.0968431178195779, 17.57834923106761
0.14526467672936685, 17.7690112114452
0.1936862356391558, 17.95967319182279
0.24210779454894474, 18.150335172200382
0.2905293534587337, 18.340997152577977
0.33895091236852265, 18.531659132955568
0.3873724712783116, 18.72232111333316
0.43579403018810053, 18.912983093710753
0.4842155890978895, 19.103645074088345
0.5326371480076785, 19.294307054465936
0.5810587069174674, 19.48496903484353
0.6294802658272564, 19.67563101522112
0.6779018247370453, 19.866292995598712
0.7263233836468342, 20.056954975976304
0.7747449425566232, 20.247616956353898
0.8231665014664121, 20.43827893673149
0.8715880603762011, 20.62894091710908
0.92000961928599, 20.819602897486675
0.968431178195779, 21.010264877864266
1.016852737105568, 21.200926858241857
1.065274296015357, 21.391588838619448
1.113695854925146, 21.582250818997043
1.1621174138349348, 21.772912799374634
1.2105389727447238, 21.963574779752225
1.2589605316545127, 22.15423676012982
1.3073820905643017, 22.34489874050741
1.3558036494740906, 22.535560720885
1.4042252083838795, 22.726222701262593
1.4526467672936685, 22.916884681640187
1.5010683262034574, 23.10754666201778
1.5494898851132464, 23.29820864239537
1.5979114440230353, 23.488870622772964
1.6463330029328243, 23.679532603150555
1.6947545618426132, 23.870194583528146
1.7431761207524021, 24.060856563905737
1.791597679662191, 24.251518544283332
1.84001923857198, 24.442180524660923
1.888440797481769, 24.632842505038514
1.936862356391558, 24.82350448541611
1.9852839153013468, 25.0141664657937
2.033705474211136, 25.20482844617129
2.082127033120925, 25.395490426548882
2.130548592030714, 25.586152406926477
2.178970150940503, 25.77681438730407
2.227391709850292, 25.967476367681662
2.2758132687600807, 26.158138348059254
2.3242348276698697, 26.348800328436845
2.3726563865796586, 26.539462308814436
2.4210779454894475, 26.730124289192027
2.4694995043992365, 26.92078626956962
2.5179210633090254, 27.111448249947216
2.5663426222188144, 27.302110230324807
2.6147641811286033, 27.492772210702398
2.6631857400383923, 27.68343419107999
2.711607298948181, 27.87409617145758
2.76002885785797, 28.06475815183517
2.808450416767759, 28.255420132212766
2.856871975677548, 28.44608211259036
2.905293534587337, 28.63674409296795
2.953715093497126, 28.827406073345543
3.002136652406915, 29.018068053723134
3.050558211316704, 29.208730034100725
3.0989797702264927, 29.399392014478316
3.1474013291362817, 29.59005399485591
3.1958228880460706, 29.780715975233505
3.2442444469558596, 29.971377955611096
3.2926660058656485, 30.162039935988687
3.3410875647754374, 30.35270191636628
3.3895091236852264, 30.54336389674387
3.4379306825950153, 30.73402587712146
3.4863522415048043, 30.924687857499055
3.534773800414593, 31.115349837876646
3.583195359324382, 31.30601181825424
3.631616918234171, 31.496673798631832
3.68003847714396, 31.687335779009423
3.728460036053749, 31.877997759387014
3.776881594963538, 32.068659739764605
3.825303153873327, 32.2593217201422
3.873724712783116, 32.449983700519795
3.9221462716929048, 32.640645680897386
3.9705678306026937, 32.83130766127498
4.018989389512483, 33.02196964165257
4.067410948422272, 33.21263162203016
4.115832507332061, 33.40329360240776
4.16425406624185, 33.59395558278534
4.212675625151639, 33.78461756316294
4.261097184061428, 33.97527954354053
4.309518742971217, 34.16594152391812
4.357940301881006, 34.35660350429572
4.406361860790795, 34.547265484673304
4.454783419700584, 34.7379274650509
4.5032049786103725, 34.928589445428486
4.551626537520161, 35.119251425806084
4.60004809642995, 35.309913406183675
4.648469655339739, 35.500575386561266
4.696891214249528, 35.691237366938864
4.745312773159317, 35.88189934731645
4.793734332069106, 36.072561327694046
4.842155890978895, 36.26322330807163
4.890577449888684, 36.45388528844923
4.938999008798473, 36.64454726882682
4.987420567708262, 36.83520924920441
5.035842126618051, 37.02587122958201
5.08426368552784, 37.21653320995959
5.132685244437629, 37.40719519033719
5.181106803347418, 37.597857170714775
5.229528362257207, 37.78851915109237
5.277949921166996, 37.979181131469964
5.3263714800767845, 38.169843111847555
5.3747930389865735, 38.360505092225154
5.423214597896362, 38.55116707260274
5.471636156806151, 38.741829052980336
5.52005771571594, 38.93249103335792
5.568479274625729, 39.12315301373552
5.616900833535518, 39.31381499411311
5.665322392445307, 39.5044769744907
5.713743951355096, 39.6951389548683
5.762165510264885, 39.88580093524588
5.810587069174674, 40.07646291562348
5.859008628084463, 40.267124896001064
5.907430186994252, 40.45778687637866
5.955851745904041, 40.648448856756254
6.00427330481383, 40.839110837133845
6.052694863723619, 41.02977281751144
6.101116422633408, 41.22043479788903
6.1495379815431965, 41.411096778266625
6.1979595404529855, 41.60175875864421
6.246381099362774, 41.66630886168519
6.294802658272563, 41.66965285167987
6.343224217182352, 41.67299684167455
6.391645776092141, 41.67634083166924
6.44006733500193, 41.679684821663926
6.488488893911719, 41.683028811658616
6.536910452821508, 41.6863728016533
6.585332011731297, 41.68971679164798
6.633753570641086, 41.69306078164267
6.682175129550875, 41.696404771637354
6.730596688460664, 41.69974876163204
6.779018247370453, 41.70309275162673
6.827439806280242, 41.70643674162141
6.875861365190031, 41.70978073161609
6.92428292409982, 41.71312472161078
6.9727044830096085, 41.716468711605465
7.0211260419193975, 41.71981270160015
7.069547600829186, 41.72315669159484
7.117969159738975, 41.72650068158952
7.166390718648764, 41.7298446715842
7.214812277558553, 41.73318866157889
7.263233836468342, 41.736532651573576
7.311655395378131, 41.73987664156826
7.36007695428792, 41.74322063156295
7.408498513197709, 41.74656462155763
7.456920072107498, 41.749908611552314
7.505341631017287, 41.753252601547004
7.553763189927076, 41.75659659154169
7.602184748836865, 41.75994058153638
7.650606307746654, 41.76328457153106
7.699027866656443, 41.76662856152574
7.747449425566232, 41.76997255152043
7.795870984476021, 41.773316541515115
7.8442925433858095, 41.7766605315098
7.892714102295598, 41.78000452150449
7.941135661205387, 41.78334851149917
7.989557220115176, 41.78669250149385
8.037978779024966, 41.79003649148854
8.086400337934755, 41.793380481483226
8.134821896844544, 41.79672447147791
8.183243455754333, 41.8000684614726
8.231665014664122, 41.80341245146728
8.28008657357391, 41.806756441461964
8.3285081324837, 41.810100431456654
8.376929691393489, 41.81344442145134
8.425351250303278, 41.81678841144602
8.473772809213067, 41.82013240144071
8.522194368122856, 41.82347639143539
8.570615927032645, 41.82682038143008
8.619037485942433, 41.830164371424765
8.667459044852222, 41.83350836141945
8.715880603762011, 41.83685235141414
8.7643021626718, 41.84019634140882
8.81272372158159, 41.8435403314035
8.861145280491378, 41.84688432139819
8.909566839401167, 41.850228311392875
8.957988398310956, 41.85357230138756
9.006409957220745, 41.85691629138225
9.054831516130534, 41.86026028137693
9.103253075040323, 41.863604271371614
9.151674633950112, 41.8669482613663
9.2000961928599, 41.870292251360986
9.24851775176969, 41.87363624135567
9.296939310679479, 41.87698023135036
9.345360869589268, 41.88032422134504
9.393782428499057, 41.883668211339725
9.442203987408845, 41.887012201334414
9.490625546318634, 41.8903561913291
9.539047105228423, 41.89370018132378
9.587468664138212, 41.89704417131847
9.635890223048001, 41.90038816131315
9.68431178195779, 41.90373215130784
9.73273334086758, 41.907076141302525
9.781154899777368, 41.91042013129721
9.829576458687157, 41.9137641212919
9.877998017596946, 41.91710811128658
9.926419576506735, 41.92045210128126
9.974841135416524, 41.92379609127595
10.023262694326313, 41.927140081270636
10.071684253236102, 41.93048407126532
10.12010581214589, 41.93382806126001
10.16852737105568, 41.93717205125469
10.216948929965469, 41.940516041249374
10.265370488875257, 41.943860031244064
10.313792047785046, 41.94720402123875
10.362213606694835, 41.95054801123343
10.410635165604624, 41.95389200122812
10.459056724514413, 41.9572359912228
10.507478283424202, 41.960579981217485
10.555899842333991, 41.963923971212175
10.60432140124378, 41.96726796120686
10.652742960153569, 41.97061195120155
10.701164519063358, 41.97395594119623
10.749586077973147, 41.97729993119091
10.798007636882936, 41.9806439211856
10.846429195792725, 41.983987911180286
10.894850754702514, 41.98733190117497
10.943272313612303, 41.99067589116966
10.991693872522092, 41.99401988116434
11.04011543143188, 41.997363871159024
11.08853699034167, 42.000707861153714
11.136958549251458, 42.0040518511484
11.185380108161247, 42.00739584114308
11.233801667071036, 42.01073983113777
11.282223225980825, 42.01408382113245
11.330644784890614, 42.017427811127135
11.379066343800403, 42.020771801121825
11.427487902710192, 42.02411579111651
11.475909461619981, 42.02745978111119
11.52433102052977, 42.03080377110588
11.572752579439559, 42.03414776110056
11.621174138349348, 42.037491751095246
11.669595697259137, 42.040835741089936
11.718017256168926, 42.04417973108462
11.766438815078715, 42.04752372107931
11.814860373988504, 42.05086771107399
11.863281932898293, 42.054211701068674
11.911703491808082, 42.057555691063364
11.96012505071787, 42.060899681058046
12.00854660962766, 42.06424367105273
12.056968168537448, 42.06758766104742
12.105389727447237, 42.0709316510421
12.153811286357026, 42.074275641036785
12.202232845266815, 42.077619631031475
12.250654404176604, 42.08096362102616
12.299075963086393, 42.08430761102084
12.347497521996182, 42.08765160101553
12.395919080905971, 42.09099559101021
12.44434063981576, 42.094339581004895
12.492762198725549, 42.097683570999585
12.541183757635338, 42.10102756099427
12.589605316545127, 42.10437155098895
12.638026875454916, 42.10771554098364
12.686448434364705, 42.11105953097832
12.734869993274494, 42.114403520973006
12.783291552184282, 42.117747510967696
12.831713111094071, 42.12109150096238
12.88013467000386, 42.12443549095707
12.92855622891365, 42.12777948095175
12.976977787823438, 42.131123470946434
13.025399346733227, 42.134467460941124
13.073820905643016, 42.13781145093581
13.122242464552805, 42.14115544093049
13.170664023462594, 42.14449943092518
13.219085582372383, 42.14784342091986
13.267507141282172, 42.151187410914545
13.31592870019196, 42.154531400909235
13.36435025910175, 42.15787539090392
13.412771818011539, 42.1612193808986
13.461193376921328, 42.16456337089329
13.509614935831117, 42.16790736088797
13.558036494740906, 42.171251350882656
13.606458053650694, 42.174595340877346
13.654879612560483, 42.17793933087203
13.703301171470272, 42.18128332086671
13.751722730380061, 42.1846273108614
13.80014428928985, 42.187971300856084
13.84856584819964, 42.19131529085077
13.896987407109428, 42.19465928084546
13.945408966019217, 42.19800327084014
13.993830524929006, 42.20134726083483
14.042252083838795, 42.20469125082951
14.090673642748584, 42.208035240824195
14.139095201658373, 42.211379230818885
14.187516760568162, 42.21472322081357
14.23593831947795, 42.21806721080825
14.28435987838774, 42.22141120080294
14.332781437297529, 42.22475519079762
14.381202996207318, 42.228099180792306
14.429624555117107, 42.231443170786996
14.478046114026895, 42.23478716078168
14.526467672936684, 42.23813115077636
14.574889231846473, 42.24147514077105
14.623310790756262, 42.244819130765734
14.671732349666051, 42.24816312076042
14.72015390857584, 42.25150711075511
14.768575467485629, 42.25485110074979
14.816997026395418, 42.25819509074447
14.865418585305207, 42.26153908073916
14.913840144214996, 42.264883070733845
14.962261703124785, 42.268227060728535
15.010683262034574, 42.27157105072322
15.059104820944363, 42.2749150407179
15.107526379854152, 42.27825903071259
15.15594793876394, 42.28160302070727
15.20436949767373, 42.284947010701956
15.252791056583519, 42.288291000696645
15.301212615493307, 42.29163499069133
15.349634174403096, 42.29497898068601
15.398055733312885, 42.2983229706807
15.446477292222674, 42.301666960675384
15.494898851132463, 42.30501095067007
15.543320410042252, 42.308354940664756
15.591741968952041, 42.31169893065944
15.64016352786183, 42.31504292065412
15.688585086771619, 42.31838691064881
15.737006645681408, 42.321730900643495
15.785428204591197, 42.32507489063818
15.833849763500986, 42.32841888063287
15.882271322410775, 42.33176287062755
15.930692881320564, 42.33510686062223
15.979114440230353, 42.33845085061692
16.02753599914014, 42.341794840611605
16.075957558049932, 42.345138830606295
16.12437911695972, 42.34848282060098
16.17280067586951, 42.35182681059566
16.221222234779297, 42.35517080059035
16.269643793689088, 42.35851479058503
16.318065352598875, 42.361858780579716
16.366486911508666, 42.365202770574406
16.414908470418453, 42.36854676056909
16.463330029328244, 42.37189075056377
16.51175158823803, 42.37523474055846
16.56017314714782, 42.378578730553144
16.60859470605761, 42.38192272054783
16.6570162649674, 42.38526671054252
16.705437823877187, 42.3886107005372
16.753859382786978, 42.39195469053188
16.802280941696765, 42.39529868052657
16.850702500606555, 42.398642670521255
16.899124059516343, 42.40198666051594
16.947545618426133, 42.40533065051063
16.99596717733592, 42.40867464050531
17.04438873624571, 42.4120186305
17.0928102951555, 42.41536262049468
17.14123185406529, 42.418706610489366
17.189653412975076, 42.422050600484056
17.238074971884867, 42.42539459047874
17.286496530794654, 42.42873858047342
17.334918089704445, 42.43208257046811
17.383339648614232, 42.435426560462794
17.431761207524023, 42.43877055045748
17.48018276643381, 42.44211454045217
17.5286043253436, 42.44545853044685
17.577025884253388, 42.44880252044153
17.62544744316318, 42.45214651043622
17.673869002072966, 42.455490500430905
17.722290560982756, 42.45883449042559
17.770712119892544, 42.46217848042028
17.819133678802334, 42.46552247041496
17.86755523771212, 42.46886646040964
17.915976796621912, 42.47221045040433
17.9643983555317, 42.475554440399016
18.01281991444149, 42.4788984303937
18.061241473351277, 42.48224242038839
18.109663032261068, 42.48558641038307
18.158084591170855, 42.48893040037776
18.206506150080646, 42.492274390372444
18.254927708990433, 42.49561838036713
18.303349267900224, 42.49896237036182
18.35177082681001, 42.5023063603565
18.4001923857198, 42.50565035035118
18.44861394462959, 42.50899434034587
18.49703550353938, 42.512338330340555
18.545457062449167, 42.51568232033524
18.593878621358957, 42.51902631032993
18.642300180268744, 42.52237030032461
18.690721739178535, 42.52571429031929
18.739143298088322, 42.52905828031398
18.787564856998113, 42.532402270308665
18.8359864159079, 42.53574626030335
18.88440797481769, 42.53909025029804
18.932829533727478, 42.54243424029272
18.98125109263727, 42.545778230287404
19.029672651547056, 42.549122220282094
19.078094210456847, 42.552466210276776
19.126515769366634, 42.55581020027146
19.174937328276425, 42.55915419026615
19.22335888718621, 42.56249818026083
19.271780446096002, 42.56584217025552
19.32020200500579, 42.569186160250204
19.36862356391558, 42.57253015024489
19.417045122825368, 42.57587414023958
19.46546668173516, 42.57921813023426
19.513888240644945, 42.58256212022894
19.562309799554736, 42.58590611022363
19.610731358464523, 42.589250100218315
19.659152917374314, 42.592594090213
19.7075744762841, 42.59593808020769
19.755996035193892, 42.59928207020237
19.80441759410368, 42.60262606019705
19.85283915301347, 42.60597005019174
19.901260711923257, 42.609314040186426
19.949682270833048, 42.61265803018111
19.998103829742835, 42.6160020201758
20.046525388652626, 42.61934601017048
20.094946947562413, 42.622690000165164
20.143368506472203, 42.626033990159854
20.19179006538199, 42.62937798015454
20.24021162429178, 42.63272197014923
20.28863318320157, 42.63606596014391
20.33705474211136, 42.63940995013859
20.385476301021146, 42.64275394013328
20.433897859930937, 42.646097930127965
20.482319418840724, 42.64944192012265
20.530740977750515, 42.65278591011734
20.579162536660302, 42.65612990011202
20.627584095570093, 42.6594738901067
20.67600565447988, 42.66281788010139
20.72442721338967, 42.666161870096076
20.772848772299458, 42.66950586009076
20.82127033120925, 42.67284985008545
20.869691890119036, 42.67619384008013
20.918113449028827, 42.679537830074814
20.966535007938614, 42.682881820069504
21.014956566848404, 42.68622581006419
21.06337812575819, 42.68956980005887
21.111799684667982, 42.69291379005356
21.16022124357777, 42.69625778004824
21.20864280248756, 42.69960177004293
21.257064361397347, 42.702945760037615
21.305485920307138, 42.7062897500323
21.353907479216925, 42.70963374002699
21.402329038126716, 42.71297773002167
21.450750597036503, 42.71632172001635
21.499172155946294, 42.71966571001104
21.54759371485608, 42.723009700005726
21.59601527376587, 42.72635369000041
21.64443683267566, 42.7296976799951
21.69285839158545, 42.73304166998978
21.741279950495237, 42.736385659984464
21.789701509405027, 42.739729649979154
21.838123068314815, 42.74307363997384
21.886544627224605, 42.74641762996852
21.934966186134393, 42.74976161996321
21.983387745044183, 42.75310560995789
22.03180930395397, 42.756449599952575
22.08023086286376, 42.759793589947265
22.12865242177355, 42.76313757994195
22.17707398068334, 42.76648156993663
22.225495539593126, 42.76982555993132
22.273917098502917, 42.773169549926
22.322338657412704, 42.776513539920686
22.370760216322495, 42.779857529915375
22.419181775232282, 42.78320151991006
22.467603334142073, 42.78654550990475
22.51602489305186, 42.78988949989943
22.56444645196165, 42.793233489894114
22.612868010871438, 42.7965774798888
22.66128956978123, 42.799921469883486
22.709711128691016, 42.80326545987817
22.758132687600806, 42.80660944987286
22.806554246510593, 42.80995343986754
22.854975805420384, 42.813297429862224
22.90339736433017, 42.816641419856914
22.951818923239962, 42.8199854098516
23.00024048214975, 42.82332939984628
23.04866204105954, 42.82667338984097
23.097083599969327, 42.83001737983565
23.145505158879118, 42.833361369830335
23.193926717788905, 42.836705359825025
23.242348276698696, 42.84004934981971
23.290769835608483, 42.84339333981439
23.339191394518274, 42.84673732980908
23.38761295342806, 42.85008131980376
23.43603451233785, 42.85342530979845
23.48445607124764, 42.856769299793136
23.53287763015743, 42.86011328978782
23.581299189067217, 42.86345727978251
23.629720747977007, 42.86680126977719
23.678142306886794, 42.870145259771874
23.726563865796585, 42.873489249766564
23.774985424706372, 42.87683323976125
23.823406983616163, 42.88017722975593
23.87182854252595, 42.88352121975062
23.92025010143574, 42.8868652097453
23.968671660345528, 42.890209199739985
24.01709321925532, 42.893553189734675
24.065514778165106, 42.89689717972936
24.113936337074897, 42.90024116972404
24.162357895984684, 42.90358515971873
24.210779454894475, 42.90692914971341
24.25920101380426, 42.910273139708096
24.307622572714052, 42.913617129702786
24.35604413162384, 42.91696111969747
24.40446569053363, 42.92030510969215
24.452887249443418, 42.92364909968684
24.50130880835321, 42.926993089681524
24.549730367262995, 42.930337079676214
24.598151926172786, 42.9336810696709
24.646573485082573, 42.93702505966558
24.694995043992364, 42.94036904966027
24.74341660290215, 42.94371303965495
24.791838161811942, 42.947057029649635
24.840259720721733, 42.950401019644325
24.88868127963152, 42.95374500963901
24.93710283854131, 42.95708899963369
24.985524397451098, 42.96043298962838
25.03394595636089, 42.96377697962306
25.082367515270676, 42.967120969617746
25.130789074180466, 42.970464959612436
25.179210633090253, 42.97380894960712
25.227632192000044, 42.9771529396018
25.27605375090983, 42.98049692959649
25.324475309819622, 42.983840919591174
25.37289686872941, 42.98718490958586
25.4213184276392, 42.990528899580546
25.469739986548987, 42.99387288957523
25.518161545458778, 42.99721687956992
25.566583104368565, 43.0005608695646
25.615004663278356, 43.003904859559285
25.663426222188143, 43.007248849553974
25.711847781097934, 43.01059283954866
25.76026934000772, 43.01393682954334
25.80869089891751, 43.01728081953803
25.8571124578273, 43.02062480953271
25.90553401673709, 43.023968799527395
25.953955575646876, 43.027312789522085
26.002377134556667, 43.03065677951677
26.050798693466454, 43.03400076951145
26.099220252376245, 43.03734475950614
26.147641811286032, 43.04068874950082
26.196063370195823, 43.044032739495506
26.24448492910561, 43.047376729490196
26.2929064880154, 43.05072071948488
26.341328046925188, 43.05406470947956
26.38974960583498, 43.05740869947425
26.438171164744766, 43.060752689468934
26.486592723654557, 43.06409667946362
26.535014282564344, 43.06744066945831
26.583435841474135, 43.07078465945299
26.63185740038392, 43.07412864944768
26.680278959293712, 43.07747263944236
26.7287005182035, 43.080816629437045
26.77712207711329, 43.084160619431735
26.825543636023077, 43.08750460942642
26.873965194932868, 43.0908485994211
26.922386753842655, 43.09419258941579
26.970808312752446, 43.09753657941047
27.019229871662233, 43.100880569405156
27.067651430572024, 43.104224559399846
27.11607298948181, 43.10756854939453
27.164494548391602, 43.11091253938921
27.21291610730139, 43.1142565293839
27.26133766621118, 43.117600519378584
27.309759225120967, 43.12094450937327
27.358180784030758, 43.12428849936796
27.406602342940545, 43.12763248936264
27.455023901850335, 43.13097647935732
27.503445460760123, 43.13432046935201
27.551867019669913, 43.137664459346695
27.6002885785797, 43.141008449341385
27.64871013748949, 43.14435243933607
27.69713169639928, 43.14769642933075
27.74555325530907, 43.15104041932544
27.793974814218856, 43.15438440932012
27.842396373128647, 43.157728399314806
27.890817932038434, 43.161072389309496
27.939239490948225, 43.16441637930418
27.987661049858012, 43.16776036929886
28.036082608767803, 43.17110435929355
28.08450416767759, 43.174448349288234
28.13292572658738, 43.17779233928292
28.181347285497168, 43.18113632927761
28.22976884440696, 43.18448031927229
28.278190403316746, 43.18782430926697
28.326611962226536, 43.19116829926166
28.375033521136324, 43.194512289256345
28.423455080046114, 43.19785627925103
28.4718766389559, 43.20120026924572
28.520298197865692, 43.2045442592404
28.56871975677548, 43.20788824923508
28.61714131568527, 43.21123223922977
28.665562874595057, 43.214576229224456
28.713984433504848, 43.217920219219145
28.762405992414635, 43.22126420921383
28.810827551324426, 43.22460819920851
28.859249110234213, 43.2279521892032
28.907670669144004, 43.231296179197884
28.95609222805379, 43.234640169192566
29.00451378696358, 43.237984159187256
29.05293534587337, 43.24132814918194
29.10135690478316, 43.24467213917662
29.149778463692947, 43.24801612917131
29.198200022602737, 43.251360119165994
29.246621581512525, 43.25470410916068
29.295043140422315, 43.25804809915537
29.343464699332102, 43.26139208915005
29.391886258241893, 43.26473607914473
29.44030781715168, 43.26808006913942
29.48872937606147, 43.271424059134105
29.537150934971258, 43.27476804912879
29.58557249388105, 43.27811203912348
29.633994052790836, 43.28145602911816
29.682415611700627, 43.28480001911285
29.730837170610414, 43.28814400910753
29.779258729520205, 43.291487999102216
29.827680288429992, 43.294831989096906
29.876101847339783, 43.29817597909159
29.92452340624957, 43.30151996908627
29.97294496515936, 43.30486395908096
30.021366524069148, 43.308207949075644
30.06978808297894, 43.31155193907033
30.118209641888726, 43.31489592906502
30.166631200798516, 43.3182399190597
30.215052759708303, 43.32158390905438
30.263474318618094, 43.32492789904907
30.31189587752788, 43.328271889043755
30.360317436437672, 43.33161587903844
30.40873899534746, 43.33495986903313
30.45716055425725, 43.33830385902781
30.505582113167037, 43.34164784902249
30.554003672076828, 43.34499183901718
30.602425230986615, 43.348335829011866
30.650846789896406, 43.35167981900655
30.699268348806193, 43.35502380900124
30.747689907715984, 43.35836779899592
30.79611146662577, 43.361711788990604
30.84453302553556, 43.365055778985294
30.89295458444535, 43.36839976897998
30.94137614335514, 43.37174375897467
30.989797702264926, 43.37508774896935
31.038219261174717, 43.37843173896403
31.086640820084504, 43.38177572895872
31.135062378994295, 43.385119718953405
31.183483937904082, 43.38846370894809
31.231905496813873, 43.39180769894278
31.28032705572366, 43.39515168893746
31.32874861463345, 43.39849567893214
31.377170173543238, 43.40183966892683
31.42559173245303, 43.405183658921516
31.474013291362816, 43.4085276489162
31.522434850272607, 43.41187163891089
31.570856409182394, 43.41521562890557
31.619277968092184, 43.418559618900254
31.66769952700197, 43.421903608894944
31.716121085911762, 43.42524759888963
31.76454264482155, 43.42859158888431
31.81296420373134, 43.431935578879
31.861385762641127, 43.43527956887368
31.909807321550918, 43.43862355886837
31.958228880460705, 43.441967548863055
32.006650439370496, 43.44531153885774
32.05507199828028, 43.44865552885243
32.10349355719007, 43.45199951884711
32.151915116099865, 43.45534350884179
32.20033667500965, 43.45868749883648
32.24875823391944, 43.462031488831165
32.297179792829226, 43.46537547882585
32.34560135173902, 43.46871946882054
32.39402291064881, 43.47206345881522
32.442444469558595, 43.475407448809904
32.49086602846838, 43.47875143880459
32.539287587378176, 43.482095428799276
32.58770914628796, 43.48543941879396
32.63613070519775, 43.48878340878865
32.68455226410754, 43.49212739878333
32.73297382301733, 43.495471388778014
32.78139538192712, 43.498815378772704
32.829816940836906, 43.50215936876739
32.87823849974669, 43.50550335876207
32.92666005865649, 43.50884734875676
32.975081617566275, 43.51219133875144
33.02350317647606, 43.51553532874613
33.07192473538585, 43.518879318740815
33.12034629429564, 43.5222233087355
33.16876785320543, 43.52556729873019
33.21718941211522, 43.52891128872487
33.265610971025005, 43.53225527871955
33.3140325299348, 43.53559926871424
33.362454088844586, 43.538943258708926
33.410875647754374, 43.54228724870361
33.45929720666416, 43.5456312386983
33.507718765573955, 43.54897522869298
33.55614032448374, 43.552319218687664
33.60456188339353, 43.555663208682354
33.65298344230332, 43.55900719867704
33.70140500121311, 43.56235118867172
33.7498265601229, 43.56569517866641
33.798248119032685, 43.56903916866109
33.84666967794247, 43.572383158655775
33.89509123685227, 43.575727148650465
33.943512795762054, 43.57907113864515
33.99193435467184, 43.58241512863984
34.04035591358163, 43.58575911863452
34.08877747249142, 43.5891031086292
34.13719903140121, 43.59244709862389
34.185620590311, 43.595791088618576
34.234042149220784, 43.59913507861326
34.28246370813058, 43.60247906860795
34.330885267040365, 43.60582305860263
34.37930682595015, 43.609167048597314
34.42772838485994, 43.612511038592004
34.476149943769734, 43.61585502858669
34.52457150267952, 43.61919901858137
34.57299306158931, 43.62254300857606
34.621414620499095, 43.62588699857074
34.66983617940889, 43.629230988565425
34.71825773831868, 43.632574978560115
34.766679297228464, 43.6359189685548
34.81510085613825, 43.63926295854948
34.863522415048045, 43.64260694854417
34.91194397395783, 43.64595093853885
34.96036553286762, 43.649294928533536
35.00878709177741, 43.652638918528226
35.0572086506872, 43.65598290852291
35.10563020959699, 43.6593268985176
35.154051768506775, 43.66267088851228
35.20247332741656, 43.666014878506964
35.25089488632636, 43.669358868501654
35.299316445236144, 43.672702858496336
35.34773800414593, 43.67604684849102
35.39615956305572, 43.67939083848571
35.44458112196551, 43.68273482848039
35.4930026808753, 43.686078818475075
35.54142423978509, 43.689422808469764
35.589845798694874, 43.69276679846445
35.63826735760467, 43.69611078845913
35.686688916514456, 43.69945477845382
35.73511047542424, 43.7027987684485
35.78353203433403, 43.706142758443185
35.831953593243824, 43.709486748437875
35.88037515215361, 43.71283073843256
35.9287967110634, 43.71617472842724
35.977218269973186, 43.71951871842193
36.02563982888298, 43.72286270841661
36.07406138779277, 43.7262066984113
36.122482946702554, 43.729550688405986
36.17090450561234, 43.73289467840067
36.219326064522136, 43.73623866839536
36.26774762343192, 43.73958265839004
36.31616918234171, 43.742926648384724
36.3645907412515, 43.746270638379414
36.41301230016129, 43.7496146283741
36.46143385907108, 43.75295861836878
36.509855417980866, 43.75630260836347
36.55827697689065, 43.75964659835815
36.60669853580045, 43.762990588352835
36.655120094710234, 43.766334578347525
36.70354165362002, 43.76967856834221
36.75196321252981, 43.77302255833689
36.8003847714396, 43.77636654833158
36.84880633034939, 43.77971053832626
36.89722788925918, 43.783054528320946
36.945649448168965, 43.786398518315636
36.99407100707876, 43.78974250831032
37.042492565988546, 43.793086498305
37.09091412489833, 43.79643048829969
37.13933568380812, 43.799774478294374
37.187757242717915, 43.803118468289064
37.2361788016277, 43.80646245828375
37.28460036053749, 43.80980644827843
37.33302191944728, 43.81315043827312
37.38144347835707, 43.8164944282678
37.42986503726686, 43.819838418262485
37.478286596176645, 43.823182408257175
37.52670815508644, 43.82652639825186
37.575129713996226, 43.82987038824654
37.62355127290601, 43.83321437824123
37.6719728318158, 43.83655836823591
37.720394390725595, 43.839902358230596
37.76881594963538, 43.843246348225286
37.81723750854517, 43.84659033821997
37.865659067454956, 43.84993432821465
37.91408062636475, 43.85327831820934
37.96250218527454, 43.856622308204024
38.010923744184325, 43.85996629819871
38.05934530309411, 43.8633102881934
38.107766862003906, 43.86665427818808
38.15618842091369, 43.86999826818277
38.20460997982348, 43.87334225817745
38.25303153873327, 43.876686248172135
38.30145309764306, 43.880030238166825
38.34987465655285, 43.88337422816151
38.398296215462636, 43.88671821815619
38.44671777437242, 43.89006220815088
38.49513933328222, 43.89340619814556
38.543560892192005, 43.896750188140246
38.59198245110179, 43.900094178134935
38.64040401001158, 43.90343816812962
38.688825568921374, 43.9067821581243
38.73724712783116, 43.91012614811899
38.78566868674095, 43.913470138113674
38.834090245650735, 43.916814128108356
38.88251180456053, 43.920158118103046
38.93093336347032, 43.92350210809773
38.979354922380104, 43.92684609809241
39.02777648128989, 43.9301900880871
39.076198040199685, 43.933534078081784
39.12461959910947, 43.93687806807647
39.17304115801926, 43.94022205807116
39.22146271692905, 43.94356604806584
39.26988427583884, 43.94691003806053
39.31830583474863, 43.95025402805521
39.366727393658415, 43.953598018049895
39.4151489525682, 43.956942008044585
39.463570511478, 43.96028599803927
39.511992070387784, 43.96362998803395
39.56041362929757, 43.96697397802864
39.60883518820736, 43.97031796802332
39.65725674711715, 43.973661958018006
39.70567830602694, 43.977005948012696
39.75409986493673, 43.98034993800738
39.802521423846514, 43.98369392800206
39.85094298275631, 43.98703791799675
39.899364541666095, 43.990381907991434
39.94778610057588, 43.99372589798612
39.99620765948567, 43.99706988798081
40.044629218395464, 44.00041387797549
40.09305077730525, 44.00375786797017
40.14147233621504, 44.00710185796486
40.189893895124825, 44.010445847959545
40.23831545403462, 44.013789837954235
40.28673701294441, 44.01713382794892
40.335158571854194, 44.0204778179436
40.38358013076398, 44.02382180793829
40.432001689673776, 44.02716579793297
40.48042324858356, 44.030509787927656
40.52884480749335, 44.033853777922346
40.57726636640314, 44.03719776791703
40.62568792531293, 44.04054175791171
40.67410948422272, 44.0438857479064
40.722531043132506, 44.047229737901084
40.77095260204229, 44.05057372789577
40.81937416095209, 44.05391771789046
40.867795719861874, 44.05726170788514
40.91621727877166, 44.06060569787982
40.96463883768145, 44.06394968787451
41.01306039659124, 44.067293677869195
41.06148195550103, 44.07063766786388
41.10990351441082, 44.07398165785857
41.158325073320604, 44.07732564785325
41.2067466322304, 44.08066963784793
41.255168191140186, 44.08401362784262
41.30358975004997, 44.087357617837306
41.35201130895976, 44.09070160783199
41.400432867869554, 44.09404559782668
41.44885442677934, 44.09738958782136
41.49727598568913, 44.10073357781605
41.545697544598916, 44.104077567810734
41.59411910350871, 44.10742155780542
41.6425406624185, 44.110765547800106
41.690962221328284, 44.11410953779479
41.73938378023807, 44.11745352778947
41.787805339147866, 44.03733756486051
41.83622689805765, 43.900677834270574
41.88464845696744, 43.76401810368064
41.93307001587723, 43.6273583730907
41.98149157478702, 43.490698642500746
42.02991313369681, 43.35403891191081
42.078334692606596, 43.21737918132088
42.12675625151638, 43.080719450730946
42.17517781042618, 42.94405972014099
42.223599369335965, 42.80739998955106
42.27202092824575, 42.670740258961125
42.32044248715554, 42.53408052837119
42.36886404606533, 42.39742079778124
42.41728560497512, 42.2607610671913
42.46570716388491, 42.12410133660136
42.514128722794695, 41.98744160601143
42.56255028170449, 41.850781875421475
42.610971840614276, 41.71412214483154
42.65939339952406, 41.57746241424161
42.70781495843385, 41.440802683651675
42.756236517343645, 41.30414295306172
42.80465807625343, 41.16748322247179
42.85307963516322, 41.03082349188185
42.901501194073006, 40.894163761291914
42.9499227529828, 40.75750403070196
42.99834431189259, 40.620844300112026
43.046765870802375, 40.48418456952209
43.09518742971216, 40.34752483893216
43.143608988621956, 40.210865108342205
43.19203054753174, 40.07420537775227
43.24045210644153, 39.93754564716234
43.28887366535132, 39.8008859165724
43.33729522426111, 39.66422618598244
43.3857167831709, 39.52756645539251
43.434138342080686, 39.390906724802576
43.48255990099047, 39.25424699421264
43.53098145990027, 39.11758726362269
43.579403018810055, 38.980927533032755
43.62782457771984, 38.84426780244282
43.67624613662963, 38.70760807185289
43.724667695539424, 38.570948341262934
43.77308925444921, 38.43428861067299
43.821510813359, 38.29762888008306
43.869932372268785, 38.16096914949313
43.91835393117858, 38.02430941890317
43.96677549008837, 37.88764968831324
44.015197048998154, 37.750989957723306
44.06361860790794, 37.61433022713337
44.112040166817735, 37.47767049654342
44.16046172572752, 37.341010765953484
44.20888328463731, 37.204351035363544
44.2573048435471, 37.06769130477361
44.30572640245689, 36.931031574183656
44.35414796136668, 36.79437184359372
44.402569520276465, 36.65771211300379
44.45099107918625, 36.521052382413856
44.49941263809605, 36.3843926518239
44.547834197005834, 36.24773292123397
44.59625575591562, 36.111073190644035
44.64467731482541, 35.974413460054095
44.6930988737352, 35.83775372946414
44.74152043264499, 35.70109399887421
44.78994199155478, 35.56443426828427
44.838363550464564, 35.42777453769434
44.88678510937436, 35.291114807104385
44.935206668284145, 35.15445507651445
44.98362822719393, 35.01779534592451
45.03204978610372, 34.881135615334586
45.080471345013514, 34.74447588474463
45.1288929039233, 34.60781615415469
45.17731446283309, 34.47115642356476
45.225736021742875, 34.334496692974824
45.27415758065267, 34.19783696238487
45.32257913956246, 34.061177231794936
45.371000698472244, 33.924517501205
45.41942225738203, 33.78785777061506
45.467843816291825, 33.65119804002511
45.51626537520161, 33.514538309435174
45.5646869341114, 33.37787857884524
45.61310849302119, 33.24121884825531
45.66153005193098, 33.10455911766535
45.70995161084077, 32.96789938707542
45.758373169750556, 32.83123965648549
45.80679472866034, 32.69457992589555
45.85521628757014, 32.5579201953056
45.903637846479924, 32.42126046471566
45.95205940538971, 32.284600734125725
46.0004809642995, 32.14794100353579
46.04890252320929, 32.01128127294584
46.09732408211908, 31.874621542355904
46.14574564102887, 31.73796181176597
46.194167199938654, 31.601302081176037
46.24258875884845, 31.464642350586082
46.291010317758236, 31.327982619996146
46.33943187666802, 31.191322889406212
46.38785343557781, 31.054663158816275
46.436274994487604, 30.91800342822632
46.48469655339739, 30.781343697636387
46.53311811230718, 30.644683967046454
46.581539671216966, 30.50802423645652
46.62996123012676, 30.371364505866566
46.67838278903655, 30.234704775276633
46.726804347946334, 30.098045044686696
46.77522590685612, 29.961385314096763
46.823647465765916, 29.824725583506808
46.8720690246757, 29.68806585291687
46.92049058358549, 29.551406122326938
46.96891214249528, 29.414746391737005
47.01733370140507, 29.27808666114705
47.06575526031486, 29.141426930557117
47.114176819224646, 29.004767199967183
47.16259837813443, 28.868107469377247
47.21101993704423, 28.731447738787292
47.259441495954015, 28.59478800819736
47.3078630548638, 28.458128277607422
47.35628461377359, 28.32146854701749
47.40470617268338, 28.184808816427534
47.45312773159317, 28.0481490858376
47.50154929050296, 27.911489355247667
47.549970849412745, 27.77482962465773
47.59839240832254, 27.638169894067776
47.646813967232326, 27.501510163477842
47.69523552614211, 27.36485043288791
47.7436570850519, 27.228190702297972
47.792078643961695, 27.091530971708018
47.84050020287148, 26.954871241118084
47.88892176178127, 26.81821151052815
47.937343320691056, 26.681551779938218
47.98576487960085, 26.544892049348263
48.03418643851064, 26.408232318758326
48.082607997420425, 26.271572588168393
48.13102955633021, 26.13491285757846
48.179451115240006, 25.998253126988505
48.22787267414979, 25.86159339639857
48.27629423305958, 25.724933665808635
48.32471579196937, 25.5882739352187
48.37313735087916, 25.451614204628747
