Parameters: [51.364444050207, 21.8708248977006, 12.822466887285415, 43.66705657034816, 3.8990551778770577, -0.11431738559785468, -2.5813857832445173]
Points:
0.0, 21.8708248977006
0.051415859910117115, 22.071298172508143
0.10283171982023423, 22.27177144731569
0.15424757973035136, 22.472244722123232
0.20566343964046846, 22.672717996930775
0.25707929955058556, 22.873191271738317
0.3084951594607027, 23.073664546545864
0.3599110193708198, 23.274137821353406
0.4113268792809369, 23.47461109616095
0.462742739191054, 23.67508437096849
0.5141585991011711, 23.875557645776038
0.5655744590112882, 24.07603092058358
0.6169903189214054, 24.276504195391123
0.6684061788315225, 24.47697747019867
0.7198220387416396, 24.67745074500621
0.7712378986517567, 24.877924019813754
0.8226537585618738, 25.078397294621297
0.8740696184719909, 25.27887056942884
0.925485478382108, 25.479343844236386
0.9769013382922251, 25.67981711904393
1.0283171982023422, 25.88029039385147
1.0797330581124593, 26.080763668659017
1.1311489180225764, 26.28123694346656
1.1825647779326935, 26.481710218274102
1.2339806378428109, 26.682183493081645
1.285396497752928, 26.88265676788919
1.336812357663045, 27.083130042696734
1.3882282175731622, 27.283603317504276
1.4396440774832793, 27.484076592311823
1.4910599373933964, 27.684549867119365
1.5424757973035135, 27.885023141926908
1.5938916572136306, 28.08549641673445
1.6453075171237477, 28.285969691541993
1.6967233770338648, 28.48644296634954
1.7481392369439819, 28.686916241157082
1.799555096854099, 28.887389515964625
1.850970956764216, 29.08786279077217
1.9023868166743332, 29.288336065579713
1.9538026765844503, 29.488809340387256
2.0052185364945676, 29.6892826151948
2.0566343964046845, 29.88975589000234
2.108050256314802, 30.090229164809887
2.1594661162249187, 30.29070243961743
2.210881976135036, 30.491175714424976
2.262297836045153, 30.69164898923252
2.31371369595527, 30.89212226404006
2.365129555865387, 31.092595538847604
2.4165454157755044, 31.293068813655147
2.4679612756856217, 31.493542088462693
2.5193771355957386, 31.694015363270235
2.570792995505856, 31.89448863807778
2.622208855415973, 32.094961912885324
2.67362471532609, 32.29543518769287
2.725040575236207, 32.49590846250041
2.7764564351463243, 32.69638173730795
2.827872295056441, 32.896855012115495
2.8792881549665585, 33.097328286923045
2.9307040148766754, 33.29780156173058
2.9821198747867927, 33.49827483653813
3.0335357346969096, 33.69874811134567
3.084951594607027, 33.899221386153215
3.136367454517144, 34.09969466096076
3.187783314427261, 34.3001679357683
3.239199174337378, 34.50064121057584
3.2906150342474954, 34.701114485383385
3.3420308941576127, 34.901587760190935
3.3934467540677296, 35.10206103499848
3.444862613977847, 35.30253430980602
3.4962784738879638, 35.50300758461356
3.547694333798081, 35.703480859421106
3.599110193708198, 35.90395413422865
3.6505260536183153, 36.10442740903619
3.701941913528432, 36.30490068384374
3.7533577734385495, 36.50537395865128
3.8047736333486664, 36.705847233458826
3.8561894932587837, 36.90632050826637
3.9076053531689006, 37.10679378307391
3.959021213079018, 37.307267057881454
4.010437072989135, 37.507740332688996
4.061852932899252, 37.708213607496546
4.113268792809369, 37.90868688230408
4.164684652719487, 38.10916015711163
4.216100512629604, 38.309633431919174
4.2675163725397205, 38.51010670672672
4.318932232449837, 38.71057998153426
4.370348092359955, 38.9110532563418
4.421763952270072, 39.11152653114935
4.473179812180189, 39.31199980595689
4.524595672090306, 39.51247308076444
4.5760115320004235, 39.71294635557198
4.62742739191054, 39.91341963037952
4.678843251820657, 40.113892905187065
4.730259111730774, 40.31436617999461
4.781674971640892, 40.51483945480216
4.833090831551009, 40.71531272960969
4.884506691461126, 40.91578600441724
4.9359225513712435, 41.116259279224785
4.98733841128136, 41.31673255403233
5.038754271191477, 41.51720582883987
5.090170131101594, 41.71767910364741
5.141585991011712, 41.91815237845496
5.193001850921829, 42.1186256532625
5.244417710831946, 42.31909892807005
5.2958335707420625, 42.51957220287758
5.34724943065218, 42.72004547768513
5.398665290562297, 42.920518752492676
5.450081150472414, 43.12099202730022
5.501497010382531, 43.32146530210776
5.552912870292649, 43.5219385769153
5.604328730202766, 43.72241185172285
5.655744590112882, 43.92288512653039
5.707160450022999, 44.12335840133794
5.758576309933117, 44.32383167614548
5.809992169843234, 44.524304950953024
5.861408029753351, 44.724778225760566
5.912823889663469, 44.92525150056811
5.9642397495735855, 45.12572477537566
6.015655609483702, 45.326198050183194
6.067071469393819, 45.526671324990744
6.118487329303937, 45.72714459979829
6.169903189214054, 45.92761787460583
6.221319049124171, 46.12809114941337
6.272734909034288, 46.328564424220914
6.324150768944405, 46.529037699028464
6.375566628854522, 46.729510973836
6.426982488764639, 46.92998424864355
6.478398348674756, 47.130457523451085
6.529814208584874, 47.330930798258635
6.581230068494991, 47.53140407306618
6.632645928405108, 47.73187734787372
6.684061788315225, 47.93235062268127
6.735477648225342, 48.132823897488805
6.786893508135459, 48.333297172296355
6.838309368045576, 48.53377044710389
6.889725227955694, 48.73424372191144
6.941141087865811, 48.93471699671898
6.9925569477759275, 49.135190271526525
7.043972807686044, 49.33566354633407
7.095388667596162, 49.53613682114161
7.146804527506279, 49.73661009594916
7.198220387416396, 49.937083370756696
7.249636247326513, 50.137556645564246
7.301052107236631, 50.33802992037179
7.352467967146747, 50.53850319517933
7.403883827056864, 50.73897646998687
7.455299686966982, 50.939449744794416
7.506715546877099, 51.139923019601966
7.558131406787216, 51.3403962944095
7.609547266697333, 51.54086956921705
7.6609631266074505, 51.741342844024594
7.712378986517567, 51.941816118832136
7.763794846427684, 52.14228939363968
7.815210706337801, 52.34276266844722
7.866626566247919, 52.54323594325477
7.918042426158036, 52.74370921806231
7.969458286068153, 52.94418249286986
8.02087414597827, 53.1446557676774
8.072290005888387, 53.34512904248494
8.123705865798504, 53.545602317292484
8.175121725708621, 53.74607559210003
8.226537585618738, 53.94654886690757
8.277953445528855, 54.14702214171511
8.329369305438973, 54.34749541652266
8.38078516534909, 54.547968691330205
8.432201025259207, 54.74844196613775
8.483616885169324, 54.94891524094529
8.535032745079441, 55.14938851575283
8.586448604989558, 55.349861790560375
8.637864464899675, 55.55033506536792
8.689280324809792, 55.75080834017546
8.74069618471991, 55.95128161498301
8.792112044630027, 56.15175488979055
8.843527904540144, 56.352228164598095
8.894943764450261, 56.55270143940564
8.946359624360378, 56.75317471421318
8.997775484270495, 56.95364798902072
9.049191344180612, 57.154121263828266
9.10060720409073, 57.354594538635816
9.152023064000847, 57.55506781344336
9.203438923910964, 57.7555410882509
9.25485478382108, 57.95601436305844
9.306270643731198, 58.156487637865986
9.357686503641315, 58.35696091267353
9.409102363551431, 58.55743418748107
9.460518223461548, 58.757907462288614
9.511934083371667, 58.958380737096164
9.563349943281784, 59.158854011903706
9.6147658031919, 59.35932728671125
9.666181663102018, 59.55980056151879
9.717597523012135, 59.760273836326334
9.769013382922251, 59.96074711113388
9.820429242832368, 60.16122038594142
9.871845102742487, 60.36169366074897
9.923260962652604, 60.56216693555651
9.97467682256272, 60.762640210364054
10.026092682472838, 60.9631134851716
10.077508542382954, 61.16358675997914
10.128924402293071, 61.36406003478668
10.180340262203188, 61.564533309594225
10.231756122113305, 61.76500658440177
10.283171982023424, 61.96547985920932
10.33458784193354, 62.16595313401686
10.386003701843658, 62.3664264088244
10.437419561753774, 62.566899683631945
10.488835421663891, 62.76737295843949
10.540251281574008, 62.96784623324703
10.591667141484125, 63.16831950805457
10.643083001394242, 63.368792782862116
10.69449886130436, 63.569266057669665
10.745914721214477, 63.76973933247721
10.797330581124594, 63.97021260728475
10.848746441034711, 64.1706858820923
10.900162300944828, 64.37115915689984
10.951578160854945, 64.57163243170737
11.002994020765062, 64.77210570651492
11.05440988067518, 64.97257898132247
11.105825740585297, 65.17305225613
11.157241600495414, 65.37352553093756
11.208657460405531, 65.5739988057451
11.260073320315648, 65.77447208055264
11.311489180225765, 65.97494535536018
11.362905040135882, 66.17541863016773
11.414320900045999, 66.37589190497528
11.465736759956117, 66.57636517978281
11.517152619866234, 66.77683845459036
11.568568479776351, 66.97731172939791
11.619984339686468, 67.17778500420545
11.671400199596585, 67.37825827901298
11.722816059506702, 67.57873155382053
11.774231919416819, 67.77920482862808
11.825647779326937, 67.97967810343562
11.877063639237054, 68.18015137824317
11.928479499147171, 68.38062465305072
11.979895359057288, 68.58109792785825
12.031311218967405, 68.78157120266579
12.082727078877522, 68.98204447747334
12.134142938787638, 69.18251775228089
12.185558798697755, 69.38299102708842
12.236974658607874, 69.58346430189597
12.288390518517991, 69.78393757670352
12.339806378428108, 69.98441085151106
12.391222238338225, 70.1848841263186
12.442638098248342, 70.38535740112614
12.494053958158458, 70.58583067593369
12.545469818068575, 70.78630395074123
12.596885677978694, 70.98677722554878
12.64830153788881, 71.18725050035633
12.699717397798928, 71.38772377516386
12.751133257709045, 71.5881970499714
12.802549117619161, 71.78867032477895
12.853964977529278, 71.86273002839991
12.905380837439395, 71.85685230171673
12.956796697349512, 71.85097457503353
13.00821255725963, 71.84509684835035
13.059628417169748, 71.83921912166716
13.111044277079865, 71.83334139498396
13.162460136989981, 71.82746366830078
13.213875996900098, 71.82158594161758
13.265291856810215, 71.81570821493439
13.316707716720332, 71.80983048825121
13.36812357663045, 71.80395276156801
13.419539436540568, 71.79807503488482
13.470955296450684, 71.79219730820164
13.522371156360801, 71.78631958151844
13.573787016270918, 71.78044185483526
13.625202876181035, 71.77456412815206
13.676618736091152, 71.76868640146887
13.728034596001269, 71.76280867478569
13.779450455911388, 71.7569309481025
13.830866315821504, 71.7510532214193
13.882282175731621, 71.74517549473612
13.933698035641738, 71.73929776805292
13.985113895551855, 71.73342004136973
14.036529755461972, 71.72754231468654
14.087945615372089, 71.72166458800335
14.139361475282207, 71.71578686132017
14.190777335192324, 71.70990913463697
14.242193195102441, 71.70403140795378
14.293609055012558, 71.6981536812706
14.345024914922675, 71.6922759545874
14.396440774832792, 71.6863982279042
14.447856634742909, 71.68052050122103
14.499272494653026, 71.67464277453783
14.550688354563144, 71.66876504785463
14.602104214473261, 71.66288732117145
14.653520074383378, 71.65700959448826
14.704935934293495, 71.65113186780508
14.756351794203612, 71.64525414112188
14.807767654113729, 71.63937641443869
14.859183514023846, 71.6334986877555
14.910599373933964, 71.62762096107231
14.962015233844081, 71.62174323438911
15.013431093754198, 71.61586550770593
15.064846953664315, 71.60998778102274
15.116262813574432, 71.60411005433954
15.167678673484549, 71.59823232765636
15.219094533394665, 71.59235460097317
15.270510393304782, 71.58647687428999
15.321926253214901, 71.58059914760679
15.373342113125018, 71.5747214209236
15.424757973035135, 71.56884369424041
15.476173832945252, 71.56296596755722
15.527589692855368, 71.55708824087402
15.579005552765485, 71.55121051419084
15.630421412675602, 71.54533278750765
15.681837272585721, 71.53945506082445
15.733253132495838, 71.53357733414127
15.784668992405955, 71.52769960745808
15.836084852316072, 71.5218218807749
15.887500712226188, 71.5159441540917
15.938916572136305, 71.5100664274085
15.990332432046422, 71.50418870072532
16.04174829195654, 71.49831097404213
16.093164151866656, 71.49243324735893
16.144580011776775, 71.48655552067575
16.19599587168689, 71.48067779399256
16.24741173159701, 71.47480006730936
16.298827591507127, 71.46892234062618
16.350243451417242, 71.46304461394298
16.40165931132736, 71.4571668872598
16.453075171237476, 71.45128916057661
16.504491031147595, 71.44541143389341
16.55590689105771, 71.43953370721023
16.60732275096783, 71.43365598052704
16.658738610877947, 71.42777825384384
16.710154470788062, 71.42190052716066
16.76157033069818, 71.41602280047746
16.812986190608296, 71.41014507379427
16.864402050518414, 71.40426734711109
16.91581791042853, 71.39838962042789
16.967233770338648, 71.39251189374471
17.018649630248763, 71.38663416706152
17.070065490158882, 71.38075644037832
17.121481350069, 71.37487871369514
17.172897209979116, 71.36900098701194
17.224313069889234, 71.36312326032875
17.27572892979935, 71.35724553364557
17.327144789709468, 71.35136780696237
17.378560649619583, 71.34549008027919
17.429976509529702, 71.339612353596
17.48139236943982, 71.3337346269128
17.532808229349936, 71.32785690022962
17.584224089260054, 71.32197917354642
17.63563994917017, 71.31610144686323
17.687055809080288, 71.31022372018005
17.738471668990403, 71.30434599349685
17.789887528900522, 71.29846826681366
17.84130338881064, 71.29259054013048
17.892719248720756, 71.28671281344728
17.944135108630874, 71.28083508676409
17.99555096854099, 71.2749573600809
18.046966828451108, 71.26907963339771
18.098382688361223, 71.26320190671453
18.14979854827134, 71.25732418003133
18.20121440818146, 71.25144645334814
18.252630268091576, 71.24556872666496
18.304046128001694, 71.23969099998176
18.35546198791181, 71.23381327329857
18.406877847821928, 71.22793554661538
18.458293707732043, 71.22205781993219
18.50970956764216, 71.216180093249
18.561125427552277, 71.21030236656581
18.612541287462395, 71.20442463988262
18.663957147372514, 71.19854691319944
18.71537300728263, 71.19266918651624
18.766788867192748, 71.18679145983305
18.818204727102863, 71.18091373314986
18.86962058701298, 71.17503600646667
18.921036446923097, 71.16915827978347
18.972452306833215, 71.1632805531003
19.023868166743334, 71.1574028264171
19.07528402665345, 71.15152509973392
19.126699886563568, 71.14564737305072
19.178115746473683, 71.13976964636753
19.2295316063838, 71.13389191968434
19.280947466293917, 71.12801419300115
19.332363326204035, 71.12213646631795
19.383779186114154, 71.11625873963477
19.43519504602427, 71.11038101295158
19.486610905934388, 71.10450328626838
19.538026765844503, 71.0986255595852
19.58944262575462, 71.092747832902
19.640858485664737, 71.08687010621883
19.692274345574855, 71.08099237953563
19.743690205484974, 71.07511465285243
19.79510606539509, 71.06923692616925
19.846521925305208, 71.06335919948606
19.897937785215323, 71.05748147280286
19.94935364512544, 71.05160374611968
20.000769505035557, 71.04572601943649
20.052185364945675, 71.03984829275329
20.10360122485579, 71.03397056607011
20.15501708476591, 71.02809283938691
20.206432944676028, 71.02221511270372
20.257848804586143, 71.01633738602054
20.30926466449626, 71.01045965933734
20.360680524406376, 71.00458193265416
20.412096384316495, 70.99870420597097
20.46351224422661, 70.99282647928777
20.51492810413673, 70.98694875260459
20.566343964046848, 70.9810710259214
20.617759823956963, 70.9751932992382
20.66917568386708, 70.96931557255502
20.720591543777196, 70.96343784587182
20.772007403687315, 70.95756011918863
20.82342326359743, 70.95168239250545
20.87483912350755, 70.94580466582225
20.926254983417667, 70.93992693913907
20.977670843327783, 70.93404921245588
21.0290867032379, 70.92817148577268
21.080502563148016, 70.9222937590895
21.131918423058135, 70.9164160324063
21.18333428296825, 70.91053830572311
21.23475014287837, 70.90466057903993
21.286166002788484, 70.89878285235673
21.337581862698602, 70.89290512567355
21.38899772260872, 70.88702739899036
21.440413582518836, 70.88114967230716
21.491829442428955, 70.87527194562398
21.54324530233907, 70.86939421894078
21.59466116224919, 70.86351649225759
21.646077022159304, 70.8576387655744
21.697492882069422, 70.85176103889121
21.74890874197954, 70.84588331220802
21.800324601889656, 70.84000558552484
21.851740461799775, 70.83412785884164
21.90315632170989, 70.82825013215846
21.95457218162001, 70.82237240547526
22.005988041530124, 70.81649467879207
22.057403901440242, 70.81061695210889
22.10881976135036, 70.80473922542569
22.160235621260476, 70.7988614987425
22.211651481170595, 70.79298377205932
22.26306734108071, 70.78710604537612
22.31448320099083, 70.78122831869292
22.365899060900944, 70.77535059200974
22.417314920811062, 70.76947286532655
22.46873078072118, 70.76359513864335
22.520146640631296, 70.75771741196017
22.571562500541415, 70.75183968527698
22.62297836045153, 70.7459619585938
22.67439422036165, 70.7400842319106
22.725810080271764, 70.7342065052274
22.777225940181882, 70.72832877854422
22.828641800091997, 70.72245105186103
22.880057660002116, 70.71657332517783
22.931473519912235, 70.71069559849465
22.98288937982235, 70.70481787181146
23.03430523973247, 70.69894014512826
23.085721099642583, 70.69306241844508
23.137136959552702, 70.68718469176189
23.188552819462817, 70.6813069650787
23.239968679372936, 70.67542923839551
23.291384539283055, 70.66955151171231
23.34280039919317, 70.66367378502913
23.39421625910329, 70.65779605834594
23.445632119013403, 70.65191833166274
23.497047978923522, 70.64604060497956
23.548463838833637, 70.64016287829637
23.599879698743756, 70.63428515161318
23.651295558653874, 70.62840742492999
23.70271141856399, 70.6225296982468
23.754127278474108, 70.61665197156361
23.805543138384223, 70.61077424488042
23.856958998294342, 70.60489651819722
23.908374858204457, 70.59901879151404
23.959790718114576, 70.59314106483085
24.011206578024694, 70.58726333814765
24.06262243793481, 70.58138561146447
24.114038297844928, 70.57550788478127
24.165454157755043, 70.5696301580981
24.216870017665162, 70.5637524314149
24.268285877575277, 70.5578747047317
24.319701737485396, 70.55199697804852
24.37111759739551, 70.54611925136533
24.42253345730563, 70.54024152468213
24.473949317215748, 70.53436379799895
24.525365177125863, 70.52848607131575
24.576781037035982, 70.52260834463256
24.628196896946097, 70.51673061794938
24.679612756856216, 70.51085289126618
24.73102861676633, 70.504975164583
24.78244447667645, 70.4990974378998
24.833860336586568, 70.49321971121661
24.885276196496683, 70.48734198453343
24.9366920564068, 70.48146425785023
24.988107916316917, 70.47558653116704
25.039523776227036, 70.46970880448386
25.09093963613715, 70.46383107780066
25.14235549604727, 70.45795335111747
25.193771355957388, 70.45207562443429
25.245187215867503, 70.44619789775109
25.29660307577762, 70.44032017106791
25.348018935687737, 70.43444244438471
25.399434795597855, 70.42856471770152
25.45085065550797, 70.42268699101834
25.50226651541809, 70.41680926433514
25.553682375328208, 70.41093153765195
25.605098235238323, 70.40505381096877
25.65651409514844, 70.39917608428557
25.707929955058557, 70.39329835760238
25.759345814968675, 70.3874206309192
25.81076167487879, 70.381542904236
25.86217753478891, 70.37566517755282
25.913593394699024, 70.36978745086962
25.965009254609143, 70.36390972418643
26.01642511451926, 70.35803199750325
26.067840974429377, 70.35215427082005
26.119256834339495, 70.34627654413686
26.17067269424961, 70.34039881745367
26.22208855415973, 70.33452109077048
26.273504414069844, 70.32864336408728
26.324920273979963, 70.3227656374041
26.37633613389008, 70.31688791072091
26.427751993800197, 70.31101018403773
26.479167853710315, 70.30513245735453
26.53058371362043, 70.29925473067134
26.58199957353055, 70.29337700398816
26.633415433440664, 70.28749927730496
26.684831293350783, 70.28162155062176
26.7362471532609, 70.27574382393858
26.787663013171017, 70.26986609725539
26.839078873081135, 70.26398837057219
26.89049473299125, 70.25811064388901
26.94191059290137, 70.25223291720582
26.993326452811484, 70.24635519052264
27.044742312721603, 70.24047746383944
27.096158172631718, 70.23459973715624
27.147574032541836, 70.22872201047306
27.198989892451955, 70.22284428378987
27.25040575236207, 70.21696655710667
27.30182161227219, 70.21108883042349
27.353237472182304, 70.2052111037403
27.404653332092423, 70.1993333770571
27.456069192002538, 70.19345565037392
27.507485051912656, 70.18757792369072
27.558900911822775, 70.18170019700754
27.61031677173289, 70.17582247032435
27.66173263164301, 70.16994474364115
27.713148491553124, 70.16406701695797
27.764564351463243, 70.15818929027478
27.815980211373358, 70.15231156359158
27.867396071283476, 70.1464338369084
27.918811931193595, 70.1405561102252
27.97022779110371, 70.13467838354201
28.02164365101383, 70.12880065685883
28.073059510923944, 70.12292293017563
28.124475370834062, 70.11704520349245
28.175891230744178, 70.11116747680926
28.227307090654296, 70.10528975012606
28.278722950564415, 70.09941202344288
28.33013881047453, 70.09353429675969
28.38155467038465, 70.08765657007649
28.432970530294764, 70.08177884339331
28.484386390204882, 70.07590111671011
28.535802250114997, 70.07002339002692
28.587218110025116, 70.06414566334374
28.63863396993523, 70.05826793666054
28.69004982984535, 70.05239020997736
28.74146568975547, 70.04651248329417
28.792881549665584, 70.04063475661097
28.844297409575702, 70.03475702992779
28.895713269485817, 70.0288793032446
28.947129129395936, 70.0230015765614
28.99854498930605, 70.01712384987822
29.04996084921617, 70.01124612319502
29.10137670912629, 70.00536839651183
29.152792569036404, 69.99949066982865
29.204208428946522, 69.99361294314545
29.255624288856637, 69.98773521646227
29.307040148766756, 69.98185748977907
29.35845600867687, 69.97597976309588
29.40987186858699, 69.9701020364127
29.46128772849711, 69.9642243097295
29.512703588407224, 69.9583465830463
29.564119448317342, 69.95246885636313
29.615535308227457, 69.94659112967993
29.666951168137576, 69.94071340299674
29.71836702804769, 69.93483567631355
29.76978288795781, 69.92895794963036
29.82119874786793, 69.92308022294718
29.872614607778043, 69.91720249626398
29.924030467688162, 69.91132476958079
29.975446327598277, 69.9054470428976
30.026862187508396, 69.89956931621441
30.07827804741851, 69.89369158953122
30.12969390732863, 69.88781386284803
30.181109767238745, 69.88193613616484
30.232525627148863, 69.87605840948164
30.283941487058982, 69.87018068279846
30.335357346969097, 69.86430295611527
30.386773206879216, 69.85842522943209
30.43818906678933, 69.85254750274889
30.48960492669945, 69.8466697760657
30.541020786609565, 69.84079204938251
30.592436646519683, 69.83491432269932
30.643852506429802, 69.82903659601612
30.695268366339917, 69.82315886933294
30.746684226250036, 69.81728114264975
30.79810008616015, 69.81140341596655
30.84951594607027, 69.80552568928337
30.900931805980385, 69.79964796260018
30.952347665890503, 69.793770235917
31.003763525800622, 69.7878925092338
31.055179385710737, 69.7820147825506
31.106595245620856, 69.77613705586742
31.15801110553097, 69.77025932918423
31.20942696544109, 69.76438160250103
31.260842825351205, 69.75850387581785
31.312258685261323, 69.75262614913466
31.363674545171442, 69.74674842245146
31.415090405081557, 69.74087069576828
31.466506264991676, 69.73499296908508
31.51792212490179, 69.7291152424019
31.56933798481191, 69.72323751571871
31.620753844722024, 69.71735978903551
31.672169704632143, 69.71148206235233
31.723585564542258, 69.70560433566914
31.775001424452377, 69.69972660898594
31.826417284362496, 69.69384888230276
31.87783314427261, 69.68797115561956
31.92924900418273, 69.68209342893637
31.980664864092844, 69.67621570225319
32.03208072400296, 69.67033797556999
32.08349658391308, 69.66446024888681
32.1349124438232, 69.65858252220362
32.18632830373331, 69.65270479552042
32.237744163643434, 69.64682706883724
32.28916002355355, 69.64094934215404
32.340575883463664, 69.63507161547085
32.39199174337378, 69.62919388878767
32.4434076032839, 69.62331616210447
32.49482346319402, 69.61743843542128
32.54623932310413, 69.6115607087381
32.597655183014254, 69.6056829820549
32.64907104292437, 69.59980525537172
32.700486902834484, 69.59392752868852
32.7519027627446, 69.58804980200533
32.80331862265472, 69.58217207532215
32.85473448256484, 69.57629434863895
32.90615034247495, 69.57041662195576
32.957566202385074, 69.56453889527258
33.00898206229519, 69.55866116858938
33.060397922205304, 69.55278344190619
33.11181378211542, 69.546905715223
33.16322964202554, 69.54102798853981
33.21464550193566, 69.53515026185663
33.26606136184577, 69.52927253517343
33.317477221755894, 69.52339480849024
33.36889308166601, 69.51751708180706
33.420308941576124, 69.51163935512386
33.47172480148624, 69.50576162844067
33.52314066139636, 69.49988390175749
33.57455652130648, 69.49400617507429
33.62597238121659, 69.4881284483911
33.67738824112671, 69.48225072170791
33.72880410103683, 69.47637299502472
33.780219960946944, 69.47049526834154
33.83163582085706, 69.46461754165834
33.88305168076718, 69.45873981497515
33.934467540677296, 69.45286208829197
33.98588340058741, 69.44698436160877
34.03729926049753, 69.44110663492557
34.08871512040765, 69.4352289082424
34.140130980317764, 69.4293511815592
34.19154684022788, 69.423473454876
34.242962700138, 69.41759572819282
34.294378560048116, 69.41171800150963
34.34579441995823, 69.40584027482645
34.39721027986835, 69.39996254814325
34.44862613977847, 69.39408482146005
34.500041999688584, 69.38820709477687
34.5514578595987, 69.38232936809368
34.60287371950882, 69.37645164141048
34.654289579418936, 69.3705739147273
34.70570543932905, 69.3646961880441
34.75712129923917, 69.35881846136091
34.80853715914929, 69.35294073467773
34.859953019059404, 69.34706300799454
34.91136887896952, 69.34118528131135
34.96278473887964, 69.33530755462816
35.014200598789756, 69.32942982794496
35.06561645869987, 69.32355210126178
35.117032318609986, 69.31767437457859
35.16844817852011, 69.31179664789539
35.219864038430224, 69.30591892121221
35.27127989834034, 69.30004119452902
35.32269575825046, 69.29416346784582
35.374111618160576, 69.28828574116264
35.42552747807069, 69.28240801447944
35.476943337980806, 69.27653028779626
35.52835919789093, 69.27065256111307
35.579775057801044, 69.26477483442987
35.63119091771116, 69.25889710774669
35.68260677762128, 69.2530193810635
35.734022637531396, 69.2471416543803
35.78543849744151, 69.24126392769712
35.836854357351626, 69.23538620101392
35.88827021726175, 69.22950847433073
35.939686077171864, 69.22363074764755
35.99110193708198, 69.21775302096435
36.0425177969921, 69.21187529428117
36.093933656902216, 69.20599756759798
36.14534951681233, 69.20011984091478
36.196765376722446, 69.1942421142316
36.24818123663257, 69.1883643875484
36.29959709654268, 69.18248666086521
36.3510129564528, 69.17660893418203
36.40242881636292, 69.17073120749883
36.453844676273036, 69.16485348081564
36.50526053618315, 69.15897575413246
36.556676396093266, 69.15309802744926
36.60809225600339, 69.14722030076608
36.6595081159135, 69.14134257408288
36.71092397582362, 69.13546484739969
36.762339835733734, 69.12958712071651
36.813755695643856, 69.12370939403331
36.86517155555397, 69.11783166735012
36.916587415464086, 69.11195394066694
36.96800327537421, 69.10607621398374
37.01941913528432, 69.10019848730055
37.07083499519444, 69.09432076061736
37.122250855104554, 69.08844303393417
37.173666715014676, 69.08256530725099
37.22508257492479, 69.07668758056779
37.276498434834906, 69.0708098538846
37.32791429474503, 69.06493212720142
37.37933015465514, 69.05905440051822
37.43074601456526, 69.05317667383503
37.48216187447537, 69.04729894715184
37.533577734385496, 69.04142122046865
37.58499359429561, 69.03554349378545
37.636409454205726, 69.02966576710227
37.68782531411585, 69.02378804041908
37.73924117402596, 69.0179103137359
37.79065703393608, 69.0120325870527
37.84207289384619, 69.0061548603695
37.893488753756316, 69.00027713368632
37.94490461366643, 68.99439940700313
37.996320473576546, 68.98852168031993
38.04773633348667, 68.98264395363675
38.09915219339678, 68.97676622695356
38.1505680533069, 68.97088850027036
38.20198391321701, 68.96501077358718
38.253399773127136, 68.95913304690399
38.30481563303725, 68.9532553202208
38.356231492947366, 68.94737759353761
38.40764735285749, 68.94149986685441
38.4590632127676, 68.93562214017123
38.51047907267772, 68.92974441348804
38.56189493258783, 68.92386668680484
38.613310792497956, 68.91798896012166
38.66472665240807, 68.91211123343847
38.716142512318186, 68.90623350675527
38.76755837222831, 68.90035578007209
38.81897423213842, 68.8944780533889
38.87039009204854, 68.88860032670571
38.92180595195865, 68.88272260002252
38.973221811868775, 68.87684487333932
39.02463767177889, 68.87096714665614
39.076053531689006, 68.86508941997295
39.12746939159913, 68.85921169328975
39.17888525150924, 68.85333396660657
39.23030111141936, 68.84745623992337
39.28171697132947, 68.8415785132402
39.333132831239595, 68.835700786557
39.38454869114971, 68.8298230598738
39.435964551059826, 68.82394533319062
39.48738041096995, 68.81806760650743
39.53879627088006, 68.81218987982423
39.59021213079018, 68.80631215314105
39.64162799070029, 68.80043442645785
39.693043850610415, 68.79455669977466
39.74445971052053, 68.78867897309148
39.795875570430645, 68.78280124640828
39.84729143034076, 68.7769235197251
39.89870729025088, 68.7710457930419
39.950123150161, 68.76516806635871
40.00153901007111, 68.75929033967553
40.052954869981235, 68.75341261299234
40.10437072989135, 68.74753488630914
40.155786589801465, 68.74165715962596
40.20720244971158, 68.73577943294276
40.2586183096217, 68.72990170625957
40.31003416953182, 68.72402397957639
40.36145002944193, 68.71814625289319
40.412865889352055, 68.71226852621
40.46428174926217, 68.70639079952682
40.515697609172285, 68.70051307284362
40.5671134690824, 68.69463534616044
40.61852932899252, 68.68875761947724
40.66994518890264, 68.68287989279405
40.72136104881275, 68.67700216611087
40.772776908722875, 68.67112443942767
40.82419276863299, 68.66524671274448
40.875608628543105, 68.6593689860613
40.92702448845322, 68.6534912593781
40.97844034836334, 68.6476135326949
41.02985620827346, 68.64173580601172
41.08127206818357, 68.63585807932853
41.132687928093695, 68.62998035264535
41.18410378800381, 68.62410262596215
41.235519647913925, 68.61822489927896
41.28693550782404, 68.61234717259578
41.33835136773416, 68.60646944591258
41.38976722764428, 68.60059171922939
41.44118308755439, 68.5947139925462
41.492598947464515, 68.58883626586301
41.54401480737463, 68.58295853917981
41.595430667284745, 68.57708081249663
41.64684652719486, 68.57120308581344
41.69826238710498, 68.56532535913026
41.7496782470151, 68.55944763244706
41.80109410692521, 68.55356990576387
41.852509966835335, 68.54769217908068
41.90392582674545, 68.54181445239749
41.955341686655565, 68.5359367257143
42.00675754656568, 68.53005899903111
42.0581734064758, 68.52418127234792
42.10958926638592, 68.51830354566472
42.16100512629603, 68.51242581898154
42.212420986206155, 68.50654809229835
42.26383684611627, 68.50067036561516
42.315252706026385, 68.49479263893197
42.3666685659365, 68.48891491224877
42.41808442584662, 68.48303718556559
42.46950028575674, 68.4771594588824
42.52091614566685, 68.4712817321992
42.57233200557697, 68.46540400551602
42.62374786548709, 68.45952627883283
42.675163725397205, 68.45364855214964
42.72657958530732, 68.44777082546645
42.77799544521744, 68.44189309878325
42.82941130512756, 68.43601537210007
42.88082716503767, 68.43013764541688
42.93224302494779, 68.42425991873368
42.98365888485791, 68.4183821920505
43.035074744768025, 68.4125044653673
43.08649060467814, 68.40662673868411
43.13790646458826, 68.40074901200093
43.18932232449838, 68.39487128531773
43.24073818440849, 68.38899355863455
43.29215404431861, 68.38311583195136
43.34356990422873, 68.37723810526816
43.394985764138845, 68.37136037858498
43.44640162404896, 68.36548265190179
43.49781748395908, 68.35960492521859
43.5492333438692, 68.35372719853541
43.60064920377931, 68.34784947185221
43.65206506368943, 68.34197174516902
43.70348092359955, 68.24623264767462
43.754896783509665, 68.11350847786936
43.80631264341978, 67.98078430806409
43.8577285033299, 67.8480601382588
43.90914436324002, 67.71533596845354
43.96056022315013, 67.58261179864829
44.01197608306025, 67.44988762884302
44.06339194297037, 67.31716345903774
44.114807802880485, 67.18443928923247
44.1662236627906, 67.05171511942721
44.21763952270072, 66.91899094962193
44.26905538261084, 66.78626677981667
44.32047124252095, 66.65354261001141
44.37188710243107, 66.52081844020614
44.42330296234119, 66.38809427040086
44.474718822251305, 66.2553701005956
44.52613468216142, 66.12264593079034
44.57755054207154, 65.98992176098506
44.62896640198166, 65.8571975911798
44.68038226189177, 65.72447342137453
44.73179812180189, 65.59174925156927
44.78321398171201, 65.45902508176398
44.834629841622125, 65.32630091195873
44.88604570153224, 65.19357674215345
44.93746156144236, 65.06085257234818
44.98887742135248, 64.92812840254291
45.04029328126259, 64.79540423273765
45.09170914117271, 64.6626800629324
45.14312500108283, 64.52995589312711
45.194540860992944, 64.39723172332185
45.24595672090306, 64.26450755351658
45.29737258081318, 64.13178338371131
45.3487884407233, 63.99905921390604
45.40020430063341, 63.86633504410078
45.45162016054353, 63.733610874295515
45.50303602045365, 63.600886704490236
45.554451880363764, 63.46816253468497
45.60586774027388, 63.33543836487971
45.657283600183995, 63.20271419507444
45.70869946009412, 63.06999002526916
45.76011532000423, 62.9372658554639
45.81153117991435, 62.804541685658634
45.86294703982447, 62.671817515853355
45.914362899734584, 62.53909334604809
45.9657787596447, 62.40636917624283
46.017194619554814, 62.27364500643757
46.06861047946494, 62.14092083663229
46.12002633937505, 62.008196666827025
46.17144219928517, 61.87547249702176
46.22285805919529, 61.74274832721648
46.274273919105404, 61.61002415741122
46.32568977901552, 61.47729998760595
46.377105638925634, 61.34457581780069
46.42852149883576, 61.21185164799541
46.47993735874587, 61.079127478190145
46.53135321865599, 60.94640330838489
46.58276907856611, 60.8136791385796
46.634184938476224, 60.68095496877434
46.68560079838634, 60.54823079896908
46.737016658296454, 60.415506629163815
46.78843251820658, 60.28278245935853
46.83984837811669, 60.15005828955327
46.89126423802681, 60.01733411974801
46.94268009793693, 59.88460994994273
46.994095957847044, 59.751885780137464
47.04551181775716, 59.6191616103322
47.096927677667274, 59.48643744052694
47.1483435375774, 59.353713270721656
47.19975939748751, 59.22098910091639
47.25117525739763, 59.08826493111113
47.30259111730775, 58.95554076130585
47.354006977217864, 58.82281659150058
47.40542283712798, 58.690092421695326
47.456838697038094, 58.55736825189006
47.508254556948216, 58.42464408208478
47.55967041685833, 58.29191991227952
47.61108627676845, 58.15919574247425
47.66250213667857, 58.026471572668974
47.713917996588684, 57.89374740286371
47.7653338564988, 57.761023233058445
47.816749716408914, 57.62829906325318
47.868165576319036, 57.4955748934479
47.91958143622915, 57.36285072364264
47.97099729613927, 57.23012655383738
48.02241315604939, 57.097402384032094
48.073829015959504, 56.964678214226836
48.12524487586962, 56.83195404442157
48.176660735779734, 56.69922987461631
48.228076595689856, 56.56650570481103
48.27949245559997, 56.433781535005764
48.33090831551009, 56.3010573652005
48.3823241754202, 56.168333195395235
48.433740035330324, 56.035609025589956
48.48515589524044, 55.90288485578469
48.536571755150554, 55.770160685979434
48.587987615060676, 55.63743651617415
48.63940347497079, 55.50471234636889
48.690819334880906, 55.371988176563626
48.74223519479102, 55.23926400675836
48.793651054701144, 55.10653983695308
48.84506691461126, 54.97381566714782
48.896482774521374, 54.84109149734255
48.947898634431496, 54.708367327537275
48.99931449434161, 54.57564315773201
49.050730354251726, 54.442918987926745
49.10214621416184, 54.31019481812149
49.153562074071964, 54.1774706483162
49.20497793398208, 54.044746478510945
49.256393793892194, 53.91202230870568
49.307809653802316, 53.779298138900394
49.35922551371243, 53.64657396909513
49.410641373622546, 53.51384979928987
49.46205723353266, 53.38112562948461
49.513473093442784, 53.24840145967933
49.5648889533529, 53.115677289874064
49.616304813263014, 52.9829531200688
49.667720673173136, 52.85022895026352
49.71913653308325, 52.717504780458256
49.770552392993366, 52.58478061065299
49.82196825290348, 52.45205644084773
49.8733841128136, 52.319332271042455
49.92479997272372, 52.186608101237184
49.976215832633834, 52.053883931431926
50.027631692543956, 51.92115976162664
50.07904755245407, 51.78843559182138
50.130463412364186, 51.65571142201612
50.1818792722743, 51.522987252210854
50.23329513218442, 51.390263082405575
50.28471099209454, 51.25753891260031
50.336126852004654, 51.12481474279505
50.387542711914776, 50.99209057298977
50.43895857182489, 50.8593664031845
50.490374431735006, 50.72664223337924
50.54179029164512, 50.59391806357398
50.59320615155524, 50.461193893768694
50.64462201146536, 50.32846972396344
50.696037871375474, 50.19574555415817
50.747453731285596, 50.06302138435289
50.79886959119571, 49.93029721454762
50.850285451105826, 49.797573044742364
50.90170131101594, 49.6648488749371
50.95311717092606, 49.53212470513182
51.00453303083618, 49.399400535326556
51.05594889074629, 49.26667636552129
51.107364750656416, 49.13395219571601
51.15878061056653, 49.00122802591075
51.210196470476646, 48.86850385610549
51.26161233038676, 48.735779686300226
51.31302819029688, 48.60305551649495
51.364444050207, 48.470331346689676
