Parameters: [50.60687494506465, 16.857466571448814, 7.585520820363655, 42.738094370196414, 3.9143075815204718, 0.16465555192804415, -3.4689217701981487]
Points:
0.0, 16.857466571448814
0.05065753247754219, 17.055755734886777
0.10131506495508438, 17.25404489832474
0.1519725974326266, 17.452334061762702
0.20263012991016877, 17.650623225200665
0.25328766238771094, 17.848912388638627
0.3039451948652532, 18.047201552076594
0.35460272734279535, 18.245490715514556
0.40526025982033753, 18.44377987895252
0.4559177922978797, 18.64206904239048
0.5065753247754219, 18.840358205828444
0.5572328572529641, 19.038647369266407
0.6078903897305064, 19.23693653270437
0.6585479222080485, 19.435225696142332
0.7092054546855907, 19.633514859580295
0.7598629871631328, 19.831804023018258
0.8105205196406751, 20.03009318645622
0.8611780521182173, 20.228382349894183
0.9118355845957594, 20.426671513332145
0.9624931170733017, 20.624960676770108
1.0131506495508438, 20.82324984020807
1.063808182028386, 21.021539003646033
1.1144657145059282, 21.219828167084
1.1651232469834705, 21.418117330521962
1.2157807794610127, 21.616406493959925
1.2664383119385547, 21.814695657397888
1.317095844416097, 22.01298482083585
1.3677533768936392, 22.211273984273813
1.4184109093711814, 22.409563147711776
1.4690684418487236, 22.60785231114974
1.5197259743262657, 22.8061414745877
1.570383506803808, 23.004430638025664
1.6210410392813501, 23.20271980146363
1.6716985717588924, 23.401008964901592
1.7223561042364346, 23.599298128339555
1.7730136367139766, 23.797587291777518
1.8236711691915188, 23.99587645521548
1.874328701669061, 24.194165618653443
1.9249862341466033, 24.392454782091406
1.9756437666241455, 24.59074394552937
2.0263012991016875, 24.78903310896733
2.07695883157923, 24.987322272405294
2.127616364056772, 25.185611435843256
2.1782738965343142, 25.38390059928122
2.2289314290118565, 25.58218976271918
2.2795889614893987, 25.780478926157144
2.330246493966941, 25.978768089595107
2.380904026444483, 26.177057253033073
2.4315615589220254, 26.375346416471036
2.482219091399567, 26.573635579908995
2.5328766238771094, 26.771924743346958
2.5835341563546517, 26.970213906784924
2.634191688832194, 27.168503070222886
2.684849221309736, 27.36679223366085
2.7355067537872784, 27.565081397098812
2.7861642862648206, 27.763370560536778
2.836821818742363, 27.96165972397474
2.887479351219905, 28.159948887412703
2.9381368836974473, 28.358238050850666
2.988794416174989, 28.55652721428863
3.0394519486525313, 28.75481637772659
3.0901094811300736, 28.953105541164554
3.140767013607616, 29.151394704602517
3.191424546085158, 29.34968386804048
3.2420820785627003, 29.547973031478442
3.2927396110402425, 29.746262194916405
3.3433971435177847, 29.944551358354367
3.394054675995327, 30.14284052179233
3.444712208472869, 30.341129685230293
3.4953697409504114, 30.539418848668255
3.546027273427953, 30.737708012106218
3.5966848059054954, 30.93599717554418
3.6473423383830377, 31.134286338982143
3.69799987086058, 31.332575502420106
3.748657403338122, 31.53086466585807
3.7993149358156644, 31.72915382929603
3.8499724682932066, 31.927442992733997
3.900630000770749, 32.12573215617196
3.951287533248291, 32.324021319609926
4.001945065725833, 32.52231048304788
4.052602598203375, 32.72059964648585
4.103260130680917, 32.918888809923814
4.15391766315846, 33.11717797336178
4.204575195636002, 33.31546713679974
4.255232728113544, 33.5137563002377
4.305890260591086, 33.712045463675665
4.3565477930686285, 33.91033462711363
4.407205325546171, 34.10862379055159
4.457862858023713, 34.30691295398955
4.508520390501255, 34.505202117427515
4.559177922978797, 34.70349128086548
4.60983545545634, 34.90178044430344
4.660492987933882, 35.1000696077414
4.711150520411424, 35.298358771179366
4.761808052888966, 35.49664793461733
4.812465585366509, 35.69493709805529
4.863123117844051, 35.893226261493254
4.913780650321592, 36.09151542493122
4.964438182799134, 36.28980458836918
5.015095715276677, 36.48809375180714
5.065753247754219, 36.686382915245105
5.116410780231761, 36.88467207868307
5.167068312709303, 37.08296124212103
5.217725845186846, 37.28125040555899
5.268383377664388, 37.479539568996955
5.31904091014193, 37.67782873243492
5.369698442619472, 37.87611789587288
5.4203559750970145, 38.07440705931084
5.471013507574557, 38.272696222748806
5.521671040052099, 38.47098538618677
5.572328572529641, 38.66927454962474
5.622986105007183, 38.8675637130627
5.673643637484726, 39.065852876500664
5.724301169962268, 39.264142039938626
5.77495870243981, 39.46243120337659
5.825616234917352, 39.66072036681455
5.876273767394895, 39.859009530252514
5.926931299872437, 40.05729869369048
5.977588832349978, 40.25558785712844
6.02824636482752, 40.4538770205664
6.078903897305063, 40.652166184004365
6.129561429782605, 40.85045534744233
6.180218962260147, 41.04874451088029
6.230876494737689, 41.24703367431825
6.281534027215232, 41.445322837756216
6.332191559692774, 41.64361200119418
6.382849092170316, 41.84190116463215
6.433506624647858, 42.04019032807011
6.4841641571254005, 42.23847949150807
6.534821689602943, 42.436768654946036
6.585479222080485, 42.635057818384
6.636136754558027, 42.83334698182196
6.686794287035569, 43.031636145259924
6.737451819513112, 43.22992530869789
6.788109351990654, 43.42821447213585
6.838766884468196, 43.62650363557381
6.889424416945738, 43.824792799011774
6.940081949423281, 44.02308196244974
6.990739481900823, 44.2213711258877
7.041397014378364, 44.41966028932566
7.092054546855906, 44.617949452763625
7.142712079333449, 44.81623861620159
7.193369611810991, 45.01452777963955
7.244027144288533, 45.21281694307751
7.294684676766075, 45.411106106515476
7.345342209243618, 45.60939526995344
7.39599974172116, 45.8076844333914
7.446657274198702, 46.005973596829364
7.497314806676244, 46.204262760267326
7.5479723391537865, 46.40255192370529
7.598629871631329, 46.55168670645139
7.649287404108871, 46.560027750420794
7.699944936586413, 46.568368794390196
7.7506024690639554, 46.5767098383596
7.801260001541498, 46.585050882329
7.85191753401904, 46.5933919262984
7.902575066496582, 46.601732970267804
7.953232598974124, 46.610074014237206
8.003890131451666, 46.61841505820661
8.054547663929208, 46.62675610217601
8.10520519640675, 46.63509714614541
8.155862728884292, 46.643438190114814
8.206520261361835, 46.651779234084216
8.257177793839377, 46.66012027805362
8.30783532631692, 46.66846132202303
8.358492858794461, 46.67680236599243
8.409150391272004, 46.68514340996183
8.459807923749546, 46.693484453931234
8.510465456227088, 46.701825497900636
8.56112298870463, 46.71016654187004
8.611780521182173, 46.71850758583944
8.662438053659715, 46.72684862980884
8.713095586137257, 46.735189673778244
8.7637531186148, 46.743530717747646
8.814410651092341, 46.75187176171705
8.865068183569884, 46.76021280568645
8.915725716047426, 46.76855384965585
8.966383248524968, 46.776894893625254
9.01704078100251, 46.785235937594656
9.067698313480053, 46.793576981564065
9.118355845957595, 46.80191802553347
9.169013378435137, 46.81025906950287
9.21967091091268, 46.81860011347227
9.270328443390222, 46.826941157441674
9.320985975867764, 46.835282201411076
9.371643508345306, 46.84362324538048
9.422301040822848, 46.85196428934988
9.47295857330039, 46.86030533331928
9.523616105777933, 46.868646377288684
9.574273638255475, 46.876987421258086
9.624931170733017, 46.88532846522749
9.67558870321056, 46.89366950919689
9.726246235688102, 46.90201055316629
9.776903768165642, 46.910351597135694
9.827561300643184, 46.9186926411051
9.878218833120727, 46.927033685074505
9.928876365598269, 46.93537472904391
9.979533898075811, 46.94371577301331
10.030191430553353, 46.95205681698271
10.080848963030896, 46.96039786095211
10.131506495508438, 46.968738904921516
10.18216402798598, 46.97707994889092
10.232821560463522, 46.98542099286032
10.283479092941064, 46.99376203682972
10.334136625418607, 47.002103080799124
10.384794157896149, 47.010444124768526
10.435451690373691, 47.01878516873793
10.486109222851233, 47.02712621270733
10.536766755328776, 47.03546725667674
10.587424287806318, 47.04380830064614
10.63808182028386, 47.05214934461554
10.688739352761402, 47.060490388584945
10.739396885238945, 47.06883143255435
10.790054417716487, 47.07717247652375
10.840711950194029, 47.08551352049315
10.891369482671571, 47.09385456446255
10.942027015149113, 47.102195608431956
10.992684547626656, 47.11053665240136
11.043342080104198, 47.11887769637076
11.09399961258174, 47.12721874034016
11.144657145059282, 47.135559784309564
11.195314677536825, 47.143900828278966
11.245972210014367, 47.15224187224837
11.296629742491909, 47.16058291621778
11.347287274969451, 47.16892396018718
11.397944807446994, 47.17726500415658
11.448602339924536, 47.18560604812598
11.499259872402078, 47.193947092095385
11.54991740487962, 47.20228813606479
11.600574937357162, 47.21062918003419
11.651232469834705, 47.21897022400359
11.701890002312247, 47.22731126797299
11.75254753478979, 47.235652311942395
11.803205067267331, 47.2439933559118
11.853862599744874, 47.2523343998812
11.904520132222414, 47.2606754438506
11.955177664699956, 47.269016487820004
12.005835197177499, 47.277357531789406
12.05649272965504, 47.285698575758815
12.107150262132583, 47.29403961972822
12.157807794610125, 47.30238066369762
12.208465327087668, 47.31072170766702
12.25912285956521, 47.31906275163642
12.309780392042752, 47.327403795605825
12.360437924520294, 47.33574483957523
12.411095456997836, 47.34408588354463
12.461752989475379, 47.35242692751403
12.512410521952921, 47.36076797148343
12.563068054430463, 47.369109015452835
12.613725586908005, 47.37745005942224
12.664383119385548, 47.38579110339164
12.71504065186309, 47.39413214736104
12.765698184340632, 47.402473191330444
12.816355716818174, 47.41081423529985
12.867013249295717, 47.419155279269255
12.917670781773259, 47.42749632323866
12.968328314250801, 47.43583736720806
13.018985846728343, 47.44417841117746
13.069643379205885, 47.45251945514686
13.120300911683428, 47.460860499116265
13.17095844416097, 47.46920154308567
13.221615976638512, 47.47754258705507
13.272273509116054, 47.48588363102447
13.322931041593597, 47.49422467499387
13.373588574071139, 47.502565718963275
13.424246106548681, 47.51090676293268
13.474903639026223, 47.51924780690208
13.525561171503766, 47.52758885087149
13.576218703981308, 47.53592989484089
13.62687623645885, 47.54427093881029
13.677533768936392, 47.552611982779695
13.728191301413935, 47.5609530267491
13.778848833891477, 47.5692940707185
13.829506366369019, 47.5776351146879
13.880163898846561, 47.5859761586573
13.930821431324103, 47.594317202626705
13.981478963801646, 47.60265824659611
14.032136496279188, 47.61099929056551
14.082794028756728, 47.61934033453491
14.13345156123427, 47.62768137850431
14.184109093711813, 47.636022422473715
14.234766626189355, 47.64436346644312
14.285424158666897, 47.65270451041252
14.33608169114444, 47.66104555438193
14.386739223621982, 47.66938659835133
14.437396756099524, 47.67772764232073
14.488054288577066, 47.686068686290135
14.538711821054608, 47.69440973025954
14.58936935353215, 47.70275077422894
14.640026886009693, 47.71109181819834
14.690684418487235, 47.71943286216774
14.741341950964777, 47.727773906137145
14.79199948344232, 47.73611495010655
14.842657015919862, 47.74445599407595
14.893314548397404, 47.75279703804535
14.943972080874946, 47.76113808201475
14.994629613352489, 47.769479125984155
15.04528714583003, 47.777820169953564
15.095944678307573, 47.786161213922966
15.146602210785115, 47.79450225789237
15.197259743262657, 47.80284330186177
15.2479172757402, 47.81118434583117
15.298574808217742, 47.819525389800575
15.349232340695284, 47.82786643376998
15.399889873172826, 47.83620747773938
15.450547405650369, 47.84454852170878
15.501204938127911, 47.85288956567818
15.551862470605453, 47.861230609647585
15.602520003082995, 47.86957165361699
15.653177535560538, 47.87791269758639
15.70383506803808, 47.88625374155579
15.754492600515622, 47.8945947855252
15.805150132993164, 47.9029358294946
15.855807665470707, 47.911276873464004
15.906465197948249, 47.919617917433406
15.957122730425791, 47.92795896140281
16.00778026290333, 47.93630000537221
16.058437795380875, 47.94464104934161
16.109095327858416, 47.952982093311014
16.15975286033596, 47.96132313728042
16.2104103928135, 47.96966418124982
16.261067925291044, 47.97800522521922
16.311725457768585, 47.98634626918862
16.36238299024613, 47.994687313158025
16.41304052272367, 48.00302835712743
16.463698055201213, 48.01136940109683
16.514355587678754, 48.01971044506623
16.565013120156298, 48.02805148903564
16.61567065263384, 48.03639253300504
16.666328185111382, 48.044733576974444
16.716985717588923, 48.053074620943846
16.767643250066467, 48.06141566491325
16.818300782544007, 48.06975670888265
16.86895831502155, 48.07809775285205
16.91961584749909, 48.086438796821454
16.970273379976636, 48.094779840790856
17.020930912454176, 48.10312088476026
17.07158844493172, 48.11146192872966
17.12224597740926, 48.11980297269906
17.172903509886805, 48.128144016668465
17.223561042364345, 48.13648506063787
17.27421857484189, 48.144826104607276
17.32487610731943, 48.15316714857668
17.37553363979697, 48.16150819254608
17.426191172274514, 48.16984923651548
17.476848704752054, 48.178190280484884
17.5275062372296, 48.186531324454286
17.57816376970714, 48.19487236842369
17.628821302184683, 48.20321341239309
17.679478834662223, 48.21155445636249
17.730136367139767, 48.219895500331894
17.780793899617308, 48.228236544301296
17.831451432094852, 48.2365775882707
17.882108964572392, 48.2449186322401
17.932766497049936, 48.2532596762095
17.983424029527477, 48.261600720178905
18.03408156200502, 48.269941764148314
18.08473909448256, 48.278282808117716
18.135396626960105, 48.28662385208712
18.186054159437646, 48.29496489605652
18.23671169191519, 48.30330594002592
18.28736922439273, 48.311646983995324
18.338026756870274, 48.319988027964726
18.388684289347815, 48.32832907193413
18.43934182182536, 48.33667011590353
18.4899993543029, 48.34501115987293
18.540656886780443, 48.353352203842334
18.591314419257984, 48.361693247811736
18.641971951735528, 48.37003429178114
18.692629484213068, 48.37837533575054
18.743287016690612, 48.38671637971994
18.793944549168152, 48.39505742368935
18.844602081645697, 48.403398467658754
18.895259614123237, 48.411739511628156
18.94591714660078, 48.42008055559756
18.99657467907832, 48.42842159956696
19.047232211555865, 48.43676264353636
19.097889744033406, 48.445103687505764
19.14854727651095, 48.453444731475166
19.19920480898849, 48.46178577544457
19.249862341466034, 48.47012681941397
19.300519873943575, 48.47846786338337
19.35117740642112, 48.486808907352774
19.40183493889866, 48.495149951322176
19.452492471376203, 48.50349099529158
19.503150003853744, 48.51183203926098
19.553807536331284, 48.52017308323039
19.604465068808828, 48.52851412719979
19.65512260128637, 48.536855171169194
19.705780133763913, 48.545196215138596
19.756437666241453, 48.553537259108
19.807095198718997, 48.5618783030774
19.857752731196538, 48.5702193470468
19.90841026367408, 48.578560391016204
19.959067796151622, 48.586901434985606
20.009725328629166, 48.59524247895501
20.060382861106707, 48.60358352292441
20.11104039358425, 48.61192456689381
20.16169792606179, 48.620265610863214
20.212355458539335, 48.628606654832616
20.263012991016875, 48.63694769880202
20.31367052349442, 48.64528874277143
20.36432805597196, 48.65362978674083
20.414985588449504, 48.66197083071023
20.465643120927044, 48.67031187467963
20.51630065340459, 48.678652918649036
20.56695818588213, 48.68699396261844
20.617615718359673, 48.69533500658784
20.668273250837213, 48.70367605055724
20.718930783314757, 48.712017094526644
20.769588315792298, 48.720358138496046
20.820245848269842, 48.72869918246545
20.870903380747382, 48.73704022643485
20.921560913224926, 48.74538127040425
20.972218445702467, 48.753722314373654
21.02287597818001, 48.76206335834306
21.07353351065755, 48.770404402312465
21.124191043135095, 48.77874544628187
21.174848575612636, 48.78708649025127
21.22550610809018, 48.79542753422067
21.27616364056772, 48.80376857819007
21.326821173045264, 48.812109622159475
21.377478705522805, 48.82045066612888
21.42813623800035, 48.82879171009828
21.47879377047789, 48.83713275406768
21.529451302955433, 48.845473798037084
21.580108835432974, 48.853814842006486
21.630766367910514, 48.86215588597589
21.681423900388058, 48.87049692994529
21.7320814328656, 48.87883797391469
21.782738965343142, 48.887179017884094
21.833396497820683, 48.8955200618535
21.884054030298227, 48.903861105822905
21.934711562775767, 48.91220214979231
21.98536909525331, 48.92054319376171
22.036026627730852, 48.92888423773111
22.086684160208396, 48.93722528170051
22.137341692685936, 48.945566325669915
22.18799922516348, 48.95390736963932
22.23865675764102, 48.96224841360872
22.289314290118565, 48.97058945757812
22.339971822596105, 48.978930501547524
22.39062935507365, 48.987271545516926
22.44128688755119, 48.99561258948633
22.491944420028734, 49.00395363345574
22.542601952506274, 49.01229467742513
22.593259484983818, 49.02063572139454
22.64391701746136, 49.02897676536394
22.694574549938903, 49.037317809333345
22.745232082416443, 49.04565885330275
22.795889614893987, 49.05399989727215
22.846547147371528, 49.06234094124155
22.89720467984907, 49.07068198521095
22.947862212326612, 49.079023029180355
22.998519744804156, 49.08736407314976
23.049177277281697, 49.09570511711916
23.09983480975924, 49.10404616108856
23.15049234223678, 49.11238720505796
23.201149874714325, 49.120728249027366
23.251807407191865, 49.129069292996775
23.30246493966941, 49.13741033696618
23.35312247214695, 49.14575138093558
23.403780004624494, 49.15409242490498
23.454437537102034, 49.16243346887438
23.50509506957958, 49.170774512843785
23.55575260205712, 49.17911555681319
23.606410134534663, 49.18745660078259
23.657067667012203, 49.19579764475199
23.707725199489747, 49.20413868872139
23.758382731967288, 49.212479732690795
23.80904026444483, 49.2208207766602
23.859697796922372, 49.2291618206296
23.910355329399913, 49.237502864599
23.961012861877457, 49.2458439085684
24.011670394354997, 49.254184952537805
24.06232792683254, 49.262525996507215
24.11298545931008, 49.27086704047662
24.163642991787626, 49.27920808444602
24.214300524265166, 49.28754912841542
24.26495805674271, 49.29589017238482
24.31561558922025, 49.304231216354225
24.366273121697795, 49.31257226032363
24.416930654175335, 49.32091330429303
24.46758818665288, 49.32925434826243
24.51824571913042, 49.33759539223183
24.568903251607964, 49.345936436201235
24.619560784085504, 49.35427748017064
24.670218316563048, 49.36261852414004
24.72087584904059, 49.37095956810944
24.771533381518132, 49.37930061207885
24.822190913995673, 49.38764165604825
24.872848446473217, 49.395982700017655
24.923505978950757, 49.40432374398706
24.9741635114283, 49.41266478795646
25.024821043905842, 49.42100583192586
25.075478576383386, 49.42934687589526
25.126136108860926, 49.437687919864665
25.17679364133847, 49.44602896383407
25.22745117381601, 49.45437000780347
25.278108706293555, 49.46271105177287
25.328766238771095, 49.47105209574227
25.37942377124864, 49.479393139711675
25.43008130372618, 49.48773418368108
25.480738836203724, 49.49607522765048
25.531396368681264, 49.50441627161989
25.582053901158808, 49.51275731558929
25.63271143363635, 49.52109835955869
25.683368966113893, 49.529439403528094
25.734026498591433, 49.5377804474975
25.784684031068977, 49.5461214914669
25.835341563546518, 49.5544625354363
25.88599909602406, 49.5628035794057
25.936656628501602, 49.571144623375105
25.987314160979142, 49.57948566734451
26.037971693456686, 49.58782671131391
26.088629225934227, 49.59616775528331
26.13928675841177, 49.60450879925271
26.18994429088931, 49.612849843222115
26.240601823366855, 49.62119088719152
26.291259355844396, 49.629531931160926
26.34191688832194, 49.63787297513033
26.39257442079948, 49.64621401909973
26.443231953277024, 49.65455506306913
26.493889485754565, 49.662896107038534
26.54454701823211, 49.67123715100794
26.59520455070965, 49.67957819497734
26.645862083187193, 49.68791923894674
26.696519615664734, 49.69626028291614
26.747177148142278, 49.704601326885545
26.797834680619818, 49.71294237085495
26.848492213097362, 49.72128341482435
26.899149745574903, 49.72962445879375
26.949807278052447, 49.73796550276315
27.000464810529987, 49.746306546732555
27.05112234300753, 49.754647590701964
27.10177987548507, 49.762988634671366
27.152437407962616, 49.77132967864077
27.203094940440156, 49.77967072261017
27.2537524729177, 49.78801176657957
27.30441000539524, 49.796352810548974
27.355067537872785, 49.804693854518376
27.405725070350325, 49.81303489848778
27.45638260282787, 49.82137594245718
27.50704013530541, 49.82971698642658
27.557697667782953, 49.838058030395985
27.608355200260494, 49.84639907436539
27.659012732738038, 49.85474011833479
27.70967026521558, 49.86308116230419
27.760327797693122, 49.8714222062736
27.810985330170663, 49.879763250243
27.861642862648207, 49.888104294212404
27.912300395125747, 49.896445338181806
27.96295792760329, 49.90478638215121
28.013615460080832, 49.91312742612061
28.064272992558376, 49.92146847009001
28.114930525035916, 49.929809514059414
28.165588057513457, 49.938150558028816
28.216245589991, 49.94649160199822
28.26690312246854, 49.95483264596762
28.317560654946085, 49.96317368993702
28.368218187423626, 49.971514733906425
28.41887571990117, 49.97985577787583
28.46953325237871, 49.98819682184523
28.520190784856254, 49.99653786581463
28.570848317333795, 50.00487890978404
28.62150584981134, 50.01321995375344
28.67216338228888, 50.021560997722844
28.722820914766423, 50.029902041692246
28.773478447243964, 50.03824308566165
28.824135979721508, 50.04658412963105
28.874793512199048, 50.05492517360045
28.925451044676592, 50.063266217569854
28.976108577154132, 50.071607261539256
29.026766109631676, 50.07994830550866
29.077423642109217, 50.08828934947806
29.12808117458676, 50.09663039344746
29.1787387070643, 50.104971437416864
29.229396239541845, 50.113312481386274
29.280053772019386, 50.12165352535567
29.33071130449693, 50.12999456932508
29.38136883697447, 50.13833561329448
29.432026369452014, 50.14667665726388
29.482683901929555, 50.155017701233284
29.5333414344071, 50.163358745202686
29.58399896688464, 50.17169978917209
29.634656499362183, 50.18004083314149
29.685314031839724, 50.18838187711089
29.735971564317268, 50.196722921080294
29.786629096794808, 50.205063965049696
29.837286629272352, 50.2134050090191
29.887944161749893, 50.2217460529885
29.938601694227437, 50.2300870969579
29.989259226704977, 50.238428140927304
30.03991675918252, 50.24676918489671
30.09057429166006, 50.255110228866116
30.141231824137606, 50.26345127283552
30.191889356615146, 50.27179231680492
30.24254688909269, 50.28013336077432
30.29320442157023, 50.288474404743724
30.34386195404777, 50.296815448713126
30.394519486525315, 50.30515649268253
30.445177019002855, 50.31349753665193
30.4958345514804, 50.32183858062133
30.54649208395794, 50.330179624590734
30.597149616435484, 50.338520668560136
30.647807148913024, 50.34686171252954
30.69846468139057, 50.35520275649894
30.74912221386811, 50.36354380046834
30.799779746345653, 50.37188484443775
30.850437278823193, 50.38022588840715
30.901094811300737, 50.388566932376555
30.951752343778278, 50.39690797634596
31.002409876255822, 50.40524902031536
31.053067408733362, 50.41359006428476
31.103724941210906, 50.421931108254164
31.154382473688447, 50.430272152223566
31.20504000616599, 50.43861319619297
31.25569753864353, 50.44695424016237
31.306355071121075, 50.45529528413177
31.357012603598616, 50.463636328101174
31.40767013607616, 50.471977372070576
31.4583276685537, 50.48031841603998
31.508985201031244, 50.48865946000939
31.559642733508785, 50.49700050397879
31.61030026598633, 50.50534154794819
31.66095779846387, 50.51368259191759
31.711615330941413, 50.522023635886995
31.762272863418954, 50.5303646798564
31.812930395896498, 50.5387057238258
31.863587928374038, 50.5470467677952
31.914245460851582, 50.555387811764604
31.964902993329122, 50.563728855734006
32.01556052580666, 50.57206989970341
32.06621805828421, 50.58041094367281
32.11687559076175, 50.58875198764221
32.167533123239295, 50.59709303161162
32.21819065571683, 50.605434075581016
32.268848188194376, 50.613775119550425
32.31950572067192, 50.62211616351983
32.370163253149464, 50.63045720748923
32.420820785627, 50.63879825145863
32.471478318104545, 50.64713929542803
32.52213585058209, 50.655480339397435
32.572793383059626, 50.66382138336684
32.62345091553717, 50.67216242733624
32.674108448014714, 50.68050347130564
32.72476598049226, 50.68884451527504
32.775423512969795, 50.697185559244446
32.82608104544734, 50.70552660321385
32.87673857792488, 50.71386764718325
32.92739611040243, 50.72220869115266
32.97805364287996, 50.730549735122054
33.02871117535751, 50.73889077909146
33.07936870783505, 50.747231823060865
33.130026240312596, 50.75557286703027
33.18068377279013, 50.76391391099967
33.23134130526768, 50.77225495496907
33.28199883774522, 50.78059599893847
33.332656370222765, 50.788937042907875
33.3833139027003, 50.79727808687728
33.433971435177845, 50.80561913084668
33.48462896765539, 50.81396017481608
33.53528650013293, 50.82230121878548
33.58594403261047, 50.830642262754886
33.636601565088014, 50.83898330672429
33.68725909756556, 50.84732435069369
33.7379166300431, 50.85566539466309
33.78857416252064, 50.8640064386325
33.83923169499818, 50.8723474826019
33.88988922747573, 50.880688526571305
33.94054675995327, 50.88902957054071
33.99120429243081, 50.89737061451011
34.04186182490835, 50.90571165847951
34.092519357385896, 50.91405270244891
34.14317688986344, 50.922393746418315
34.19383442234098, 50.93073479038772
34.24449195481852, 50.93907583435712
34.295149487296065, 50.94741687832652
34.34580701977361, 50.95575792229592
34.396464552251146, 50.964098966265325
34.44712208472869, 50.97244001023473
34.497779617206234, 50.98078105420413
34.54843714968378, 50.98912209817354
34.599094682161315, 50.99746314214294
34.64975221463886, 51.00580418611234
34.7004097471164, 51.014145230081745
34.75106727959394, 51.02248627405115
34.801724812071484, 51.03082731802055
34.85238234454903, 51.03916836198995
34.90303987702657, 51.04750940595935
34.95369740950411, 51.055850449928755
35.00435494198165, 51.06419149389816
35.0550124744592, 51.07253253786756
35.10567000693674, 51.08087358183696
35.15632753941428, 51.08921462580636
35.20698507189182, 51.097555669775765
35.257642604369366, 51.10589671374517
35.30830013684691, 51.11423775771458
35.35895766932445, 51.12257880168398
35.40961520180199, 51.13091984565338
35.460272734279535, 51.13926088962278
35.51093026675708, 51.147601933592185
35.561587799234616, 51.15594297756159
35.61224533171216, 51.16428402153099
35.662902864189704, 51.17262506550039
35.71356039666725, 51.18096610946979
35.764217929144785, 51.189307153439195
35.81487546162233, 51.1976481974086
35.86553299409987, 51.205989241378
35.91619052657742, 51.2143302853474
35.96684805905495, 51.2226713293168
36.0175055915325, 51.231012373286205
36.06816312401004, 51.239353417255614
36.118820656487586, 51.24769446122502
36.16947818896512, 51.25603550519442
36.22013572144267, 51.26437654916382
36.27079325392021, 51.27271759313322
36.321450786397754, 51.281058637102625
36.37210831887529, 51.28939968107203
36.422765851352835, 51.29774072504143
36.47342338383038, 51.30608176901083
36.52408091630792, 51.31442281298023
36.57473844878546, 51.322763856949635
36.625395981263004, 51.33110490091904
36.67605351374055, 51.33944594488844
36.72671104621809, 51.34778698885785
36.77736857869563, 51.35612803282724
36.82802611117317, 51.36446907679665
36.87868364365072, 51.372810120766054
36.929341176128254, 51.381151164735456
36.9799987086058, 51.38949220870486
37.03065624108334, 51.39783325267426
37.081313773560886, 51.40617429664366
37.13197130603842, 51.414515340613065
37.18262883851597, 51.42285638458247
37.23328637099351, 51.43119742855187
37.283943903471055, 51.43953847252127
37.33460143594859, 51.44787951649067
37.385258968426136, 51.456220560460075
37.43591650090368, 51.46456160442948
37.486574033381224, 51.472902648398886
37.53723156585876, 51.48124369236828
37.587889098336305, 51.48958473633769
37.63854663081385, 51.49792578030709
37.68920416329139, 51.506266824276494
37.73986169576893, 51.514607868245896
37.790519228246474, 51.5229489122153
37.84117676072402, 51.5312899561847
37.89183429320156, 51.5396310001541
37.9424918256791, 51.547972044123505
37.99314935815664, 51.55631308809291
38.04380689063419, 51.56465413206231
38.09446442311173, 51.57299517603171
38.14512195558927, 51.58133622000111
38.19577948806681, 51.589677263970515
38.246437020544356, 51.598018307939924
38.2970945530219, 51.606359351909326
38.34775208549944, 51.61470039587873
38.39840961797698, 51.62304143984813
38.449067150454525, 51.63138248381753
38.49972468293207, 51.639723527786934
38.550382215409606, 51.648064571756336
38.60103974788715, 51.65640561572574
38.651697280364694, 51.66474665969514
38.70235481284224, 51.67308770366454
38.753012345319775, 51.681428747633944
38.80366987779732, 51.68976979160335
38.85432741027486, 51.69811083557275
38.90498494275241, 51.70645187954216
38.95564247522994, 51.71479292351155
39.00630000770749, 51.72313396748096
39.05695754018503, 51.731475011450364
39.10761507266257, 51.739816055419766
39.15827260514011, 51.74815709938917
39.208930137617656, 51.75649814335857
39.2595876700952, 51.76483918732797
39.31024520257274, 51.773180231297374
39.36090273505028, 51.781521275266776
39.411560267527825, 51.78986231923618
39.46221780000537, 51.79820336320558
39.512875332482906, 51.80654440717498
39.56353286496045, 51.814885451144384
39.614190397437994, 51.823226495113786
39.66484792991554, 51.831567539083196
39.715505462393075, 51.83990858305259
39.76616299487062, 51.848249627022
39.81682052734816, 51.8565906709914
39.86747805982571, 51.864931714960804
39.918135592303244, 51.873272758930206
39.96879312478079, 51.88161380289961
40.01945065725833, 51.88995484686901
40.070108189735876, 51.89829589083841
40.12076572221341, 51.906636934807814
40.17142325469096, 51.914977978777216
40.2220807871685, 51.92331902274662
40.272738319646045, 51.93166006671602
40.32339585212358, 51.94000111068542
40.374053384601126, 51.948342154654824
40.42471091707867, 51.956683198624226
40.475368449556214, 51.96502424259363
40.52602598203375, 51.97336528656304
40.576683514511295, 51.98170633053244
40.62734104698884, 51.99004737450184
40.67799857946638, 51.998388418471244
40.72865611194392, 52.006729462440646
40.779313644421464, 52.01507050641005
40.82997117689901, 52.02341155037945
40.88062870937655, 52.03175259434885
40.93128624185409, 52.040093638318254
40.98194377433163, 52.048434682287656
41.03260130680918, 52.05677572625706
41.083258839286714, 52.06511677022646
41.13391637176426, 52.07345781419586
41.1845739042418, 52.081798858165264
41.235231436719346, 52.090139902134666
41.28588896919688, 52.098480946104075
41.33654650167443, 52.10682199007348
41.38720403415197, 52.11516303404288
41.437861566629515, 52.12350407801228
41.48851909910705, 52.131845121981684
41.539176631584596, 52.140186165951086
41.58983416406214, 52.14852720992049
41.640491696539684, 52.15686825388989
41.69114922901722, 52.16520929785929
41.741806761494765, 52.173550341828694
41.79246429397231, 52.181891385798096
41.84312182644985, 52.1902324297675
41.89377935892739, 52.1985734737369
41.94443689140493, 52.2069145177063
41.99509442388248, 52.215255561675704
42.04575195636002, 52.22359660564511
42.09640948883756, 52.231937649614515
42.1470670213151, 52.24027869358392
42.197724553792646, 52.24861973755332
42.24838208627019, 52.25696078152272
42.29903961874773, 52.265301825492124
42.34969715122527, 52.273642869461526
42.400354683702815, 52.28198391343093
42.45101221618036, 52.29032495740033
42.501669748657896, 52.29866600136973
42.55232728113544, 52.307007045339134
42.602984813612984, 52.315348089308536
42.65364234609053, 52.32368913327794
42.704299878568065, 52.33203017724734
42.75495741104561, 52.27909805840502
42.80561494352315, 52.10337104116915
42.8562724760007, 51.927644023933276
42.906930008478234, 51.75191700669743
42.95758754095578, 51.576189989461554
43.00824507343332, 51.40046297222568
43.058902605910866, 51.22473595498981
43.1095601383884, 51.04900893775397
43.16021767086595, 50.873281920518096
43.21087520334349, 50.697554903282224
43.26153273582103, 50.521827886046374
43.31219026829857, 50.3461008688105
43.362847800776116, 50.17037385157463
43.41350533325366, 49.99464683433876
43.4641628657312, 49.81891981710291
43.51482039820874, 49.64319279986704
43.565477930686285, 49.467465782631166
43.61613546316383, 49.291738765395294
43.666792995641366, 49.116011748159444
43.71745052811891, 48.94028473092357
43.768108060596454, 48.7645577136877
43.818765593074, 48.58883069645183
43.869423125551535, 48.41310367921598
43.92008065802908, 48.23737666198011
43.97073819050662, 48.061649644744236
44.02139572298417, 47.885922627508364
44.072053255461704, 47.710195610272514
44.12271078793925, 47.53446859303664
44.17336832041679, 47.35874157580077
44.224025852894336, 47.1830145585649
44.27468338537187, 47.00728754132905
44.32534091784942, 46.83156052409318
44.37599845032696, 46.655833506857306
44.426655982804505, 46.480106489621434
44.47731351528204, 46.30437947238559
44.527971047759586, 46.12865245514972
44.57862858023713, 45.95292543791385
44.629286112714674, 45.777198420677976
44.67994364519221, 45.601471403442126
44.730601177669755, 45.425744386206254
44.7812587101473, 45.25001736897038
44.83191624262484, 45.07429035173451
44.88257377510238, 44.89856333449866
44.93323130757992, 44.72283631726279
44.98388884005747, 44.54710930002692
45.03454637253501, 44.371382282791046
45.08520390501255, 44.195655265555196
45.13586143749009, 44.019928248319324
45.186518969967636, 43.84420123108345
45.23717650244518, 43.66847421384758
45.28783403492272, 43.49274719661173
45.33849156740026, 43.31702017937586
45.389149099877805, 43.14129316213999
45.43980663235534, 42.965566144904145
45.490464164832886, 42.78983912766827
45.54112169731043, 42.614112110432394
45.591779229787974, 42.43838509319652
45.64243676226551, 42.26265807596067
45.693094294743055, 42.0869310587248
45.7437518272206, 41.91120404148893
45.79440935969814, 41.73547702425306
45.84506689217568, 41.559750007017215
45.895724424653224, 41.38402298978134
45.94638195713077, 41.20829597254547
45.99703948960831, 41.0325689553096
46.04769702208585, 40.85684193807375
46.09835455456339, 40.68111492083788
46.14901208704094, 40.505387903602006
46.19966961951848, 40.32966088636613
46.25032715199602, 40.153933869130285
46.30098468447356, 39.97820685189441
46.351642216951106, 39.80247983465854
46.40229974942865, 39.62675281742267
46.45295728190619, 39.45102580018682
46.50361481438373, 39.27529878295095
46.554272346861275, 39.099571765715076
46.60492987933882, 38.923844748479205
46.655587411816356, 38.748117731243354
46.7062449442939, 38.57239071400748
46.756902476771444, 38.39666369677161
46.80756000924899, 38.22093667953574
46.858217541726525, 38.0452096622999
46.90887507420407, 37.86948264506402
46.95953260668161, 37.693755627828146
47.01019013915916, 37.518028610592275
47.060847671636694, 37.342301593356424
47.11150520411424, 37.16657457612055
47.16216273659178, 36.99084755888468
47.212820269069326, 36.81512054164881
47.26347780154686, 36.63939352441297
47.31413533402441, 36.463666507177095
47.36479286650195, 36.28793948994122
47.415450398979495, 36.11221247270535
47.46610793145703, 35.9364854554695
47.516765463934576, 35.76075843823362
47.56742299641212, 35.58503142099775
47.61808052888966, 35.40930440376191
47.6687380613672, 35.233577386526036
47.719395593844744, 35.057850369290165
47.77005312632229, 34.88212335205429
47.820710658799825, 34.70639633481844
47.87136819127737, 34.53066931758257
47.92202572375491, 34.3549423003467
47.97268325623246, 34.17921528311083
48.023340788709994, 34.00348826587498
48.07399832118754, 33.827761248639106
48.12465585366508, 33.652034231403235
48.175313386142626, 33.47630721416736
48.22597091862016, 33.30058019693152
48.27662845109771, 33.12485317969565
48.32728598357525, 32.94912616245978
48.377943516052795, 32.7733991452239
48.42860104853033, 32.59767212798805
48.479258581007876, 32.421945110752176
48.52991611348542, 32.246218093516305
48.580573645962964, 32.07049107628043
48.6312311784405, 31.894764059044586
48.681888710918045, 31.719037041808715
48.73254624339559, 31.543310024572843
48.78320377587313, 31.36758300733697
48.83386130835067, 31.191855990101125
48.884518840828214, 31.016128972865253
48.93517637330576, 30.84040195562938
48.9858339057833, 30.664674938393507
49.03649143826084, 30.48894792115766
49.08714897073838, 30.31322090392179
49.13780650321593, 30.137493886685917
49.18846403569347, 29.96176686945004
49.23912156817101, 29.786039852214195
49.28977910064855, 29.610312834978323
49.340436633126096, 29.43458581774245
49.39109416560364, 29.25885880050658
49.44175169808118, 29.083131783270733
49.49240923055872, 28.90740476603486
49.543066763036265, 28.731677748798987
49.59372429551381, 28.555950731563115
49.644381827991346, 28.38022371432727
49.69503936046889, 28.204496697091397
49.745696892946434, 28.02876967985552
49.79635442542397, 27.853042662619675
49.847011957901515, 27.677315645383803
49.89766949037906, 27.501588628147932
49.9483270228566, 27.32586161091206
49.99898455533414, 27.150134593676214
50.049642087811684, 26.97440757644034
50.10029962028923, 26.798680559204467
50.15095715276677, 26.622953541968595
50.20161468524431, 26.44722652473275
50.25227221772185, 26.271499507496877
50.3029297501994, 26.095772490261
50.35358728267694, 25.92004547302513
50.40424481515448, 25.744318455789283
50.45490234763202, 25.568591438553412
50.505559880109566, 25.39286442131754
50.55621741258711, 25.21713740408167
50.60687494506465, 25.04141038684582
