Parameters: [53.609955174541454, 22.801201088636667, 10.723442517898928, 36.85493045299874, 3.828589294021277, 0.1151541142869949, -2.9527453293867163]
Points:
0.0, 22.801201088636667
0.05366361879333479, 23.006657045027268
0.10732723758666958, 23.21211300141787
0.16099085638000438, 23.41756895780847
0.21465447517333916, 23.623024914199068
0.26831809396667394, 23.82848087058967
0.32198171276000875, 24.03393682698027
0.3756453315533435, 24.23939278337087
0.4293089503466783, 24.444848739761472
0.48297256914001313, 24.650304696152073
0.5366361879333479, 24.85576065254267
0.5902998067266827, 25.06121660893327
0.6439634255200175, 25.266672565323873
0.6976270443133523, 25.472128521714474
0.751290663106687, 25.677584478105075
0.8049542819000218, 25.883040434495676
0.8586179006933566, 26.088496390886277
0.9122815194866915, 26.29395234727688
0.9659451382800263, 26.499408303667476
1.019608757073361, 26.704864260058077
1.0732723758666958, 26.910320216448678
1.1269359946600306, 27.11577617283928
1.1805996134533654, 27.32123212922988
1.2342632322467002, 27.52668808562048
1.287926851040035, 27.73214404201108
1.3415904698333698, 27.93759999840168
1.3952540886267046, 28.14305595479228
1.4489177074200392, 28.348511911182882
1.502581326213374, 28.553967867573483
1.5562449450067088, 28.759423823964084
1.6099085638000437, 28.964879780354686
1.6635721825933785, 29.170335736745287
1.7172358013867133, 29.375791693135884
1.770899420180048, 29.581247649526485
1.824563038973383, 29.786703605917086
1.8782266577667177, 29.992159562307688
1.9318902765600525, 30.19761551869829
1.9855538953533873, 30.40307147508889
2.039217514146722, 30.608527431479487
2.092881132940057, 30.81398338787009
2.1465447517333915, 31.01943934426069
2.2002083705267266, 31.22489530065129
2.253871989320061, 31.43035125704189
2.3075356081133958, 31.635807213432493
2.361199226906731, 31.841263169823094
2.4148628457000654, 32.04671912621369
2.4685264644934004, 32.252175082604296
2.522190083286735, 32.45763103899489
2.57585370208007, 32.6630869953855
2.6295173208734046, 32.86854295177609
2.6831809396667397, 33.0739989081667
2.7368445584600742, 33.279454864557295
2.7905081772534093, 33.484910820947896
2.844171796046744, 33.6903667773385
2.8978354148400784, 33.8958227337291
2.9514990336334135, 34.1012786901197
3.005162652426748, 34.3067346465103
3.058826271220083, 34.5121906029009
3.1124898900134177, 34.7176465592915
3.1661535088067527, 34.9231025156821
3.2198171276000873, 35.1285584720727
3.2734807463934223, 35.334014428463306
3.327144365186757, 35.5394703848539
3.380807983980092, 35.74492634124451
3.4344716027734266, 35.9503822976351
3.488135221566761, 36.1558382540257
3.541798840360096, 36.361294210416304
3.5954624591534308, 36.566750166806905
3.649126077946766, 36.772206123197506
3.7027896967401004, 36.97766207958811
3.7564533155334354, 37.18311803597871
3.81011693432677, 37.38857399236931
3.863780553120105, 37.59402994875991
3.9174441719134396, 37.79948590515051
3.9711077907067747, 38.00494186154111
4.024771409500109, 38.21039781793171
4.078435028293444, 38.41585377432231
4.132098647086779, 38.62130973071291
4.185762265880114, 38.82676568710352
4.239425884673448, 39.03222164349411
4.293089503466783, 39.23767759988471
4.346753122260118, 39.44313355627531
4.400416741053453, 39.648589512665914
4.454080359846787, 39.854045469056516
4.507743978640122, 40.05950142544712
4.561407597433457, 40.26495738183772
4.6150712162267915, 40.47041333822831
4.6687348350201265, 40.67586929461892
4.722398453813462, 40.881325251009514
4.776062072606797, 41.08678120740012
4.829725691400131, 41.292237163790716
4.883389310193466, 41.497693120181324
4.937052928986801, 41.70314907657192
4.990716547780136, 41.90860503296253
5.04438016657347, 42.11406098935312
5.098043785366805, 42.31951694574372
5.15170740416014, 42.52497290213432
5.205371022953474, 42.73042885852492
5.259034641746809, 42.935884814915525
5.312698260540144, 43.141340771306126
5.366361879333479, 43.34679672769673
5.4200254981268134, 43.55225268408732
5.4736891169201485, 43.75770864047793
5.5273527357134835, 43.96316459686852
5.5810163545068185, 44.16862055325913
5.634679973300153, 44.374076509649726
5.688343592093488, 44.57953246604033
5.742007210886823, 44.78498842243093
5.795670829680157, 44.99044437882153
5.849334448473492, 45.19590033521213
5.902998067266827, 45.40135629160273
5.956661686060162, 45.60681224799333
6.010325304853496, 45.812268204383926
6.063988923646831, 46.017724160774534
6.117652542440166, 46.22318011716513
6.171316161233501, 46.42863607355574
6.224979780026835, 46.63409202994633
6.27864339882017, 46.83954798633694
6.3323070176135055, 47.04500394272753
6.38597063640684, 47.250459899118134
6.439634255200175, 47.455915855508735
6.49329787399351, 47.661371811899336
6.546961492786845, 47.86682776828994
6.600625111580179, 48.07228372468054
6.654288730373514, 48.27773968107114
6.707952349166849, 48.48319563746174
6.761615967960184, 48.68865159385234
6.815279586753518, 48.894107550242936
6.868943205546853, 49.099563506633544
6.922606824340188, 49.30501946302414
6.976270443133522, 49.510475419414746
7.029934061926857, 49.71593137580534
7.083597680720192, 49.92138733219595
7.137261299513527, 50.12684328858654
7.1909249183068615, 50.33229924497714
7.244588537100197, 50.537755201367744
7.298252155893532, 50.743211157758346
7.351915774686867, 50.94866711414895
7.405579393480201, 51.15412307053955
7.459243012273536, 51.35957902693015
7.512906631066871, 51.56503498332075
7.566570249860205, 51.77049093971135
7.62023386865354, 51.975946896101945
7.673897487446875, 52.18140285249255
7.72756110624021, 52.38685880888315
7.781224725033544, 52.59231476527375
7.834888343826879, 52.79777072166435
7.888551962620214, 53.00322667805496
7.942215581413549, 53.20868263444555
7.9958792002068835, 53.41413859083615
8.049542819000218, 53.619594547226754
8.103206437793553, 53.82505050361735
8.156870056586888, 54.030506460007956
8.210533675380223, 54.23596241639855
8.264197294173558, 54.44141837278916
8.317860912966893, 54.64687432917976
8.371524531760228, 54.85233028557036
8.425188150553563, 55.05778624196096
8.478851769346896, 55.263242198351556
8.532515388140231, 55.46869815474216
8.586179006933566, 55.67415411113276
8.639842625726901, 55.87961006752336
8.693506244520236, 56.08506602391396
8.747169863313571, 56.29052198030456
8.800833482106906, 56.49597793669516
8.85449710090024, 56.70143389308576
8.908160719693575, 56.906889849476364
8.96182433848691, 57.112345805866966
9.015487957280245, 57.31780176225757
9.06915157607358, 57.52325771864817
9.122815194866915, 57.72871367503877
9.17647881366025, 57.93416963142937
9.230142432453583, 58.139625587819964
9.283806051246918, 58.345081544210565
9.337469670040253, 58.550537500601166
9.391133288833588, 58.75599345699177
9.444796907626923, 58.96144941338237
9.498460526420258, 59.16690536977297
9.552124145213593, 59.37236132616357
9.605787764006928, 59.57781728255417
9.659451382800261, 59.783273238944766
9.713115001593597, 59.988729195335374
9.766778620386932, 60.194185151725975
9.820442239180267, 60.399641108116576
9.874105857973602, 60.60509706450718
9.927769476766937, 60.81055302089778
9.981433095560272, 61.01600897728838
10.035096714353605, 61.22146493367897
10.08876033314694, 61.426920890069574
10.142423951940275, 61.632376846460176
10.19608757073361, 61.83783280285078
10.249751189526945, 62.04328875924138
10.30341480832028, 62.24874471563198
10.357078427113615, 62.45420067202258
10.410742045906948, 62.659656628413174
10.464405664700283, 62.865112584803775
10.518069283493618, 63.070568541194376
10.571732902286954, 63.276024497584984
10.625396521080289, 63.481480453975585
10.679060139873624, 63.68693641036619
10.732723758666959, 63.857927080777195
10.786387377460294, 63.86410666726878
10.840050996253627, 63.870286253760355
10.893714615046962, 63.87646584025194
10.947378233840297, 63.88264542674352
11.001041852633632, 63.8888250132351
11.054705471426967, 63.89500459972668
11.108369090220302, 63.901184186218266
11.162032709013637, 63.90736377270985
11.21569632780697, 63.91354335920143
11.269359946600305, 63.91972294569301
11.32302356539364, 63.925902532184594
11.376687184186975, 63.93208211867617
11.43035080298031, 63.938261705167754
11.484014421773646, 63.94444129165934
11.53767804056698, 63.950620878150914
11.591341659360314, 63.9568004646425
11.645005278153649, 63.96298005113408
11.698668896946984, 63.96915963762566
11.752332515740319, 63.97533922411724
11.805996134533654, 63.981518810608826
11.859659753326989, 63.9876983971004
11.913323372120324, 63.993877983591986
11.966986990913659, 64.00005757008357
12.020650609706992, 64.00623715657515
12.074314228500327, 64.01241674306674
12.127977847293662, 64.0185963295583
12.181641466086997, 64.02477591604989
12.235305084880332, 64.03095550254147
12.288968703673667, 64.03713508903306
12.342632322467002, 64.04331467552464
12.396295941260336, 64.04949426201622
12.44995956005367, 64.0556738485078
12.503623178847006, 64.06185343499938
12.55728679764034, 64.06803302149096
12.610950416433676, 64.07421260798255
12.664614035227011, 64.08039219447413
12.718277654020346, 64.08657178096571
12.77194127281368, 64.09275136745728
12.825604891607014, 64.09893095394887
12.87926851040035, 64.10511054044045
12.932932129193684, 64.11129012693203
12.98659574798702, 64.11746971342362
13.040259366780354, 64.1236492999152
13.09392298557369, 64.12982888640678
13.147586604367024, 64.13600847289835
13.201250223160358, 64.14218805938994
13.254913841953693, 64.14836764588152
13.308577460747028, 64.1545472323731
13.362241079540363, 64.16072681886469
13.415904698333698, 64.16690640535627
13.469568317127033, 64.17308599184784
13.523231935920368, 64.17926557833943
13.576895554713701, 64.18544516483101
13.630559173507036, 64.19162475132259
13.684222792300371, 64.19780433781418
13.737886411093706, 64.20398392430576
13.791550029887041, 64.21016351079733
13.845213648680376, 64.21634309728891
13.898877267473711, 64.2225226837805
13.952540886267045, 64.22870227027208
14.00620450506038, 64.23488185676366
14.059868123853715, 64.24106144325525
14.11353174264705, 64.24724102974682
14.167195361440385, 64.2534206162384
14.22085898023372, 64.25960020272998
14.274522599027055, 64.26577978922157
14.328186217820388, 64.27195937571315
14.381849836613723, 64.27813896220474
14.435513455407058, 64.2843185486963
14.489177074200393, 64.29049813518789
14.542840692993728, 64.29667772167947
14.596504311787063, 64.30285730817106
14.650167930580398, 64.30903689466264
14.703831549373733, 64.31521648115422
14.757495168167067, 64.32139606764581
14.811158786960402, 64.32757565413738
14.864822405753737, 64.33375524062896
14.918486024547072, 64.33993482712054
14.972149643340407, 64.34611441361213
15.025813262133742, 64.35229400010371
15.079476880927077, 64.3584735865953
15.13314049972041, 64.36465317308686
15.186804118513745, 64.37083275957845
15.24046773730708, 64.37701234607003
15.294131356100415, 64.38319193256162
15.34779497489375, 64.3893715190532
15.401458593687085, 64.39555110554478
15.45512221248042, 64.40173069203635
15.508785831273753, 64.40791027852794
15.562449450067088, 64.41408986501952
15.616113068860423, 64.4202694515111
15.669776687653759, 64.42644903800269
15.723440306447094, 64.43262862449427
15.777103925240429, 64.43880821098585
15.830767544033764, 64.44498779747742
15.884431162827099, 64.45116738396901
15.938094781620432, 64.45734697046059
15.991758400413767, 64.46352655695217
16.045422019207102, 64.46970614344376
16.099085638000435, 64.47588572993534
16.152749256793772, 64.48206531642691
16.206412875587105, 64.4882449029185
16.260076494380442, 64.49442448941008
16.313740113173775, 64.50060407590166
16.367403731967112, 64.50678366239325
16.421067350760445, 64.51296324888483
16.474730969553782, 64.5191428353764
16.528394588347116, 64.52532242186798
16.58205820714045, 64.53150200835957
16.635721825933786, 64.53768159485115
16.68938544472712, 64.54386118134273
16.743049063520456, 64.55004076783432
16.79671268231379, 64.55622035432589
16.850376301107126, 64.56239994081747
16.90403991990046, 64.56857952730905
16.957703538693792, 64.57475911380064
17.01136715748713, 64.58093870029222
17.065030776280462, 64.5871182867838
17.1186943950738, 64.59329787327539
17.172358013867132, 64.59947745976696
17.22602163266047, 64.60565704625854
17.279685251453802, 64.61183663275013
17.333348870247136, 64.61801621924171
17.387012489040472, 64.6241958057333
17.440676107833806, 64.63037539222488
17.494339726627143, 64.63655497871645
17.548003345420476, 64.64273456520803
17.601666964213813, 64.64891415169961
17.655330583007146, 64.6550937381912
17.70899420180048, 64.66127332468278
17.762657820593816, 64.66745291117437
17.81632143938715, 64.67363249766593
17.869985058180486, 64.67981208415752
17.92364867697382, 64.6859916706491
17.977312295767156, 64.69217125714069
18.03097591456049, 64.69835084363227
18.084639533353823, 64.70453043012385
18.13830315214716, 64.71071001661542
18.191966770940493, 64.716889603107
18.24563038973383, 64.72306918959859
18.299294008527163, 64.72924877609017
18.3529576273205, 64.73542836258176
18.406621246113833, 64.74160794907334
18.460284864907166, 64.74778753556491
18.513948483700503, 64.7539671220565
18.567612102493836, 64.76014670854808
18.621275721287173, 64.76632629503966
18.674939340080506, 64.77250588153125
18.728602958873843, 64.77868546802283
18.782266577667176, 64.78486505451441
18.835930196460513, 64.79104464100598
18.889593815253846, 64.79722422749757
18.94325743404718, 64.80340381398915
18.996921052840516, 64.80958340048073
19.05058467163385, 64.81576298697232
19.104248290427186, 64.8219425734639
19.15791190922052, 64.82812215995547
19.211575528013856, 64.83430174644705
19.26523914680719, 64.84048133293864
19.318902765600523, 64.84666091943022
19.37256638439386, 64.8528405059218
19.426230003187193, 64.85902009241339
19.47989362198053, 64.86519967890496
19.533557240773863, 64.87137926539654
19.5872208595672, 64.87755885188812
19.640884478360533, 64.88373843837971
19.694548097153866, 64.88991802487129
19.748211715947203, 64.89609761136288
19.801875334740537, 64.90227719785445
19.855538953533873, 64.90845678434603
19.909202572327207, 64.91463637083761
19.962866191120543, 64.9208159573292
20.016529809913877, 64.92699554382078
20.07019342870721, 64.93317513031236
20.123857047500547, 64.93935471680395
20.17752066629388, 64.94553430329552
20.231184285087217, 64.9517138897871
20.28484790388055, 64.95789347627868
20.338511522673887, 64.96407306277027
20.39217514146722, 64.97025264926185
20.445838760260553, 64.97643223575344
20.49950237905389, 64.982611822245
20.553165997847223, 64.98879140873659
20.60682961664056, 64.99497099522817
20.660493235433893, 65.00115058171976
20.71415685422723, 65.00733016821134
20.767820473020564, 65.01350975470292
20.821484091813897, 65.01968934119449
20.875147710607234, 65.02586892768608
20.928811329400567, 65.03204851417766
20.982474948193904, 65.03822810066924
21.036138566987237, 65.04440768716083
21.089802185780574, 65.05058727365241
21.143465804573907, 65.05676686014398
21.19712942336724, 65.06294644663556
21.250793042160577, 65.06912603312715
21.30445666095391, 65.07530561961873
21.358120279747247, 65.08148520611032
21.41178389854058, 65.0876647926019
21.465447517333917, 65.09384437909348
21.51911113612725, 65.10002396558505
21.572774754920587, 65.10620355207664
21.62643837371392, 65.11238313856822
21.680101992507254, 65.1185627250598
21.73376561130059, 65.12474231155139
21.787429230093924, 65.13092189804297
21.84109284888726, 65.13710148453454
21.894756467680594, 65.14328107102612
21.94842008647393, 65.14946065751771
22.002083705267264, 65.15564024400929
22.055747324060597, 65.16181983050087
22.109410942853934, 65.16799941699246
22.163074561647267, 65.17417900348403
22.216738180440604, 65.18035858997561
22.270401799233937, 65.1865381764672
22.324065418027274, 65.19271776295878
22.377729036820607, 65.19889734945036
22.43139265561394, 65.20507693594195
22.485056274407277, 65.21125652243352
22.53871989320061, 65.2174361089251
22.592383511993948, 65.22361569541668
22.64604713078728, 65.22979528190827
22.699710749580618, 65.23597486839985
22.75337436837395, 65.24215445489143
22.807037987167284, 65.248334041383
22.86070160596062, 65.25451362787459
22.914365224753954, 65.26069321436617
22.96802884354729, 65.26687280085775
23.021692462340624, 65.27305238734934
23.07535608113396, 65.27923197384092
23.129019699927294, 65.2854115603325
23.182683318720628, 65.29159114682408
23.236346937513964, 65.29777073331566
23.290010556307298, 65.30395031980724
23.343674175100634, 65.31012990629883
23.397337793893968, 65.31630949279041
23.451001412687305, 65.322489079282
23.504665031480638, 65.32866866577356
23.55832865027397, 65.33484825226515
23.611992269067308, 65.34102783875673
23.66565588786064, 65.34720742524831
23.719319506653978, 65.3533870117399
23.77298312544731, 65.35956659823148
23.826646744240648, 65.36574618472305
23.88031036303398, 65.37192577121463
23.933973981827318, 65.37810535770622
23.98763760062065, 65.3842849441978
24.041301219413985, 65.39046453068939
24.09496483820732, 65.39664411718097
24.148628457000655, 65.40282370367255
24.20229207579399, 65.40900329016412
24.255955694587325, 65.4151828766557
24.30961931338066, 65.42136246314729
24.363282932173995, 65.42754204963887
24.416946550967328, 65.43372163613046
24.470610169760665, 65.43990122262204
24.524273788553998, 65.44608080911361
24.577937407347335, 65.4522603956052
24.631601026140668, 65.45843998209678
24.685264644934005, 65.46461956858836
24.738928263727338, 65.47079915507994
24.79259188252067, 65.47697874157153
24.84625550131401, 65.4831583280631
24.89991912010734, 65.48933791455468
24.95358273890068, 65.49551750104627
25.00724635769401, 65.50169708753785
25.06090997648735, 65.50787667402943
25.11457359528068, 65.51405626052102
25.168237214074015, 65.52023584701259
25.22190083286735, 65.52641543350417
25.275564451660685, 65.53259501999575
25.329228070454022, 65.53877460648734
25.382891689247355, 65.54495419297892
25.436555308040692, 65.5511337794705
25.490218926834025, 65.55731336596209
25.54388254562736, 65.56349295245366
25.597546164420695, 65.56967253894524
25.65120978321403, 65.57585212543682
25.704873402007365, 65.58203171192841
25.7585370208007, 65.58821129841999
25.812200639594035, 65.59439088491158
25.86586425838737, 65.60057047140315
25.919527877180702, 65.60675005789473
25.97319149597404, 65.61292964438631
26.026855114767372, 65.6191092308779
26.08051873356071, 65.62528881736948
26.134182352354042, 65.63146840386106
26.18784597114738, 65.63764799035263
26.241509589940712, 65.64382757684422
26.29517320873405, 65.6500071633358
26.348836827527382, 65.65618674982738
26.402500446320715, 65.66236633631897
26.456164065114052, 65.66854592281055
26.509827683907385, 65.67472550930212
26.563491302700722, 65.6809050957937
26.617154921494055, 65.68708468228529
26.670818540287392, 65.69326426877687
26.724482159080726, 65.69944385526846
26.77814577787406, 65.70562344176004
26.831809396667396, 65.71180302825162
26.88547301546073, 65.71798261474319
26.939136634254066, 65.72416220123478
26.9928002530474, 65.73034178772636
27.046463871840736, 65.73652137421794
27.10012749063407, 65.74270096070953
27.153791109427402, 65.74888054720111
27.20745472822074, 65.75506013369268
27.261118347014072, 65.76123972018426
27.31478196580741, 65.76741930667585
27.368445584600742, 65.77359889316743
27.42210920339408, 65.77977847965902
27.475772822187412, 65.7859580661506
27.529436440980746, 65.79213765264217
27.583100059774083, 65.79831723913375
27.636763678567416, 65.80449682562534
27.690427297360753, 65.81067641211692
27.744090916154086, 65.8168559986085
27.797754534947423, 65.82303558510009
27.851418153740756, 65.82921517159166
27.90508177253409, 65.83539475808324
27.958745391327426, 65.84157434457482
28.01240901012076, 65.8477539310664
28.066072628914096, 65.85393351755799
28.11973624770743, 65.86011310404957
28.173399866500766, 65.86629269054116
28.2270634852941, 65.87247227703273
28.280727104087433, 65.87865186352431
28.33439072288077, 65.8848314500159
28.388054341674103, 65.89101103650748
28.44171796046744, 65.89719062299906
28.495381579260773, 65.90337020949065
28.54904519805411, 65.90954979598222
28.602708816847443, 65.9157293824738
28.656372435640776, 65.92190896896538
28.710036054434113, 65.92808855545697
28.763699673227446, 65.93426814194855
28.817363292020783, 65.94044772844013
28.871026910814116, 65.9466273149317
28.924690529607453, 65.95280690142329
28.978354148400786, 65.95898648791487
29.032017767194123, 65.96516607440645
29.085681385987456, 65.97134566089804
29.13934500478079, 65.97752524738962
29.193008623574126, 65.98370483388119
29.24667224236746, 65.98988442037277
29.300335861160796, 65.99606400686436
29.35399947995413, 66.00224359335594
29.407663098747467, 66.00842317984753
29.4613267175408, 66.01460276633911
29.514990336334133, 66.02078235283068
29.56865395512747, 66.02696193932226
29.622317573920803, 66.03314152581385
29.67598119271414, 66.03932111230543
29.729644811507473, 66.04550069879701
29.78330843030081, 66.0516802852886
29.836972049094143, 66.05785987178018
29.890635667887477, 66.06403945827175
29.944299286680813, 66.07021904476333
29.997962905474147, 66.07639863125492
30.051626524267483, 66.0825782177465
30.105290143060817, 66.08875780423809
30.158953761854153, 66.09493739072967
30.212617380647487, 66.10111697722124
30.26628099944082, 66.10729656371282
30.319944618234157, 66.1134761502044
30.37360823702749, 66.11965573669599
30.427271855820827, 66.12583532318757
30.48093547461416, 66.13201490967916
30.534599093407497, 66.13819449617073
30.58826271220083, 66.14437408266231
30.641926330994163, 66.1505536691539
30.6955899497875, 66.15673325564548
30.749253568580833, 66.16291284213706
30.80291718737417, 66.16909242862864
30.856580806167504, 66.17527201512021
30.91024442496084, 66.1814516016118
30.963908043754174, 66.18763118810338
31.017571662547507, 66.19381077459497
31.071235281340844, 66.19999036108655
31.124898900134177, 66.20616994757813
31.178562518927514, 66.21234953406972
31.232226137720847, 66.21852912056129
31.285889756514184, 66.22470870705287
31.339553375307517, 66.23088829354445
31.393216994100854, 66.23706788003604
31.446880612894187, 66.24324746652762
31.50054423168752, 66.2494270530192
31.554207850480857, 66.25560663951077
31.60787146927419, 66.26178622600236
31.661535088067527, 66.26796581249394
31.71519870686086, 66.27414539898552
31.768862325654197, 66.28032498547711
31.82252594444753, 66.28650457196869
31.876189563240864, 66.29268415846026
31.9298531820342, 66.29886374495184
31.983516800827534, 66.30504333144343
32.03718041962087, 66.31122291793501
32.090844038414204, 66.3174025044266
32.14450765720754, 66.32358209091818
32.19817127600087, 66.32976167740975
32.25183489479421, 66.33594126390133
32.305498513587544, 66.34212085039292
32.35916213238088, 66.3483004368845
32.41282575117421, 66.35448002337608
32.46648936996755, 66.36065960986767
32.520152988760884, 66.36683919635925
32.57381660755422, 66.37301878285082
32.62748022634755, 66.3791983693424
32.68114384514089, 66.38537795583399
32.734807463934224, 66.39155754232557
32.788471082727554, 66.39773712881716
32.84213470152089, 66.40391671530874
32.89579832031423, 66.41009630180031
32.949461939107564, 66.41627588829189
33.003125557900894, 66.42245547478348
33.05678917669423, 66.42863506127506
33.11045279548757, 66.43481464776664
33.1641164142809, 66.44099423425823
33.217780033074234, 66.4471738207498
33.27144365186757, 66.45335340724138
33.32510727066091, 66.45953299373296
33.37877088945424, 66.46571258022455
33.432434508247574, 66.47189216671613
33.48609812704091, 66.47807175320771
33.53976174583424, 66.48425133969928
33.59342536462758, 66.49043092619087
33.647088983420915, 66.49661051268245
33.70075260221425, 66.50279009917404
33.75441622100758, 66.50896968566562
33.80807983980092, 66.5151492721572
33.861743458594255, 66.52132885864879
33.915407077387584, 66.52750844514036
33.96907069618092, 66.53368803163194
34.02273431497426, 66.53986761812352
34.076397933767595, 66.5460472046151
34.130061552560925, 66.55222679110669
34.18372517135426, 66.55840637759827
34.2373887901476, 66.56458596408984
34.29105240894093, 66.57076555058143
34.344716027734265, 66.57694513707301
34.3983796465276, 66.5831247235646
34.45204326532094, 66.58930431005618
34.50570688411427, 66.59548389654776
34.559370502907605, 66.60166348303933
34.61303412170094, 66.60784306953092
34.66669774049427, 66.6140226560225
34.72036135928761, 66.62020224251408
34.774024978080945, 66.62638182900567
34.82768859687428, 66.63256141549725
34.88135221566761, 66.63874100198882
34.93501583446095, 66.6449205884804
34.988679453254285, 66.65110017497199
35.042343072047615, 66.65727976146357
35.09600669084095, 66.66345934795515
35.14967030963429, 66.66963893444674
35.203333928427625, 66.67581852093832
35.256997547220955, 66.68199810742989
35.31066116601429, 66.68817769392147
35.36432478480763, 66.69435728041306
35.41798840360096, 66.70053686690464
35.471652022394295, 66.70671645339623
35.52531564118763, 66.71289603988781
35.57897925998097, 66.71907562637938
35.6326428787743, 66.72525521287096
35.686306497567635, 66.73143479936255
35.73997011636097, 66.73761438585413
35.7936337351543, 66.74379397234571
35.84729735394764, 66.7499735588373
35.900960972740975, 66.75615314532887
35.95462459153431, 66.76233273182045
36.00828821032764, 66.76851231831203
36.06195182912098, 66.77469190480362
36.115615447914315, 66.7808714912952
36.169279066707645, 66.78705107778678
36.22294268550098, 66.79323066427835
36.27660630429432, 66.79941025076994
36.330269923087656, 66.80558983726152
36.383933541880985, 66.8117694237531
36.43759716067432, 66.81794901024469
36.49126077946766, 66.82412859673627
36.54492439826099, 66.83030818322786
36.598588017054325, 66.83648776971943
36.65225163584766, 66.84266735621101
36.705915254641, 66.8488469427026
36.75957887343433, 66.85502652919418
36.813242492227666, 66.86120611568576
36.866906111021, 66.8306455875932
36.92056972981433, 66.6721905878432
36.97423334860767, 66.51373558809318
37.027896967401006, 66.35528058834318
37.08156058619434, 66.19682558859316
37.13522420498767, 66.03837058884316
37.18888782378101, 65.87991558909316
37.242551442574346, 65.72146058934314
37.296215061367676, 65.56300558959315
37.34987868016101, 65.40455058984313
37.40354229895435, 65.24609559009312
37.457205917747686, 65.0876405903431
37.510869536541016, 64.92918559059311
37.56453315533435, 64.77073059084309
37.61819677412769, 64.61227559109308
37.671860392921026, 64.45382059134306
37.725524011714356, 64.29536559159307
37.77918763050769, 64.13691059184306
37.83285124930103, 63.97845559209304
37.88651486809436, 63.82000059234305
37.940178486887696, 63.661545592593036
37.99384210568103, 63.503090592843016
38.04750572447437, 63.344635593093
38.1011693432677, 63.18618059334301
38.154832962061036, 63.027725593593
38.20849658085437, 62.869270593842984
38.2621601996477, 62.71081559409299
38.31582381844104, 62.55236059434297
38.369487437234376, 62.39390559459296
38.42315105602771, 62.235450594842945
38.47681467482104, 62.07699559509295
38.53047829361438, 61.91854059534294
38.584141912407716, 61.760085595592926
38.637805531201046, 61.60163059584293
38.69146914999438, 61.443175596092914
38.74513276878772, 61.2847205963429
38.798796387581056, 61.12626559659289
38.852460006374386, 60.967810596842895
38.90612362516772, 60.809355597092875
38.95978724396106, 60.65090059734286
39.01345086275439, 60.49244559759287
39.067114481547726, 60.333990597842856
39.12077810034106, 60.17553559809284
39.1744417191344, 60.01708059834283
39.22810533792773, 59.85862559859283
39.281768956721066, 59.70017059884282
39.3354325755144, 59.541715599092804
39.38909619430773, 59.38326059934281
39.44275981310107, 59.2248055995928
39.49642343189441, 59.06635059984278
39.55008705068774, 58.907895600092765
39.60375066948107, 58.74944060034277
39.65741428827441, 58.59098560059276
39.71107790706775, 58.432530600842746
39.764741525861076, 58.27407560109275
39.81840514465441, 58.11562060134274
39.87206876344775, 57.95716560159272
39.92573238224109, 57.79871060184271
39.97939600103442, 57.640255602092715
40.03305961982775, 57.4818006023427
40.08672323862109, 57.32334560259268
40.14038685741442, 57.16489060284269
40.19405047620776, 57.006435603092676
40.24771409500109, 56.84798060334266
40.30137771379443, 56.68952560359265
40.35504133258776, 56.53107060384266
40.4087049513811, 56.372615604092644
40.462368570174434, 56.214160604342624
40.51603218896776, 56.05570560459263
40.5696958077611, 55.89725060484262
40.62335942655444, 55.738795605092605
40.677023045347774, 55.580340605342585
40.7306866641411, 55.42188560559259
40.78435028293444, 55.26343060584258
40.83801390172778, 55.104975606092566
40.89167752052111, 54.946520606342574
40.94534113931444, 54.78806560659256
40.99900475810778, 54.62961060684255
41.05266837690112, 54.47115560709253
41.10633199569445, 54.312700607342535
41.159995614487784, 54.15424560759252
41.21365923328112, 53.99579060784251
41.26732285207445, 53.837335608092516
41.32098647086779, 53.678880608342496
41.374650089661124, 53.52042560859248
41.42831370845446, 53.36197060884247
41.48197732724779, 53.20351560909248
41.53564094604113, 53.045060609342464
41.589304564834464, 52.88660560959245
41.642968183627794, 52.72815060984246
41.69663180242113, 52.56969561009244
41.75029542121447, 52.411240610342425
41.803959040007804, 52.25278561059241
41.857622658801134, 52.09433061084242
41.91128627759447, 51.9358756110924
41.96494989638781, 51.777420611342386
42.01861351518114, 51.618965611592394
42.072277133974474, 51.46051061184238
42.12594075276781, 51.30205561209237
42.17960437156115, 51.143600612342354
42.23326799035448, 50.98514561259236
42.286931609147814, 50.82669061284234
42.34059522794115, 50.66823561309233
42.39425884673448, 50.509780613342336
42.44792246552782, 50.35132561359232
42.501586084321154, 50.1928706138423
42.55524970311449, 50.034415614092296
42.60891332190782, 49.8759606143423
42.66257694070116, 49.717505614592284
42.716240559494494, 49.55905061484227
42.76990417828783, 49.40059561509226
42.82356779708116, 49.242140615342265
42.8772314158745, 49.083685615592245
42.930895034667834, 48.92523061584223
42.984558653461164, 48.76677561609224
43.0382222722545, 48.608320616342226
43.09188589104784, 48.449865616592206
43.145549509841175, 48.2914106168422
43.199213128634504, 48.13295561709221
43.25287674742784, 47.97450061734219
43.30654036622118, 47.816045617592174
43.36020398501451, 47.657590617842175
43.413867603807844, 47.49913561809217
43.46753122260118, 47.34068061834215
43.52119484139452, 47.182225618592135
43.57485846018785, 47.02377061884214
43.628522078981185, 46.86531561909213
43.68218569777452, 46.70686061934211
43.73584931656785, 46.54840561959212
43.78951293536119, 46.38995061984211
43.843176554154525, 46.23149562009209
43.89684017294786, 46.07304062034208
43.95050379174119, 45.914585620592085
44.00416741053453, 45.75613062084207
44.057831029327865, 45.59767562109205
44.111494648121194, 45.43922062134206
44.16515826691453, 45.280765621592046
44.21882188570787, 45.12231062184203
44.272485504501205, 44.96385562209202
44.326149123294535, 44.80540062234202
44.37981274208787, 44.646945622592014
44.43347636088121, 44.488490622841994
44.48713997967454, 44.330035623092
44.540803598467875, 44.17158062334199
44.59446721726121, 44.013125623591975
44.64813083605455, 43.854670623841955
44.70179445484788, 43.69621562409196
44.755458073641215, 43.53776062434195
44.80912169243455, 43.379305624591936
44.86278531122788, 43.220850624841944
44.91644893002122, 43.06239562509192
44.970112548814555, 42.90394062534192
45.02377616760789, 42.7454856255919
45.07743978640122, 42.587030625841905
45.13110340519456, 42.42857562609189
45.184767023987895, 42.27012062634188
45.238430642781225, 42.111665626591886
45.29209426157456, 41.953210626841866
45.3457578803679, 41.79475562709185
45.399421499161235, 41.63630062734184
45.453085117954565, 41.47784562759185
45.5067487367479, 41.31939062784183
45.56041235554124, 41.16093562809182
45.61407597433457, 41.00248062834183
45.667739593127905, 40.84402562859181
45.72140321192124, 40.685570628841795
45.77506683071458, 40.52711562909178
45.82873044950791, 40.36866062934179
45.882394068301245, 40.21020562959177
45.93605768709458, 40.05175062984176
45.98972130588791, 39.893295630091764
46.04338492468125, 39.73484063034175
46.097048543474585, 39.57638563059173
46.15071216226792, 39.417930630841724
46.20437578106125, 39.25947563109173
46.25803939985459, 39.10102063134171
46.311703018647925, 38.9425656315917
46.365366637441255, 38.784110631841706
46.41903025623459, 38.62565563209169
46.47269387502793, 38.46720063234167
46.526357493821266, 38.308745632591666
46.580021112614595, 38.15029063284167
46.63368473140793, 37.991835633091654
46.68734835020127, 37.83338063334164
46.7410119689946, 37.67492563359164
46.794675587787935, 37.516470633841635
46.84833920658127, 37.358015634091615
46.90200282537461, 37.1995606343416
46.95566644416794, 37.04110563459161
47.009330062961276, 36.882650634841596
47.06299368175461, 36.724195635091576
47.11665730054794, 36.565740635341584
47.17032091934128, 36.40728563559157
47.223984538134616, 36.24883063584156
47.27764815692795, 36.090375636091544
47.33131177572128, 35.931920636341545
47.38497539451462, 35.77346563659154
47.438639013307956, 35.61501063684152
47.49230263210129, 35.456555637091505
47.54596625089462, 35.29810063734151
47.59962986968796, 35.1396456375915
47.653293488481296, 34.98119063784148
47.706957107274626, 34.82273563809149
47.76062072606796, 34.664280638341474
47.8142843448613, 34.50582563859146
47.867947963654636, 34.34737063884145
47.921611582447966, 34.188915639091455
47.9752752012413, 34.03046063934144
48.02893882003464, 33.87200563959142
48.08260243882797, 33.71355063984143
48.136266057621306, 33.555095640091416
48.18992967641464, 33.3966406403414
48.24359329520798, 33.23818564059139
48.29725691400131, 33.07973064084139
48.350920532794646, 32.92127564109138
48.40458415158798, 32.762820641341364
48.45824777038131, 32.60436564159137
48.51191138917465, 32.44591064184136
48.565575007967986, 32.287455642091345
48.61923862676132, 32.129000642341325
48.67290224555465, 31.970545642591333
48.72656586434799, 31.81209064284132
48.780229483141326, 31.653635643091306
48.833893101934656, 31.495180643341314
48.88755672072799, 31.3367256435913
48.94122033952133, 31.17827064384128
48.99488395831467, 31.019815644091267
49.048547577107996, 30.861360644341275
49.10221119590133, 30.70290564459126
49.15587481469467, 30.54445064484125
49.209538433488, 30.38599564509125
49.263202052281336, 30.227540645341236
49.31686567107467, 30.069085645591223
49.37052928986801, 29.91063064584121
49.42419290866134, 29.752175646091217
49.477856527454676, 29.593720646341204
49.53152014624801, 29.435265646591183
49.58518376504134, 29.27681064684119
49.63884738383468, 29.118355647091178
49.69251100262802, 28.959900647341165
49.74617462142135, 28.80144564759115
49.79983824021468, 28.64299064784116
49.85350185900802, 28.48453564809114
49.90716547780136, 28.326080648341126
49.960829096594686, 28.167625648591134
50.01449271538802, 28.00917064884112
50.06815633418136, 27.850715649091107
50.1218199529747, 27.692260649341087
50.17548357176803, 27.533805649591095
50.22914719056136, 27.37535064984108
50.2828108093547, 27.216895650091068
50.33647442814803, 27.058440650341076
50.39013804694137, 26.899985650591063
50.4438016657347, 26.741530650841042
50.49746528452804, 26.58307565109103
50.55112890332137, 26.424620651341037
50.60479252211471, 26.266165651591024
50.658456140908044, 26.10771065184101
50.71211975970137, 25.94925565209102
50.76578337849471, 25.790800652340998
50.81944699728805, 25.632345652590985
50.873110616081384, 25.47389065284097
50.92677423487471, 25.31543565309098
50.98043785366805, 25.156980653340966
51.03410147246139, 24.998525653590946
51.08776509125472, 24.840070653840954
51.141428710048054, 24.68161565409094
51.19509232884139, 24.523160654340927
51.24875594763473, 24.364705654590914
51.30241956642806, 24.20625065484092
51.356083185221394, 24.0477956550909
51.40974680401473, 23.889340655340888
51.46341042280806, 23.730885655590896
51.5170740416014, 23.572430655840883
51.570737660394734, 23.41397565609087
51.62440127918807, 23.255520656340856
51.6780648979814, 23.097065656590857
51.73172851677474, 22.938610656840844
51.785392135568074, 22.78015565709083
51.839055754361404, 22.62170065734084
51.89271937315474, 22.463245657590825
51.94638299194808, 22.304790657840805
52.000046610741414, 22.14633565809079
52.053710229534744, 21.9878806583408
52.10737384832808, 21.829425658590786
52.16103746712142, 21.670970658840773
52.21470108591475, 21.51251565909078
52.268364704708084, 21.35406065934076
52.32202832350142, 21.195605659590747
52.37569194229476, 21.037150659840734
52.42935556108809, 20.87869566009074
52.483019179881424, 20.72024066034073
52.53668279867476, 20.561785660590715
52.5903464174681, 20.403330660840695
52.64401003626143, 20.244875661090703
52.697673655054764, 20.08642066134069
52.7513372738481, 19.927965661590676
52.80500089264143, 19.769510661840684
52.85866451143477, 19.611055662090664
52.912328130228104, 19.45260066234065
52.96599174902144, 19.294145662590637
53.01965536781477, 19.135690662840645
53.07331898660811, 18.97723566309063
53.126982605401444, 18.81878066334062
53.180646224194774, 18.66032566359062
53.23430984298811, 18.501870663840606
53.28797346178145, 18.343415664090593
53.341637080574785, 18.18496066434058
53.395300699368114, 18.026505664590587
53.44896431816145, 17.868050664840574
53.50262793695479, 17.709595665090553
53.55629155574812, 17.55114066534056
53.609955174541454, 17.392685665590548
