Parameters: [46.09449901478223, 22.5468705944227, 9.970016242363435, 38.98995052309525, 4.077645621306228, 0.014400711948389683, -2.610263477242674]
Points:
0.0, 22.5468705944227
0.04614063965443667, 22.735015771673883
0.09228127930887334, 22.923160948925066
0.13842191896331002, 23.111306126176245
0.18456255861774667, 23.29945130342743
0.23070319827218333, 23.48759648067861
0.27684383792662004, 23.675741657929795
0.3229844775810567, 23.863886835180974
0.36912511723549335, 24.052032012432157
0.41526575688993, 24.24017718968334
0.46140639654436666, 24.428322366934523
0.5075470361988034, 24.616467544185703
0.5536876758532401, 24.804612721436886
0.5998283155076767, 24.99275789868807
0.6459689551621134, 25.180903075939252
0.69210959481655, 25.36904825319043
0.7382502344709867, 25.557193430441615
0.7843908741254234, 25.745338607692798
0.83053151377986, 25.93348378494398
0.8766721534342967, 26.12162896219516
0.9228127930887333, 26.309774139446343
0.96895343274317, 26.497919316697526
1.0150940723976067, 26.68606449394871
1.0612347120520433, 26.87420967119989
1.1073753517064802, 27.062354848451072
1.1535159913609168, 27.250500025702255
1.1996566310153534, 27.43864520295344
1.24579727066979, 27.626790380204618
1.2919379103242268, 27.8149355574558
1.3380785499786634, 28.003080734706984
1.3842191896331, 28.191225911958163
1.4303598292875368, 28.37937108920935
1.4765004689419734, 28.56751626646053
1.52264110859641, 28.755661443711713
1.5687817482508468, 28.943806620962896
1.6149223879052834, 29.131951798214075
1.66106302755972, 29.32009697546526
1.7072036672141568, 29.50824215271644
1.7533443068685934, 29.696387329967624
1.79948494652303, 29.884532507218807
1.8456255861774666, 30.072677684469987
1.8917662258319035, 30.26082286172117
1.93790686548634, 30.448968038972353
1.9840475051407767, 30.637113216223533
2.0301881447952135, 30.82525839347472
2.0763287844496503, 31.0134035707259
2.1224694241040867, 31.20154874797708
2.1686100637585235, 31.389693925228265
2.2147507034129603, 31.577839102479444
2.2608913430673967, 31.765984279730628
2.3070319827218335, 31.95412945698181
2.35317262237627, 32.14227463423299
2.3993132620307067, 32.33041981148418
2.4454539016851435, 32.518564988735356
2.49159454133958, 32.706710165986536
2.5377351809940167, 32.89485534323772
2.5838758206484536, 33.0830005204889
2.63001646030289, 33.27114569774008
2.6761570999573268, 33.45929087499127
2.7222977396117636, 33.64743605224245
2.7684383792662, 33.83558122949363
2.8145790189206368, 34.023726406744814
2.8607196585750736, 34.211871583996
2.90686029822951, 34.40001676124718
2.953000937883947, 34.58816193849836
2.9991415775383836, 34.776307115749546
3.04528221719282, 34.964452293000726
3.091422856847257, 35.152597470251905
3.1375634965016936, 35.34074264750309
3.18370413615613, 35.52888782475427
3.229844775810567, 35.71703300200545
3.2759854154650037, 35.90517817925664
3.32212605511944, 36.09332335650782
3.368266694773877, 36.281468533758996
3.4144073344283137, 36.46961371101018
3.46054797408275, 36.65775888826136
3.506688613737187, 36.84590406551255
3.5528292533916237, 37.03404924276373
3.59896989304606, 37.222194420014915
3.645110532700497, 37.410339597266095
3.6912511723549333, 37.598484774517274
3.73739181200937, 37.78662995176846
3.783532451663807, 37.97477512901964
3.8296730913182433, 38.16292030627082
3.87581373097268, 38.35106548352201
3.921954370627117, 38.539210660773186
3.9680950102815533, 38.727355838024366
4.014235649935991, 38.91550101527555
4.060376289590427, 39.10364619252674
4.106516929244863, 39.29179136977791
4.152657568899301, 39.4799365470291
4.198798208553737, 39.668081724280285
4.244938848208173, 39.85622690153146
4.291079487862611, 40.044372078782644
4.337220127517047, 40.23251725603383
4.383360767171483, 40.42066243328501
4.429501406825921, 40.60880761053619
4.475642046480357, 40.796952787787376
4.521782686134793, 40.985097965038555
4.56792332578923, 41.173243142289735
4.614063965443667, 41.36138831954092
4.660204605098103, 41.5495334967921
4.70634524475254, 41.73767867404328
4.752485884406977, 41.92582385129447
4.798626524061413, 42.11396902854565
4.84476716371585, 42.302114205796826
4.890907803370287, 42.49025938304801
4.9370484430247235, 42.6784045602992
4.98318908267916, 42.86654973755037
5.029329722333597, 43.05469491480156
5.0754703619880335, 43.242840092052745
5.12161100164247, 43.43098526930392
5.167751641296907, 43.619130446555104
5.2138922809513435, 43.80727562380629
5.26003292060578, 43.99542080105747
5.306173560260217, 44.18356597830865
5.3523141999146535, 44.37171115555984
5.39845483956909, 44.559856332811016
5.444595479223527, 44.748001510062196
5.4907361188779635, 44.93614668731338
5.5368767585324, 45.12429186456456
5.583017398186837, 45.31243704181575
5.6291580378412736, 45.50058221906693
5.67529867749571, 45.68872739631811
5.721439317150147, 45.876872573569294
5.767579956804584, 46.06501775082047
5.81372059645902, 46.25316292807166
5.859861236113457, 46.44130810532284
5.906001875767894, 46.62945328257402
5.95214251542233, 46.817598459825206
5.998283155076767, 47.00574363707639
6.044423794731204, 47.193888814327565
6.09056443438564, 47.38203399157875
6.136705074040077, 47.57017916882994
6.182845713694514, 47.75832434608111
6.22898635334895, 47.9464695233323
6.275126993003387, 48.134614700583484
6.321267632657824, 48.322759877834656
6.36740827231226, 48.51090505508584
6.413548911966697, 48.69905023233703
6.459689551621134, 48.88719540958821
6.50583019127557, 49.07534058683939
6.551970830930007, 49.263485764090575
6.598111470584444, 49.451630941341755
6.64425211023888, 49.639776118592934
6.690392749893317, 49.82792129584412
6.736533389547754, 50.0160664730953
6.78267402920219, 50.20421165034648
6.828814668856627, 50.392356827597666
6.874955308511064, 50.58050200484885
6.9210959481655, 50.768647182100025
6.967236587819937, 50.95679235935121
7.013377227474374, 51.1449375366024
7.05951786712881, 51.33308271385357
7.105658506783247, 51.52122789110476
7.151799146437684, 51.709373068355944
7.19793978609212, 51.897518245607124
7.244080425746557, 52.0856634228583
7.290221065400994, 52.27380860010949
7.33636170505543, 52.46195377736067
7.3825023447098665, 52.65009895461185
7.428642984364304, 52.838244131863036
7.47478362401874, 53.026389309114215
7.520924263673177, 53.214534486365395
7.567064903327614, 53.40267966361658
7.61320554298205, 53.59082484086776
7.659346182636487, 53.77897001811894
7.705486822290924, 53.96711519537013
7.75162746194536, 54.15526037262131
7.797768101599797, 54.343405549872486
7.843908741254234, 54.53155072712367
7.89004938090867, 54.71969590437485
7.936190020563107, 54.90784108162604
7.982330660217544, 55.09598625887722
8.028471299871981, 55.284131436128405
8.074611939526417, 55.472276613379584
8.120752579180854, 55.66042179063077
8.166893218835291, 55.84856696788195
8.213033858489727, 56.03671214513313
8.259174498144164, 56.22485732238432
8.305315137798601, 56.413002499635496
8.351455777453037, 56.601147676886676
8.397596417107474, 56.78929285413786
8.443737056761911, 56.97743803138905
8.489877696416347, 57.16558320864022
8.536018336070784, 57.35372838589141
8.582158975725221, 57.541873563142595
8.628299615379657, 57.73001874039377
8.674440255034094, 57.918163917644954
8.720580894688531, 58.10630909489614
8.766721534342967, 58.29445427214732
8.812862173997404, 58.4825994493985
8.859002813651841, 58.670744626649686
8.905143453306277, 58.858889803900865
8.951284092960714, 59.047034981152045
8.99742473261515, 59.235180158403224
9.043565372269587, 59.42332533565441
9.089706011924024, 59.6114705129056
9.13584665157846, 59.79961569015677
9.181987291232897, 59.98776086740796
9.228127930887334, 60.17590604465914
9.27426857054177, 60.364051221910316
9.320409210196207, 60.5521963991615
9.366549849850644, 60.74034157641269
9.41269048950508, 60.92848675366387
9.458831129159517, 61.11663193091505
9.504971768813954, 61.304777108166235
9.55111240846839, 61.492922285417414
9.597253048122827, 61.681067462668594
9.643393687777264, 61.86921263991978
9.6895343274317, 62.05735781717096
9.735674967086137, 62.24550299442215
9.781815606740574, 62.433648171673326
9.82795624639501, 62.621793348924506
9.874096886049447, 62.80993852617569
9.920237525703884, 62.99808370342687
9.96637816535832, 63.18622888067805
10.012518805012757, 63.201675736609715
10.058659444667194, 63.20234019467049
10.10480008432163, 63.20300465273127
10.150940723976067, 63.20366911079205
10.197081363630504, 63.204333568852824
10.24322200328494, 63.20499802691361
10.289362642939377, 63.20566248497438
10.335503282593814, 63.20632694303516
10.38164392224825, 63.20699140109594
10.427784561902687, 63.207655859156716
10.473925201557124, 63.20832031721749
10.52006584121156, 63.208984775278275
10.566206480865997, 63.20964923333905
10.612347120520434, 63.210313691399826
10.65848776017487, 63.21097814946061
10.704628399829307, 63.211642607521384
10.750769039483744, 63.21230706558216
10.79690967913818, 63.21297152364294
10.843050318792617, 63.21363598170372
10.889190958447054, 63.21430043976449
10.93533159810149, 63.214964897825276
10.981472237755927, 63.21562935588605
11.027612877410364, 63.21629381394683
11.0737535170648, 63.21695827200761
11.119894156719237, 63.217622730068385
11.166034796373674, 63.21828718812917
11.21217543602811, 63.21895164618994
11.258316075682547, 63.21961610425072
11.304456715336984, 63.2202805623115
11.35059735499142, 63.22094502037228
11.396737994645857, 63.22160947843305
11.442878634300294, 63.222273936493835
11.48901927395473, 63.22293839455461
11.535159913609167, 63.223602852615386
11.581300553263604, 63.22426731067617
11.62744119291804, 63.224931768736944
11.673581832572477, 63.22559622679772
11.719722472226914, 63.2262606848585
11.76586311188135, 63.22692514291928
11.812003751535787, 63.22758960098005
11.858144391190224, 63.228254059040836
11.90428503084466, 63.22891851710161
11.950425670499097, 63.22958297516239
11.996566310153534, 63.23024743322317
12.04270694980797, 63.230911891283945
12.088847589462407, 63.23157634934472
12.134988229116844, 63.2322408074055
12.18112886877128, 63.23290526546628
12.227269508425717, 63.233569723527054
12.273410148080155, 63.23423418158784
12.31955078773459, 63.23489863964861
12.365691427389027, 63.235563097709395
12.411832067043465, 63.23622755577017
12.4579727066979, 63.236892013830946
12.504113346352337, 63.23755647189173
12.550253986006775, 63.238220929952504
12.59639462566121, 63.23888538801328
12.642535265315647, 63.23954984607406
12.688675904970085, 63.24021430413484
12.73481654462452, 63.240878762195614
12.780957184278957, 63.241543220256396
12.827097823933395, 63.24220767831717
12.87323846358783, 63.24287213637795
12.919379103242267, 63.24353659443873
12.965519742896705, 63.244201052499506
13.01166038255114, 63.24486551056028
13.057801022205577, 63.245529968621064
13.103941661860015, 63.24619442668184
13.15008230151445, 63.246858884742615
13.196222941168887, 63.2475233428034
13.242363580823325, 63.24818780086417
13.28850422047776, 63.24885225892495
13.334644860132197, 63.24951671698573
13.380785499786635, 63.25018117504651
13.42692613944107, 63.25084563310728
13.473066779095507, 63.251510091168065
13.519207418749945, 63.25217454922884
13.56534805840438, 63.25283900728962
13.611488698058817, 63.2535034653504
13.657629337713255, 63.254167923411174
13.70376997736769, 63.25483238147196
13.749910617022127, 63.25549683953273
13.796051256676565, 63.25616129759351
13.842191896331, 63.25682575565429
13.888332535985437, 63.257490213715066
13.934473175639875, 63.25815467177584
13.98061381529431, 63.258819129836624
14.026754454948748, 63.2594835878974
14.072895094603185, 63.260148045958175
14.11903573425762, 63.26081250401896
14.165176373912058, 63.26147696207973
14.211317013566495, 63.26214142014051
14.25745765322093, 63.26280587820129
14.303598292875368, 63.26347033626207
14.349738932529805, 63.26413479432284
14.39587957218424, 63.264799252383625
14.442020211838678, 63.2654637104444
14.488160851493115, 63.266128168505176
14.53430149114755, 63.26679262656596
14.580442130801988, 63.267457084626734
14.626582770456425, 63.26812154268751
14.67272341011086, 63.26878600074829
14.718864049765298, 63.26945045880907
14.765004689419733, 63.27011491686985
14.81114532907417, 63.270779374930626
14.857285968728608, 63.2714438329914
14.903426608383043, 63.272108291052184
14.94956724803748, 63.27277274911296
14.995707887691918, 63.273437207173735
15.041848527346353, 63.27410166523452
15.08798916700079, 63.274766123295294
15.134129806655228, 63.27543058135607
15.180270446309663, 63.27609503941685
15.2264110859641, 63.27675949747763
15.272551725618538, 63.2774239555384
15.318692365272973, 63.278088413599185
15.36483300492741, 63.27875287165996
15.410973644581848, 63.27941732972074
15.457114284236283, 63.28008178778152
15.50325492389072, 63.280746245842295
15.549395563545158, 63.28141070390307
15.595536203199593, 63.28207516196385
15.64167684285403, 63.28273962002463
15.687817482508468, 63.283404078085404
15.733958122162903, 63.28406853614619
15.78009876181734, 63.28473299420696
15.826239401471778, 63.28539745226774
15.872380041126213, 63.28606191032852
15.91852068078065, 63.286726368389296
15.964661320435088, 63.28739082645008
16.010801960089523, 63.288055284510854
16.056942599743962, 63.28871974257163
16.103083239398398, 63.28938420063241
16.149223879052833, 63.29004865869319
16.195364518707272, 63.29071311675396
16.241505158361708, 63.291377574814746
16.287645798016143, 63.29204203287552
16.333786437670582, 63.2927064909363
16.379927077325018, 63.29337094899708
16.426067716979453, 63.294035407057855
16.472208356633892, 63.29469986511863
16.518348996288328, 63.29536432317941
16.564489635942763, 63.29602878124019
16.610630275597202, 63.296693239300964
16.656770915251638, 63.29735769736175
16.702911554906073, 63.29802215542252
16.749052194560512, 63.2986866134833
16.795192834214948, 63.29935107154408
16.841333473869383, 63.300015529604856
16.887474113523822, 63.30067998766563
16.933614753178258, 63.301344445726414
16.979755392832693, 63.30200890378719
17.025896032487132, 63.302673361847965
17.072036672141568, 63.30333781990875
17.118177311796003, 63.30400227796952
17.164317951450442, 63.304666736030306
17.210458591104878, 63.30533119409108
17.256599230759313, 63.30599565215186
17.302739870413752, 63.30666011021264
17.348880510068188, 63.307324568273415
17.395021149722623, 63.30798902633419
17.441161789377063, 63.30865348439497
17.487302429031498, 63.30931794245575
17.533443068685933, 63.309982400516525
17.579583708340373, 63.31064685857731
17.625724347994808, 63.31131131663808
17.671864987649244, 63.31197577469886
17.718005627303683, 63.31264023275964
17.764146266958118, 63.31330469082042
17.810286906612554, 63.31396914888119
17.85642754626699, 63.314633606941975
17.902568185921428, 63.31529806500275
17.948708825575864, 63.315962523063526
17.9948494652303, 63.31662698112431
18.040990104884738, 63.317291439185084
18.087130744539174, 63.31795589724586
18.13327138419361, 63.31862035530664
18.179412023848048, 63.31928481336742
18.225552663502484, 63.31994927142819
18.27169330315692, 63.320613729488976
18.317833942811358, 63.32127818754975
18.363974582465794, 63.321942645610534
18.41011522212023, 63.32260710367131
18.456255861774668, 63.323271561732085
18.502396501429104, 63.32393601979287
18.54853714108354, 63.32460047785364
18.594677780737978, 63.32526493591442
18.640818420392414, 63.3259293939752
18.68695906004685, 63.32659385203598
18.733099699701288, 63.32725831009675
18.779240339355724, 63.327922768157535
18.82538097901016, 63.32858722621831
18.871521618664598, 63.329251684279086
18.917662258319034, 63.32991614233987
18.96380289797347, 63.330580600400644
19.00994353762791, 63.33124505846142
19.056084177282344, 63.3319095165222
19.10222481693678, 63.33257397458298
19.14836545659122, 63.33323843264375
19.194506096245654, 63.333902890704536
19.24064673590009, 63.33456734876531
19.28678737555453, 63.33523180682609
19.332928015208964, 63.33589626488687
19.3790686548634, 63.336560722947645
19.42520929451784, 63.33722518100842
19.471349934172274, 63.3378896390692
19.51749057382671, 63.33855409712998
19.56363121348115, 63.33921855519076
19.609771853135584, 63.33988301325154
19.65591249279002, 63.34054747131231
19.70205313244446, 63.341211929373095
19.748193772098894, 63.34187638743387
19.79433441175333, 63.342540845494646
19.84047505140777, 63.34320530355543
19.886615691062204, 63.343869761616205
19.93275633071664, 63.34453421967698
19.97889697037108, 63.34519867773776
20.025037610025514, 63.34586313579854
20.07117824967995, 63.346527593859314
20.11731888933439, 63.347192051920096
20.163459528988824, 63.34785650998087
20.20960016864326, 63.34852096804165
20.2557408082977, 63.34918542610243
20.301881447952134, 63.349849884163206
20.34802208760657, 63.35051434222398
20.39416272726101, 63.351178800284764
20.440303366915444, 63.35184325834554
20.48644400656988, 63.352507716406315
20.53258464622432, 63.3531721744671
20.578725285878754, 63.35383663252787
20.62486592553319, 63.35450109058865
20.67100656518763, 63.35516554864943
20.717147204842064, 63.35583000671021
20.7632878444965, 63.35649446477098
20.80942848415094, 63.357158922831765
20.855569123805374, 63.35782338089254
20.90170976345981, 63.35848783895332
20.94785040311425, 63.3591522970141
20.993991042768684, 63.359816755074874
21.04013168242312, 63.36048121313566
21.08627232207756, 63.36114567119643
21.132412961731994, 63.36181012925721
21.17855360138643, 63.36247458731799
21.22469424104087, 63.363139045378766
21.270834880695304, 63.36380350343954
21.31697552034974, 63.364467961500324
21.36311616000418, 63.3651324195611
21.409256799658614, 63.365796877621875
21.45539743931305, 63.36646133568266
21.50153807896749, 63.36712579374343
21.547678718621924, 63.36779025180421
21.59381935827636, 63.36845470986499
21.6399599979308, 63.36911916792577
21.686100637585234, 63.36978362598654
21.73224127723967, 63.370448084047325
21.77838191689411, 63.3711125421081
21.824522556548544, 63.371777000168876
21.87066319620298, 63.37244145822966
21.91680383585742, 63.373105916290434
21.962944475511854, 63.37377037435121
22.00908511516629, 63.37443483241199
22.05522575482073, 63.37509929047277
22.101366394475164, 63.37576374853355
22.1475070341296, 63.376428206594326
22.19364767378404, 63.3770926646551
22.239788313438474, 63.377757122715884
22.28592895309291, 63.37842158077666
22.33206959274735, 63.379086038837436
22.378210232401784, 63.37975049689822
22.42435087205622, 63.380414954958994
22.47049151171066, 63.38107941301977
22.516632151365094, 63.38174387108055
22.56277279101953, 63.38240832914133
22.60891343067397, 63.3830727872021
22.655054070328404, 63.383737245262886
22.70119470998284, 63.38440170332366
22.74733534963728, 63.38506616138444
22.793475989291714, 63.38573061944522
22.83961662894615, 63.386395077505995
22.88575726860059, 63.38705953556677
22.931897908255024, 63.38772399362755
22.97803854790946, 63.38838845168833
23.0241791875639, 63.389052909749104
23.070319827218334, 63.38971736780989
23.11646046687277, 63.39038182587066
23.16260110652721, 63.39104628393144
23.208741746181644, 63.39171074199222
23.25488238583608, 63.392375200052996
23.30102302549052, 63.39303965811378
23.347163665144954, 63.393704116174554
23.39330430479939, 63.39436857423533
23.43944494445383, 63.39503303229611
23.485585584108264, 63.39569749035689
23.5317262237627, 63.39636194841766
23.57786686341714, 63.397026406478446
23.624007503071574, 63.39769086453922
23.67014814272601, 63.3983553226
23.71628878238045, 63.39901978066078
23.762429422034884, 63.399684238721555
23.80857006168932, 63.40034869678233
23.85471070134376, 63.40101315484311
23.900851340998194, 63.40167761290389
23.94699198065263, 63.402342070964664
23.99313262030707, 63.40300652902545
24.039273259961504, 63.40367098708622
24.08541389961594, 63.404335445147
24.13155453927038, 63.40499990320778
24.177695178924814, 63.405664361268556
24.22383581857925, 63.40632881932933
24.26997645823369, 63.406993277390114
24.316117097888124, 63.40765773545089
24.36225773754256, 63.408322193511665
24.408398377197, 63.40898665157245
24.454539016851434, 63.409651109633224
24.50067965650587, 63.410315567694006
24.54682029616031, 63.41098002575478
24.592960935814745, 63.41164448381556
24.63910157546918, 63.41230894187634
24.68524221512362, 63.412973399937115
24.731382854778055, 63.41363785799789
24.77752349443249, 63.414302316058674
24.82366413408693, 63.41496677411945
24.869804773741365, 63.415631232180225
24.9159454133958, 63.41629569024101
24.96208605305024, 63.41696014830178
25.008226692704675, 63.41762460636256
25.05436733235911, 63.41828906442334
25.10050797201355, 63.41895352248412
25.146648611667985, 63.41961798054489
25.19278925132242, 63.420282438605675
25.23892989097686, 63.42094689666645
25.285070530631295, 63.421611354727226
25.33121117028573, 63.42227581278801
25.37735180994017, 63.422940270848784
25.423492449594605, 63.42360472890956
25.46963308924904, 63.42426918697034
25.51577372890348, 63.42493364503112
25.561914368557915, 63.42559810309189
25.60805500821235, 63.426262561152676
25.65419564786679, 63.42692701921345
25.700336287521225, 63.427591477274234
25.74647692717566, 63.42825593533501
25.7926175668301, 63.428920393395785
25.838758206484535, 63.42958485145657
25.88489884613897, 63.43024930951734
25.93103948579341, 63.43091376757812
25.977180125447845, 63.4315782256389
26.02332076510228, 63.43224268369968
26.06946140475672, 63.43290714176045
26.115602044411155, 63.433571599821235
26.16174268406559, 63.43423605788201
26.20788332372003, 63.434900515942786
26.254023963374465, 63.43556497400357
26.3001646030289, 63.436229432064344
26.34630524268334, 63.43689389012512
26.392445882337775, 63.4375583481859
26.43858652199221, 63.43822280624668
26.48472716164665, 63.43888726430745
26.530867801301085, 63.439551722368236
26.57700844095552, 63.44021618042901
26.62314908060996, 63.44088063848979
26.669289720264395, 63.44154509655057
26.71543035991883, 63.442209554611345
26.76157099957327, 63.44287401267212
26.807711639227705, 63.4435384707329
26.85385227888214, 63.44420292879368
26.89999291853658, 63.44486738685446
26.946133558191015, 63.44553184491524
26.99227419784545, 63.44619630297601
27.03841483749989, 63.446860761036795
27.084555477154325, 63.44752521909757
27.13069611680876, 63.44818967715835
27.1768367564632, 63.44885413521913
27.222977396117635, 63.449518593279905
27.26911803577207, 63.45018305134068
27.31525867542651, 63.45084750940146
27.361399315080945, 63.45151196746224
27.40753995473538, 63.452176425523014
27.45368059438982, 63.4528408835838
27.499821234044255, 63.45350534164457
27.54596187369869, 63.45416979970535
27.59210251335313, 63.45483425776613
27.638243153007565, 63.455498715826906
27.684383792662, 63.45616317388768
27.73052443231644, 63.456827631948464
27.776665071970875, 63.45749209000924
27.82280571162531, 63.458156548070015
27.86894635127975, 63.4588210061308
27.915086990934185, 63.45948546419157
27.96122763058862, 63.46014992225235
28.00736827024306, 63.46081438031313
28.053508909897495, 63.46147883837391
28.09964954955193, 63.46214329643469
28.14579018920637, 63.462807754495465
28.191930828860805, 63.46347221255624
28.23807146851524, 63.46413667061702
28.28421210816968, 63.4648011286778
28.330352747824115, 63.465465586738574
28.37649338747855, 63.46613004479936
28.42263402713299, 63.46679450286013
28.468774666787425, 63.46745896092091
28.51491530644186, 63.46812341898169
28.5610559460963, 63.468787877042466
28.607196585750735, 63.46945233510324
28.65333722540517, 63.470116793164024
28.69947786505961, 63.4707812512248
28.745618504714045, 63.471445709285575
28.79175914436848, 63.47211016734636
28.83789978402292, 63.47277462540713
28.884040423677355, 63.47343908346791
28.93018106333179, 63.47410354152869
28.97632170298623, 63.47476799958947
29.022462342640665, 63.47543245765024
29.0686029822951, 63.476096915711025
29.11474362194954, 63.4767613737718
29.160884261603975, 63.477425831832576
29.20702490125841, 63.47809028989336
29.25316554091285, 63.478754747954135
29.299306180567285, 63.47941920601492
29.34544682022172, 63.48008366407569
29.39158745987616, 63.48074812213647
29.437728099530595, 63.48141258019725
29.48386873918503, 63.482077038258026
29.530009378839466, 63.4827414963188
29.576150018493905, 63.483405954379585
29.62229065814834, 63.48407041244036
29.668431297802776, 63.484734870501136
29.714571937457215, 63.48539932856192
29.76071257711165, 63.486063786622694
29.806853216766086, 63.48672824468347
29.852993856420525, 63.48739270274425
29.89913449607496, 63.48805716080503
29.945275135729396, 63.4887216188658
29.991415775383835, 63.489386076926586
30.03755641503827, 63.49005053498736
30.083697054692706, 63.49071499304814
30.129837694347145, 63.49137945110892
30.17597833400158, 63.492043909169695
30.222118973656016, 63.49270836723047
30.268259613310455, 63.49337282529125
30.31440025296489, 63.49403728335203
30.360540892619326, 63.494701741412804
30.406681532273765, 63.49536619947359
30.4528221719282, 63.49603065753436
30.498962811582636, 63.496695115595145
30.545103451237075, 63.49735957365592
30.59124409089151, 63.498024031716696
30.637384730545946, 63.49868848977748
30.683525370200385, 63.499352947838254
30.72966600985482, 63.50001740589903
30.775806649509256, 63.50068186395981
30.821947289163695, 63.50134632202059
30.86808792881813, 63.50201078008136
30.914228568472566, 63.502675238142146
30.960369208127005, 63.50333969620292
31.00650984778144, 63.5040041542637
31.052650487435876, 63.50466861232448
31.098791127090315, 63.505333070385255
31.14493176674475, 63.50599752844603
31.191072406399186, 63.50666198650681
31.237213046053625, 63.50732644456759
31.28335368570806, 63.507990902628364
31.329494325362496, 63.50865536068915
31.375634965016935, 63.50931981874992
31.42177560467137, 63.5099842768107
31.467916244325806, 63.51064873487148
31.514056883980246, 63.511313192932256
31.56019752363468, 63.51197765099303
31.606338163289116, 63.512642109053814
31.652478802943556, 63.51330656711459
31.69861944259799, 63.51397102517537
31.744760082252427, 63.51463548323615
31.790900721906866, 63.515299941296924
31.8370413615613, 63.515964399357706
31.883182001215737, 63.51662885741848
31.929322640870176, 63.51729331547926
31.97546328052461, 63.51795777354004
32.02160392017905, 63.518622231600816
32.067744559833486, 63.51928668966159
32.113885199487925, 63.519951147722374
32.16002583914236, 63.52061560578315
32.206166478796796, 63.521280063843925
32.252307118451235, 63.52194452190471
32.29844775810567, 63.52260897996548
32.344588397760106, 63.52327343802626
32.390729037414545, 63.52393789608704
32.43686967706898, 63.52460235414782
32.483010316723416, 63.52526681220859
32.529150956377855, 63.525931270269375
32.57529159603229, 63.52659572833015
32.621432235686726, 63.527260186390926
32.667572875341165, 63.52792464445171
32.7137135149956, 63.528589102512484
32.759854154650036, 63.52925356057326
32.805994794304475, 63.52991801863404
32.85213543395891, 63.53058247669482
32.898276073613346, 63.5312469347556
32.944416713267785, 63.531911392816376
32.99055735292222, 63.53257585087715
33.036697992576656, 63.533240308937934
33.082838632231095, 63.53390476699871
33.12897927188553, 63.534569225059485
33.175119911539966, 63.53523368312027
33.221260551194405, 63.53589814118104
33.26740119084884, 63.53656259924182
33.313541830503276, 63.5372270573026
33.359682470157715, 63.53789151536338
33.40582310981215, 63.53855597342415
33.451963749466586, 63.539220431484935
33.498104389121025, 63.53988488954571
33.54424502877546, 63.540549347606486
33.590385668429896, 63.54121380566727
33.636526308084335, 63.541878263728044
33.68266694773877, 63.54254272178882
33.728807587393206, 63.5432071798496
33.774948227047645, 63.54387163791038
33.82108886670208, 63.544536095971154
33.867229506356516, 63.545200554031936
33.913370146010955, 63.54586501209271
33.95951078566539, 63.54652947015349
34.005651425319826, 63.54719392821427
34.051792064974265, 63.547858386275045
34.0979327046287, 63.54852284433582
34.144073344283136, 63.549187302396604
34.190213983937575, 63.54985176045738
34.23635462359201, 63.55051621851816
34.282495263246446, 63.55118067657894
34.328635902900885, 63.55184513463971
34.37477654255532, 63.552509592700495
34.420917182209756, 63.55317405076127
34.467057821864195, 63.55383850882205
34.51319846151863, 63.55450296688283
34.559339101173066, 63.555167424943605
34.605479740827505, 63.55583188300438
34.65162038048194, 63.55649634106516
34.697761020136376, 63.55716079912594
34.743901659790815, 63.557825257186714
34.79004229944525, 63.5584897152475
34.836182939099686, 63.55915417330827
34.882323578754125, 63.55981863136905
34.92846421840856, 63.56048308942983
34.974604858062996, 63.561147547490606
35.020745497717435, 63.56181200555138
35.06688613737187, 63.562476463612164
35.113026777026306, 63.56314092167294
35.159167416680745, 63.563805379733715
35.20530805633518, 63.5644698377945
35.251448695989616, 63.56513429585527
35.297589335644055, 63.565798753916056
35.34372997529849, 63.56646321197683
35.389870614952926, 63.56712767003761
35.436011254607365, 63.56779212809839
35.4821518942618, 63.568456586159165
35.528292533916236, 63.56912104421994
35.57443317357067, 63.56978550228072
35.62057381322511, 63.5704499603415
35.666714452879546, 63.571114418402274
35.71285509253398, 63.57177887646306
35.75899573218842, 63.57244333452383
35.805136371842856, 63.57310779258461
35.85127701149729, 63.57377225064539
35.89741765115173, 63.574436708706166
35.943558290806166, 63.57510116676694
35.9896989304606, 63.575765624827724
36.03583957011504, 63.5764300828885
36.081980209769476, 63.577094540949275
36.12812084942391, 63.57775899901006
36.17426148907835, 63.57842345707083
36.220402128732786, 63.57908791513161
36.26654276838722, 63.57975237319239
36.31268340804166, 63.58041683125317
36.358824047696096, 63.58108128931394
36.40496468735053, 63.581745747374725
36.45110532700497, 63.5824102054355
36.497245966659406, 63.58307466349628
36.54338660631384, 63.58373912155706
36.58952724596828, 63.584403579617835
36.635667885622716, 63.58506803767862
36.68180852527715, 63.58573249573939
36.72794916493159, 63.58639695380017
36.774089804586026, 63.58706141186095
36.82023044424046, 63.58772586992173
36.8663710838949, 63.5883903279825
36.912511723549336, 63.589054786043285
36.95865236320377, 63.58971924410406
37.00479300285821, 63.590383702164836
37.050933642512646, 63.59104816022562
37.09707428216708, 63.591712618286394
37.14321492182152, 63.59237707634717
37.189355561475956, 63.59304153440795
37.23549620113039, 63.59370599246873
37.28163684078483, 63.5943704505295
37.327777480439266, 63.595034908590286
37.3739181200937, 63.59569936665106
37.42005875974814, 63.59636382471184
37.466199399402576, 63.59702828277262
37.51234003905701, 63.597692740833395
37.55848067871145, 63.59835719889417
37.604621318365886, 63.59902165695495
37.65076195802032, 63.59968611501573
37.69690259767476, 63.600350573076504
37.743043237329196, 63.60101503113729
37.78918387698363, 63.60167948919806
37.83532451663807, 63.602343947258845
37.881465156292506, 63.60300840531962
37.92760579594694, 63.603672863380396
37.97374643560138, 63.60433732144118
38.01988707525582, 63.605001779501954
38.06602771491025, 63.60566623756273
38.11216835456469, 63.60633069562351
38.15830899421913, 63.60699515368429
38.20444963387356, 63.60765961174506
38.250590273528, 63.608324069805846
38.29673091318244, 63.60898852786662
38.34287155283687, 63.6096529859274
38.38901219249131, 63.61031744398818
38.43515283214575, 63.610981902048955
38.48129347180018, 63.61164636010973
38.52743411145462, 63.61231081817051
38.57357475110906, 63.61297527623129
38.61971539076349, 63.613639734292065
38.66585603041793, 63.61430419235285
38.71199667007237, 63.61496865041362
38.7581373097268, 63.6156331084744
38.80427794938124, 63.61629756653518
38.85041858903568, 63.616962024595956
38.89655922869011, 63.61762648265673
38.94269986834455, 63.618290940717515
38.98884050799899, 63.61895539877829
39.03498114765342, 63.501429589144344
39.08112178730786, 63.38099036263775
39.1272624269623, 63.260551136131156
39.17340306661673, 63.14011190962457
39.21954370627117, 63.019672683117975
39.26568434592561, 62.89923345661138
39.31182498558004, 62.7787942301048
39.35796562523448, 62.6583550035982
39.40410626488892, 62.537915777091605
39.45024690454335, 62.41747655058503
39.49638754419779, 62.29703732407843
39.54252818385223, 62.17659809757183
39.58866882350666, 62.05615887106526
39.6348094631611, 61.93571964455866
39.68095010281554, 61.81528041805206
39.72709074246997, 61.69484119154548
39.77323138212441, 61.57440196503888
39.81937202177885, 61.45396273853228
39.86551266143328, 61.33352351202571
39.91165330108772, 61.21308428551911
39.95779394074216, 61.09264505901251
40.00393458039659, 60.972205832505935
40.05007522005103, 60.85176660599934
40.09621585970547, 60.73132737949274
40.1423564993599, 60.61088815298616
40.18849713901434, 60.490448926479566
40.23463777866878, 60.37000969997297
40.28077841832321, 60.249570473466385
40.32691905797765, 60.12913124695979
40.37305969763209, 60.008692020453196
40.41920033728652, 59.88825279394661
40.46534097694096, 59.767813567440015
40.5114816165954, 59.64737434093342
40.55762225624983, 59.52693511442684
40.60376289590427, 59.406495887920244
40.64990353555871, 59.286056661413646
40.69604417521314, 59.16561743490707
40.74218481486758, 59.04517820840047
40.78832545452202, 58.924738981893874
40.83446609417645, 58.8042997553873
40.88060673383089, 58.6838605288807
40.92674737348533, 58.5634213023741
40.97288801313976, 58.44298207586752
41.0190286527942, 58.32254284936092
41.06516929244864, 58.202103622854324
41.11130993210307, 58.08166439634775
41.15745057175751, 57.96122516984115
41.20359121141195, 57.84078594333455
41.24973185106638, 57.720346716827976
41.29587249072082, 57.59990749032138
41.34201313037526, 57.47946826381478
41.38815377002969, 57.359029037308204
41.43429440968413, 57.23858981080161
41.48043504933857, 57.11815058429501
41.526575688993, 56.99771135778843
41.57271632864744, 56.87727213128183
41.61885696830188, 56.75683290477524
41.66499760795631, 56.636393678268654
41.71113824761075, 56.515954451762056
41.75727888726519, 56.39551522525546
41.80341952691962, 56.27507599874888
41.84956016657406, 56.154636772242284
41.8957008062285, 56.03419754573569
41.94184144588293, 55.91375831922911
41.98798208553737, 55.79331909272251
42.03412272519181, 55.672879866215915
42.08026336484624, 55.55244063970933
42.12640400450068, 55.43200141320274
42.17254464415512, 55.31156218669614
42.21868528380955, 55.19112296018956
42.26482592346399, 55.07068373368297
42.31096656311843, 54.950244507176365
42.35710720277286, 54.82980528066979
42.4032478424273, 54.70936605416319
42.44938848208174, 54.58892682765659
42.49552912173617, 54.46848760115002
42.54166976139061, 54.34804837464342
42.58781040104505, 54.22760914813682
42.63395104069948, 54.107169921630245
42.68009168035392, 53.98673069512365
42.72623232000836, 53.86629146861705
42.77237295966279, 53.74585224211047
42.81851359931723, 53.62541301560387
42.86465423897167, 53.50497378909728
42.9107948786261, 53.384534562590694
42.95693551828054, 53.2640953360841
43.00307615793498, 53.1436561095775
43.04921679758941, 53.02321688307092
43.09535743724385, 52.902777656564325
43.14149807689829, 52.78233843005773
43.18763871655272, 52.66189920355115
43.23377935620716, 52.54145997704455
43.2799199958616, 52.421020750537956
43.32606063551603, 52.30058152403137
43.37220127517047, 52.18014229752478
43.41834191482491, 52.059703071018184
43.46448255447934, 51.9392638445116
43.51062319413378, 51.81882461800501
43.55676383378822, 51.698385391498405
43.60290447344265, 51.57794616499183
43.64904511309709, 51.45750693848523
43.69518575275153, 51.337067711978634
43.74132639240596, 51.21662848547206
43.7874670320604, 51.09618925896546
43.83360767171484, 50.97575003245886
43.87974831136927, 50.855310805952286
43.92588895102371, 50.73487157944569
43.97202959067815, 50.61443235293909
44.01817023033258, 50.493993126432514
44.06431086998702, 50.37355389992591
44.11045150964146, 50.25311467341932
44.15659214929589, 50.132675446912735
44.20273278895033, 50.01223622040614
44.24887342860477, 49.89179699389954
44.2950140682592, 49.77135776739296
44.34115470791364, 49.650918540886366
44.38729534756808, 49.53047931437977
44.43343598722251, 49.41004008787319
44.47957662687695, 49.289600861366594
44.52571726653139, 49.16916163486
44.57185790618582, 49.04872240835341
44.61799854584026, 48.92828318184682
44.6641391854947, 48.807843955340225
44.71027982514913, 48.68740472883364
44.75642046480357, 48.56696550232705
44.80256110445801, 48.446526275820446
44.84870174411244, 48.32608704931387
44.89484238376688, 48.20564782280727
44.94098302342132, 48.085208596300674
44.98712366307575, 47.9647693697941
45.03326430273019, 47.8443301432875
45.07940494238463, 47.7238909167809
45.12554558203906, 47.603451690274326
45.1716862216935, 47.48301246376772
45.21782686134794, 47.36257323726113
45.26396750100237, 47.242134010754555
45.31010814065681, 47.12169478424795
45.35624878031125, 47.00125555774136
45.40238941996568, 46.880816331234776
45.44853005962012, 46.76037710472818
45.49467069927456, 46.63993787822159
45.54081133892899, 46.519498651715004
45.58695197858343, 46.39905942520841
45.63309261823787, 46.27862019870181
45.6792332578923, 46.15818097219523
45.72537389754674, 46.037741745688635
45.77151453720118, 45.91730251918204
45.81765517685561, 45.796863292675454
45.86379581651005, 45.67642406616886
45.90993645616449, 45.55598483966226
45.95607709581892, 45.43554561315568
46.00221773547336, 45.31510638664909
46.0483583751278, 45.19466716014249
46.09449901478223, 45.07422793363591
