Parameters: [53.16056342745382, 15.114465406175375, 6.098019494286895, 40.03146189072815, 4.489934821249642, -0.011238152280453745, -3.2844455917655377]
Points:
0.0, 15.114465406175375
0.05321377720465848, 15.353391797416792
0.10642755440931696, 15.592318188658208
0.15964133161397545, 15.831244579899625
0.21285510881863393, 16.070170971141042
0.26606888602329243, 16.30909736238246
0.3192826632279509, 16.548023753623873
0.3724964404326094, 16.78695014486529
0.42571021763726785, 17.025876536106708
0.4789239948419263, 17.264802927348125
0.5321377720465849, 17.503729318589542
0.5853515492512433, 17.742655709830956
0.6385653264559018, 17.981582101072373
0.6917791036605603, 18.22050849231379
0.7449928808652188, 18.459434883555208
0.7982066580698772, 18.698361274796625
0.8514204352745357, 18.93728766603804
0.9046342124791942, 19.176214057279456
0.9578479896838527, 19.415140448520873
1.0110617668885111, 19.65406683976229
1.0642755440931697, 19.892993231003707
1.117489321297828, 20.13191962224512
1.1707030985024867, 20.370846013486542
1.223916875707145, 20.609772404727956
1.2771306529118036, 20.848698795969373
1.330344430116462, 21.08762518721079
1.3835582073211206, 21.326551578452207
1.436771984525779, 21.56547796969362
1.4899857617304375, 21.804404360935038
1.5431995389350959, 22.043330752176455
1.5964133161397545, 22.282257143417873
1.6496270933444128, 22.521183534659286
1.7028408705490714, 22.760109925900707
1.75605464775373, 22.99903631714212
1.8092684249583884, 23.237962708383538
1.862482202163047, 23.476889099624955
1.9156959793677053, 23.715815490866373
1.968909756572364, 23.95474188210779
2.0221235337770223, 24.193668273349203
2.0753373109816806, 24.43259466459062
2.1285510881863394, 24.671521055832038
2.181764865390998, 24.910447447073455
2.234978642595656, 25.149373838314872
2.2881924198003145, 25.388300229556286
2.3414061970049733, 25.627226620797707
2.3946199742096317, 25.86615301203912
2.44783375141429, 26.105079403280538
2.5010475286189484, 26.344005794521955
2.554261305823607, 26.58293218576337
2.6074750830282656, 26.82185857700479
2.660688860232924, 27.060784968246203
2.7139026374375828, 27.299711359487624
2.767116414642241, 27.538637750729038
2.8203301918468995, 27.77756414197045
2.873543969051558, 28.01649053321187
2.9267577462562167, 28.255416924453286
2.979971523460875, 28.494343315694703
3.0331853006655334, 28.73326970693612
3.0863990778701917, 28.972196098177534
3.1396128550748506, 29.211122489418955
3.192826632279509, 29.45004888066037
3.2460404094841673, 29.688975271901786
3.2992541866888256, 29.927901663143203
3.3524679638934844, 30.16682805438462
3.405681741098143, 30.405754445626037
3.458895518302801, 30.64468083686745
3.51210929550746, 30.883607228108872
3.5653230727121183, 31.122533619350286
3.6185368499167767, 31.3614600105917
3.671750627121435, 31.60038640183312
3.724964404326094, 31.839312793074534
3.7781781815307522, 32.078239184315954
3.8313919587354106, 32.31716557555737
3.884605735940069, 32.55609196679878
3.937819513144728, 32.7950183580402
3.991033290349386, 33.033944749281616
4.0442470675540445, 33.27287114052304
4.097460844758703, 33.51179753176445
4.150674621963361, 33.750723923005864
4.20388839916802, 33.989650314247285
4.257102176372679, 34.228576705488706
4.310315953577337, 34.46750309673012
4.363529730781996, 34.70642948797153
4.416743507986654, 34.945355879212954
4.469957285191312, 35.18428227045437
4.523171062395971, 35.42320866169578
4.576384839600629, 35.6621350529372
4.629598616805288, 35.901061444178616
4.682812394009947, 36.13998783542004
4.736026171214605, 36.37891422666145
4.789239948419263, 36.617840617902864
4.842453725623922, 36.856767009144285
4.89566750282858, 37.0956934003857
4.9488812800332385, 37.33461979162711
5.002095057237897, 37.57354618286853
5.055308834442556, 37.812472574109954
5.108522611647214, 38.05139896535137
5.161736388851873, 38.29032535659278
5.214950166056531, 38.5292517478342
5.2681639432611895, 38.768178139075616
5.321377720465848, 39.00710453031703
5.374591497670506, 39.24603092155845
5.4278052748751655, 39.48495731279987
5.481019052079824, 39.723883704041285
5.534232829284482, 39.9628100952827
5.587446606489141, 40.20173648652411
5.640660383693799, 40.44066287776553
5.693874160898457, 40.67958926900695
5.747087938103116, 40.91851566024836
5.800301715307774, 41.15744205148978
5.853515492512433, 41.3963684427312
5.906729269717092, 41.635294833972615
5.95994304692175, 41.87422122521403
6.013156824126408, 42.11314761645545
6.066370601331067, 42.352074007696864
6.119584378535725, 42.49393312478014
6.1727981557403835, 42.493335100248494
6.226011932945043, 42.49273707571685
6.279225710149701, 42.492139051185205
6.3324394873543595, 42.491541026653564
6.385653264559018, 42.49094300212192
6.438867041763676, 42.490344977590276
6.4920808189683346, 42.48974695305863
6.545294596172993, 42.48914892852699
6.598508373377651, 42.48855090399534
6.6517221505823105, 42.4879528794637
6.704935927786969, 42.48735485493206
6.758149704991627, 42.48675683040041
6.811363482196286, 42.48615880586877
6.864577259400944, 42.48556078133712
6.917791036605602, 42.48496275680548
6.971004813810261, 42.48436473227383
7.02421859101492, 42.48376670774219
7.077432368219578, 42.48316868321054
7.130646145424237, 42.4825706586789
7.183859922628895, 42.481972634147255
7.237073699833553, 42.481374609615614
7.290287477038212, 42.480776585083966
7.34350125424287, 42.480178560552325
7.3967150314475285, 42.479580536020684
7.449928808652188, 42.478982511489036
7.503142585856846, 42.478384486957395
7.5563563630615045, 42.47778646242575
7.609570140266163, 42.47718843789411
7.662783917470821, 42.47659041336246
7.71599769467548, 42.47599238883082
7.769211471880138, 42.47539436429917
7.822425249084797, 42.47479633976753
7.875639026289456, 42.47419831523588
7.928852803494114, 42.47360029070424
7.982066580698772, 42.47300226617259
8.035280357903432, 42.47240424164095
8.088494135108089, 42.47180621710931
8.141707912312748, 42.47120819257766
8.194921689517406, 42.47061016804602
8.248135466722065, 42.470012143514374
8.301349243926722, 42.46941411898273
8.354563021131382, 42.468816094451086
8.40777679833604, 42.468218069919445
8.460990575540698, 42.4676200453878
8.514204352745358, 42.467022020856156
8.567418129950015, 42.46642399632451
8.620631907154674, 42.46582597179287
8.673845684359332, 42.46522794726122
8.727059461563991, 42.46462992272958
8.780273238768649, 42.46403189819794
8.833487015973308, 42.46343387366629
8.886700793177967, 42.46283584913465
8.939914570382625, 42.462237824603
8.993128347587284, 42.46163980007136
9.046342124791941, 42.46104177553971
9.0995559019966, 42.46044375100807
9.152769679201258, 42.45984572647642
9.205983456405917, 42.45924770194478
9.259197233610577, 42.458649677413135
9.312411010815234, 42.458051652881494
9.365624788019893, 42.45745362834985
9.41883856522455, 42.456855603818205
9.47205234242921, 42.456257579286564
9.525266119633867, 42.45565955475492
9.578479896838527, 42.455061530223276
9.631693674043186, 42.45446350569163
9.684907451247843, 42.45386548115999
9.738121228452503, 42.45326745662834
9.79133500565716, 42.4526694320967
9.84454878286182, 42.45207140756505
9.897762560066477, 42.45147338303341
9.950976337271136, 42.45087535850176
10.004190114475794, 42.45027733397012
10.057403891680453, 42.44967930943848
10.110617668885112, 42.44908128490683
10.16383144608977, 42.44848326037519
10.217045223294429, 42.44788523584354
10.270259000499086, 42.4472872113119
10.323472777703746, 42.446689186780254
10.376686554908403, 42.446091162248614
10.429900332113062, 42.445493137716966
10.483114109317722, 42.444895113185325
10.536327886522379, 42.44429708865368
10.589541663727038, 42.443699064122036
10.642755440931696, 42.44310103959039
10.695969218136355, 42.44250301505875
10.749182995341013, 42.44190499052711
10.802396772545672, 42.44130696599546
10.855610549750331, 42.44070894146382
10.908824326954988, 42.44011091693217
10.962038104159648, 42.43951289240053
11.015251881364305, 42.43891486786888
11.068465658568964, 42.43831684333724
11.121679435773622, 42.43771881880559
11.174893212978281, 42.43712079427395
11.22810699018294, 42.436522769742304
11.281320767387598, 42.43592474521066
11.334534544592257, 42.435326720679015
11.387748321796915, 42.434728696147374
11.440962099001574, 42.43413067161573
11.494175876206231, 42.433532647084085
11.54738965341089, 42.432934622552445
11.600603430615548, 42.4323365980208
11.653817207820207, 42.431738573489156
11.707030985024867, 42.43114054895751
11.760244762229524, 42.43054252442587
11.813458539434183, 42.42994449989422
11.86667231663884, 42.42934647536258
11.9198860938435, 42.42874845083093
11.973099871048158, 42.42815042629929
12.026313648252817, 42.42755240176764
12.079527425457476, 42.426954377236
12.132741202662134, 42.42635635270436
12.185954979866793, 42.42575832817271
12.23916875707145, 42.42516030364107
12.29238253427611, 42.42456227910942
12.345596311480767, 42.42396425457778
12.398810088685426, 42.423366230046135
12.452023865890085, 42.422768205514494
12.505237643094743, 42.422170180982846
12.558451420299402, 42.421572156451205
12.61166519750406, 42.42097413191956
12.664878974708719, 42.420376107387916
12.718092751913376, 42.41977808285627
12.771306529118036, 42.41918005832463
12.824520306322695, 42.41858203379299
12.877734083527352, 42.41798400926134
12.930947860732012, 42.4173859847297
12.984161637936669, 42.41678796019805
13.037375415141328, 42.41618993566641
13.090589192345986, 42.41559191113476
13.143802969550645, 42.41499388660312
13.197016746755303, 42.41439586207147
13.250230523959962, 42.41379783753983
13.303444301164621, 42.413199813008184
13.356658078369279, 42.41260178847654
13.409871855573938, 42.412003763944895
13.463085632778595, 42.411405739413254
13.516299409983255, 42.410807714881614
13.569513187187912, 42.410209690349966
13.622726964392571, 42.409611665818325
13.67594074159723, 42.40901364128668
13.729154518801888, 42.408415616755036
13.782368296006547, 42.40781759222339
13.835582073211205, 42.40721956769175
13.888795850415864, 42.4066215431601
13.942009627620521, 42.40602351862846
13.99522340482518, 42.40542549409681
14.04843718202984, 42.40482746956517
14.101650959234497, 42.40422944503353
14.154864736439157, 42.40363142050188
14.208078513643814, 42.40303339597024
14.261292290848473, 42.40243537143859
14.31450606805313, 42.40183734690695
14.36771984525779, 42.401239322375304
14.420933622462448, 42.40064129784366
14.474147399667107, 42.400043273312015
14.527361176871766, 42.399445248780374
14.580574954076424, 42.398847224248726
14.633788731281083, 42.398249199717085
14.68700250848574, 42.39765117518544
14.7402162856904, 42.3970531506538
14.793430062895057, 42.396455126122156
14.846643840099716, 42.39585710159051
14.899857617304376, 42.39525907705887
14.953071394509033, 42.39466105252722
15.006285171713692, 42.39406302799558
15.05949894891835, 42.39346500346393
15.112712726123009, 42.39286697893229
15.165926503327666, 42.39226895440064
15.219140280532326, 42.391670929869
15.272354057736985, 42.39107290533735
15.325567834941642, 42.39047488080571
15.378781612146302, 42.389876856274064
15.43199538935096, 42.38927883174242
15.485209166555618, 42.38868080721078
15.538422943760276, 42.388082782679135
15.591636720964935, 42.387484758147494
15.644850498169594, 42.386886733615846
15.698064275374252, 42.386288709084205
15.751278052578911, 42.38569068455256
15.804491829783569, 42.385092660020916
15.857705606988228, 42.38449463548927
15.910919384192885, 42.38389661095763
15.964133161397545, 42.38329858642598
16.017346938602202, 42.38270056189434
16.070560715806863, 42.38210253736269
16.12377449301152, 42.38150451283105
16.176988270216178, 42.38090648829941
16.230202047420835, 42.38030846376776
16.283415824625497, 42.37971043923612
16.336629601830154, 42.37911241470447
16.38984337903481, 42.37851439017283
16.443057156239473, 42.377916365641184
16.49627093344413, 42.37731834110954
16.549484710648787, 42.376720316577895
16.602698487853445, 42.376122292046254
16.655912265058106, 42.375524267514606
16.709126042262763, 42.374926242982966
16.76233981946742, 42.37432821845132
16.81555359667208, 42.37373019391968
16.86876737387674, 42.373132169388036
16.921981151081397, 42.37253414485639
16.975194928286054, 42.37193612032475
17.028408705490715, 42.3713380957931
17.081622482695373, 42.37074007126146
17.13483625990003, 42.37014204672981
17.188050037104688, 42.36954402219817
17.24126381430935, 42.36894599766652
17.294477591514006, 42.36834797313488
17.347691368718664, 42.36774994860323
17.400905145923325, 42.36715192407159
17.454118923127982, 42.366553899539944
17.50733270033264, 42.365955875008304
17.560546477537297, 42.36535785047666
17.61376025474196, 42.364759825945015
17.666974031946616, 42.364161801413374
17.720187809151273, 42.363563776881726
17.773401586355934, 42.362965752350085
17.82661536356059, 42.36236772781844
17.87982914076525, 42.3617697032868
17.933042917969907, 42.36117167875515
17.986256695174568, 42.36057365422351
18.039470472379225, 42.35997562969186
18.092684249583883, 42.35937760516022
18.145898026788544, 42.35877958062857
18.1991118039932, 42.35818155609693
18.25232558119786, 42.35758353156529
18.305539358402516, 42.35698550703364
18.358753135607177, 42.356387482502
18.411966912811835, 42.35578945797035
18.465180690016492, 42.35519143343871
18.518394467221153, 42.354593408907064
18.57160824442581, 42.35399538437542
18.624822021630468, 42.353397359843775
18.678035798835126, 42.352799335312135
18.731249576039787, 42.35220131078049
18.784463353244444, 42.351603286248846
18.8376771304491, 42.351005261717205
18.890890907653763, 42.35040723718556
18.94410468485842, 42.349809212653916
18.997318462063078, 42.34921118812227
19.050532239267735, 42.34861316359063
19.103746016472396, 42.34801513905898
19.156959793677053, 42.34741711452734
19.21017357088171, 42.34681908999569
19.263387348086372, 42.34622106546405
19.31660112529103, 42.3456230409324
19.369814902495687, 42.34502501640076
19.423028679700344, 42.34442699186911
19.476242456905005, 42.34382896733747
19.529456234109663, 42.34323094280583
19.58267001131432, 42.342632918274184
19.63588378851898, 42.34203489374254
19.68909756572364, 42.341436869210895
19.742311342928296, 42.340838844679254
19.795525120132954, 42.340240820147606
19.848738897337615, 42.339642795615966
19.901952674542272, 42.33904477108432
19.95516645174693, 42.33844674655268
20.008380228951587, 42.33784872202103
20.06159400615625, 42.33725069748939
20.114807783360906, 42.33665267295774
20.168021560565563, 42.3360546484261
20.221235337770224, 42.33545662389446
20.274449114974882, 42.33485859936281
20.32766289217954, 42.33426057483117
20.380876669384197, 42.33366255029952
20.434090446588858, 42.33306452576788
20.487304223793515, 42.33246650123623
20.540518000998173, 42.33186847670459
20.593731778202834, 42.331270452172944
20.64694555540749, 42.330672427641304
20.70015933261215, 42.330074403109656
20.753373109816806, 42.329476378578015
20.806586887021467, 42.32887835404637
20.859800664226125, 42.328280329514726
20.913014441430782, 42.327682304983085
20.966228218635443, 42.32708428045144
21.0194419958401, 42.3264862559198
21.072655773044758, 42.32588823138815
21.125869550249416, 42.32529020685651
21.179083327454077, 42.32469218232486
21.232297104658734, 42.32409415779322
21.28551088186339, 42.32349613326157
21.338724659068053, 42.32289810872993
21.39193843627271, 42.32230008419828
21.445152213477368, 42.32170205966664
21.498365990682025, 42.321104035134994
21.551579767886686, 42.32050601060335
21.604793545091344, 42.31990798607171
21.658007322296, 42.319309961540064
21.711221099500662, 42.31871193700842
21.76443487670532, 42.318113912476775
21.817648653909977, 42.317515887945135
21.870862431114634, 42.31691786341349
21.924076208319295, 42.316319838881846
21.977289985523953, 42.3157218143502
22.03050376272861, 42.31512378981856
22.08371753993327, 42.31452576528691
22.13693131713793, 42.31392774075527
22.190145094342586, 42.31332971622362
22.243358871547244, 42.31273169169198
22.296572648751905, 42.31213366716034
22.349786425956562, 42.31153564262869
22.40300020316122, 42.31093761809705
22.45621398036588, 42.3103395935654
22.50942775757054, 42.30974156903376
22.562641534775196, 42.30914354450211
22.615855311979853, 42.30854551997047
22.669069089184514, 42.307947495438825
22.722282866389172, 42.307349470907184
22.77549664359383, 42.306751446375536
22.828710420798487, 42.306153421843895
22.881924198003148, 42.30555539731225
22.935137975207805, 42.304957372780606
22.988351752412463, 42.304359348248965
23.041565529617124, 42.30376132371732
23.09477930682178, 42.30316329918568
23.14799308402644, 42.30256527465403
23.201206861231096, 42.30196725012239
23.254420638435757, 42.30136922559074
23.307634415640415, 42.3007712010591
23.360848192845072, 42.30017317652745
23.414061970049733, 42.29957515199581
23.46727574725439, 42.29897712746416
23.520489524459048, 42.29837910293252
23.573703301663706, 42.29778107840088
23.626917078868367, 42.29718305386923
23.680130856073024, 42.29658502933759
23.73334463327768, 42.295987004805944
23.786558410482343, 42.2953889802743
23.839772187687, 42.294790955742656
23.892985964891658, 42.294192931211015
23.946199742096315, 42.29359490667937
23.999413519300976, 42.292996882147726
24.052627296505634, 42.29239885761608
24.10584107371029, 42.29180083308444
24.159054850914952, 42.29120280855279
24.21226862811961, 42.29060478402115
24.265482405324267, 42.29000675948951
24.318696182528925, 42.28940873495786
24.371909959733586, 42.28881071042622
24.425123736938243, 42.28821268589457
24.4783375141429, 42.28761466136293
24.53155129134756, 42.28701663683128
24.58476506855222, 42.28641861229964
24.637978845756876, 42.285820587767994
24.691192622961534, 42.28522256323635
24.744406400166195, 42.284624538704705
24.797620177370852, 42.284026514173064
24.85083395457551, 42.283428489641416
24.90404773178017, 42.282830465109775
24.95726150898483, 42.282232440578134
25.010475286189486, 42.28163441604649
25.063689063394143, 42.281036391514846
25.116902840598804, 42.2804383669832
25.170116617803462, 42.27984034245156
25.22333039500812, 42.27924231791991
25.27654417221278, 42.27864429338827
25.329757949417438, 42.27804626885662
25.382971726622095, 42.27744824432498
25.436185503826753, 42.27685021979333
25.489399281031414, 42.27625219526169
25.54261305823607, 42.27565417073004
25.59582683544073, 42.2750561461984
25.64904061264539, 42.27445812166676
25.702254389850047, 42.27386009713511
25.755468167054705, 42.27326207260347
25.808681944259362, 42.272664048071825
25.861895721464023, 42.272066023540184
25.91510949866868, 42.271467999008536
25.968323275873338, 42.270869974476895
26.021537053077996, 42.27027194994525
26.074750830282657, 42.269673925413606
26.127964607487314, 42.26907590088196
26.18117838469197, 42.26847787635032
26.234392161896633, 42.26787985181867
26.28760593910129, 42.26728182728703
26.340819716305948, 42.26668380275539
26.394033493510605, 42.26608577822374
26.447247270715266, 42.2654877536921
26.500461047919924, 42.26488972916045
26.55367482512458, 42.26429170462881
26.606888602329242, 42.26369368009716
26.6601023795339, 42.26309565556552
26.713316156738557, 42.262497631033874
26.766529933943215, 42.26189960650223
26.819743711147876, 42.261301581970585
26.872957488352533, 42.260703557438944
26.92617126555719, 42.260105532907296
26.97938504276185, 42.259507508375656
27.03259881996651, 42.258909483844015
27.085812597171167, 42.25831145931237
27.139026374375824, 42.257713434780726
27.192240151580485, 42.25711541024908
27.245453928785142, 42.25651738571744
27.2986677059898, 42.25591936118579
27.35188148319446, 42.25532133665415
27.40509526039912, 42.2547233121225
27.458309037603776, 42.25412528759086
27.511522814808433, 42.25352726305921
27.564736592013094, 42.25292923852757
27.617950369217752, 42.25233121399593
27.67116414642241, 42.25173318946428
27.72437792362707, 42.25113516493264
27.777591700831728, 42.25053714040099
27.830805478036385, 42.24993911586935
27.884019255241043, 42.249341091337705
27.937233032445704, 42.248743066806064
27.99044680965036, 42.248145042274416
28.04366058685502, 42.247547017742775
28.09687436405968, 42.24694899321113
28.150088141264337, 42.24635096867949
28.203301918468995, 42.24575294414784
28.256515695673652, 42.2451549196162
28.309729472878313, 42.24455689508456
28.36294325008297, 42.24395887055291
28.41615702728763, 42.24336084602127
28.46937080449229, 42.24276282148962
28.522584581696947, 42.24216479695798
28.575798358901604, 42.24156677242633
28.62901213610626, 42.24096874789469
28.682225913310923, 42.24037072336304
28.73543969051558, 42.2397726988314
28.788653467720238, 42.239174674299754
28.841867244924895, 42.23857664976811
28.895081022129556, 42.237978625236465
28.948294799334214, 42.237380600704824
29.00150857653887, 42.236782576173184
29.054722353743532, 42.236184551641536
29.10793613094819, 42.235586527109895
29.161149908152847, 42.23498850257825
29.214363685357505, 42.234390478046606
29.267577462562166, 42.23379245351496
29.320791239766823, 42.23319442898332
29.37400501697148, 42.23259640445167
29.42721879417614, 42.23199837992003
29.4804325713808, 42.23140035538838
29.533646348585457, 42.23080233085674
29.586860125790114, 42.23020430632509
29.640073902994775, 42.22960628179345
29.693287680199433, 42.22900825726181
29.74650145740409, 42.22841023273016
29.79971523460875, 42.22781220819852
29.85292901181341, 42.227214183666874
29.906142789018066, 42.22661615913523
29.959356566222723, 42.226018134603585
30.012570343427385, 42.225420110071944
30.065784120632042, 42.224822085540296
30.1189978978367, 42.224224061008655
30.17221167504136, 42.22362603647701
30.225425452246018, 42.22302801194537
30.278639229450675, 42.22242998741372
30.331853006655333, 42.22183196288208
30.385066783859994, 42.22123393835044
30.43828056106465, 42.22063591381879
30.49149433826931, 42.22003788928715
30.54470811547397, 42.2194398647555
30.597921892678627, 42.21884184022386
30.651135669883285, 42.21824381569221
30.704349447087942, 42.21764579116057
30.757563224292603, 42.21704776662892
30.81077700149726, 42.21644974209728
30.86399077870192, 42.215851717565634
30.91720455590658, 42.21525369303399
30.970418333111237, 42.214655668502346
31.023632110315894, 42.214057643970705
31.07684588752055, 42.213459619439064
31.130059664725213, 42.212861594907416
31.18327344192987, 42.212263570375775
31.236487219134528, 42.21166554584413
31.28970099633919, 42.211067521312486
31.342914773543846, 42.21046949678084
31.396128550748504, 42.2098714722492
31.44934232795316, 42.20927344771755
31.502556105157822, 42.20867542318591
31.55576988236248, 42.20807739865426
31.608983659567137, 42.20747937412262
31.662197436771798, 42.20688134959097
31.715411213976456, 42.20628332505933
31.768624991181113, 42.20568530052769
31.82183876838577, 42.20508727599604
31.87505254559043, 42.2044892514644
31.92826632279509, 42.203891226932754
31.981480099999747, 42.20329320240111
32.034693877204404, 42.202695177869465
32.087907654409065, 42.202097153337824
32.141121431613726, 42.20149912880618
32.19433520881838, 42.200901104274536
32.24754898602304, 42.20030307974289
32.300762763227695, 42.19970505521125
32.353976540432356, 42.199107030679606
32.40719031763702, 42.19850900614796
32.46040409484167, 42.19791098161632
32.51361787204633, 42.19731295708467
32.56683164925099, 42.19671493255303
32.62004542645565, 42.19611690802138
32.67325920366031, 42.19551888348974
32.72647298086497, 42.19492085895809
32.77968675806962, 42.19432283442645
32.832900535274284, 42.1937248098948
32.886114312478945, 42.19312678536316
32.9393280896836, 42.192528760831514
32.99254186688826, 42.191930736299874
33.045755644092914, 42.19133271176823
33.098969421297575, 42.190734687236585
33.152183198502236, 42.190136662704944
33.20539697570689, 42.189538638173296
33.25861075291155, 42.188940613641655
33.31182453011621, 42.18834258911001
33.365038307320866, 42.18774456457837
33.41825208452553, 42.18714654004672
33.47146586173019, 42.18654851551508
33.52467963893484, 42.18595049098343
33.5778934161395, 42.18535246645179
33.63110719334416, 42.18475444192014
33.68432097054882, 42.1841564173885
33.73753474775348, 42.18355839285686
33.79074852495813, 42.18296036832521
33.843962302162794, 42.18236234379357
33.897176079367455, 42.18176431926192
33.95038985657211, 42.18116629473028
34.00360363377677, 42.180568270198634
34.05681741098143, 42.17997024566699
34.110031188186085, 42.179372221135345
34.163244965390746, 42.178774196603705
34.21645874259541, 42.17817617207206
34.26967251980006, 42.177578147540416
34.32288629700472, 42.17698012300877
34.376100074209376, 42.17638209847713
34.42931385141404, 42.175784073945486
34.4825276286187, 42.17518604941384
34.53574140582335, 42.1745880248822
34.58895518302801, 42.17399000035055
34.642168960232674, 42.17339197581891
34.69538273743733, 42.17279395128726
34.74859651464199, 42.17219592675562
34.80181029184665, 42.17159790222397
34.855024069051304, 42.17099987769233
34.908237846255965, 42.17040185316068
34.961451623460626, 42.16980382862904
35.01466540066528, 42.169205804097395
35.06787917786994, 42.168607779565754
35.121092955074594, 42.16800975503411
35.174306732279256, 42.167411730502465
35.22752050948392, 42.166813705970824
35.28073428668857, 42.166215681439176
35.33394806389323, 42.165617656907536
35.38716184109789, 42.16501963237589
35.44037561830255, 42.16442160784425
35.49358939550721, 42.1638235833126
35.54680317271187, 42.16322555878096
35.60001694991652, 42.16262753424931
35.65323072712118, 42.16202950971767
35.706444504325844, 42.16143148518602
35.7596582815305, 42.16083346065438
35.81287205873516, 42.16023543612274
35.86608583593981, 42.15963741159109
35.919299613144474, 42.15903938705945
35.972513390349135, 42.1584413625278
36.02572716755379, 42.15784333799616
36.07894094475845, 42.157245313464514
36.13215472196311, 42.156647288932874
36.185368499167765, 42.156049264401226
36.238582276372426, 42.155451239869585
36.29179605357709, 42.15485321533794
36.34500983078174, 42.154255190806296
36.3982236079864, 42.153657166274655
36.451437385191056, 42.15305914174301
36.50465116239572, 42.15246111721137
36.55786493960038, 42.15186309267972
36.61107871680503, 42.15126506814808
36.66429249400969, 42.15066704361643
36.717506271214354, 42.15006901908479
36.77072004841901, 42.14947099455314
36.82393382562367, 42.1488729700215
36.87714760282833, 42.14827494548985
36.930361380032984, 42.14767692095821
36.983575157237645, 42.147078896426564
37.036788934442306, 42.14648087189492
37.09000271164696, 42.14588284736328
37.14321648885162, 42.145284822831634
37.196430266056275, 42.14468679829999
37.249644043260936, 42.144088773768345
37.3028578204656, 42.143490749236705
37.35607159767025, 42.14289272470506
37.40928537487491, 42.142294700173416
37.46249915207957, 42.14169667564177
37.51571292928423, 42.14109865111013
37.56892670648889, 42.14050062657848
37.62214048369355, 42.13990260204684
37.6753542608982, 42.13930457751519
37.728568038102864, 42.13870655298355
37.781781815307525, 42.13810852845191
37.83499559251218, 42.13751050392026
37.88820936971684, 42.13691247938862
37.941423146921494, 42.13631445485697
37.994636924126155, 42.13571643032533
38.047850701330816, 42.13511840579368
38.10106447853547, 42.13452038126204
38.15427825574013, 42.133922356730395
38.20749203294479, 42.133324332198754
38.260705810149446, 42.132726307667106
38.31391958735411, 42.132128283135465
38.36713336455877, 42.13153025860382
38.42034714176342, 42.130932234072176
38.47356091896808, 42.130334209540536
38.526774696172744, 42.12973618500889
38.5799884733774, 42.12913816047725
38.63320225058206, 42.1285401359456
38.68641602778671, 42.12794211141396
38.739629804991374, 42.12734408688231
38.792843582196035, 42.12674606235067
38.84605735940069, 42.12614803781902
38.89927113660535, 42.12555001328738
38.95248491381001, 42.12495198875573
39.005698691014665, 42.12435396422409
39.058912468219326, 42.123755939692444
39.11212624542399, 42.1231579151608
39.16534002262864, 42.12255989062916
39.2185537998333, 42.121961866097514
39.27176757703796, 42.12136384156587
39.32498135424262, 42.120765817034226
39.37819513144728, 42.120167792502585
39.43140890865193, 42.11956976797094
39.48462268585659, 42.118971743439296
39.537836463061254, 42.11837371890765
39.59105024026591, 42.11777569437601
39.64426401747057, 42.11717766984436
39.69747779467523, 42.11657964531272
39.750691571879884, 42.11598162078107
39.803905349084545, 42.11538359624943
39.857119126289206, 42.11478557171779
39.91033290349386, 42.11418754718614
39.96354668069852, 42.1135895226545
40.016760457903175, 42.11299149812285
40.069974235107836, 41.986334581455615
40.1231880123125, 41.81155682549458
40.17640178951715, 41.63677906953356
40.22961556672181, 41.462001313572515
40.28282934392647, 41.28722355761147
40.33604312113113, 41.11244580165045
40.38925689833579, 40.93766804568941
40.44247067554045, 40.76289028972837
40.4956844527451, 40.58811253376735
40.548898229949764, 40.413334777806305
40.602112007154425, 40.23855702184527
40.65532578435908, 40.06377926588424
40.70853956156374, 39.889001509923204
40.76175333876839, 39.71422375396219
40.814967115973054, 39.53944599800114
40.868180893177716, 39.364668242040096
40.92139467038237, 39.18989048607908
40.97460844758703, 39.015112730118034
41.02782222479169, 38.840334974156995
41.081036001996345, 38.66555721819598
41.134249779201006, 38.49077946223493
41.18746355640567, 38.316001706273894
41.24067733361032, 38.14122395031287
41.29389111081498, 37.96644619435183
41.34710488801964, 37.791668438390786
41.4003186652243, 37.61689068242977
41.45353244242896, 37.442112926468724
41.50674621963361, 37.26733517050771
41.55995999683827, 37.09255741454666
41.613173774042934, 36.91777965858562
41.66638755124759, 36.743001902624606
41.71960132845225, 36.56822414666356
41.77281510565691, 36.39344639070252
41.826028882861564, 36.2186686347415
41.879242660066225, 36.04389087878046
41.932456437270886, 35.869113122819414
41.98567021447554, 35.6943353668584
42.0388839916802, 35.51955761089735
42.09209776888486, 35.34477985493631
42.145311546089516, 35.17000209897529
42.19852532329418, 34.99522434301425
42.25173910049883, 34.82044658705323
42.30495287770349, 34.64566883109219
42.35816665490815, 34.47089107513115
42.41138043211281, 34.296113319170125
42.46459420931747, 34.12133556320909
42.51780798652213, 33.94655780724804
42.57102176372678, 33.771780051287024
42.624235540931444, 33.59700229532598
42.677449318136105, 33.42222453936494
42.73066309534076, 33.247446783403916
42.78387687254542, 33.07266902744288
42.837090649750074, 32.89789127148185
42.890304426954735, 32.723113515520815
42.943518204159396, 32.54833575955978
42.99673198136405, 32.37355800359875
43.04994575856871, 32.198780247637714
43.10315953577337, 32.02400249167667
43.156373312978026, 31.84922473571565
43.20958709018269, 31.674446979754606
43.26280086738735, 31.499669223793568
43.316014644592, 31.324891467832547
43.36922842179666, 31.150113711871505
43.422442199001324, 30.97533595591046
43.47565597620598, 30.800558199949442
43.52886975341064, 30.6257804439884
43.58208353061529, 30.45100268802738
43.635297307819954, 30.27622493206634
43.688511085024615, 30.101447176105296
43.74172486222927, 29.92666942014428
43.79493863943393, 29.751891664183233
43.84815241663859, 29.577113908222195
43.901366193843245, 29.402336152261174
43.954579971047906, 29.227558396300132
44.00779374825257, 29.052780640339087
44.06100752545722, 28.87800288437807
44.11422130266188, 28.703225128417028
44.16743507986654, 28.528447372455986
44.2206488570712, 28.35366961649497
44.27386263427586, 28.178891860533923
44.32707641148051, 28.004114104572906
44.38029018868517, 27.82933634861186
44.433503965889834, 27.654558592650822
44.48671774309449, 27.4797808366898
44.53993152029915, 27.30500308072876
44.59314529750381, 27.130225324767714
44.646359074708464, 26.955447568806697
44.699572851913125, 26.780669812845655
44.752786629117786, 26.605892056884613
44.80600040632244, 26.431114300923593
44.8592141835271, 26.25633654496255
44.91242796073176, 26.08155878900151
44.965641737936416, 25.906781033040488
45.01885551514108, 25.732003277079446
45.07206929234573, 25.55722552111843
45.12528306955039, 25.382447765157387
45.17849684675505, 25.207670009196345
45.23171062395971, 25.032892253235325
45.28492440116437, 24.858114497274283
45.33813817836903, 24.68333674131324
45.39135195557368, 24.50855898535222
45.444565732778344, 24.333781229391178
45.497779509983005, 24.159003473430136
45.55099328718766, 23.984225717469116
45.60420706439232, 23.809447961508074
45.657420841596974, 23.634670205547057
45.710634618801635, 23.459892449586015
45.763848396006296, 23.28511469362497
45.81706217321095, 23.110336937663952
45.87027595041561, 22.93555918170291
45.92348972762027, 22.760781425741868
45.976703504824926, 22.586003669780848
46.02991728202959, 22.411225913819806
46.08313105923425, 22.236448157858764
46.1363448364389, 22.061670401897743
46.18955861364356, 21.8868926459367
46.24277239084822, 21.71211488997566
46.29598616805288, 21.537337134014642
46.34919994525754, 21.362559378053597
46.40241372246219, 21.18778162209258
46.45562749966685, 21.013003866131537
46.508841276871514, 20.838226110170496
46.56205505407617, 20.663448354209475
46.61526883128083, 20.488670598248433
46.66848260848549, 20.31389284228739
46.721696385690144, 20.13911508632637
46.774910162894805, 19.96433733036533
46.828123940099466, 19.789559574404286
46.88133771730412, 19.61478181844327
46.93455149450878, 19.440004062482224
46.98776527171344, 19.265226306521182
47.040979048918096, 19.090448550560165
47.09419282612276, 18.915670794599123
47.14740660332741, 18.740893038638102
47.20062038053207, 18.56611528267706
47.25383415773673, 18.39133752671602
47.30704793494139, 18.216559770754998
47.36026171214605, 18.041782014793956
47.41347548935071, 17.867004258832914
47.46668926655536, 17.692226502871893
47.519903043760024, 17.51744874691085
47.573116820964685, 17.34267099094981
47.62633059816934, 17.167893234988792
47.679544375374, 16.99311547902775
47.73275815257866, 16.818337723066705
47.785971929783315, 16.643559967105688
47.839185706987976, 16.468782211144646
47.89239948419263, 16.294004455183625
47.94561326139729, 16.119226699222583
47.99882703860195, 15.944448943261541
48.052040815806606, 15.76967118730052
48.10525459301127, 15.594893431339479
48.15846837021593, 15.420115675378437
48.21168214742058, 15.24533791941742
48.26489592462524, 15.070560163456378
48.318109701829904, 14.895782407495332
48.37132347903456, 14.721004651534315
48.42453725623922, 14.546226895573273
48.47775103344387, 14.371449139612253
48.530964810648534, 14.19667138365121
48.584178587853195, 14.021893627690169
48.63739236505785, 13.847115871729148
48.69060614226251, 13.672338115768106
48.74381991946717, 13.497560359807064
48.797033696671825, 13.322782603846047
48.850247473876486, 13.148004847885002
48.90346125108115, 12.97322709192396
48.9566750282858, 12.798449335962943
49.00988880549046, 12.6236715800019
49.06310258269512, 12.448893824040859
49.11631635989978, 12.274116068079838
49.16953013710444, 12.099338312118796
49.22274391430909, 11.924560556157775
49.27595769151375, 11.749782800196733
49.329171468718414, 11.575005044235692
49.38238524592307, 11.400227288274674
49.43559902312773, 11.225449532313629
49.48881280033239, 11.050671776352587
49.542026577537044, 10.87589402039157
49.595240354741705, 10.701116264430528
49.648454131946366, 10.526338508469486
49.70166790915102, 10.351560752508465
49.75488168635568, 10.176782996547423
49.80809546356034, 10.002005240586378
49.861309240764996, 9.82722748462536
49.91452301796966, 9.652449728664322
49.96773679517431, 9.477671972703298
50.02095057237897, 9.30289421674226
50.07416434958363, 9.128116460781214
50.12737812678829, 8.953338704820197
50.18059190399295, 8.778560948859152
50.23380568119761, 8.603783192898113
50.28701945840226, 8.42900543693709
50.340233235606924, 8.25422768097605
50.393447012811585, 8.079449925015005
50.44666079001624, 7.904672169053988
50.4998745672209, 7.72989441309295
50.55308834442556, 7.555116657131904
50.606302121630215, 7.380338901170887
50.659515898834876, 7.205561145209842
50.71272967603953, 7.030783389248825
50.76594345324419, 6.856005633287779
50.81915723044885, 6.681227877326741
50.872371007653506, 6.506450121365717
50.92558478485817, 6.331672365404678
50.97879856206283, 6.156894609443633
51.03201233926748, 5.982116853482616
51.08522611647214, 5.80733909752157
51.138439893676804, 5.632561341560532
51.19165367088146, 5.457783585599515
51.24486744808612, 5.283005829638469
51.29808122529078, 5.108228073677431
51.35129500249543, 4.933450317716407
51.404508779700095, 4.758672561755368
51.45772255690475, 4.583894805794344
51.51093633410941, 4.409117049833306
51.56415011131407, 4.23433929387226
51.617363888518724, 4.059561537911243
51.670577665723386, 3.8847837819501976
51.72379144292805, 3.710006025989159
51.7770052201327, 3.535228270028142
51.83021899733736, 3.3604505140670966
51.88343277454202, 3.185672758106058
51.936646551746676, 3.010895002145034
51.98986032895134, 2.8361172461839956
52.04307410615599, 2.6613394902229714
52.09628788336065, 2.486561734261933
52.14950166056531, 2.3117839783008876
52.20271543776997, 2.1370062223398705
52.25592921497463, 1.962228466378825
52.30914299217929, 1.7874507104177866
52.36235676938394, 1.6126729544567695
52.415570546588604, 1.437895198495724
52.468784323793265, 1.2631174425346785
52.52199810099792, 1.0883396865736614
52.57521187820258, 0.913561930612623
52.62842565540724, 0.7387841746515775
52.681639432611895, 0.5640064186905605
52.734853209816556, 0.38922866272951495
52.78806698702121, 0.21445090676849787
52.84128076422587, 0.03967315080745237
52.89449454143053, -0.13510460515358602
52.947708318635186, -0.3098823611146031
53.00092209583985, -0.4846601170756486
53.05413587304451, -0.6594378730366941
53.10734965024916, -0.8342156289977112
53.16056342745382, -1.0089933849587496
