Parameters: [48.78747418956458, 24.271260506974137, 11.329431644973246, 43.60066039841253, 3.646175238823989, -0.1541106558142488, -2.549006840392712]
Points:
0.0, 24.271260506974137
0.04883631050006464, 24.449326253074993
0.09767262100012929, 24.62739199917585
0.14650893150019392, 24.805457745276705
0.19534524200025857, 24.98352349137756
0.24418155250032322, 25.161589237478417
0.29301786300038785, 25.339654983579273
0.3418541735004525, 25.51772072968013
0.39069048400051715, 25.695786475780984
0.4395267945005818, 25.873852221881837
0.48836310500064645, 26.051917967982693
0.537199415500711, 26.22998371408355
0.5860357260007757, 26.408049460184404
0.6348720365008403, 26.58611520628526
0.683708347000905, 26.764180952386116
0.7325446575009696, 26.942246698486972
0.7813809680010343, 27.120312444587828
0.8302172785010989, 27.298378190688684
0.8790535890011636, 27.47644393678954
0.9278898995012282, 27.654509682890396
0.9767262100012929, 27.83257542899125
1.0255625205013574, 28.010641175092108
1.074398831001422, 28.18870692119296
1.1232351415014867, 28.366772667293816
1.1720714520015514, 28.54483841339467
1.220907762501616, 28.722904159495528
1.2697440730016807, 28.900969905596384
1.3185803835017453, 29.07903565169724
1.36741669400181, 29.257101397798095
1.4162530045018746, 29.43516714389895
1.4650893150019393, 29.613232889999807
1.513925625502004, 29.791298636100663
1.5627619360020686, 29.96936438220152
1.6115982465021332, 30.147430128302375
1.6604345570021979, 30.32549587440323
1.7092708675022625, 30.503561620504087
1.7581071780023272, 30.681627366604943
1.8069434885023918, 30.8596931127058
1.8557797990024565, 31.037758858806654
1.9046161095025211, 31.21582460490751
1.9534524200025858, 31.393890351008366
2.0022887305026504, 31.571956097109222
2.051125041002715, 31.750021843210074
2.0999613515027797, 31.928087589310934
2.148797662002844, 32.10615333541179
2.197633972502909, 32.284219081512646
2.2464702830029735, 32.4622848276135
2.2953065935030383, 32.64035057371436
2.3441429040031028, 32.81841631981521
2.3929792145031676, 32.99648206591607
2.441815525003232, 33.174547812016925
2.490651835503297, 33.35261355811778
2.5394881460033614, 33.53067930421863
2.5883244565034262, 33.70874505031949
2.6371607670034907, 33.88681079642034
2.6859970775035555, 34.0648765425212
2.73483338800362, 34.242942288622054
2.783669698503685, 34.42100803472291
2.8325060090037493, 34.599073780823765
2.881342319503814, 34.77713952692462
2.9301786300038786, 34.95520527302548
2.9790149405039434, 35.13327101912633
3.027851251004008, 35.31133676522719
3.0766875615040727, 35.489402511328045
3.125523872004137, 35.6674682574289
3.1743601825042016, 35.84553400352976
3.2231964930042665, 36.02359974963061
3.272032803504331, 36.20166549573147
3.3208691140043958, 36.379731241832324
3.36970542450446, 36.55779698793318
3.418541735004525, 36.735862734034036
3.4673780455045895, 36.91392848013489
3.5162143560046544, 37.09199422623575
3.565050666504719, 37.270059972336604
3.6138869770047837, 37.44812571843746
3.662723287504848, 37.62619146453831
3.711559598004913, 37.80425721063917
3.7603959085049774, 37.98232295674002
3.8092322190050423, 38.160388702840876
3.8580685295051067, 38.33845444894173
3.9069048400051716, 38.51652019504259
3.955741150505236, 38.694585941143444
4.004577461005301, 38.8726516872443
4.053413771505365, 39.050717433345156
4.10225008200543, 39.22878317944601
4.151086392505495, 39.40684892554687
4.1999227030055595, 39.584914671647724
4.248759013505624, 39.76298041774858
4.297595324005688, 39.941046163849435
4.346431634505754, 40.11911190995029
4.395267945005818, 40.29717765605115
4.4441042555058825, 40.475243402152
4.492940566005947, 40.65330914825286
4.541776876506012, 40.831374894353715
4.590613187006077, 41.00944064045457
4.639449497506141, 41.18750638655543
4.6882858080062055, 41.36557213265628
4.73712211850627, 41.54363787875714
4.785958429006335, 41.721703624857994
4.8347947395064, 41.89976937095885
4.883631050006464, 42.077835117059706
4.932467360506529, 42.25590086316056
4.981303671006594, 42.43396660926142
5.030139981506658, 42.612032355362274
5.078976292006723, 42.79009810146313
5.127812602506787, 42.968163847563986
5.1766489130068525, 43.14622959366484
5.225485223506917, 43.3242953397657
5.274321534006981, 43.50236108586655
5.323157844507046, 43.68042683196741
5.371994155007111, 43.858492578068265
5.4208304655071755, 44.03655832416912
5.46966677600724, 44.21462407026998
5.518503086507304, 44.39268981637083
5.56733939700737, 44.57075556247169
5.616175707507434, 44.748821308572545
5.6650120180074985, 44.9268870546734
5.713848328507563, 45.10495280077425
5.762684639007628, 45.28301854687511
5.811520949507693, 45.46108429297597
5.860357260007757, 45.63915003907682
5.909193570507822, 45.81721578517767
5.958029881007887, 45.995281531278536
6.006866191507951, 46.173347277379385
6.055702502008016, 46.35141302348024
6.10453881250808, 46.5294787695811
6.1533751230081455, 46.70754451568196
6.20221143350821, 46.88561026178281
6.251047744008274, 47.063676007883664
6.299884054508339, 47.24174175398452
6.348720365008403, 47.41980750008537
6.3975566755084685, 47.59787324618623
6.446392986008533, 47.77593899228709
6.495229296508597, 47.95400473838794
6.544065607008662, 48.13207048448879
6.592901917508727, 48.310136230589656
6.6417382280087915, 48.48820197669051
6.690574538508856, 48.66626772279136
6.73941084900892, 48.844333468892216
6.788247159508986, 49.02239921499308
6.83708347000905, 49.20046496109393
6.885919780509115, 49.378530707194784
6.934756091009179, 49.55659645329564
6.983592401509244, 49.734662199396496
7.032428712009309, 49.91272794549735
7.081265022509373, 50.09079369159821
7.130101333009438, 50.268859437699064
7.178937643509503, 50.44692518379992
7.227773954009567, 50.624990929900775
7.276610264509632, 50.80305667600163
7.325446575009696, 50.98112242210249
7.3742828855097615, 51.15918816820334
7.423119196009826, 51.3372539143042
7.47195550650989, 51.515319660405055
7.520791817009955, 51.69338540650591
7.56962812751002, 51.87145115260677
7.6184644380100845, 52.04951689870762
7.667300748510149, 52.22758264480848
7.716137059010213, 52.405648390909334
7.764973369510279, 52.58371413701019
7.813809680010343, 52.761779883111046
7.862645990510408, 52.9398456292119
7.911482301010472, 53.11791137531276
7.960318611510536, 53.295977121413614
8.009154922010602, 53.47404286751447
8.057991232510666, 53.652108613615326
8.10682754301073, 53.83017435971618
8.155663853510795, 54.00824010581704
8.20450016401086, 54.18630585191789
8.253336474510924, 54.36437159801875
8.30217278501099, 54.542437344119605
8.351009095511055, 54.72050309022046
8.399845406011119, 54.89856883632132
8.448681716511183, 55.07663458242217
8.497518027011248, 55.25470032852303
8.546354337511312, 55.432766074623885
8.595190648011377, 55.610831820724734
8.644026958511441, 55.78889756682559
8.692863269011507, 55.96696331292645
8.741699579511572, 56.14502905902731
8.790535890011636, 56.323094805128164
8.8393722005117, 56.50116055122901
8.888208511011765, 56.67922629732987
8.93704482151183, 56.857292043430725
8.985881132011894, 57.03535778953158
9.034717442511958, 57.21342353563244
9.083553753012025, 57.3914892817333
9.132390063512089, 57.56955502783415
9.181226374012153, 57.747620773935004
9.230062684512218, 57.92568652003586
9.278898995012282, 58.103752266136716
9.327735305512347, 58.28181801223757
9.376571616012411, 58.45988375833843
9.425407926512475, 58.637949504439284
9.47424423701254, 58.81601525054013
9.523080547512606, 58.994080996640996
9.57191685801267, 59.17214674274185
9.620753168512735, 59.35021248884271
9.6695894790128, 59.52827823494356
9.718425789512864, 59.70634398104442
9.767262100012928, 59.884409727145275
9.816098410512993, 60.062475473246124
9.864934721013057, 60.24054121934698
9.913771031513123, 60.41860696544784
9.962607342013188, 60.5966727115487
10.011443652513252, 60.774738457649555
10.060279963013317, 60.95280420375041
10.109116273513381, 61.13086994985126
10.157952584013445, 61.308935695952115
10.20678889451351, 61.48700144205297
10.255625205013574, 61.66506718815383
10.30446151551364, 61.84313293425469
10.353297826013705, 62.021198680355546
10.40213413651377, 62.1992644264564
10.450970447013834, 62.37733017255725
10.499806757513898, 62.55539591865811
10.548643068013963, 62.73346166475896
10.597479378514027, 62.91152741085982
10.646315689014092, 63.089593156960674
10.695151999514158, 63.26765890306154
10.743988310014222, 63.445724649162386
10.792824620514287, 63.62379039526324
10.841660931014351, 63.8018561413641
10.890497241514415, 63.979921887464954
10.93933355201448, 64.15798763356581
10.988169862514544, 64.33605337966667
11.037006173014609, 64.51411912576752
11.085842483514673, 64.69218487186836
11.13467879401474, 64.87025061796923
11.183515104514804, 65.04831636407009
11.232351415014868, 65.22638211017095
11.281187725514933, 65.4044478562718
11.330024036014997, 65.58026234705257
11.378860346515062, 65.57273615121386
11.427696657015126, 65.56520995537514
11.47653296751519, 65.55768375953643
11.525369278015257, 65.55015756369771
11.574205588515321, 65.542631367859
11.623041899015385, 65.5351051720203
11.67187820951545, 65.52757897618157
11.720714520015514, 65.52005278034287
11.769550830515579, 65.51252658450414
11.818387141015643, 65.50500038866544
11.867223451515708, 65.49747419282673
11.916059762015774, 65.48994799698801
11.964896072515838, 65.4824218011493
12.013732383015903, 65.47489560531058
12.062568693515967, 65.46736940947187
12.111405004016031, 65.45984321363316
12.160241314516096, 65.45231701779444
12.20907762501616, 65.44479082195573
12.257913935516225, 65.43726462611701
12.306750246016291, 65.4297384302783
12.355586556516355, 65.42221223443958
12.40442286701642, 65.41468603860088
12.453259177516484, 65.40715984276217
12.502095488016549, 65.39963364692345
12.550931798516613, 65.39210745108474
12.599768109016678, 65.38458125524602
12.648604419516742, 65.37705505940731
12.697440730016806, 65.3695288635686
12.746277040516873, 65.36200266772988
12.795113351016937, 65.35447647189118
12.843949661517001, 65.34695027605245
12.892785972017066, 65.33942408021375
12.94162228251713, 65.33189788437504
12.990458593017195, 65.32437168853632
13.03929490351726, 65.31684549269761
13.088131214017324, 65.30931929685889
13.13696752451739, 65.30179310102018
13.185803835017454, 65.29426690518146
13.234640145517519, 65.28674070934275
13.283476456017583, 65.27921451350404
13.332312766517648, 65.27168831766532
13.381149077017712, 65.26416212182662
13.429985387517776, 65.2566359259879
13.47882169801784, 65.24910973014919
13.527658008517907, 65.24158353431048
13.576494319017971, 65.23405733847176
13.625330629518036, 65.22653114263305
13.6741669400181, 65.21900494679433
13.723003250518165, 65.21147875095562
13.77183956101823, 65.20395255511691
13.820675871518294, 65.19642635927819
13.869512182018358, 65.18890016343948
13.918348492518424, 65.18137396760076
13.967184803018489, 65.17384777176206
14.016021113518553, 65.16632157592333
14.064857424018617, 65.15879538008463
14.113693734518682, 65.15126918424592
14.162530045018746, 65.1437429884072
14.21136635551881, 65.13621679256849
14.260202666018875, 65.12869059672977
14.30903897651894, 65.12116440089106
14.357875287019006, 65.11363820505235
14.40671159751907, 65.10611200921363
14.455547908019135, 65.09858581337492
14.5043842185192, 65.0910596175362
14.553220529019264, 65.0835334216975
14.602056839519328, 65.07600722585879
14.650893150019392, 65.06848103002007
14.699729460519457, 65.06095483418136
14.748565771019523, 65.05342863834264
14.797402081519587, 65.04590244250393
14.846238392019652, 65.03837624666521
14.895074702519716, 65.0308500508265
14.94391101301978, 65.0233238549878
14.992747323519845, 65.01579765914907
15.04158363401991, 65.00827146331036
15.090419944519974, 65.00074526747164
15.13925625502004, 64.99321907163294
15.188092565520105, 64.98569287579423
15.236928876020169, 64.9781666799555
15.285765186520234, 64.9706404841168
15.334601497020298, 64.96311428827808
15.383437807520362, 64.95558809243937
15.432274118020427, 64.94806189660066
15.481110428520491, 64.94053570076194
15.529946739020557, 64.93300950492323
15.578783049520622, 64.92548330908451
15.627619360020686, 64.9179571132458
15.67645567052075, 64.91043091740708
15.725291981020815, 64.90290472156838
15.77412829152088, 64.89537852572967
15.822964602020944, 64.88785232989095
15.871800912521008, 64.88032613405224
15.920637223021073, 64.87279993821352
15.969473533521139, 64.86527374237481
16.018309844021204, 64.8577475465361
16.067146154521268, 64.85022135069738
16.115982465021332, 64.84269515485867
16.164818775521397, 64.83516895901995
16.21365508602146, 64.82764276318125
16.262491396521526, 64.82011656734254
16.31132770702159, 64.81259037150382
16.360164017521655, 64.80506417566511
16.40900032802172, 64.79753797982639
16.457836638521783, 64.79001178398768
16.506672949021848, 64.78248558814897
16.555509259521916, 64.77495939231025
16.60434557002198, 64.76743319647154
16.653181880522045, 64.75990700063282
16.70201819102211, 64.75238080479411
16.750854501522173, 64.7448546089554
16.799690812022238, 64.73732841311669
16.848527122522302, 64.72980221727798
16.897363433022367, 64.72227602143926
16.94619974352243, 64.71474982560055
16.995036054022496, 64.70722362976183
17.04387236452256, 64.69969743392312
17.092708675022624, 64.69217123808441
17.14154498552269, 64.68464504224569
17.190381296022753, 64.67711884640698
17.239217606522818, 64.66959265056826
17.288053917022882, 64.66206645472955
17.336890227522947, 64.65454025889085
17.385726538023015, 64.64701406305213
17.43456284852308, 64.63948786721342
17.483399159023143, 64.6319616713747
17.532235469523208, 64.62443547553599
17.581071780023272, 64.61690927969727
17.629908090523337, 64.60938308385856
17.6787444010234, 64.60185688801985
17.727580711523466, 64.59433069218113
17.77641702202353, 64.58680449634242
17.825253332523594, 64.5792783005037
17.87408964302366, 64.571752104665
17.922925953523723, 64.56422590882629
17.971762264023788, 64.55669971298757
18.020598574523852, 64.54917351714886
18.069434885023917, 64.54164732131014
18.11827119552398, 64.53412112547143
18.16710750602405, 64.52659492963271
18.215943816524113, 64.519068733794
18.264780127024178, 64.5115425379553
18.313616437524242, 64.50401634211657
18.362452748024307, 64.49649014627786
18.41128905852437, 64.48896395043914
18.460125369024436, 64.48143775460044
18.5089616795245, 64.47391155876173
18.557797990024564, 64.466385362923
18.60663430052463, 64.4588591670843
18.655470611024693, 64.45133297124558
18.704306921524758, 64.44380677540687
18.753143232024822, 64.43628057956816
18.801979542524887, 64.42875438372944
18.85081585302495, 64.42122818789073
18.899652163525015, 64.41370199205201
18.94848847402508, 64.4061757962133
18.997324784525148, 64.39864960037458
19.046161095025212, 64.39112340453588
19.094997405525277, 64.38359720869717
19.14383371602534, 64.37607101285845
19.192670026525406, 64.36854481701974
19.24150633702547, 64.36101862118102
19.290342647525534, 64.35349242534231
19.3391789580256, 64.3459662295036
19.388015268525663, 64.33844003366488
19.436851579025728, 64.33091383782617
19.485687889525792, 64.32338764198745
19.534524200025857, 64.31586144614874
19.58336051052592, 64.30833525031004
19.632196821025985, 64.30080905447132
19.68103313152605, 64.29328285863261
19.729869442026114, 64.28575666279389
19.778705752526182, 64.27823046695518
19.827542063026247, 64.27070427111646
19.87637837352631, 64.26317807527775
19.925214684026376, 64.25565187943904
19.97405099452644, 64.24812568360032
20.022887305026504, 64.24059948776161
20.07172361552657, 64.23307329192289
20.120559926026633, 64.22554709608418
20.169396236526698, 64.21802090024548
20.218232547026762, 64.21049470440676
20.267068857526827, 64.20296850856805
20.31590516802689, 64.19544231272933
20.364741478526955, 64.18791611689062
20.41357778902702, 64.18038992105191
20.462414099527084, 64.17286372521319
20.51125041002715, 64.16533752937448
20.560086720527213, 64.15781133353576
20.60892303102728, 64.15028513769705
20.657759341527345, 64.14275894185833
20.70659565202741, 64.13523274601962
20.755431962527474, 64.12770655018092
20.80426827302754, 64.1201803543422
20.853104583527603, 64.11265415850349
20.901940894027668, 64.10512796266477
20.950777204527732, 64.09760176682606
20.999613515027796, 64.09007557098735
21.04844982552786, 64.08254937514863
21.097286136027925, 64.07502317930992
21.14612244652799, 64.0674969834712
21.194958757028054, 64.0599707876325
21.24379506752812, 64.05244459179379
21.292631378028183, 64.04491839595507
21.341467688528247, 64.03739220011636
21.390303999028315, 64.02986600427764
21.43914030952838, 64.02233980843893
21.487976620028444, 64.01481361260021
21.53681293052851, 64.0072874167615
21.585649241028573, 63.999761220922785
21.634485551528638, 63.99223502508407
21.683321862028702, 63.98470882924536
21.732158172528766, 63.97718263340665
21.78099448302883, 63.969656437567934
21.829830793528895, 63.96213024172922
21.87866710402896, 63.954604045890505
21.927503414529024, 63.9470778500518
21.97633972502909, 63.93955165421308
22.025176035529153, 63.93202545837437
22.074012346029217, 63.924499262535655
22.122848656529282, 63.91697306669694
22.171684967029346, 63.90944687085823
22.220521277529414, 63.90192067501952
22.26935758802948, 63.894394479180804
22.318193898529543, 63.88686828334209
22.367030209029608, 63.879342087503375
22.415866519529672, 63.87181589166466
22.464702830029736, 63.864289695825946
22.5135391405298, 63.85676349998724
22.562375451029865, 63.849237304148524
22.61121176152993, 63.84171110830981
22.660048072029994, 63.834184912471095
22.70888438253006, 63.82665871663238
22.757720693030123, 63.81913252079367
22.806557003530187, 63.81160632495496
22.855393314030252, 63.804080129116244
22.904229624530316, 63.79655393327753
22.95306593503038, 63.789027737438815
23.00190224553045, 63.7815015416001
23.050738556030513, 63.77397534576139
23.099574866530578, 63.76644914992268
23.148411177030642, 63.758922954083964
23.197247487530706, 63.75139675824525
23.24608379803077, 63.743870562406535
23.294920108530835, 63.73634436656782
23.3437564190309, 63.72881817072911
23.392592729530964, 63.7212919748904
23.44142904003103, 63.713765779051684
23.490265350531093, 63.70623958321297
23.539101661031157, 63.698713387374255
23.587937971531222, 63.69118719153555
23.636774282031286, 63.68366099569683
23.68561059253135, 63.67613479985812
23.734446903031415, 63.668608604019404
23.78328321353148, 63.66108240818069
23.832119524031548, 63.653556212341975
23.880955834531612, 63.64603001650327
23.929792145031676, 63.63850382066455
23.97862845553174, 63.63097762482584
24.027464766031805, 63.623451428987124
24.07630107653187, 63.61592523314841
24.125137387031934, 63.608399037309695
24.173973697532, 63.60087284147099
24.222810008032063, 63.59334664563227
24.271646318532127, 63.58582044979356
24.320482629032192, 63.578294253954844
24.369318939532256, 63.57076805811613
24.41815525003232, 63.56324186227742
24.466991560532385, 63.55571566643871
24.51582787103245, 63.54818947059999
24.564664181532514, 63.54066327476128
24.613500492032582, 63.533137078922564
24.662336802532646, 63.52561088308385
24.71117311303271, 63.51808468724514
24.760009423532775, 63.51055849140643
24.80884573403284, 63.503032295567714
24.857682044532904, 63.495506099729
24.90651835503297, 63.487979903890285
24.955354665533033, 63.48045370805157
25.004190976033097, 63.47292751221286
25.053027286533162, 63.46540131637415
25.101863597033226, 63.457875120535434
25.15069990753329, 63.45034892469672
25.199536218033355, 63.442822728858005
25.24837252853342, 63.4352965330193
25.297208839033484, 63.42777033718058
25.34604514953355, 63.42024414134187
25.394881460033613, 63.412717945503154
25.44371777053368, 63.40519174966444
25.492554081033745, 63.397665553825725
25.54139039153381, 63.39013935798702
25.590226702033874, 63.3826131621483
25.63906301253394, 63.37508696630959
25.687899323034003, 63.367560770470874
25.736735633534067, 63.36003457463216
25.78557194403413, 63.352508378793445
25.834408254534196, 63.34498218295474
25.88324456503426, 63.33745598711602
25.932080875534325, 63.32992979127731
25.98091718603439, 63.322403595438594
26.029753496534454, 63.31487739959988
26.07858980703452, 63.30735120376117
26.127426117534583, 63.29982500792246
26.176262428034647, 63.29229881208374
26.225098738534715, 63.28477261624503
26.27393504903478, 63.277246420406314
26.322771359534844, 63.2697202245676
26.37160767003491, 63.26219402872889
26.420443980534973, 63.25466783289018
26.469280291035037, 63.24714163705146
26.5181166015351, 63.23961544121275
26.566952912035166, 63.232089245374034
26.61578922253523, 63.22456304953532
26.664625533035295, 63.21703685369661
26.71346184353536, 63.2095106578579
26.762298154035424, 63.20198446201918
26.81113446453549, 63.19445826618047
26.859970775035553, 63.186932070341754
26.908807085535617, 63.17940587450305
26.95764339603568, 63.17187967866433
27.006479706535746, 63.16435348282562
27.055316017035814, 63.1568272869869
27.10415232753588, 63.14930109114819
27.152988638035943, 63.141774895309474
27.201824948536007, 63.13424869947077
27.25066125903607, 63.12672250363205
27.299497569536136, 63.11919630779334
27.3483338800362, 63.11167011195462
27.397170190536265, 63.10414391611591
27.44600650103633, 63.0966177202772
27.494842811536394, 63.08909152443849
27.54367912203646, 63.08156532859977
27.592515432536523, 63.07403913276106
27.641351743036587, 63.066512936922344
27.69018805353665, 63.05898674108363
27.739024364036716, 63.05146054524492
27.78786067453678, 63.04393434940621
27.83669698503685, 63.03640815356749
27.885533295536913, 63.02888195772878
27.934369606036977, 63.021355761890064
27.98320591653704, 63.01382956605135
28.032042227037106, 63.00630337021264
28.08087853753717, 62.99877717437393
28.129714848037235, 62.99125097853521
28.1785511585373, 62.9837247826965
28.227387469037364, 62.976198586857784
28.27622377953743, 62.96867239101907
28.325060090037493, 62.96114619518036
28.373896400537557, 62.95361999934165
28.42273271103762, 62.94609380350293
28.471569021537686, 62.93856760766422
28.52040533203775, 62.931041411825504
28.569241642537815, 62.9235152159868
28.61807795303788, 62.91598902014808
28.666914263537947, 62.90846282430937
28.71575057403801, 62.90093662847065
28.764586884538076, 62.89341043263194
28.81342319503814, 62.885884236793224
28.862259505538205, 62.87835804095452
28.91109581603827, 62.8708318451158
28.959932126538334, 62.86330564927709
29.0087684370384, 62.85577945343837
29.057604747538463, 62.84825325759966
29.106441058038527, 62.84072706176095
29.15527736853859, 62.83320086592224
29.204113679038656, 62.82567467008352
29.25294998953872, 62.81814847424481
29.301786300038785, 62.81062227840609
29.35062261053885, 62.80309608256738
29.399458921038914, 62.79556988672867
29.44829523153898, 62.78804369088996
29.497131542039046, 62.78051749505124
29.54596785253911, 62.77299129921253
29.594804163039175, 62.76546510337381
29.64364047353924, 62.7579389075351
29.692476784039304, 62.75041271169639
29.741313094539368, 62.74288651585768
29.790149405039433, 62.73536032001896
29.838985715539497, 62.72783412418025
29.88782202603956, 62.72030792834153
29.936658336539626, 62.71278173250282
29.98549464703969, 62.70525553666411
30.034330957539755, 62.6977293408254
30.08316726803982, 62.69020314498668
30.132003578539884, 62.68267694914797
30.180839889039948, 62.675150753309254
30.229676199540013, 62.667624557470546
30.27851251004008, 62.66009836163183
30.327348820540145, 62.65257216579312
30.37618513104021, 62.6450459699544
30.425021441540274, 62.63751977411569
30.473857752040338, 62.629993578276974
30.522694062540403, 62.622467382438266
30.571530373040467, 62.61494118659955
30.62036668354053, 62.60741499076084
30.669202994040596, 62.59988879492212
30.71803930454066, 62.59236259908341
30.766875615040725, 62.5848364032447
30.81571192554079, 62.577310207405986
30.864548236040854, 62.56978401156727
30.913384546540918, 62.56225781572856
30.962220857040982, 62.55473161988984
31.011057167541047, 62.54720542405113
31.059893478041115, 62.53967922821242
31.10872978854118, 62.53215303237371
31.157566099041244, 62.52462683653499
31.206402409541308, 62.51710064069628
31.255238720041373, 62.50957444485756
31.304075030541437, 62.50204824901885
31.3529113410415, 62.49452205318014
31.401747651541566, 62.48699585734143
31.45058396204163, 62.47946966150271
31.499420272541695, 62.471943465664
31.54825658304176, 62.46441726982528
31.597092893541824, 62.45689107398657
31.645929204041888, 62.44936487814786
31.694765514541952, 62.44183868230915
31.743601825042017, 62.43431248647043
31.79243813554208, 62.42678629063172
31.841274446042146, 62.419260094793
31.890110756542214, 62.411733898954296
31.938947067042278, 62.40420770311558
31.987783377542343, 62.39668150727687
32.03661968804241, 62.38915531143815
32.08545599854247, 62.38162911559944
32.134292309042536, 62.37410291976072
32.1831286195426, 62.366576723922016
32.231964930042665, 62.3590505280833
32.28080124054273, 62.35152433224459
32.329637551042794, 62.34399813640587
32.37847386154286, 62.33647194056716
32.42731017204292, 62.32894574472845
32.47614648254299, 62.321419548889736
32.52498279304305, 62.31389335305102
32.573819103543116, 62.30636715721231
32.62265541404318, 62.29884096137359
32.671491724543245, 62.29131476553488
32.72032803504331, 62.28378856969617
32.76916434554337, 62.276262373857456
32.81800065604344, 62.26873617801874
32.8668369665435, 62.26120998218003
32.91567327704357, 62.25368378634131
32.96450958754363, 62.246157590502605
33.013345898043696, 62.23863139466389
33.06218220854376, 62.231105198825176
33.11101851904383, 62.22357900298646
33.159854829543896, 62.21605280714775
33.20869114004396, 62.20852661130903
33.257527450544025, 62.20100041547032
33.30636376104409, 62.19347421963161
33.355200071544154, 62.185948023792896
33.40403638204422, 62.17842182795418
33.45287269254428, 62.17089563211547
33.50170900304435, 62.16336943627675
33.55054531354441, 62.155843240438045
33.599381624044476, 62.14831704459933
33.64821793454454, 62.140790848760616
33.697054245044605, 62.1332646529219
33.74589055554467, 62.12573845708319
33.79472686604473, 62.11821226124447
33.8435631765448, 62.110686065405766
33.89239948704486, 62.10315986956705
33.94123579754493, 62.09563367372834
33.99007210804499, 62.08810747788962
34.038908418545056, 62.08058128205091
34.08774472904512, 62.0730550862122
34.136581039545185, 62.065528890373486
34.18541735004525, 62.05800269453477
34.23425366054531, 62.05047649869606
34.28308997104538, 62.04295030285734
34.33192628154544, 62.03542410701863
34.38076259204551, 62.02789791117992
34.42959890254557, 62.020371715341206
34.478435213045636, 62.01284551950249
34.5272715235457, 62.00531932366378
34.576107834045764, 61.99779312782506
34.62494414454583, 61.990266931986355
34.67378045504589, 61.98274073614764
34.722616765545965, 61.975214540308926
34.77145307604603, 61.96768834447021
34.820289386546094, 61.9601621486315
34.86912569704616, 61.95263595279278
34.91796200754622, 61.94510975695407
34.96679831804629, 61.93758356111536
35.01563462854635, 61.930057365276646
35.064470939046416, 61.92253116943793
35.11330724954648, 61.91500497359922
35.162143560046545, 61.9074787777605
35.21097987054661, 61.899952581921795
35.25981618104667, 61.89242638608308
35.30865249154674, 61.884900190244366
35.3574888020468, 61.87737399440565
35.40632511254687, 61.86984779856694
35.45516142304693, 61.86232160272823
35.503997733546996, 61.854795406889515
35.55283404404706, 61.8472692110508
35.601670354547124, 61.839743015212086
35.65050666504719, 61.83221681937337
35.69934297554725, 61.82469062353466
35.74817928604732, 61.81716442769595
35.79701559654738, 61.809638231857235
35.84585190704745, 61.80211203601852
35.89468821754751, 61.794585840179806
35.943524528047575, 61.78705964434109
35.99236083854764, 61.77953344850238
36.041197149047704, 61.77200725266367
36.09003345954777, 61.764481056824955
36.13886977004783, 61.75695486098624
36.1877060805479, 61.749428665147526
36.23654239104796, 61.74190246930881
36.28537870154803, 61.734376273470104
36.3342150120481, 61.72685007763139
36.38305132254816, 61.719323881792675
36.43188763304823, 61.71179768595396
36.48072394354829, 61.70427149011525
36.529560254048356, 61.69674529427653
36.57839656454842, 61.68921909843782
36.627232875048485, 61.68169290259911
36.67606918554855, 61.674166706760396
36.72490549604861, 61.66664051092168
36.77374180654868, 61.65911431508297
36.82257811704874, 61.65158811924425
36.87141442754881, 61.644061923405545
36.92025073804887, 61.63653572756683
36.969087048548936, 61.629009531728116
37.017923359049, 61.6214833358894
37.066759669549064, 61.61395714005069
37.11559598004913, 61.60643094421198
37.16443229054919, 61.598904748373265
37.21326860104926, 61.59137855253455
37.26210491154932, 61.583852356695836
37.31094122204939, 61.57632616085712
37.35977753254945, 61.56879996501841
37.408613843049515, 61.56127376917969
37.45745015354958, 61.553747573340985
37.506286464049644, 61.54622137750227
37.55512277454971, 61.538695181663556
37.60395908504977, 61.53116898582484
37.65279539554984, 61.52364278998613
37.7016317060499, 61.51611659414742
37.750468016549966, 61.508590398308705
37.79930432705003, 61.50106420246999
37.848140637550095, 61.493538006631276
37.89697694805016, 61.48601181079256
37.94581325855023, 61.47848561495385
37.994649569050296, 61.47095941911514
38.04348587955036, 61.463433223276425
38.092322190050425, 61.45590702743771
38.14115850055049, 61.448380831598996
38.18999481105055, 61.44085463576028
38.23883112155062, 61.43332843992157
38.28766743205068, 61.42580224408286
38.33650374255075, 61.418276048244145
38.38534005305081, 61.41074985240543
38.434176363550876, 61.403223656566716
38.48301267405094, 61.395697460728
38.531848984551004, 61.388171264889294
38.58068529505107, 61.38064506905058
38.62952160555113, 61.373118873211865
38.6783579160512, 61.36559267737315
38.72719422655126, 61.358066481534436
38.77603053705133, 61.35054028569573
38.82486684755139, 61.343014089857014
38.873703158051455, 61.3354878940183
38.92253946855152, 61.327961698179585
38.971375779051584, 61.32043550234087
39.02021208955165, 61.312909306502156
39.06904840005171, 61.30538311066344
39.11788471055178, 61.297856914824735
39.16672102105184, 61.29033071898602
39.215557331551906, 61.282804523147306
39.26439364205197, 61.27527832730859
39.313229952552035, 61.26775213146988
39.3620662630521, 61.26022593563117
39.410902573552164, 61.252699739792455
39.45973888405223, 61.24517354395374
39.50857519455229, 61.237647348115026
39.557411505052364, 61.23012115227631
39.60624781555243, 61.2225949564376
39.65508412605249, 61.21506876059889
39.70392043655256, 61.207542564760175
39.75275674705262, 61.20001636892146
39.80159305755269, 61.192490173082746
39.85042936805275, 61.18496397724403
39.899265678552815, 61.17743778140532
39.94810198905288, 61.16991158556661
39.996938299552944, 61.162385389727895
40.04577461005301, 61.15485919388918
40.09461092055307, 61.147332998050466
40.14344723105314, 61.13980680221175
40.1922835415532, 61.132280606373044
40.24111985205327, 61.12475441053433
40.28995616255333, 61.117228214695615
40.338792473053395, 61.1097020188569
40.38762878355346, 61.102175823018186
40.436465094053524, 61.09464962717948
40.48530140455359, 61.087123431340764
40.53413771505365, 61.07959723550205
40.58297402555372, 61.072071039663335
40.63181033605378, 61.06454484382462
40.680646646553846, 61.057018647985906
40.72948295705391, 61.0494924521472
40.778319267553975, 61.041966256308484
40.82715557805404, 61.03444006046977
40.875991888554104, 61.026913864631055
40.92482819905417, 61.01938766879234
40.97366450955423, 61.011861472953626
41.0225008200543, 61.00433527711492
41.07133713055436, 60.996809081276204
41.120173441054426, 60.98928288543749
41.1690097515545, 60.981756689598775
41.21784606205456, 60.97423049376006
41.26668237255463, 60.966704297921346
41.31551868305469, 60.95917810208264
41.364354993554755, 60.951651906243924
41.41319130405482, 60.94412571040521
41.462027614554884, 60.936599514566495
41.51086392505495, 60.92907331872778
41.55970023555501, 60.921547122889066
41.60853654605508, 60.91402092705036
41.65737285655514, 60.906494731211644
41.706209167055206, 60.89896853537293
41.75504547755527, 60.891442339534215
41.803881788055335, 60.8839161436955
41.8527180985554, 60.876389947856794
41.901554409055464, 60.86886375201808
41.95039071955553, 60.861337556179365
41.99922703005559, 60.85381136034065
42.04806334055566, 60.846285164501936
42.09689965105572, 60.83875896866323
42.145735961555786, 60.831232772824514
42.19457227205585, 60.8237065769858
42.243408582555915, 60.816180381147085
42.29224489305598, 60.80865418530837
42.341081203556044, 60.801127989469656
42.38991751405611, 60.79360179363095
42.43875382455617, 60.786075597792234
42.48759013505624, 60.77854940195352
42.5364264455563, 60.771023206114805
42.585262756056366, 60.76349701027609
42.63409906655643, 60.755970814437376
42.682935377056495, 60.74844461859867
42.73177168755656, 60.740918422759954
42.78060799805663, 60.73339222692124
42.829444308556695, 60.725866031082525
42.87828061905676, 60.71833983524381
42.927116929556824, 60.710813639405096
42.97595324005689, 60.70328744356639
43.02478955055695, 60.695761247727674
43.07362586105702, 60.68823505188896
43.12246217155708, 60.680708856050245
43.171298482057146, 60.67318266021153
43.22013479255721, 60.665656464372816
43.268971103057275, 60.65813026853411
43.31780741355734, 60.650604072695394
43.366643724057404, 60.64307787685668
43.41548003455747, 60.635551681017965
43.46431634505753, 60.62802548517925
43.5131526555576, 60.62049928934054
43.56198896605766, 60.61297309350183
43.610825276557726, 60.581103069776475
43.65966158705779, 60.45661898025227
43.708497897557855, 60.332134890728064
43.75733420805792, 60.207650801203854
43.806170518557984, 60.08316671167965
43.85500682905805, 59.95868262215544
43.90384313955811, 59.83419853263124
43.95267945005818, 59.70971444310703
44.00151576055824, 59.58523035358282
44.050352071058306, 59.46074626405862
44.09918838155837, 59.33626217453441
44.148024692058435, 59.2117780850102
44.1968610025585, 59.087293995486
44.245697313058564, 58.96280990596179
44.29453362355863, 58.83832581643758
44.34336993405869, 58.71384172691338
44.392206244558764, 58.589357637389156
44.44104255505883, 58.46487354786495
44.48987886555889, 58.34038945834074
44.53871517605896, 58.215905368816536
44.58755148655902, 58.09142127929233
44.636387797059086, 57.96693718976812
44.68522410755915, 57.842453100243915
44.734060418059215, 57.717969010719706
44.78289672855928, 57.5934849211955
44.831733039059344, 57.469000831671295
44.88056934955941, 57.344516742147086
44.92940566005947, 57.220032652622876
44.97824197055954, 57.095548563098674
45.0270782810596, 56.971064473574465
45.075914591559666, 56.84658038405026
45.12475090205973, 56.722096294526054
45.173587212559795, 56.597612205001845
45.22242352305986, 56.47312811547764
45.271259833559924, 56.34864402595343
45.32009614405999, 56.224159936429224
45.36893245456005, 56.09967584690502
45.41776876506012, 55.97519175738081
45.46660507556018, 55.850707667856604
45.515441386060246, 55.7262235783324
45.56427769656031, 55.60173948880819
45.613114007060375, 55.47725539928399
45.66195031756044, 55.35277130975978
45.710786628060504, 55.22828722023557
45.75962293856057, 55.10380313071137
45.80845924906063, 54.97931904118716
45.8572955595607, 54.85483495166295
45.90613187006076, 54.73035086213875
45.954968180560826, 54.60586677261454
46.0038044910609, 54.48138268309032
46.05264080156096, 54.35689859356611
46.101477112061026, 54.2324145040419
46.15031342256109, 54.107930414517696
46.199149733061155, 53.98344632499349
46.24798604356122, 53.858962235469285
46.296822354061284, 53.734478145945076
46.34565866456135, 53.60999405642087
46.39449497506141, 53.485509966896664
46.44333128556148, 53.361025877372455
46.49216759606154, 53.236541787848246
46.541003906561606, 53.112057698324044
46.58984021706167, 52.987573608799835
46.638676527561735, 52.863089519275626
46.6875128380618, 52.73860542975142
46.736349148561864, 52.614121340227214
46.78518545906193, 52.48963725070301
46.83402176956199, 52.3651531611788
46.88285808006206, 52.240669071654594
46.93169439056212, 52.11618498213039
46.980530701062186, 51.99170089260618
47.02936701156225, 51.86721680308197
47.078203322062315, 51.74273271355777
47.12703963256238, 51.61824862403356
47.175875943062444, 51.49376453450935
47.22471225356251, 51.36928044498515
47.27354856406257, 51.24479635546094
47.32238487456264, 51.12031226593673
47.3712211850627, 50.99582817641253
47.420057495562766, 50.87134408688832
47.46889380606283, 50.74685999736411
47.517730116562895, 50.62237590783991
47.56656642706296, 50.4978918183157
47.61540273756303, 50.37340772879148
47.664239048063095, 50.24892363926727
47.71307535856316, 50.124439549743066
47.761911669063224, 49.99995546021886
47.81074797956329, 49.875471370694655
47.85958429006335, 49.750987281170445
47.90842060056342, 49.626503191646236
47.95725691106348, 49.502019102122034
48.006093221563546, 49.377535012597825
48.05492953206361, 49.253050923073616
48.103765842563675, 49.128566833549414
48.15260215306374, 49.004082744025204
48.201438463563804, 48.879598654500995
48.25027477406387, 48.75511456497679
48.29911108456393, 48.630630475452584
48.347947395064, 48.506146385928375
48.39678370556406, 48.38166229640417
48.445620016064126, 48.25717820687996
48.49445632656419, 48.132694117355754
48.543292637064255, 48.00821002783155
48.59212894756432, 47.88372593830734
48.640965258064384, 47.759241848783134
48.68980156856445, 47.63475775925893
48.73863787906451, 47.51027366973472
48.78747418956458, 47.38578958021051
