Parameters: [48.23741652967176, 18.114886744410597, 14.101386688819089, 37.07143837764246, 4.005719145440624, -0.19856686366749599, -2.6926472159710295]
Points:
0.0, 18.114886744410597
0.04828570223190366, 18.30830570629198
0.09657140446380733, 18.50172466817336
0.144857106695711, 18.69514363005474
0.19314280892761465, 18.888562591936125
0.2414285111595183, 19.081981553817506
0.289714213391422, 19.275400515698887
0.33799991562332565, 19.46881947758027
0.3862856178552293, 19.66223843946165
0.43457132008713295, 19.85565740134303
0.4828570223190366, 20.049076363224412
0.5311427245509402, 20.242495325105793
0.579428426782844, 20.435914286987177
0.6277141290147477, 20.62933324886856
0.6759998312466513, 20.82275221074994
0.724285533478555, 21.01617117263132
0.7725712357104586, 21.209590134512702
0.8208569379423623, 21.403009096394083
0.8691426401742659, 21.596428058275464
0.9174283424061696, 21.78984702015685
0.9657140446380732, 21.98326598203823
1.0139997468699768, 22.17668494391961
1.0622854491018805, 22.370103905800992
1.1105711513337841, 22.563522867682373
1.158856853565688, 22.756941829563758
1.2071425557975917, 22.950360791445135
1.2554282580294953, 23.14377975332652
1.303713960261399, 23.3371987152079
1.3519996624933026, 23.530617677089282
1.4002853647252063, 23.724036638970663
1.44857106695711, 23.917455600852044
1.4968567691890136, 24.110874562733425
1.5451424714209172, 24.304293524614806
1.5934281736528209, 24.49771248649619
1.6417138758847245, 24.691131448377572
1.6899995781166282, 24.884550410258953
1.7382852803485318, 25.077969372140334
1.7865709825804355, 25.271388334021715
1.834856684812339, 25.464807295903096
1.8831423870442427, 25.658226257784477
1.9314280892761464, 25.851645219665862
1.9797137915080503, 26.045064181547243
2.0279994937399537, 26.238483143428624
2.0762851959718573, 26.431902105310005
2.124570898203761, 26.625321067191386
2.1728566004356646, 26.818740029072767
2.2211423026675683, 27.01215899095415
2.269428004899472, 27.205577952835533
2.317713707131376, 27.398996914716914
2.3659994093632797, 27.592415876598295
2.4142851115951833, 27.785834838479676
2.462570813827087, 27.979253800361057
2.5108565160589906, 28.172672762242442
2.5591422182908943, 28.36609172412382
2.607427920522798, 28.559510686005204
2.6557136227547016, 28.752929647886585
2.7039993249866052, 28.946348609767966
2.752285027218509, 29.139767571649347
2.8005707294504125, 29.33318653353073
2.848856431682316, 29.526605495412113
2.89714213391422, 29.72002445729349
2.9454278361461235, 29.913443419174875
2.993713538378027, 30.106862381056253
3.0419992406099308, 30.300281342937637
3.0902849428418344, 30.49370030481902
3.138570645073738, 30.6871192667004
3.1868563473056417, 30.88053822858178
3.2351420495375454, 31.07395719046316
3.283427751769449, 31.267376152344546
3.3317134540013527, 31.460795114225924
3.3799991562332563, 31.65421407610731
3.42828485846516, 31.847633037988686
3.4765705606970636, 32.04105199987007
3.5248562629289673, 32.234470961751455
3.573141965160871, 32.42788992363283
3.6214276673927746, 32.62130888551421
3.669713369624678, 32.814727847395595
3.717999071856582, 33.00814680927698
3.7662847740884855, 33.20156577115836
3.814570476320389, 33.39498473303974
3.862856178552293, 33.588403694921126
3.911141880784197, 33.781822656802504
3.9594275830161005, 33.97524161868389
4.007713285248004, 34.168660580565266
4.055998987479907, 34.36207954244665
4.104284689711811, 34.55549850432803
4.152570391943715, 34.74891746620941
4.200856094175618, 34.9423364280908
4.249141796407522, 35.135755389972175
4.297427498639426, 35.32917435185355
4.345713200871329, 35.52259331373494
4.393998903103233, 35.71601227561632
4.442284605335137, 35.9094312374977
4.49057030756704, 36.10285019937908
4.538856009798944, 36.29626916126047
4.5871417120308475, 36.489688123141846
4.635427414262752, 36.68310708502323
4.683713116494656, 36.876526046904615
4.731998818726559, 37.06994500878599
4.780284520958463, 37.26336397066737
4.828570223190367, 37.456782932548755
4.87685592542227, 37.65020189443014
4.925141627654174, 37.84362085631152
4.973427329886078, 38.0370398181929
5.021713032117981, 38.23045878007429
5.069998734349885, 38.423877741955664
5.1182844365817886, 38.61729670383704
5.166570138813692, 38.810715665718426
5.214855841045596, 39.00413462759981
5.2631415432774995, 39.19755358948119
5.311427245509403, 39.39097255136257
5.359712947741307, 39.58439151324396
5.4079986499732104, 39.777810475125335
5.456284352205114, 39.97122943700671
5.504570054437018, 40.1646483988881
5.552855756668921, 40.35806736076948
5.601141458900825, 40.55148632265086
5.649427161132729, 40.74490528453224
5.697712863364632, 40.93832424641363
5.745998565596536, 41.131743208295006
5.79428426782844, 41.325162170176384
5.842569970060343, 41.51858113205777
5.890855672292247, 41.71200009393915
5.939141374524151, 41.90541905582053
5.987427076756054, 42.09883801770191
6.035712778987958, 42.29225697958329
6.0839984812198615, 42.48567594146468
6.132284183451765, 42.679094903346055
6.180569885683669, 42.87251386522744
6.2288555879155725, 43.065932827108824
6.277141290147476, 43.2593517889902
6.32542699237938, 43.45277075087158
6.373712694611283, 43.646189712752964
6.421998396843187, 43.83960867463435
6.470284099075091, 44.033027636515726
6.518569801306994, 44.22644659839711
6.566855503538898, 44.419865560278495
6.615141205770802, 44.61328452215987
6.663426908002705, 44.80670348404125
6.711712610234609, 45.000122445922635
6.759998312466513, 45.19354140780402
6.808284014698416, 45.3869603696854
6.85656971693032, 45.580379331566775
6.904855419162224, 45.773798293448166
6.953141121394127, 45.967217255329544
7.001426823626031, 46.16063621721092
7.0497125258579345, 46.354055179092306
7.097998228089838, 46.54747414097369
7.146283930321742, 46.74089310285507
7.1945696325536455, 46.934312064736446
7.242855334785549, 47.12773102661783
7.291141037017453, 47.321149988499215
7.339426739249356, 47.51456895038059
7.38771244148126, 47.70798791226198
7.435998143713164, 47.90140687414336
7.484283845945067, 48.09482583602474
7.532569548176971, 48.28824479790612
7.580855250408875, 48.4816637597875
7.629140952640778, 48.675082721668886
7.677426654872682, 48.868501683550264
7.725712357104586, 49.06192064543165
7.77399805933649, 49.25533960731303
7.822283761568394, 49.44875856919441
7.870569463800297, 49.642177531075795
7.918855166032201, 49.83559649295718
7.967140868264105, 50.02901545483856
8.015426570496007, 50.222434416719935
8.063712272727912, 50.41585337860132
8.111997974959815, 50.6092723404827
8.16028367719172, 50.80269130236408
8.208569379423622, 50.99611026424546
8.256855081655527, 51.18952922612685
8.30514078388743, 51.38294818800823
8.353426486119334, 51.57636714988961
8.401712188351237, 51.76978611177099
8.449997890583141, 51.963205073652375
8.498283592815044, 52.15662403553375
8.546569295046949, 52.35004299741514
8.594854997278851, 52.543461959296515
8.643140699510756, 52.7368809211779
8.691426401742659, 52.93029988305928
8.739712103974563, 53.12371884494066
8.787997806206466, 53.31713780682204
8.83628350843837, 53.510556768703424
8.884569210670273, 53.7039757305848
8.932854912902178, 53.897394692466186
8.98114061513408, 54.09081365434756
9.029426317365985, 54.28423261622895
9.077712019597888, 54.47765157811033
9.125997721829792, 54.67107053999172
9.174283424061695, 54.864489501873095
9.2225691262936, 55.05790846375448
9.270854828525504, 55.251327425635864
9.319140530757407, 55.44474638751724
9.367426232989311, 55.638165349398626
9.415711935221214, 55.831584311280004
9.463997637453119, 56.02500327316139
9.512283339685021, 56.218422235042766
9.560569041916926, 56.41184119692415
9.608854744148829, 56.60526015880553
9.657140446380733, 56.79867912068691
9.705426148612636, 56.99209808256829
9.75371185084454, 57.185517044449675
9.801997553076443, 57.37893600633105
9.850283255308348, 57.572354968212444
9.89856895754025, 57.76577393009382
9.946854659772155, 57.959192891975206
9.995140362004058, 58.152611853856584
10.043426064235963, 58.34603081573797
10.091711766467865, 58.539449777619346
10.13999746869977, 58.73286873950073
10.188283170931673, 58.92628770138211
10.236568873163577, 59.11970666326349
10.28485457539548, 59.31312562514487
10.333140277627384, 59.506544587026255
10.381425979859287, 59.69996354890763
10.429711682091192, 59.89338251078902
10.477997384323094, 60.086801472670395
10.526283086554999, 60.28022043455178
10.574568788786902, 60.47363939643316
10.622854491018806, 60.66705835831455
10.671140193250709, 60.860477320195926
10.719425895482614, 61.05389628207731
10.767711597714516, 61.24731524395869
10.815997299946421, 61.44073420584007
10.864283002178324, 61.63415316772145
10.912568704410228, 61.827572129602835
10.960854406642131, 62.02099109148421
11.009140108874035, 62.2144100533656
11.057425811105938, 62.407829015246975
11.105711513337843, 62.60124797712836
11.153997215569746, 62.79466693900974
11.20228291780165, 62.98808590089112
11.250568620033553, 63.1815048627725
11.298854322265457, 63.374923824653884
11.34714002449736, 63.56834278653526
11.395425726729265, 63.76176174841665
11.443711428961167, 63.95518071029803
11.491997131193072, 64.14859967217942
11.540282833424975, 64.34201863406079
11.58856853565688, 64.53543759594217
11.636854237888782, 64.72885655782355
11.685139940120687, 64.92227551970494
11.73342564235259, 65.11569448158632
11.781711344584494, 65.30911344346771
11.829997046816397, 65.50253240534909
11.878282749048301, 65.69595136723046
11.926568451280204, 65.88937032911184
11.974854153512108, 66.08278929099322
12.023139855744011, 66.2762082528746
12.071425557975916, 66.46962721475599
12.119711260207819, 66.66304617663737
12.167996962439723, 66.85646513851876
12.216282664671626, 67.04988410040013
12.26456836690353, 67.24330306228151
12.312854069135433, 67.43672202416289
12.361139771367338, 67.63014098604428
12.409425473599242, 67.82355994792567
12.457711175831145, 68.01697890980705
12.50599687806305, 68.21039787168843
12.554282580294952, 68.4038168335698
12.602568282526857, 68.59723579545118
12.65085398475876, 68.79065475733256
12.699139686990664, 68.98407371921395
12.747425389222567, 69.17749268109533
12.795711091454471, 69.37091164297672
12.843996793686374, 69.5643306048581
12.892282495918279, 69.75774956673948
12.940568198150181, 69.95116852862085
12.988853900382086, 70.14458749050225
13.037139602613989, 70.33800645238362
13.085425304845893, 70.53142541426502
13.133711007077796, 70.7248443761464
13.1819967093097, 70.91826333802777
13.230282411541603, 71.11168229990915
13.278568113773508, 71.30510126179053
13.32685381600541, 71.4985202236719
13.375139518237315, 71.6919391855533
13.423425220469218, 71.88535814743467
13.471710922701122, 72.07877710931606
13.519996624933025, 72.27219607119744
13.56828232716493, 72.46561503307882
13.616568029396833, 72.6590339949602
13.664853731628737, 72.85245295684157
13.71313943386064, 73.04587191872295
13.761425136092544, 73.23929088060436
13.809710838324447, 73.43270984248574
13.857996540556352, 73.62612880436711
13.906282242788254, 73.81954776624849
13.954567945020159, 74.01296672812987
14.002853647252062, 74.20638569001125
14.051139349483966, 74.39980465189264
14.099425051715869, 74.59322361377401
14.147710753947774, 74.59188295674984
14.195996456179676, 74.58229501629768
14.24428215841158, 74.5727070758455
14.292567860643484, 74.56311913539334
14.340853562875388, 74.55353119494116
14.389139265107291, 74.543943254489
14.437424967339195, 74.53435531403682
14.485710669571098, 74.52476737358464
14.533996371803003, 74.51517943313247
14.582282074034906, 74.5055914926803
14.63056777626681, 74.49600355222813
14.678853478498713, 74.48641561177595
14.727139180730617, 74.47682767132379
14.77542488296252, 74.46723973087161
14.823710585194425, 74.45765179041945
14.871996287426327, 74.44806384996727
14.920281989658232, 74.4384759095151
14.968567691890135, 74.42888796906293
15.01685339412204, 74.41930002861075
15.065139096353942, 74.40971208815859
15.113424798585847, 74.4001241477064
15.16171050081775, 74.39053620725424
15.209996203049654, 74.38094826680206
15.258281905281557, 74.3713603263499
15.306567607513461, 74.36177238589772
15.354853309745364, 74.35218444544556
15.403139011977268, 74.34259650499338
15.451424714209171, 74.3330085645412
15.499710416441076, 74.32342062408904
15.54799611867298, 74.31383268363686
15.596281820904883, 74.3042447431847
15.644567523136788, 74.29465680273252
15.69285322536869, 74.28506886228035
15.741138927600595, 74.27548092182818
15.789424629832498, 74.26589298137601
15.837710332064402, 74.25630504092383
15.885996034296305, 74.24671710047167
15.93428173652821, 74.23712916001949
15.982567438760112, 74.22754121956731
16.030853140992015, 74.21795327911515
16.07913884322392, 74.20836533866297
16.127424545455824, 74.19877739821081
16.17571024768773, 74.18918945775863
16.22399594991963, 74.17960151730647
16.272281652151534, 74.17001357685429
16.32056735438344, 74.16042563640212
16.368853056615343, 74.15083769594995
16.417138758847244, 74.14124975549778
16.46542446107915, 74.1316618150456
16.513710163311053, 74.12207387459343
16.561995865542958, 74.11248593414126
16.61028156777486, 74.10289799368908
16.658567270006763, 74.09331005323692
16.706852972238668, 74.08372211278474
16.755138674470572, 74.07413417233258
16.803424376702473, 74.0645462318804
16.851710078934378, 74.05495829142824
16.899995781166282, 74.04537035097606
16.948281483398187, 74.03578241052388
16.996567185630088, 74.02619447007172
17.044852887861992, 74.01660652961954
17.093138590093897, 74.00701858916737
17.1414242923258, 73.9974306487152
17.189709994557703, 73.98784270826303
17.237995696789607, 73.97825476781085
17.28628139902151, 73.96866682735869
17.334567101253416, 73.95907888690651
17.382852803485317, 73.94949094645435
17.43113850571722, 73.93990300600217
17.479424207949126, 73.93031506554999
17.52770991018103, 73.92072712509783
17.57599561241293, 73.91113918464565
17.624281314644836, 73.90155124419348
17.67256701687674, 73.8919633037413
17.720852719108645, 73.88237536328914
17.769138421340546, 73.87278742283696
17.81742412357245, 73.8631994823848
17.865709825804355, 73.85361154193262
17.91399552803626, 73.84402360148046
17.96228123026816, 73.83443566102828
18.010566932500065, 73.8248477205761
18.05885263473197, 73.81525978012394
18.107138336963875, 73.80567183967176
18.155424039195776, 73.7960838992196
18.20370974142768, 73.78649595876742
18.251995443659585, 73.77690801831525
18.30028114589149, 73.76732007786308
18.34856684812339, 73.75773213741091
18.396852550355295, 73.74814419695873
18.4451382525872, 73.73855625650657
18.493423954819104, 73.72896831605439
18.54170965705101, 73.71938037560221
18.58999535928291, 73.70979243515005
18.638281061514814, 73.70020449469787
18.68656676374672, 73.69061655424571
18.734852465978623, 73.68102861379353
18.783138168210524, 73.67144067334137
18.83142387044243, 73.66185273288919
18.879709572674333, 73.65226479243702
18.927995274906237, 73.64267685198485
18.97628097713814, 73.63308891153267
19.024566679370043, 73.6235009710805
19.072852381601948, 73.61391303062832
19.121138083833852, 73.60432509017616
19.169423786065753, 73.59473714972398
19.217709488297658, 73.58514920927182
19.265995190529562, 73.57556126881964
19.314280892761467, 73.56597332836748
19.362566594993368, 73.5563853879153
19.410852297225272, 73.54679744746313
19.459137999457177, 73.53720950701096
19.50742370168908, 73.52762156655878
19.555709403920982, 73.51803362610661
19.603995106152887, 73.50844568565444
19.65228080838479, 73.49885774520227
19.700566510616696, 73.4892698047501
19.748852212848597, 73.47968186429793
19.7971379150805, 73.47009392384575
19.845423617312406, 73.46050598339359
19.89370931954431, 73.45091804294141
19.94199502177621, 73.44133010248925
19.990280724008116, 73.43174216203707
20.03856642624002, 73.42215422158489
20.086852128471925, 73.41256628113273
20.135137830703826, 73.40297834068055
20.18342353293573, 73.39339040022838
20.231709235167635, 73.3838024597762
20.27999493739954, 73.37421451932404
20.32828063963144, 73.36462657887186
20.376566341863345, 73.3550386384197
20.42485204409525, 73.34545069796752
20.473137746327154, 73.33586275751534
20.521423448559055, 73.32627481706318
20.56970915079096, 73.316686876611
20.617994853022864, 73.30709893615884
20.66628055525477, 73.29751099570666
20.71456625748667, 73.2879230552545
20.762851959718574, 73.27833511480232
20.81113766195048, 73.26874717435015
20.859423364182383, 73.25915923389798
20.907709066414284, 73.24957129344581
20.95599476864619, 73.23998335299363
21.004280470878093, 73.23039541254145
21.052566173109998, 73.22080747208929
21.1008518753419, 73.21121953163711
21.149137577573804, 73.20163159118495
21.197423279805708, 73.19204365073277
21.245708982037613, 73.1824557102806
21.293994684269514, 73.17286776982843
21.342280386501418, 73.16327982937626
21.390566088733323, 73.15369188892409
21.438851790965227, 73.14410394847192
21.487137493197128, 73.13451600801974
21.535423195429033, 73.12492806756757
21.583708897660937, 73.1153401271154
21.631994599892842, 73.10575218666322
21.680280302124746, 73.09616424621106
21.728566004356647, 73.08657630575888
21.776851706588552, 73.07698836530672
21.825137408820456, 73.06740042485454
21.87342311105236, 73.05781248440238
21.921708813284262, 73.0482245439502
21.969994515516166, 73.03863660349803
22.01828021774807, 73.02904866304586
22.066565919979976, 73.01946072259368
22.114851622211877, 73.00987278214151
22.16313732444378, 73.00028484168934
22.211423026675686, 72.99069690123717
22.25970872890759, 72.981108960785
22.30799443113949, 72.97152102033283
22.356280133371396, 72.96193307988065
22.4045658356033, 72.95234513942849
22.452851537835205, 72.94275719897631
22.501137240067106, 72.93316925852415
22.54942294229901, 72.92358131807197
22.597708644530915, 72.91399337761979
22.64599434676282, 72.90440543716763
22.69428004899472, 72.89481749671545
22.742565751226625, 72.88522955626328
22.79085145345853, 72.8756416158111
22.839137155690434, 72.86605367535894
22.887422857922335, 72.85646573490676
22.93570856015424, 72.8468777944546
22.983994262386144, 72.83728985400242
23.03227996461805, 72.82770191355024
23.08056566684995, 72.81811397309808
23.128851369081854, 72.8085260326459
23.17713707131376, 72.79893809219374
23.225422773545663, 72.78935015174156
23.273708475777564, 72.7797622112894
23.32199417800947, 72.77017427083722
23.370279880241373, 72.76058633038505
23.418565582473278, 72.75099838993287
23.46685128470518, 72.74141044948071
23.515136986937083, 72.73182250902853
23.563422689168988, 72.72223456857635
23.611708391400892, 72.71264662812419
23.659994093632793, 72.70305868767201
23.708279795864698, 72.69347074721985
23.756565498096602, 72.68388280676767
23.804851200328507, 72.6742948663155
23.853136902560408, 72.66470692586333
23.901422604792312, 72.65511898541116
23.949708307024217, 72.64553104495899
23.99799400925612, 72.63594310450681
24.046279711488022, 72.62635516405464
24.094565413719927, 72.61676722360247
24.14285111595183, 72.6071792831503
24.191136818183736, 72.59759134269812
24.239422520415637, 72.58800340224596
24.28770822264754, 72.57841546179378
24.335993924879446, 72.56882752134162
24.38427962711135, 72.55923958088944
24.43256532934325, 72.54965164043728
24.480851031575156, 72.5400636999851
24.52913673380706, 72.53047575953292
24.577422436038965, 72.52088781908076
24.625708138270866, 72.51129987862858
24.67399384050277, 72.50171193817641
24.722279542734675, 72.49212399772424
24.77056524496658, 72.48253605727207
24.818850947198484, 72.4729481168199
24.867136649430385, 72.46336017636773
24.91542235166229, 72.45377223591555
24.963708053894194, 72.44418429546339
25.0119937561261, 72.43459635501121
25.060279458358, 72.42500841455903
25.108565160589905, 72.41542047410687
25.15685086282181, 72.40583253365469
25.205136565053714, 72.39624459320252
25.253422267285615, 72.38665665275035
25.30170796951752, 72.37706871229818
25.349993671749424, 72.367480771846
25.398279373981328, 72.35789283139384
25.44656507621323, 72.34830489094166
25.494850778445134, 72.3387169504895
25.54313648067704, 72.32912901003732
25.591422182908943, 72.31954106958514
25.639707885140844, 72.30995312913298
25.68799358737275, 72.3003651886808
25.736279289604653, 72.29077724822864
25.784564991836557, 72.28118930777646
25.83285069406846, 72.2716013673243
25.881136396300363, 72.26201342687212
25.929422098532267, 72.25242548641995
25.977707800764172, 72.24283754596777
26.025993502996073, 72.2332496055156
26.074279205227977, 72.22366166506343
26.122564907459882, 72.21407372461125
26.170850609691787, 72.20448578415909
26.219136311923688, 72.19489784370691
26.267422014155592, 72.18530990325475
26.315707716387497, 72.17572196280257
26.3639934186194, 72.1661340223504
26.412279120851302, 72.15654608189823
26.460564823083207, 72.14695814144606
26.50885052531511, 72.13737020099389
26.557136227547016, 72.12778226054171
26.605421929778917, 72.11819432008954
26.65370763201082, 72.10860637963737
26.701993334242726, 72.0990184391852
26.75027903647463, 72.08943049873302
26.79856473870653, 72.07984255828086
26.846850440938436, 72.07025461782868
26.89513614317034, 72.06066667737652
26.943421845402245, 72.05107873692434
26.991707547634146, 72.04149079647217
27.03999324986605, 72.03190285602
27.088278952097955, 72.02231491556782
27.13656465432986, 72.01272697511565
27.18485035656176, 72.00313903466348
27.233136058793665, 71.99355109421131
27.28142176102557, 71.98396315375913
27.329707463257474, 71.97437521330697
27.377993165489375, 71.96478727285479
27.42627886772128, 71.95519933240263
27.474564569953184, 71.94561139195045
27.52285027218509, 71.93602345149827
27.57113597441699, 71.92643551104611
27.619421676648894, 71.91684757059393
27.6677073788808, 71.90725963014177
27.715993081112703, 71.89767168968959
27.764278783344604, 71.88808374923742
27.81256448557651, 71.87849580878525
27.860850187808413, 71.86890786833308
27.909135890040318, 71.8593199278809
27.957421592272222, 71.84973198742874
28.005707294504123, 71.84014404697656
28.053992996736028, 71.83055610652438
28.102278698967933, 71.82096816607222
28.150564401199837, 71.81138022562004
28.198850103431738, 71.80179228516788
28.247135805663643, 71.7922043447157
28.295421507895547, 71.78261640426354
28.34370721012745, 71.77302846381136
28.391992912359353, 71.7634405233592
28.440278614591257, 71.75385258290702
28.48856431682316, 71.74426464245485
28.536850019055066, 71.73467670200267
28.585135721286967, 71.7250887615505
28.63342142351887, 71.71550082109833
28.681707125750776, 71.70591288064615
28.72999282798268, 71.69632494019399
28.778278530214582, 71.68673699974181
28.826564232446486, 71.67714905928965
28.87484993467839, 71.66756111883747
28.923135636910295, 71.6579731783853
28.971421339142196, 71.64838523793313
29.0197070413741, 71.63879729748096
29.067992743606005, 71.62920935702878
29.11627844583791, 71.6196214165766
29.16456414806981, 71.61003347612444
29.212849850301716, 71.60044553567226
29.26113555253362, 71.5908575952201
29.309421254765525, 71.58126965476792
29.357706956997426, 71.57168171431576
29.40599265922933, 71.56209377386358
29.454278361461235, 71.55250583341142
29.50256406369314, 71.54291789295924
29.55084976592504, 71.53332995250707
29.599135468156945, 71.5237420120549
29.64742117038885, 71.51415407160272
29.695706872620754, 71.50456613115055
29.743992574852655, 71.49497819069838
29.79227827708456, 71.48539025024621
29.840563979316464, 71.47580230979403
29.88884968154837, 71.46621436934187
29.93713538378027, 71.45662642888969
29.985421086012174, 71.44703848843753
30.03370678824408, 71.43745054798535
30.081992490475983, 71.42786260753317
30.130278192707884, 71.41827466708101
30.17856389493979, 71.40868672662883
30.226849597171693, 71.39909878617667
30.275135299403598, 71.38951084572449
30.3234210016355, 71.37992290527232
30.371706703867403, 71.37033496482015
30.419992406099308, 71.36074702436798
30.468278108331212, 71.3511590839158
30.516563810563113, 71.34157114346364
30.564849512795018, 71.33198320301146
30.613135215026922, 71.32239526255928
30.661420917258827, 71.31280732210712
30.709706619490728, 71.30321938165494
30.757992321722632, 71.29363144120278
30.806278023954537, 71.2840435007506
30.85456372618644, 71.27445556029843
30.902849428418342, 71.26486761984626
30.951135130650247, 71.25527967939409
30.99942083288215, 71.24569173894191
31.047706535114056, 71.23610379848974
31.09599223734596, 71.22651585803757
31.14427793957786, 71.2169279175854
31.192563641809766, 71.20733997713323
31.24084934404167, 71.19775203668105
31.289135046273575, 71.18816409622889
31.337420748505476, 71.17857615577671
31.38570645073738, 71.16898821532455
31.433992152969285, 71.15940027487237
31.48227785520119, 71.1498123344202
31.53056355743309, 71.14022439396803
31.578849259664995, 71.13063645351585
31.6271349618969, 71.12104851306368
31.675420664128804, 71.1114605726115
31.723706366360705, 71.10187263215934
31.77199206859261, 71.09228469170716
31.820277770824514, 71.082696751255
31.86856347305642, 71.07310881080282
31.91684917528832, 71.06352087035066
31.965134877520224, 71.05393292989848
32.01342057975213, 71.04434498944632
32.06170628198403, 71.03475704899414
32.10999198421594, 71.02516910854196
32.15827768644784, 71.0155811680898
32.20656338867974, 71.00599322763762
32.25484909091165, 70.99640528718545
32.30313479314355, 70.98681734673328
32.35142049537546, 70.97722940628111
32.39970619760736, 70.96764146582893
32.44799189983926, 70.95805352537677
32.49627760207117, 70.94846558492459
32.54456330430307, 70.93887764447243
32.59284900653497, 70.92928970402025
32.64113470876688, 70.91970176356807
32.68942041099878, 70.9101138231159
32.737706113230686, 70.90052588266373
32.78599181546259, 70.89093794221156
32.83427751769449, 70.88135000175939
32.882563219926396, 70.87176206130722
32.9308489221583, 70.86217412085504
32.9791346243902, 70.85258618040288
33.02742032662211, 70.8429982399507
33.07570602885401, 70.83341029949854
33.123991731085916, 70.82382235904636
33.17227743331782, 70.81423441859418
33.22056313554972, 70.80464647814202
33.268848837781626, 70.79505853768984
33.31713454001353, 70.78547059723768
33.36542024224543, 70.7758826567855
33.413705944477336, 70.76629471633333
33.46199164670924, 70.75670677588116
33.510277348941145, 70.74711883542899
33.558563051173046, 70.73753089497681
33.60684875340495, 70.72794295452465
33.655134455636855, 70.71835501407247
33.703420157868756, 70.7087670736203
33.75170586010066, 70.69917913316813
33.799991562332565, 70.68959119271595
33.848277264564466, 70.68000325226379
33.896562966796374, 70.67041531181161
33.944848669028275, 70.66082737135945
33.993134371260176, 70.65123943090727
34.041420073492084, 70.6416514904551
34.089705775723985, 70.63206355000293
34.13799147795589, 70.62247560955075
34.186277180187794, 70.61288766909858
34.234562882419695, 70.6032997286464
34.2828485846516, 70.59371178819424
34.331134286883504, 70.58412384774206
34.379419989115405, 70.5745359072899
34.42770569134731, 70.56494796683772
34.475991393579214, 70.55536002638556
34.52427709581112, 70.54577208593338
34.57256279804302, 70.5361841454812
34.620848500274924, 70.52659620502904
34.66913420250683, 70.51700826457686
34.71741990473873, 70.5074203241247
34.765705606970634, 70.49783238367252
34.81399130920254, 70.48824444322035
34.86227701143444, 70.47865650276817
34.91056271366635, 70.46906856231601
34.95884841589825, 70.45948062186383
35.00713411813015, 70.44989268141167
35.05541982036206, 70.44030474095949
35.10370552259396, 70.43071680050733
35.15199122482586, 70.42112886005515
35.20027692705777, 70.41154091960297
35.24856262928967, 70.4019529791508
35.29684833152158, 70.39236503869863
35.34513403375348, 70.38277709824646
35.39341973598538, 70.37318915779429
35.44170543821729, 70.36360121734212
35.48999114044919, 70.35401327688994
35.53827684268109, 70.34442533643778
35.586562544913, 70.3348373959856
35.6348482471449, 70.32524945553342
35.68313394937681, 70.31566151508126
35.73141965160871, 70.30607357462908
35.77970535384061, 70.29648563417692
35.82799105607252, 70.28689769372474
35.87627675830442, 70.27730975327258
35.92456246053632, 70.2677218128204
35.97284816276823, 70.25813387236823
36.02113386500013, 70.24854593191606
36.06941956723204, 70.23895799146388
36.11770526946394, 70.22937005101171
36.16599097169584, 70.21978211055955
36.21427667392775, 70.21019417010737
36.26256237615965, 70.2006062296552
36.31084807839155, 70.19101828920303
36.35913378062346, 70.18143034875085
36.40741948285536, 70.17184240829869
36.45570518508727, 70.16225446784651
36.50399088731917, 70.15266652739435
36.55227658955107, 70.14307858694217
36.60056229178298, 70.13349064649
36.64884799401488, 70.12390270603782
36.69713369624678, 70.11431476558565
36.74541939847869, 70.10472682513348
36.79370510071059, 70.0951388846813
36.8419908029425, 70.08555094422914
36.8902765051744, 70.07596300377696
36.9385622074063, 70.0663750633248
36.98684790963821, 70.05678712287262
37.03513361187011, 70.04719918242046
37.08341931410202, 70.0077298237423
37.13170501633392, 69.87771346205636
37.17999071856582, 69.74769710037043
37.22827642079773, 69.61768073868447
37.27656212302963, 69.48766437699854
37.32484782526153, 69.3576480153126
37.37313352749344, 69.22763165362666
37.42141922972534, 69.09761529194073
37.469704931957246, 68.96759893025477
37.51799063418915, 68.83758256856883
37.56627633642105, 68.7075662068829
37.614562038652956, 68.57754984519694
37.66284774088486, 68.44753348351101
37.71113344311676, 68.31751712182508
37.759419145348666, 68.18750076013913
37.80770484758057, 68.05748439845318
37.855990549812475, 67.92746803676724
37.904276252044376, 67.7974516750813
37.95256195427628, 67.66743531339537
38.000847656508185, 67.53741895170941
38.049133358740086, 67.40740259002348
38.09741906097199, 67.27738622833755
38.145704763203895, 67.14736986665159
38.193990465435796, 67.01735350496566
38.242276167667704, 66.88733714327971
38.290561869899605, 66.75732078159376
38.338847572131506, 66.62730441990783
38.387133274363414, 66.49728805822188
38.435418976595315, 66.36727169653595
38.483704678827216, 66.23725533485002
38.531990381059124, 66.10723897316406
38.580276083291025, 65.97722261147813
38.62856178552293, 65.84720624979217
38.676847487754834, 65.71718988810623
38.725133189986735, 65.5871735264203
38.77341889221864, 65.45715716473435
38.821704594450544, 65.32714080304842
38.869990296682445, 65.19712444136248
38.91827599891435, 65.06710807967653
38.966561701146254, 64.9370917179906
39.01484740337816, 64.80707535630464
39.06313310561006, 64.6770589946187
39.111418807841964, 64.54704263293277
39.15970451007387, 64.41702627124681
39.20799021230577, 64.28700990956088
39.256275914537675, 64.15699354787495
39.30456161676958, 64.026977186189
39.352847319001484, 63.89696082450306
39.40113302123339, 63.76694446281711
39.44941872346529, 63.636928101131176
39.497704425697194, 63.506911739445236
39.5459901279291, 63.37689537775928
39.594275830161, 63.24687901607335
39.642561532392904, 63.11686265438742
39.69084723462481, 62.986846292701465
39.73913293685671, 62.856829931015525
39.78741863908862, 62.72681356932958
39.83570434132052, 62.59679720764364
39.88399004355242, 62.46678084595771
39.93227574578433, 62.336764484271754
39.98056144801623, 62.20674812258582
40.02884715024813, 62.07673176089988
40.07713285248004, 61.94671539921393
40.12541855471194, 61.816699037528
40.17370425694385, 61.68668267584204
40.22198995917575, 61.55666631415611
40.27027566140765, 61.42664995247017
40.31856136363956, 61.296633590784225
40.36684706587146, 61.166617229098286
40.41513276810337, 61.03660086741233
40.46341847033527, 60.9065845057264
40.51170417256717, 60.77656814404047
40.55998987479908, 60.646551782354514
40.60827557703098, 60.516535420668575
40.65656127926288, 60.38651905898264
40.70484698149479, 60.25650269729669
40.75313268372669, 60.12648633561076
40.8014183859586, 59.9964699739248
40.8497040881905, 59.86645361223887
40.8979897904224, 59.73643725055293
40.94627549265431, 59.60642088886698
40.99456119488621, 59.476404527181046
41.04284689711811, 59.346388165495114
41.09113259935002, 59.21637180380916
41.13941830158192, 59.08635544212322
41.18770400381383, 58.956339080437274
41.23598970604573, 58.826322718751335
41.28427540827763, 58.6963063570654
41.33256111050954, 58.56628999537945
41.38084681274144, 58.43627363369352
41.42913251497334, 58.30625727200758
41.47741821720525, 58.176240910321624
41.52570391943715, 58.04622454863569
41.57398962166906, 57.91620818694974
41.62227532390096, 57.786191825263806
41.67056102613286, 57.65617546357787
41.71884672836477, 57.52615910189192
41.76713243059667, 57.39614274020598
41.81541813282857, 57.26612637852005
41.86370383506048, 57.136110016834095
41.91198953729238, 57.00609365514816
41.960275239524286, 56.8760772934622
42.00856094175619, 56.74606093177627
42.05684664398809, 56.61604457009034
42.105132346219996, 56.486028208404385
42.1534180484519, 56.35601184671845
42.2017037506838, 56.22599548503251
42.249989452915706, 56.09597912334657
42.29827515514761, 55.96596276166063
42.346560857379515, 55.835946399974674
42.394846559611416, 55.70593003828874
42.44313226184332, 55.57591367660281
42.491417964075225, 55.44589731491685
42.539703666307126, 55.315880953230916
42.58798936853903, 55.185864591544984
42.636275070770935, 55.05584822985903
42.684560773002836, 54.9258318681731
42.732846475234744, 54.795815506487145
42.781132177466645, 54.66579914480121
42.829417879698546, 54.53578278311527
42.877703581930454, 54.40576642142932
42.925989284162355, 54.27575005974339
42.974274986394256, 54.145733698057455
43.022560688626164, 54.015717336371495
43.070846390858065, 53.88570097468556
43.11913209308997, 53.755684612999616
43.167417795321875, 53.62566825131368
43.215703497553775, 53.49565188962774
43.263989199785684, 53.36563552794179
43.312274902017585, 53.23561916625586
43.36056060424949, 53.1056028045699
43.408846306481394, 52.975586442883966
43.457132008713295, 52.845570081198034
43.5054177109452, 52.71555371951208
43.553703413177104, 52.58553735782614
43.601989115409005, 52.45552099614021
43.65027481764091, 52.32550463445426
43.698560519872814, 52.19548827276832
43.74684622210472, 52.06547191108237
43.79513192433662, 51.93545554939644
43.843417626568524, 51.805439187710505
43.89170332880043, 51.675422826024544
43.93998903103233, 51.54540646433861
43.988274733264234, 51.41539010265268
44.03656043549614, 51.285373740966726
44.08484613772804, 51.15535737928079
44.13313183995995, 51.02534101759484
44.18141754219185, 50.89532465590891
44.22970324442375, 50.76530829422297
44.27798894665566, 50.635291932537015
44.32627464888756, 50.50527557085108
44.37456035111946, 50.37525920916515
44.42284605335137, 50.24524284747919
44.47113175558327, 50.11522648579326
44.51941745781518, 49.985210124107304
44.56770316004708, 49.85519376242137
44.61598886227898, 49.72517740073543
44.66427456451089, 49.595161039049486
44.71256026674279, 49.465144677363554
44.76084596897469, 49.335128315677615
44.8091316712066, 49.20511195399166
44.8574173734385, 49.07509559230573
44.90570307567041, 48.94507923061977
44.95398877790231, 48.815062868933836
45.00227448013421, 48.685046507247904
45.05056018236612, 48.55503014556195
45.09884588459802, 48.42501378387602
45.14713158682992, 48.29499742219008
45.19541728906183, 48.16498106050413
45.24370299129373, 48.0349646988182
45.29198869352564, 47.90494833713224
45.34027439575754, 47.77493197544631
45.38856009798944, 47.644915613760375
45.43684580022135, 47.514899252074414
45.48513150245325, 47.38488289038848
45.53341720468515, 47.25486652870255
45.58170290691706, 47.1248501670166
45.62998860914896, 46.994833805330664
45.67827431138087, 46.86481744364471
45.72656001361277, 46.73480108195878
45.77484571584467, 46.604784720272846
45.82313141807658, 46.474768358586886
45.87141712030848, 46.34475199690095
45.91970282254038, 46.21473563521502
45.96798852477229, 46.08471927352906
46.01627422700419, 45.95470291184313
46.0645599292361, 45.82468655015718
46.112845631468, 45.69467018847124
46.1611313336999, 45.56465382678531
46.20941703593181, 45.43463746509936
46.25770273816371, 45.304621103413425
46.30598844039561, 45.17460474172749
46.35427414262752, 45.04458838004153
46.40255984485942, 44.9145720183556
46.450845547091326, 44.784555656669646
46.49913124932323, 44.65453929498371
46.54741695155513, 44.524522933297774
46.595702653787036, 44.39450657161183
46.64398835601894, 44.26449020992589
46.692274058250845, 44.134473848239935
46.740559760482746, 44.004457486554
46.78884546271465, 43.87444112486807
46.837131164946555, 43.74442476318211
46.885416867178456, 43.61440840149618
46.93370256941036, 43.484392039810245
46.981988271642265, 43.35437567812429
47.030273973874166, 43.22435931643835
47.078559676106075, 43.094342954752406
47.126845378337975, 42.964326593066474
47.17513108056988, 42.834310231380535
47.223416782801785, 42.70429386969458
47.271702485033686, 42.57427750800865
47.31998818726559, 42.44426114632272
47.368273889497495, 42.314244784636756
47.416559591729396, 42.184228422950824
47.464845293961304, 42.05421206126488
47.513130996193205, 41.92419569957894
47.561416698425106, 41.794179337893
47.609702400657014, 41.66416297620705
47.657988102888915, 41.53414661452112
47.706273805120816, 41.40413025283518
47.754559507352724, 41.27411389114923
47.802845209584625, 41.144097529463295
47.85113091181653, 41.01408116777734
47.899416614048434, 40.8840648060914
47.947702316280335, 40.75404844440547
47.99598801851224, 40.62403208271952
48.044273720744144, 40.494015721033584
48.092559422976045, 40.363999359347645
48.14084512520795, 40.2339829976617
48.189130827439854, 40.103966635975766
48.23741652967176, 39.973950274289805
