Parameters: [50.20342629692328, 16.15606980047839, 13.146798650680221, 38.92429582290695, 3.949097977291784, -0.08456712991872682, -2.9104602618222515]
Points:
0.0, 16.15606980047839
0.05025367997690018, 16.354526506426637
0.10050735995380036, 16.552983212374883
0.15076103993070056, 16.751439918323126
0.20101471990760073, 16.94989662427137
0.2512683998845009, 17.148353330219617
0.3015220798614011, 17.346810036167863
0.3517757598383013, 17.54526674211611
0.40202943981520145, 17.74372344806435
0.4522831197921016, 17.942180154012597
0.5025367997690018, 18.140636859960843
0.552790479745902, 18.33909356590909
0.6030441597228022, 18.537550271857334
0.6532978396997023, 18.73600697780558
0.7035515196766026, 18.934463683753822
0.7538051996535027, 19.13292038970207
0.8040588796304029, 19.331377095650314
0.8543125596073031, 19.52983380159856
0.9045662395842032, 19.728290507546802
0.9548199195611035, 19.926747213495048
1.0050735995380036, 20.125203919443294
1.0553272795149038, 20.32366062539154
1.105580959491804, 20.522117331339786
1.1558346394687042, 20.72057403728803
1.2060883194456045, 20.919030743236277
1.2563419994225045, 21.11748744918452
1.3065956793994047, 21.315944155132765
1.356849359376305, 21.51440086108101
1.4071030393532051, 21.712857567029253
1.4573567193301054, 21.9113142729775
1.5076103993070054, 22.109770978925745
1.5578640792839056, 22.30822768487399
1.6081177592608058, 22.506684390822237
1.658371439237706, 22.705141096770483
1.7086251192146062, 22.90359780271873
1.7588787991915062, 23.10205450866697
1.8091324791684065, 23.300511214615216
1.8593861591453067, 23.498967920563462
1.909639839122207, 23.697424626511705
1.9598935190991071, 23.89588133245995
2.010147199076007, 24.094338038408196
2.0604008790529074, 24.292794744356442
2.1106545590298076, 24.491251450304688
2.160908239006708, 24.689708156252934
2.211161918983608, 24.88816486220118
2.2614155989605083, 25.086621568149425
2.3116692789374085, 25.285078274097668
2.3619229589143087, 25.483534980045913
2.412176638891209, 25.68199168599416
2.4624303188681087, 25.8804483919424
2.512683998845009, 26.078905097890647
2.562937678821909, 26.277361803838893
2.6131913587988094, 26.47581850978714
2.6634450387757096, 26.674275215735385
2.71369871875261, 26.87273192168363
2.76395239872951, 27.071188627631876
2.8142060787064103, 27.26964533358012
2.8644597586833105, 27.468102039528365
2.9147134386602107, 27.66655874547661
2.9649671186371105, 27.865015451424853
3.0152207986140107, 28.0634721573731
3.065474478590911, 28.261928863321344
3.115728158567811, 28.46038556926959
3.1659818385447114, 28.658842275217836
3.2162355185216116, 28.857298981166082
3.266489198498512, 29.055755687114328
3.316742878475412, 29.25421239306257
3.3669965584523123, 29.452669099010816
3.4172502384292125, 29.65112580495906
3.4675039184061127, 29.849582510907307
3.5177575983830125, 30.04803921685555
3.5680112783599127, 30.246495922803796
3.618264958336813, 30.44495262875204
3.668518638313713, 30.643409334700287
3.7187723182906134, 30.841866040648533
3.7690259982675136, 31.04032274659678
3.819279678244414, 31.23877945254502
3.869533358221314, 31.437236158493267
3.9197870381982143, 31.635692864441513
3.9700407181751145, 31.83414957038976
4.020294398152014, 32.032606276338
4.0705480781289145, 32.23106298228625
4.120801758105815, 32.42951968823449
4.171055438082715, 32.62797639418274
4.221309118059615, 32.826433100130984
4.271562798036515, 33.02488980607923
4.321816478013416, 33.223346512027476
4.372070157990316, 33.42180321797572
4.422323837967216, 33.62025992392397
4.472577517944116, 33.81871662987221
4.5228311979210165, 34.01717333582046
4.573084877897917, 34.215630041768705
4.623338557874817, 34.414086747716944
4.673592237851717, 34.61254345366519
4.723845917828617, 34.811000159613435
4.774099597805518, 35.00945686556168
4.824353277782418, 35.20791357150993
4.874606957759317, 35.406370277458166
4.924860637736217, 35.60482698340641
4.975114317713118, 35.80328368935466
5.025367997690018, 36.0017403953029
5.075621677666918, 36.20019710125115
5.125875357643818, 36.398653807199395
5.1761290376207185, 36.59711051314764
5.226382717597619, 36.79556721909589
5.276636397574519, 36.99402392504413
5.326890077551419, 37.19248063099238
5.377143757528319, 37.390937336940624
5.42739743750522, 37.58939404288887
5.47765111748212, 37.787850748837116
5.52790479745902, 37.98630745478536
5.57815847743592, 38.18476416073361
5.6284121574128205, 38.383220866681846
5.678665837389721, 38.58167757263009
5.728919517366621, 38.78013427857834
5.779173197343521, 38.97859098452658
5.829426877320421, 39.17704769047483
5.879680557297322, 39.375504396423075
5.929934237274221, 39.573961102371314
5.980187917251121, 39.77241780831956
6.030441597228021, 39.970874514267805
6.080695277204922, 40.16933122021605
6.130948957181822, 40.3677879261643
6.181202637158722, 40.56624463211254
6.231456317135622, 40.76470133806079
6.2817099971125225, 40.963158044009035
6.331963677089423, 41.16161474995728
6.382217357066323, 41.360071455905526
6.432471037043223, 41.55852816185377
6.482724717020123, 41.75698486780202
6.532978396997024, 41.955441573750264
6.583232076973924, 42.15389827969851
6.633485756950824, 42.35235498564675
6.683739436927724, 42.550811691594994
6.7339931169046245, 42.74926839754324
6.784246796881525, 42.947725103491486
6.834500476858425, 43.14618180943973
6.884754156835325, 43.34463851538798
6.935007836812225, 43.54309522133622
6.985261516789125, 43.74155192728446
7.035515196766025, 43.94000863323271
7.085768876742925, 44.138465339180954
7.136022556719825, 44.3369220451292
7.186276236696726, 44.535378751077445
7.236529916673626, 44.73383545702569
7.286783596650526, 44.93229216297394
7.337037276627426, 45.13074886892218
7.3872909566043266, 45.32920557487043
7.437544636581227, 45.527662280818674
7.487798316558127, 45.72611898676692
7.538051996535027, 45.924575692715166
7.5883056765119274, 46.12303239866341
7.638559356488828, 46.32148910461165
7.688813036465728, 46.519945810559896
7.739066716442628, 46.71840251650814
7.789320396419528, 46.91685922245639
7.839574076396429, 47.115315928404634
7.889827756373329, 47.31377263435288
7.940081436350229, 47.512229340301126
7.990335116327129, 47.710686046249364
8.040588796304029, 47.90914275219761
8.09084247628093, 48.107599458145856
8.141096156257829, 48.3060561640941
8.19134983623473, 48.50451287004235
8.24160351621163, 48.70296957599059
8.29185719618853, 48.90142628193884
8.34211087616543, 49.099882987887085
8.392364556142331, 49.29833969383533
8.44261823611923, 49.49679639978358
8.492871916096131, 49.69525310573182
8.54312559607303, 49.89370981168006
8.59337927604993, 50.09216651762831
8.643632956026831, 50.29062322357655
8.69388663600373, 50.4890799295248
8.744140315980632, 50.687536635473045
8.794393995957531, 50.88599334142129
8.844647675934432, 51.084450047369536
8.894901355911331, 51.282906753317775
8.945155035888233, 51.48136345926603
8.995408715865132, 51.67982016521427
9.045662395842033, 51.87827687116252
9.095916075818932, 52.07673357711076
9.146169755795833, 52.27519028305901
9.196423435772733, 52.47364698900725
9.246677115749634, 52.672103694955496
9.296930795726533, 52.87056040090374
9.347184475703434, 53.06901710685199
9.397438155680334, 53.26747381280023
9.447691835657235, 53.46593051874848
9.497945515634134, 53.664387224696725
9.548199195611035, 53.86284393064497
9.598452875587935, 54.06130063659321
9.648706555564836, 54.25975734254146
9.698960235541735, 54.4582140484897
9.749213915518634, 54.65667075443795
9.799467595495535, 54.85512746038619
9.849721275472435, 55.05358416633443
9.899974955449336, 55.252040872282684
9.950228635426235, 55.45049757823092
10.000482315403136, 55.648954284179176
10.050735995380036, 55.847410990127415
10.100989675356937, 56.04586769607567
10.151243355333836, 56.244324402023906
10.201497035310737, 56.44278110797215
10.251750715287637, 56.6412378139204
10.302004395264538, 56.839694519868644
10.352258075241437, 57.03815122581689
10.402511755218338, 57.236607931765136
10.452765435195237, 57.43506463771338
10.503019115172139, 57.63352134366163
10.553272795149038, 57.831978049609866
10.603526475125939, 58.03043475555812
10.653780155102838, 58.22889146150636
10.70403383507974, 58.42734816745461
10.754287515056639, 58.62580487340285
10.804541195033538, 58.824261579351095
10.85479487501044, 59.02271828529934
10.905048554987339, 59.22117499124758
10.95530223496424, 59.41963169719583
11.005555914941139, 59.61808840314407
11.05580959491804, 59.816545109092324
11.10606327489494, 60.01500181504056
11.15631695487184, 60.213458520988816
11.20657063484874, 60.411915226937055
11.256824314825641, 60.6103719328853
11.30707799480254, 60.808828638833546
11.357331674779441, 61.00728534478179
11.40758535475634, 61.20574205073004
11.457839034733242, 61.404198756678284
11.508092714710141, 61.60265546262653
11.558346394687042, 61.801112168574775
11.608600074663942, 61.999568874523014
11.658853754640843, 62.19802558047127
11.709107434617742, 62.396482286419506
11.759361114594643, 62.59493899236776
11.809614794571543, 62.793395698316
11.859868474548442, 62.99185240426424
11.910122154525343, 63.19030911021249
11.960375834502242, 63.38876581616073
12.010629514479144, 63.58722252210898
12.060883194456043, 63.78567922805722
12.111136874432944, 63.98413593400547
12.161390554409843, 64.18259263995371
12.211644234386744, 64.38104934590197
12.261897914363644, 64.5795060518502
12.312151594340545, 64.77796275779845
12.362405274317444, 64.9764194637467
12.412658954294345, 65.17487616969494
12.462912634271245, 65.37333287564319
12.513166314248146, 65.57178958159143
12.563419994225045, 65.77024628753966
12.613673674201946, 65.96870299348792
12.663927354178846, 66.16715969943616
12.714181034155747, 66.36561640538442
12.764434714132646, 66.56407311133265
12.814688394109547, 66.7625298172809
12.864942074086446, 66.96098652322914
12.915195754063346, 67.15944322917738
12.965449434040247, 67.35789993512563
13.015703114017146, 67.55635664107388
13.065956793994047, 67.75481334702212
13.116210473970947, 67.95327005297037
13.166464153947848, 68.07240270457226
13.216717833924747, 68.06815289508876
13.266971513901648, 68.06390308560526
13.317225193878548, 68.05965327612176
13.367478873855449, 68.05540346663825
13.417732553832348, 68.05115365715476
13.467986233809249, 68.04690384767126
13.518239913786148, 68.04265403818776
13.56849359376305, 68.03840422870425
13.618747273739949, 68.03415441922076
13.66900095371685, 68.02990460973726
13.71925463369375, 68.02565480025376
13.76950831367065, 68.02140499077025
13.81976199364755, 68.01715518128675
13.87001567362445, 68.01290537180326
13.92026935360135, 68.00865556231975
13.97052303357825, 68.00440575283625
14.02077671355515, 68.00015594335275
14.07103039353205, 67.99590613386925
14.121284073508951, 67.99165632438574
14.17153775348585, 67.98740651490225
14.221791433462752, 67.98315670541875
14.27204511343965, 67.97890689593525
14.322298793416552, 67.97465708645174
14.372552473393451, 67.97040727696825
14.422806153370352, 67.96615746748475
14.473059833347252, 67.96190765800125
14.523313513324153, 67.95765784851774
14.573567193301052, 67.95340803903424
14.623820873277953, 67.94915822955075
14.674074553254853, 67.94490842006724
14.724328233231754, 67.94065861058374
14.774581913208653, 67.93640880110024
14.824835593185554, 67.93215899161675
14.875089273162454, 67.92790918213323
14.925342953139355, 67.92365937264974
14.975596633116254, 67.91940956316624
15.025850313093153, 67.91515975368274
15.076103993070054, 67.91090994419923
15.126357673046954, 67.90666013471574
15.176611353023855, 67.90241032523224
15.226865033000754, 67.89816051574874
15.277118712977655, 67.89391070626523
15.327372392954555, 67.88966089678173
15.377626072931456, 67.88541108729824
15.427879752908355, 67.88116127781473
15.478133432885256, 67.87691146833123
15.528387112862156, 67.87266165884773
15.578640792839057, 67.86841184936424
15.628894472815956, 67.86416203988072
15.679148152792857, 67.85991223039723
15.729401832769756, 67.85566242091373
15.779655512746658, 67.85141261143023
15.829909192723557, 67.84716280194672
15.880162872700458, 67.84291299246323
15.930416552677357, 67.83866318297973
15.980670232654258, 67.83441337349623
16.03092391263116, 67.83016356401272
16.081177592608057, 67.82591375452922
16.13143127258496, 67.82166394504573
16.18168495256186, 67.81741413556222
16.231938632538757, 67.81316432607872
16.282192312515658, 67.80891451659522
16.33244599249256, 67.80466470711173
16.38269967246946, 67.80041489762822
16.432953352446358, 67.79616508814472
16.48320703242326, 67.79191527866122
16.53346071240016, 67.78766546917772
16.58371439237706, 67.78341565969421
16.63396807235396, 67.77916585021072
16.68422175233086, 67.77491604072722
16.73447543230776, 67.77066623124372
16.784729112284662, 67.76641642176021
16.83498279226156, 67.76216661227672
16.88523647223846, 67.75791680279322
16.935490152215362, 67.75366699330971
16.985743832192263, 67.74941718382621
17.03599751216916, 67.74516737434271
17.08625119214606, 67.74091756485922
17.136504872122963, 67.7366677553757
17.18675855209986, 67.73241794589221
17.23701223207676, 67.72816813640871
17.287265912053662, 67.72391832692522
17.337519592030564, 67.7196685174417
17.38777327200746, 67.71541870795821
17.438026951984362, 67.71116889847471
17.488280631961263, 67.70691908899121
17.538534311938164, 67.7026692795077
17.588787991915062, 67.6984194700242
17.639041671891963, 67.69416966054071
17.689295351868864, 67.6899198510572
17.739549031845765, 67.6856700415737
17.789802711822663, 67.6814202320902
17.840056391799564, 67.67717042260671
17.890310071776465, 67.6729206131232
17.940563751753366, 67.6686708036397
17.990817431730264, 67.6644209941562
18.041071111707165, 67.6601711846727
18.091324791684066, 67.6559213751892
18.141578471660967, 67.6516715657057
18.191832151637865, 67.6474217562222
18.242085831614766, 67.6431719467387
18.292339511591667, 67.6389221372552
18.342593191568564, 67.6346723277717
18.392846871545466, 67.6304225182882
18.443100551522367, 67.62617270880469
18.493354231499268, 67.62192289932119
18.543607911476165, 67.6176730898377
18.593861591453066, 67.6134232803542
18.644115271429968, 67.60917347087069
18.69436895140687, 67.60492366138719
18.744622631383766, 67.6006738519037
18.794876311360667, 67.5964240424202
18.84512999133757, 67.59217423293669
18.89538367131447, 67.58792442345319
18.945637351291367, 67.58367461396969
18.99589103126827, 67.5794248044862
19.04614471124517, 67.57517499500268
19.09639839122207, 67.57092518551919
19.146652071198968, 67.56667537603569
19.19690575117587, 67.56242556655218
19.24715943115277, 67.55817575706868
19.29741311112967, 67.55392594758518
19.34766679110657, 67.54967613810169
19.39792047108347, 67.54542632861818
19.44817415106037, 67.54117651913468
19.49842783103727, 67.53692670965118
19.54868151101417, 67.53267690016769
19.59893519099107, 67.52842709068418
19.649188870967972, 67.52417728120068
19.69944255094487, 67.51992747171718
19.74969623092177, 67.51567766223368
19.799949910898672, 67.51142785275017
19.850203590875573, 67.50717804326668
19.90045727085247, 67.50292823378318
19.95071095082937, 67.49867842429967
20.000964630806273, 67.49442861481617
20.051218310783174, 67.49017880533268
20.10147199076007, 67.48592899584918
20.151725670736973, 67.48167918636567
20.201979350713874, 67.47742937688217
20.252233030690775, 67.47317956739867
20.302486710667672, 67.46892975791518
20.352740390644573, 67.46467994843167
20.402994070621475, 67.46043013894817
20.453247750598372, 67.45618032946467
20.503501430575273, 67.45193051998118
20.553755110552174, 67.44768071049766
20.604008790529075, 67.44343090101417
20.654262470505973, 67.43918109153067
20.704516150482874, 67.43493128204716
20.754769830459775, 67.43068147256366
20.805023510436676, 67.42643166308017
20.855277190413574, 67.42218185359667
20.905530870390475, 67.41793204411316
20.955784550367376, 67.41368223462966
21.006038230344277, 67.40943242514616
21.056291910321175, 67.40518261566267
21.106545590298076, 67.40093280617916
21.156799270274977, 67.39668299669566
21.207052950251878, 67.39243318721216
21.257306630228776, 67.38818337772867
21.307560310205677, 67.38393356824515
21.357813990182578, 67.37968375876166
21.40806767015948, 67.37543394927816
21.458321350136377, 67.37118413979465
21.508575030113278, 67.36693433031115
21.55882871009018, 67.36268452082766
21.609082390067076, 67.35843471134416
21.659336070043977, 67.35418490186065
21.70958975002088, 67.34993509237715
21.75984342999778, 67.34568528289365
21.810097109974677, 67.34143547341016
21.86035078995158, 67.33718566392665
21.91060446992848, 67.33293585444315
21.96085814990538, 67.32868604495965
22.011111829882278, 67.32443623547616
22.06136550985918, 67.32018642599265
22.11161918983608, 67.31593661650915
22.16187286981298, 67.31168680702565
22.21212654978988, 67.30743699754214
22.26238022976678, 67.30318718805864
22.31263390974368, 67.29893737857515
22.362887589720582, 67.29468756909165
22.41314126969748, 67.29043775960814
22.46339494967438, 67.28618795012464
22.513648629651282, 67.28193814064115
22.56390230962818, 67.27768833115765
22.61415598960508, 67.27343852167414
22.664409669581982, 67.26918871219064
22.714663349558883, 67.26493890270714
22.76491702953578, 67.26068909322365
22.81517070951268, 67.25643928374014
22.865424389489583, 67.25218947425664
22.915678069466484, 67.24793966477314
22.96593174944338, 67.24368985528963
23.016185429420283, 67.23944004580613
23.066439109397184, 67.23519023632264
23.116692789374085, 67.23094042683914
23.166946469350982, 67.22669061735563
23.217200149327883, 67.22244080787213
23.267453829304785, 67.21819099838864
23.317707509281686, 67.21394118890514
23.367961189258583, 67.20969137942163
23.418214869235484, 67.20544156993813
23.468468549212385, 67.20119176045463
23.518722229189287, 67.19694195097114
23.568975909166184, 67.19269214148763
23.619229589143085, 67.18844233200413
23.669483269119986, 67.18419252252063
23.719736949096884, 67.17994271303712
23.769990629073785, 67.17569290355362
23.820244309050686, 67.17144309407013
23.870497989027587, 67.16719328458663
23.920751669004485, 67.16294347510312
23.971005348981386, 67.15869366561962
24.021259028958287, 67.15444385613613
24.071512708935188, 67.15019404665263
24.121766388912086, 67.14594423716912
24.172020068888987, 67.14169442768562
24.222273748865888, 67.13744461820212
24.27252742884279, 67.13319480871863
24.322781108819687, 67.12894499923512
24.373034788796588, 67.12469518975162
24.42328846877349, 67.12044538026812
24.47354214875039, 67.11619557078461
24.523795828727287, 67.11194576130111
24.57404950870419, 67.10769595181762
24.62430318868109, 67.10344614233412
24.674556868657987, 67.09919633285061
24.72481054863489, 67.09494652336711
24.77506422861179, 67.09069671388362
24.82531790858869, 67.08644690440012
24.875571588565588, 67.08219709491661
24.92582526854249, 67.07794728543311
24.97607894851939, 67.07369747594961
25.02633262849629, 67.06944766646612
25.07658630847319, 67.0651978569826
25.12683998845009, 67.06094804749911
25.17709366842699, 67.05669823801561
25.227347348403892, 67.0524484285321
25.27760102838079, 67.0481986190486
25.32785470835769, 67.04394880956511
25.378108388334592, 67.03969900008161
25.428362068311493, 67.0354491905981
25.47861574828839, 67.0311993811146
25.528869428265292, 67.0269495716311
25.579123108242193, 67.02269976214761
25.629376788219094, 67.0184499526641
25.67963046819599, 67.0142001431806
25.729884148172893, 67.0099503336971
25.780137828149794, 67.00570052421361
25.83039150812669, 67.0014507147301
25.880645188103593, 66.9972009052466
25.930898868080494, 66.9929510957631
25.981152548057395, 66.98870128627959
26.031406228034292, 66.9844514767961
26.081659908011193, 66.9802016673126
26.131913587988095, 66.9759518578291
26.182167267964996, 66.97170204834559
26.232420947941893, 66.9674522388621
26.282674627918794, 66.9632024293786
26.332928307895695, 66.9589526198951
26.383181987872597, 66.95470281041159
26.433435667849494, 66.95045300092809
26.483689347826395, 66.9462031914446
26.533943027803296, 66.9419533819611
26.584196707780197, 66.93770357247759
26.634450387757095, 66.93345376299409
26.684704067733996, 66.9292039535106
26.734957747710897, 66.92495414402708
26.7852114276878, 66.92070433454359
26.835465107664696, 66.91645452506009
26.885718787641597, 66.91220471557659
26.935972467618498, 66.90795490609308
26.986226147595396, 66.90370509660958
27.036479827572297, 66.89945528712609
27.086733507549198, 66.89520547764259
27.1369871875261, 66.89095566815908
27.187240867502997, 66.88670585867558
27.237494547479898, 66.88245604919209
27.2877482274568, 66.87820623970859
27.3380019074337, 66.87395643022508
27.388255587410598, 66.86970662074158
27.4385092673875, 66.86545681125808
27.4887629473644, 66.86120700177457
27.5390166273413, 66.85695719229108
27.5892703073182, 66.85270738280758
27.6395239872951, 66.84845757332408
27.689777667272, 66.84420776384057
27.7400313472489, 66.83995795435708
27.7902850272258, 66.83570814487358
27.8405387072027, 66.83145833539008
27.8907923871796, 66.82720852590657
27.9410460671565, 66.82295871642307
27.9912997471334, 66.81870890693958
28.0415534271103, 66.81445909745608
28.091807107087202, 66.81020928797257
28.1420607870641, 66.80595947848907
28.192314467041, 66.80170966900558
28.242568147017902, 66.79745985952206
28.292821826994803, 66.79321005003857
28.3430755069717, 66.78896024055507
28.393329186948602, 66.78471043107157
28.443582866925503, 66.78046062158806
28.493836546902404, 66.77621081210457
28.5440902268793, 66.77196100262107
28.594343906856203, 66.76771119313757
28.644597586833104, 66.76346138365406
28.694851266810005, 66.75921157417056
28.745104946786903, 66.75496176468707
28.795358626763804, 66.75071195520357
28.845612306740705, 66.74646214572006
28.895865986717606, 66.74221233623656
28.946119666694504, 66.73796252675307
28.996373346671405, 66.73371271726955
29.046627026648306, 66.72946290778606
29.096880706625203, 66.72521309830256
29.147134386602104, 66.72096328881906
29.197388066579006, 66.71671347933555
29.247641746555907, 66.71246366985206
29.297895426532804, 66.70821386036856
29.348149106509705, 66.70396405088506
29.398402786486606, 66.69971424140155
29.448656466463508, 66.69546443191805
29.498910146440405, 66.69121462243456
29.549163826417306, 66.68696481295106
29.599417506394207, 66.68271500346755
29.64967118637111, 66.67846519398405
29.699924866348006, 66.67421538450056
29.750178546324907, 66.66996557501705
29.800432226301808, 66.66571576553355
29.85068590627871, 66.66146595605005
29.900939586255607, 66.65721614656655
29.951193266232508, 66.65296633708304
30.00144694620941, 66.64871652759955
30.051700626186307, 66.64446671811605
30.101954306163208, 66.64021690863255
30.15220798614011, 66.63596709914904
30.20246166611701, 66.63171728966554
30.252715346093908, 66.62746748018205
30.30296902607081, 66.62321767069855
30.35322270604771, 66.61896786121504
30.40347638602461, 66.61471805173154
30.45373006600151, 66.61046824224805
30.50398374597841, 66.60621843276454
30.55423742595531, 66.60196862328104
30.604491105932212, 66.59771881379754
30.65474478590911, 66.59346900431404
30.70499846588601, 66.58921919483053
30.75525214586291, 66.58496938534704
30.805505825839813, 66.58071957586354
30.85575950581671, 66.57646976638004
30.90601318579361, 66.57221995689653
30.956266865770512, 66.56797014741304
31.006520545747414, 66.56372033792954
31.05677422572431, 66.55947052844604
31.107027905701212, 66.55522071896253
31.157281585678113, 66.55097090947903
31.20753526565501, 66.54672109999554
31.257788945631912, 66.54247129051203
31.308042625608813, 66.53822148102853
31.358296305585714, 66.53397167154503
31.408549985562612, 66.52972186206154
31.458803665539513, 66.52547205257802
31.509057345516414, 66.52122224309453
31.559311025493315, 66.51697243361103
31.609564705470213, 66.51272262412753
31.659818385447114, 66.50847281464402
31.710072065424015, 66.50422300516053
31.760325745400916, 66.49997319567703
31.810579425377814, 66.49572338619353
31.860833105354715, 66.49147357671002
31.911086785331616, 66.48722376722652
31.961340465308517, 66.48297395774303
32.011594145285414, 66.47872414825952
32.06184782526232, 66.47447433877602
32.11210150523922, 66.47022452929252
32.162355185216114, 66.46597471980903
32.21260886519302, 66.46172491032551
32.26286254516992, 66.45747510084202
32.313116225146814, 66.45322529135852
32.36336990512372, 66.44897548187502
32.413623585100616, 66.44472567239151
32.463877265077514, 66.44047586290802
32.51413094505442, 66.43622605342452
32.564384625031316, 66.43197624394102
32.61463830500822, 66.42772643445751
32.66489198498512, 66.42347662497401
32.715145664962016, 66.41922681549052
32.76539934493892, 66.414977006007
32.81565302491582, 66.41072719652351
32.865906704892716, 66.40647738704001
32.91616038486962, 66.40222757755652
32.96641406484652, 66.397977768073
33.01666774482342, 66.39372795858951
33.06692142480032, 66.38947814910601
33.11717510477722, 66.38522833962251
33.16742878475412, 66.380978530139
33.21768246473102, 66.3767287206555
33.26793614470792, 66.37247891117201
33.31818982468482, 66.3682291016885
33.36844350466172, 66.363979292205
33.41869718463862, 66.3597294827215
33.46895086461552, 66.35547967323801
33.51920454459242, 66.3512298637545
33.569458224569324, 66.346980054271
33.61971190454622, 66.3427302447875
33.66996558452312, 66.338480435304
33.720219264500024, 66.3342306258205
33.77047294447692, 66.329980816337
33.82072662445382, 66.3257310068535
33.870980304430724, 66.32148119737
33.92123398440762, 66.3172313878865
33.971487664384526, 66.312981578403
34.02174134436142, 66.3087317689195
34.07199502433832, 66.304481959436
34.122248704315226, 66.30023214995249
34.17250238429212, 66.295982340469
34.22275606426902, 66.2917325309855
34.273009744245925, 66.28748272150199
34.32326342422282, 66.28323291201849
34.37351710419972, 66.278983102535
34.423770784176625, 66.2747332930515
34.47402446415352, 66.27048348356799
34.52427814413043, 66.26623367408449
34.574531824107325, 66.26198386460099
34.62478550408422, 66.2577340551175
34.67503918406113, 66.25348424563398
34.725292864038025, 66.24923443615049
34.77554654401492, 66.24498462666699
34.82580022399183, 66.24073481718348
34.876053903968725, 66.23648500769998
34.92630758394563, 66.23223519821649
34.97656126392253, 66.22798538873299
35.026814943899424, 66.22373557924948
35.07706862387633, 66.21948576976598
35.12732230385323, 66.21523596028248
35.177575983830124, 66.21098615079899
35.22782966380703, 66.20673634131548
35.278083343783926, 66.20248653183198
35.32833702376083, 66.19823672234848
35.37859070373773, 66.19398691286499
35.428844383714626, 66.18973710338147
35.47909806369153, 66.18548729389798
35.52935174366843, 66.18123748441448
35.579605423645326, 66.17698767493098
35.62985910362223, 66.17273786544747
35.68011278359913, 66.16848805596398
35.730366463576026, 66.16423824648048
35.78062014355293, 66.15998843699697
35.83087382352983, 66.15573862751347
35.88112750350673, 66.15148881802997
35.93138118348363, 66.14723900854648
35.98163486346053, 66.14298919906297
36.03188854343743, 66.13873938957947
36.08214222341433, 66.13448958009597
36.13239590339123, 66.13023977061248
36.18264958336813, 66.12598996112897
36.23290326334503, 66.12174015164547
36.283156943321934, 66.11749034216197
36.33341062329883, 66.11324053267846
36.38366430327573, 66.10899072319496
36.433917983252634, 66.10474091371147
36.48417166322953, 66.10049110422797
36.53442534320643, 66.09624129474446
36.584679023183334, 66.09199148526096
36.63493270316023, 66.08774167577747
36.68518638313713, 66.08349186629397
36.735440063114034, 66.07924205681046
36.78569374309093, 66.07499224732696
36.835947423067836, 66.07074243784346
36.88620110304473, 66.06649262835997
36.93645478302163, 66.06224281887646
36.986708462998536, 66.05799300939296
37.03696214297543, 66.05374319990946
37.08721582295233, 66.04949339042597
37.137469502929235, 66.04524358094245
37.18772318290613, 66.04099377145896
37.23797686288304, 66.03674396197546
37.288230542859935, 66.03249415249195
37.33848422283683, 66.02824434300845
37.38873790281374, 66.02399453352496
37.438991582790635, 66.01974472404146
37.48924526276753, 66.01549491455795
37.53949894274444, 66.01124510507445
37.589752622721335, 66.00699529559095
37.64000630269823, 66.00274548610746
37.69025998267514, 65.99849567662395
37.740513662652035, 65.99424586714045
37.79076734262894, 65.98999605765695
37.84102102260584, 65.98574624817346
37.891274702582734, 65.98149643868994
37.94152838255964, 65.97724662920645
37.99178206253654, 65.97299681972295
38.042035742513434, 65.96874701023944
38.09228942249034, 65.96449720075594
38.142543102467236, 65.96024739127245
38.19279678244414, 65.95599758178895
38.24305046242104, 65.95174777230544
38.293304142397936, 65.94749796282194
38.34355782237484, 65.94324815333844
38.39381150235174, 65.93899834385495
38.444065182328636, 65.93474853437144
38.49431886230554, 65.93049872488794
38.54457254228244, 65.92624891540444
38.59482622225934, 65.92199910592093
38.64507990223624, 65.91774929643744
38.69533358221314, 65.91349948695394
38.74558726219004, 65.90924967747044
38.79584094216694, 65.90499986798693
38.84609462214384, 65.90075005850343
38.89634830212074, 65.89650024901994
38.94660198209764, 65.8292156174803
38.99685566207454, 65.68295427889721
39.04710934205144, 65.5366929403141
39.09736302202834, 65.39043160173101
39.147616702005244, 65.2441702631479
39.19787038198214, 65.0979089245648
39.24812406195904, 64.9516475859817
39.298377741935944, 64.8053862473986
39.34863142191284, 64.6591249088155
39.39888510188974, 64.51286357023241
39.449138781866644, 64.3666022316493
39.49939246184354, 64.22034089306621
39.549646141820446, 64.07407955448309
39.599899821797344, 63.9278182159
39.65015350177424, 63.7815568773169
39.700407181751146, 63.635295538733786
39.75066086172804, 63.4890342001507
39.80091454170494, 63.3427728615676
39.851168221681846, 63.19651152298449
39.90142190165874, 63.0502501844014
39.95167558163564, 62.903988845818304
40.001929261612545, 62.75772750723519
40.05218294158944, 62.6114661686521
40.10243662156635, 62.465204830068984
40.152690301543245, 62.31894349148589
40.20294398152014, 62.1726821529028
40.25319766149705, 62.026420814319685
40.303451341473945, 61.88015947573659
40.35370502145084, 61.7338981371535
40.40395870142775, 61.58763679857039
40.454212381404645, 61.44137545998729
40.50446606138155, 61.29511412140418
40.55471974135845, 61.14885278282109
40.604973421335345, 61.00259144423799
40.65522710131225, 60.85633010565488
40.70548078128915, 60.71006876707179
40.755734461266044, 60.563807428488694
40.80598814124295, 60.41754608990558
40.85624182121985, 60.27128475132249
40.906495501196744, 60.125023412739395
40.95674918117365, 59.97876207415628
41.007002861150546, 59.83250073557319
41.05725654112745, 59.686239396990075
41.10751022110435, 59.53997805840698
41.157763901081246, 59.393716719823885
41.20801758105815, 59.247455381240776
41.25827126103505, 59.10119404265768
41.308524941011946, 58.95493270407459
41.35877862098885, 58.80867136549148
41.40903230096575, 58.66241002690838
41.45928598094265, 58.516148688325266
41.50953966091955, 58.36988734974218
41.55979334089645, 58.223626011159084
41.61004702087335, 58.07736467257597
41.66030070085025, 57.93110333399288
41.71055438082715, 57.784841995409785
41.76080806080405, 57.63858065682667
41.81106174078095, 57.492319318243574
41.86131542075785, 57.346057979660486
41.91156910073475, 57.19979664107737
41.96182278071165, 57.05353530249428
42.012076460688554, 56.907273963911166
42.06233014066545, 56.76101262532807
42.11258382064235, 56.614751286744976
42.162837500619254, 56.46848994816187
42.21309118059615, 56.32222860957877
42.26334486057305, 56.17596727099568
42.313598540549954, 56.02970593241257
42.36385222052685, 55.88344459382947
42.414105900503756, 55.73718325524636
42.464359580480654, 55.59092191666326
42.51461326045755, 55.444660578080175
42.564866940434456, 55.29839923949706
42.61512062041135, 55.15213790091397
42.66537430038825, 55.005876562330876
42.715627980365156, 54.85961522374776
42.76588166034205, 54.713353885164665
42.81613534031896, 54.567092546581556
42.866389020295856, 54.42083120799846
42.91664270027275, 54.274569869415366
42.96689638024966, 54.12830853083226
43.017150060226555, 53.98204719224916
43.06740374020345, 53.83578585366607
43.11765742018036, 53.68952451508295
43.167911100157255, 53.54326317649986
43.21816478013415, 53.39700183791677
43.26841846011106, 53.25074049933366
43.318672140087955, 53.104479160750564
43.36892582006486, 52.95821782216745
43.41917950004176, 52.81195648358435
43.469433180018655, 52.665695145001266
43.51968685999556, 52.51943380641815
43.56994053997246, 52.373172467835055
43.620194219949354, 52.22691112925196
43.67044789992626, 52.08064979066885
43.72070157990316, 51.934388452085756
43.77095525988006, 51.78812711350264
43.82120893985696, 51.64186577491955
43.871462619833856, 51.49560443633646
43.92171629981076, 51.34934309775335
43.97196997978766, 51.20308175917025
44.022223659764556, 51.05682042058716
44.07247733974146, 50.91055908200404
44.12273101971836, 50.764297743420954
44.172984699695256, 50.61803640483786
44.22323837967216, 50.47177506625474
44.27349205964906, 50.32551372767165
44.32374573962596, 50.17925238908854
44.37399941960286, 50.032991050505444
44.42425309957976, 49.88672971192236
44.47450677955666, 49.74046837333924
44.52476045953356, 49.594207034756145
44.57501413951046, 49.44794569617305
44.62526781948736, 49.30168435758994
44.67552149946426, 49.15542301900685
44.725775179441165, 49.00916168042373
44.77602885941806, 48.86290034184064
44.82628253939496, 48.71663900325755
44.876536219371864, 48.57037766467444
44.92678989934876, 48.42411632609134
44.97704357932566, 48.27785498750825
45.027297259302564, 48.13159364892513
45.07755093927946, 47.985332310342045
45.12780461925636, 47.83907097175895
45.178058299233264, 47.692809633175834
45.22831197921016, 47.54654829459274
45.278565659187066, 47.40028695600963
45.328819339163964, 47.254025617426535
45.37907301914086, 47.10776427884345
45.429326699117766, 46.96150294026033
45.479580379094664, 46.815241601677236
45.52983405907156, 46.66898026309414
45.580087739048466, 46.522718924511025
45.63034141902536, 46.37645758592794
45.68059509900227, 46.23019624734482
45.730848778979166, 46.083934908761734
45.78110245895606, 45.93767357017864
45.83135613893297, 45.79141223159553
45.881609818909865, 45.64515089301243
45.93186349888676, 45.49888955442934
45.98211717886367, 45.352628215846224
46.032370858840565, 45.206366877263136
46.08262453881747, 45.06010553868002
46.13287821879437, 44.913844200096925
46.183131898771265, 44.76758286151383
46.23338557874817, 44.621321522930714
46.28363925872507, 44.475060184347626
46.333892938701965, 44.32879884576454
46.38414661867887, 44.18253750718142
46.43440029865577, 44.03627616859833
46.484653978632664, 43.89001483001523
46.53490765860957, 43.743753491432116
46.58516133858647, 43.59749215284903
46.63541501856337, 43.45123081426591
46.68566869854027, 43.304969475682825
46.73592237851717, 43.15870813709973
46.78617605849407, 43.01244679851661
46.83642973847097, 42.86618545993352
46.886683418447866, 42.71992412135043
46.93693709842477, 42.573662782767315
46.98719077840167, 42.42740144418423
47.03744445837857, 42.28114010560111
47.08769813835547, 42.134878767018016
47.13795181833237, 41.98861742843492
47.18820549830927, 41.842356089851805
47.23845917828617, 41.69609475126872
47.28871285826307, 41.54983341268562
47.33896653823997, 41.40357207410251
47.38922021821687, 41.25731073551942
47.43947389819377, 41.11104939693632
47.48972757817067, 40.96478805835321
47.53998125814757, 40.81852671977012
47.590234938124475, 40.672265381187
47.64048861810137, 40.526004042603915
47.69074229807827, 40.37974270402081
47.740995978055174, 40.233481365437704
47.79124965803207, 40.08722002685461
47.84150333800897, 39.94095868827152
47.891757017985874, 39.794697349688406
47.94201069796277, 39.64843601110531
47.99226437793968, 39.5021746725222
48.042518057916574, 39.35591333393911
48.09277173789347, 39.20965199535601
48.143025417870376, 39.063390656772896
48.193279097847274, 38.91712931818981
48.24353277782417, 38.77086797960671
48.293786457801076, 38.624606641023604
48.344040137777974, 38.4783453024405
48.39429381775487, 38.332083963857414
48.444547497731776, 38.1858226252743
48.49480117770867, 38.03956128669121
48.54505485768558, 37.893299948108094
48.595308537662476, 37.747038609525006
48.64556221763937, 37.600777270941904
48.69581589761628, 37.454515932358795
48.746069577593175, 37.3082545937757
48.79632325757007, 37.16199325519261
48.84657693754698, 37.0157319166095
48.896830617523875, 36.8694705780264
48.94708429750078, 36.72320923944329
48.99733797747768, 36.57694790086019
49.047591657454575, 36.4306865622771
49.09784533743148, 36.28442522369399
49.14809901740838, 36.1381638851109
49.198352697385275, 35.991902546527804
49.24860637736218, 35.845641207944695
49.29886005733908, 35.69937986936159
49.349113737315975, 35.553118530778505
49.39936741729288, 35.40685719219539
49.44962109726978, 35.2605958536123
49.49987477724668, 35.114334515029185
49.55012845722358, 34.96807317644609
49.60038213720048, 34.821811837862995
49.65063581717738, 34.675550499279886
49.70088949715428, 34.52928916069679
49.751143177131176, 34.383027822113704
49.80139685710808, 34.23676648353059
49.85165053708498, 34.09050514494749
49.90190421706188, 33.94424380636438
49.95215789703878, 33.79798246778129
50.00241157701568, 33.651721129198194
50.05266525699258, 33.50545979061508
50.10291893696948, 33.35919845203199
50.15317261694638, 33.212937113448895
50.20342629692328, 33.06667577486578
