Parameters: [53.48967396618109, 18.74828585448141, 14.324461516136278, 37.894552358796936, 3.6877320416285047, 0.1930555055149169, -2.5768868342223445]
Points:
0.0, 18.74828585448141
0.05354321718336445, 18.945738892100376
0.1070864343667289, 19.143191929719343
0.16062965155009334, 19.34064496733831
0.2141728687334578, 19.538098004957277
0.2677160859168223, 19.735551042576244
0.3212593031001867, 19.93300408019521
0.37480252028355115, 20.130457117814178
0.4283457374669156, 20.327910155433145
0.4818889546502801, 20.52536319305211
0.5354321718336446, 20.72281623067108
0.588975389017009, 20.920269268290046
0.6425186062003734, 21.117722305909012
0.6960618233837379, 21.31517534352798
0.7496050405671023, 21.512628381146946
0.8031482577504668, 21.710081418765917
0.8566914749338312, 21.90753445638488
0.9102346921171957, 22.104987494003847
0.9637779093005602, 22.302440531622814
1.0173211264839246, 22.499893569241785
1.070864343667289, 22.69734660686075
1.1244075608506534, 22.89479964447972
1.177950778034018, 23.09225268209868
1.2314939952173825, 23.289705719717652
1.2850372124007468, 23.487158757336616
1.3385804295841113, 23.684611794955586
1.3921236467674758, 23.882064832574553
1.4456668639508403, 24.07951787019352
1.4992100811342046, 24.276970907812487
1.5527532983175691, 24.474423945431454
1.6062965155009337, 24.67187698305042
1.659839732684298, 24.869330020669388
1.7133829498676625, 25.066783058288355
1.766926167051027, 25.26423609590732
1.8204693842343913, 25.46168913352629
1.8740126014177558, 25.659142171145255
1.9275558186011204, 25.856595208764222
1.9810990357844847, 26.05404824638319
2.034642252967849, 26.251501284002156
2.0881854701512137, 26.448954321621123
2.141728687334578, 26.64640735924009
2.1952719045179427, 26.843860396859057
2.248815121701307, 27.041313434478024
2.3023583388846713, 27.23876647209699
2.355901556068036, 27.436219509715958
2.4094447732514004, 27.633672547334925
2.462987990434765, 27.831125584953895
2.5165312076181294, 28.02857862257286
2.5700744248014935, 28.226031660191826
2.623617641984858, 28.423484697810792
2.6771608591682226, 28.62093773542976
2.730704076351587, 28.818390773048726
2.7842472935349516, 29.015843810667697
2.837790510718316, 29.21329684828666
2.8913337279016806, 29.41074988590563
2.9448769450850447, 29.608202923524594
2.9984201622684092, 29.805655961143565
3.0519633794517738, 30.003108998762528
3.1055065966351383, 30.2005620363815
3.159049813818503, 30.39801507400046
3.2125930310018673, 30.595468111619432
3.2661362481852314, 30.792921149238396
3.319679465368596, 30.990374186857366
3.3732226825519604, 31.18782722447633
3.426765899735325, 31.3852802620953
3.4803091169186895, 31.582733299714267
3.533852334102054, 31.780186337333234
3.5873955512854185, 31.9776393749522
3.6409387684687826, 32.17509241257117
3.694481985652147, 32.37254545019013
3.7480252028355117, 32.5699984878091
3.801568420018876, 32.76745152542807
3.8551116372022407, 32.964904563047035
3.9086548543856052, 33.162357600666
3.9621980715689693, 33.35981063828497
4.015741288752334, 33.55726367590394
4.069284505935698, 33.7547167135229
4.122827723119062, 33.95216975114187
4.176370940302427, 34.14962278876084
4.2299141574857915, 34.34707582637981
4.283457374669156, 34.54452886399877
4.3370005918525205, 34.741981901617734
4.3905438090358855, 34.939434939236705
4.44408702621925, 35.136887976855675
4.497630243402614, 35.33434101447464
4.551173460585979, 35.5317940520936
4.604716677769343, 35.72924708971257
4.658259894952708, 35.92670012733154
4.711803112136072, 36.124153164950506
4.765346329319437, 36.32160620256948
4.818889546502801, 36.51905924018844
4.872432763686165, 36.71651227780741
4.92597598086953, 36.91396531542638
4.979519198052894, 37.11141835304534
5.033062415236259, 37.30887139066431
5.086605632419623, 37.50632442828328
5.140148849602987, 37.70377746590224
5.193692066786352, 37.90123050352121
5.247235283969716, 38.098683541140176
5.300778501153081, 38.296136578759146
5.354321718336445, 38.49358961637811
5.40786493551981, 38.69104265399708
5.461408152703174, 38.88849569161604
5.514951369886538, 39.085948729235014
5.568494587069903, 39.283401766853984
5.622037804253267, 39.48085480447295
5.675581021436632, 39.67830784209191
5.729124238619996, 39.87576087971088
5.782667455803361, 40.07321391732985
5.836210672986725, 40.270666954948815
5.889753890170089, 40.46811999256778
5.943297107353454, 40.66557303018675
5.9968403245368185, 40.86302606780572
6.0503835417201834, 41.06047910542468
6.1039267589035475, 41.25793214304365
6.1574699760869125, 41.45538518066262
6.211013193270277, 41.65283821828159
6.264556410453641, 41.85029125590055
6.318099627637006, 42.047744293519514
6.37164284482037, 42.245197331138485
6.425186062003735, 42.442650368757455
6.478729279187099, 42.64010340637642
6.532272496370463, 42.83755644399538
6.585815713553828, 43.03500948161435
6.639358930737192, 43.23246251923332
6.692902147920557, 43.42991555685229
6.746445365103921, 43.62736859447125
6.799988582287286, 43.82482163209022
6.85353179947065, 44.02227466970919
6.907075016654014, 44.219727707328154
6.960618233837379, 44.417180744947125
7.014161451020743, 44.61463378256609
7.067704668204108, 44.81208682018506
7.121247885387472, 45.00953985780402
7.174791102570837, 45.20699289542299
7.228334319754201, 45.404445933041956
7.281877536937565, 45.601898970660926
7.33542075412093, 45.7993520082799
7.388963971304294, 45.99680504589885
7.442507188487659, 46.19425808351782
7.496050405671023, 46.391711121136794
7.549593622854387, 46.58916415875576
7.603136840037752, 46.78661719637473
7.656680057221116, 46.98407023399369
7.710223274404481, 47.18152327161266
7.7637664915878455, 47.37897630923163
7.8173097087712105, 47.576429346850595
7.8708529259545745, 47.77388238446956
7.924396143137939, 47.97133542208853
7.977939360321304, 48.1687884597075
8.031482577504669, 48.36624149732647
8.085025794688033, 48.56369453494543
8.138569011871397, 48.7611475725644
8.19211222905476, 48.95860061018337
8.245655446238125, 49.156053647802324
8.29919866342149, 49.3535066854213
8.352741880604855, 49.550959723040265
8.406285097788219, 49.748412760659235
8.459828314971583, 49.9458657982782
8.513371532154949, 50.14331883589717
8.566914749338313, 50.34077187351613
8.620457966521677, 50.5382249111351
8.674001183705041, 50.735677948754066
8.727544400888405, 50.93313098637303
8.781087618071771, 51.13058402399201
8.834630835255135, 51.32803706161097
8.8881740524385, 51.525490099229934
8.941717269621863, 51.722943136848905
8.995260486805227, 51.92039617446787
9.048803703988593, 52.11784921208684
9.102346921171957, 52.3153022497058
9.155890138355321, 52.51275528732477
9.209433355538685, 52.710208324943736
9.26297657272205, 52.9076613625627
9.316519789905415, 53.10511440018168
9.37006300708878, 53.30256743780064
9.423606224272143, 53.5000204754196
9.477149441455508, 53.697473513038574
9.530692658638873, 53.894926550657544
9.584235875822237, 54.09237958827651
9.637779093005602, 54.28983262589547
9.691322310188966, 54.48728566351444
9.74486552737233, 54.684738701133405
9.798408744555696, 54.882191738752375
9.85195196173906, 55.079644776371346
9.905495178922424, 55.27709781399031
9.959038396105788, 55.47455085160927
10.012581613289152, 55.67200388922824
10.066124830472518, 55.869456926847214
10.119668047655882, 56.06690996446618
10.173211264839246, 56.26436300208514
10.22675448202261, 56.46181603970411
10.280297699205974, 56.659269077323074
10.33384091638934, 56.856722114942045
10.387384133572704, 57.054175152561015
10.440927350756068, 57.25162819017998
10.494470567939432, 57.44908122779894
10.548013785122798, 57.64653426541792
10.601557002306162, 57.84398730303688
10.655100219489526, 58.041440340655846
10.70864343667289, 58.23889337827481
10.762186653856254, 58.43634641589378
10.81572987103962, 58.63379945351275
10.869273088222984, 58.831252491131714
10.922816305406348, 59.028705528750685
10.976359522589712, 59.22615856636965
11.029902739773076, 59.42361160398861
11.083445956956442, 59.62106464160759
11.136989174139806, 59.81851767922655
11.19053239132317, 60.015970716845516
11.244075608506535, 60.213423754464486
11.2976188256899, 60.41087679208346
11.351162042873264, 60.60832982970242
11.404705260056629, 60.80578286732138
11.458248477239993, 61.003235904940354
11.511791694423357, 61.20068894255932
11.565334911606723, 61.39814198017829
11.618878128790087, 61.59559501779726
11.67242134597345, 61.79304805541622
11.725964563156815, 61.990501093035185
11.779507780340179, 62.187954130654155
11.833050997523545, 62.385407168273126
11.886594214706909, 62.58286020589209
11.940137431890273, 62.78031324351105
11.993680649073637, 62.97776628113002
12.047223866257001, 63.17521931874899
12.100767083440367, 63.37267235636796
12.154310300623731, 63.57012539398693
12.207853517807095, 63.76757843160589
12.26139673499046, 63.965031469224854
12.314939952173825, 64.16248450684382
12.368483169357189, 64.3599375444628
12.422026386540553, 64.55739058208175
12.475569603723917, 64.75484361970072
12.529112820907281, 64.95229665731969
12.582656038090647, 65.14974969493866
12.636199255274011, 65.34720273255763
12.689742472457375, 65.5446557701766
12.74328568964074, 65.74210880779556
12.796828906824103, 65.93956184541452
12.85037212400747, 66.1370148830335
12.903915341190833, 66.33446792065246
12.957458558374197, 66.53192095827143
13.011001775557562, 66.7293739958904
13.064544992740926, 66.92682703350937
13.118088209924291, 67.12428007112834
13.171631427107656, 67.3217331087473
13.22517464429102, 67.51918614636627
13.278717861474384, 67.71663918398522
13.33226107865775, 67.9140922216042
13.385804295841114, 68.11154525922316
13.439347513024478, 68.30899829684213
13.492890730207842, 68.5064513344611
13.546433947391206, 68.70390437208007
13.599977164574572, 68.90135740969905
13.653520381757936, 69.098810447318
13.7070635989413, 69.29626348493696
13.760606816124664, 69.49371652255593
13.814150033308028, 69.6911695601749
13.867693250491394, 69.88862259779387
13.921236467674758, 70.08607563541284
13.974779684858122, 70.28352867303181
14.028322902041486, 70.48098171065077
14.08186611922485, 70.67843474826974
14.135409336408216, 70.87588778588871
14.18895255359158, 71.07334082350766
14.242495770774944, 71.27079386112663
14.296038987958308, 71.4682468987456
14.349582205141674, 71.5779112539264
14.403125422325038, 71.58824806678663
14.456668639508402, 71.59858487964686
14.510211856691766, 71.6089216925071
14.56375507387513, 71.61925850536733
14.617298291058496, 71.62959531822756
14.67084150824186, 71.63993213108778
14.724384725425224, 71.650268943948
14.777927942608589, 71.66060575680824
14.831471159791953, 71.67094256966847
14.885014376975318, 71.6812793825287
14.938557594158683, 71.69161619538893
14.992100811342047, 71.70195300824916
15.04564402852541, 71.7122898211094
15.099187245708775, 71.72262663396961
15.15273046289214, 71.73296344682984
15.206273680075505, 71.74330025969007
15.259816897258869, 71.7536370725503
15.313360114442233, 71.76397388541054
15.366903331625599, 71.77431069827077
15.420446548808963, 71.784647511131
15.473989765992327, 71.79498432399122
15.527532983175691, 71.80532113685145
15.581076200359055, 71.81565794971168
15.634619417542421, 71.82599476257191
15.688162634725785, 71.83633157543214
15.741705851909149, 71.84666838829237
15.795249069092513, 71.8570052011526
15.848792286275877, 71.86734201401283
15.902335503459243, 71.87767882687305
15.955878720642607, 71.88801563973328
16.009421937825973, 71.89835245259351
16.062965155009337, 71.90868926545375
16.1165083721927, 71.91902607831398
16.170051589376065, 71.92936289117421
16.22359480655943, 71.93969970403444
16.277138023742793, 71.95003651689467
16.330681240926157, 71.96037332975489
16.38422445810952, 71.97071014261512
16.437767675292886, 71.98104695547535
16.49131089247625, 71.99138376833558
16.544854109659617, 72.00172058119581
16.59839732684298, 72.01205739405604
16.651940544026345, 72.02239420691627
16.70548376120971, 72.0327310197765
16.759026978393074, 72.04306783263672
16.812570195576438, 72.05340464549695
16.866113412759802, 72.06374145835719
16.919656629943166, 72.07407827121742
16.97319984712653, 72.08441508407765
17.026743064309898, 72.09475189693788
17.08028628149326, 72.10508870979811
17.133829498676626, 72.11542552265833
17.18737271585999, 72.12576233551856
17.240915933043354, 72.13609914837879
17.294459150226718, 72.14643596123902
17.348002367410082, 72.15677277409925
17.401545584593446, 72.16710958695948
17.45508880177681, 72.17744639981971
17.508632018960174, 72.18778321267995
17.562175236143542, 72.19812002554016
17.615718453326906, 72.2084568384004
17.66926167051027, 72.21879365126063
17.722804887693634, 72.22913046412086
17.776348104877, 72.23946727698109
17.829891322060362, 72.24980408984132
17.883434539243726, 72.26014090270155
17.93697775642709, 72.27047771556178
17.990520973610455, 72.280814528422
18.044064190793822, 72.29115134128223
18.097607407977186, 72.30148815414246
18.15115062516055, 72.31182496700269
18.204693842343914, 72.32216177986292
18.25823705952728, 72.33249859272316
18.311780276710643, 72.34283540558339
18.365323493894007, 72.3531722184436
18.41886671107737, 72.36350903130383
18.472409928260735, 72.37384584416407
18.5259531454441, 72.3841826570243
18.579496362627467, 72.39451946988453
18.63303957981083, 72.40485628274476
18.686582796994195, 72.41519309560499
18.74012601417756, 72.42552990846522
18.793669231360923, 72.43586672132544
18.847212448544287, 72.44620353418567
18.90075566572765, 72.4565403470459
18.954298882911015, 72.46687715990613
19.00784210009438, 72.47721397276636
19.061385317277747, 72.4875507856266
19.11492853446111, 72.49788759848683
19.168471751644475, 72.50822441134706
19.22201496882784, 72.51856122420728
19.275558186011203, 72.5288980370675
19.329101403194567, 72.53923484992774
19.38264462037793, 72.54957166278797
19.436187837561295, 72.5599084756482
19.48973105474466, 72.57024528850843
19.543274271928023, 72.58058210136866
19.59681748911139, 72.5909189142289
19.650360706294755, 72.60125572708911
19.70390392347812, 72.61159253994934
19.757447140661483, 72.62192935280957
19.810990357844847, 72.6322661656698
19.86453357502821, 72.64260297853004
19.918076792211576, 72.65293979139027
19.97162000939494, 72.6632766042505
20.025163226578304, 72.67361341711072
20.07870644376167, 72.68395022997095
20.132249660945035, 72.69428704283118
20.1857928781284, 72.70462385569141
20.239336095311764, 72.71496066855164
20.292879312495128, 72.72529748141187
20.34642252967849, 72.7356342942721
20.399965746861856, 72.74597110713233
20.45350896404522, 72.75630791999255
20.507052181228584, 72.76664473285278
20.560595398411948, 72.77698154571301
20.614138615595316, 72.78731835857324
20.66768183277868, 72.79765517143348
20.721225049962044, 72.80799198429371
20.774768267145408, 72.81832879715394
20.828311484328772, 72.82866561001417
20.881854701512136, 72.83900242287439
20.9353979186955, 72.84933923573462
20.988941135878864, 72.85967604859485
21.04248435306223, 72.87001286145508
21.096027570245596, 72.88034967431531
21.14957078742896, 72.89068648717554
21.203114004612324, 72.90102330003577
21.256657221795688, 72.911360112896
21.310200438979052, 72.92169692575622
21.363743656162416, 72.93203373861645
21.41728687334578, 72.94237055147669
21.470830090529144, 72.95270736433692
21.52437330771251, 72.96304417719715
21.577916524895876, 72.97338099005738
21.63145974207924, 72.98371780291761
21.685002959262604, 72.99405461577783
21.73854617644597, 73.00439142863806
21.792089393629333, 73.01472824149829
21.845632610812697, 73.02506505435852
21.89917582799606, 73.03540186721875
21.952719045179425, 73.04573868007898
22.00626226236279, 73.05607549293921
22.059805479546153, 73.06641230579945
22.11334869672952, 73.07674911865966
22.166891913912885, 73.0870859315199
22.22043513109625, 73.09742274438013
22.273978348279613, 73.10775955724036
22.327521565462977, 73.11809637010059
22.38106478264634, 73.12843318296082
22.434607999829705, 73.13876999582105
22.48815121701307, 73.14910680868128
22.541694434196433, 73.1594436215415
22.5952376513798, 73.16978043440173
22.648780868563165, 73.18011724726196
22.70232408574653, 73.19045406012219
22.755867302929893, 73.20079087298242
22.809410520113257, 73.21112768584265
22.86295373729662, 73.22146449870289
22.916496954479985, 73.23180131156312
22.97004017166335, 73.24213812442333
23.023583388846713, 73.25247493728357
23.077126606030077, 73.2628117501438
23.130669823213445, 73.27314856300403
23.18421304039681, 73.28348537586426
23.237756257580173, 73.29382218872449
23.291299474763537, 73.30415900158472
23.3448426919469, 73.31449581444494
23.398385909130266, 73.32483262730517
23.45192912631363, 73.3351694401654
23.505472343496994, 73.34550625302563
23.559015560680358, 73.35584306588586
23.612558777863725, 73.3661798787461
23.66610199504709, 73.37651669160633
23.719645212230454, 73.38685350446656
23.773188429413818, 73.39719031732677
23.82673164659718, 73.407527130187
23.880274863780546, 73.41786394304724
23.93381808096391, 73.42820075590747
23.987361298147274, 73.4385375687677
24.040904515330638, 73.44887438162793
24.094447732514002, 73.45921119448816
24.14799094969737, 73.4695480073484
24.201534166880734, 73.47988482020861
24.255077384064098, 73.49022163306884
24.308620601247462, 73.50055844592907
24.362163818430826, 73.5108952587893
24.41570703561419, 73.52123207164954
24.469250252797554, 73.53156888450977
24.52279346998092, 73.54190569737
24.576336687164282, 73.55224251023022
24.62987990434765, 73.56257932309045
24.683423121531014, 73.57291613595068
24.736966338714378, 73.58325294881091
24.790509555897742, 73.59358976167114
24.844052773081106, 73.60392657453137
24.89759599026447, 73.6142633873916
24.951139207447834, 73.62460020025183
25.0046824246312, 73.63493701311205
25.058225641814563, 73.64527382597228
25.111768858997927, 73.65561063883251
25.165312076181294, 73.66594745169274
25.21885529336466, 73.67628426455298
25.272398510548022, 73.6866210774132
25.325941727731387, 73.69695789027344
25.37948494491475, 73.70729470313367
25.433028162098115, 73.71763151599389
25.48657137928148, 73.72796832885412
25.540114596464843, 73.73830514171435
25.593657813648207, 73.74864195457458
25.647201030831575, 73.75897876743481
25.70074424801494, 73.76931558029504
25.754287465198303, 73.77965239315527
25.807830682381667, 73.7899892060155
25.86137389956503, 73.80032601887572
25.914917116748395, 73.81066283173595
25.96846033393176, 73.82099964459618
26.022003551115123, 73.83133645745642
26.075546768298487, 73.84167327031665
26.12908998548185, 73.85201008317688
26.18263320266522, 73.86234689603711
26.236176419848583, 73.87268370889734
26.289719637031947, 73.88302052175756
26.34326285421531, 73.89335733461779
26.396806071398675, 73.90369414747802
26.45034928858204, 73.91403096033825
26.503892505765403, 73.92436777319848
26.557435722948767, 73.93470458605871
26.61097894013213, 73.94504139891895
26.6645221573155, 73.95537821177916
26.718065374498863, 73.9657150246394
26.771608591682227, 73.97605183749963
26.82515180886559, 73.98638865035986
26.878695026048955, 73.99672546322009
26.93223824323232, 74.00706227608032
26.985781460415684, 74.01739908894055
27.039324677599048, 74.02773590180078
27.09286789478241, 74.038072714661
27.146411111965776, 74.04840952752123
27.199954329149143, 74.05874634038146
27.253497546332508, 74.06908315324169
27.30704076351587, 74.07941996610192
27.360583980699236, 74.08975677896215
27.4141271978826, 74.10009359182239
27.467670415065964, 74.1104304046826
27.521213632249328, 74.12076721754283
27.574756849432692, 74.13110403040307
27.628300066616056, 74.1414408432633
27.681843283799424, 74.15177765612353
27.735386500982788, 74.16211446898376
27.788929718166152, 74.17245128184399
27.842472935349516, 74.18278809470422
27.89601615253288, 74.19312490756444
27.949559369716244, 74.20346172042467
28.003102586899608, 74.2137985332849
28.056645804082972, 74.22413534614513
28.110189021266336, 74.23447215900536
28.1637322384497, 74.2448089718656
28.217275455633068, 74.25514578472583
28.270818672816432, 74.26548259758606
28.324361889999796, 74.27581941044627
28.37790510718316, 74.2861562233065
28.431448324366524, 74.29649303616674
28.48499154154989, 74.30682984902697
28.538534758733253, 74.3171666618872
28.592077975916617, 74.32750347474743
28.64562119309998, 74.33784028760766
28.69916441028335, 74.3481771004679
28.752707627466712, 74.35851391332811
28.806250844650076, 74.36885072618834
28.85979406183344, 74.37918753904857
28.913337279016805, 74.3895243519088
28.96688049620017, 74.39986116476904
29.020423713383533, 74.41019797762927
29.073966930566897, 74.4205347904895
29.12751014775026, 74.43087160334971
29.181053364933625, 74.44120841620995
29.234596582116993, 74.45154522907018
29.288139799300357, 74.46188204193041
29.34168301648372, 74.47221885479064
29.395226233667085, 74.48255566765087
29.44876945085045, 74.4928924805111
29.502312668033813, 74.50322929337133
29.555855885217177, 74.51356610623155
29.60939910240054, 74.52390291909178
29.662942319583905, 74.53423973195201
29.716485536767273, 74.54457654481224
29.770028753950637, 74.55491335767248
29.823571971134, 74.5652501705327
29.877115188317365, 74.57558698339294
29.93065840550073, 74.58592379625317
29.984201622684093, 74.59626060911339
30.037744839867457, 74.60659742197362
30.09128805705082, 74.61693423483385
30.144831274234186, 74.62727104769408
30.19837449141755, 74.63760786055431
30.251917708600917, 74.64794467341454
30.30546092578428, 74.65828148627477
30.359004142967645, 74.668618299135
30.41254736015101, 74.67895511199522
30.466090577334374, 74.68929192485545
30.519633794517738, 74.69962873771568
30.5731770117011, 74.70996555057592
30.626720228884466, 74.72030236343615
30.68026344606783, 74.73063917629638
30.733806663251197, 74.74097598915661
30.78734988043456, 74.75131280201683
30.840893097617926, 74.76164961487706
30.89443631480129, 74.77198642773729
30.947979531984654, 74.78232324059752
31.001522749168018, 74.79266005345775
31.055065966351382, 74.80299686631798
31.108609183534746, 74.81333367917821
31.16215240071811, 74.82367049203845
31.215695617901474, 74.83400730489866
31.269238835084842, 74.8443441177589
31.322782052268206, 74.85468093061912
31.37632526945157, 74.86501774347936
31.429868486634934, 74.87535455633959
31.483411703818298, 74.88569136919982
31.536954921001662, 74.89602818206005
31.590498138185026, 74.90636499492028
31.64404135536839, 74.9167018077805
31.697584572551754, 74.92703862064073
31.751127789735122, 74.93737543350096
31.804671006918486, 74.94771224636119
31.85821422410185, 74.95804905922142
31.911757441285214, 74.96838587208165
31.96530065846858, 74.97872268494189
32.018843875651946, 74.98905949780212
32.07238709283531, 74.99939631066233
32.125930310018674, 75.00973312352257
32.179473527202035, 75.0200699363828
32.2330167443854, 75.03040674924303
32.28655996156876, 75.04074356210326
32.34010317875213, 75.05108037496349
32.39364639593549, 75.06141718782372
32.44718961311886, 75.07175400068394
32.500732830302226, 75.08209081354417
32.55427604748559, 75.0924276264044
32.607819264668954, 75.10276443926463
32.661362481852315, 75.11310125212486
32.71490569903568, 75.1234380649851
32.76844891621904, 75.13377487784533
32.82199213340241, 75.14411169070556
32.87553535058577, 75.15444850356577
32.92907856776914, 75.164785316426
32.9826217849525, 75.17512212928624
33.03616500213587, 75.18545894214647
33.089708219319235, 75.1957957550067
33.143251436502595, 75.20613256786693
33.19679465368596, 75.21646938072716
33.25033787086932, 75.22680619358738
33.30388108805269, 75.23714300644761
33.35742430523605, 75.24747981930784
33.41096752241942, 75.25781663216807
33.46451073960278, 75.2681534450283
33.51805395678615, 75.27849025788854
33.571597173969515, 75.28882707074877
33.625140391152875, 75.299163883609
33.67868360833624, 75.30950069646923
33.732226825519604, 75.31983750932945
33.78577004270297, 75.33017432218968
33.83931325988633, 75.34051113504991
33.8928564770697, 75.35084794791014
33.94639969425306, 75.36118476077037
33.99994291143643, 75.3715215736306
34.053486128619795, 75.38185838649083
34.107029345803156, 75.39219519935105
34.16057256298652, 75.40253201221128
34.214115780169884, 75.41286882507151
34.26765899735325, 75.42320563793174
34.32120221453661, 75.43354245079198
34.37474543171998, 75.4438792636522
34.42828864890334, 75.45421607651244
34.48183186608671, 75.46455288937267
34.535375083270075, 75.47488970223289
34.588918300453436, 75.48522651509312
34.642461517636804, 75.49556332795335
34.696004734820164, 75.50590014081358
34.74954795200353, 75.51623695367381
34.80309116918689, 75.52657376653404
34.85663438637026, 75.53691057939427
34.91017760355362, 75.54724739225449
34.96372082073699, 75.55758420511472
35.01726403792035, 75.56792101797495
35.070807255103716, 75.57825783083518
35.124350472287084, 75.58859464369542
35.177893689470444, 75.59893145655565
35.23143690665381, 75.60926826941588
35.28498012383717, 75.61960508227611
35.33852334102054, 75.62994189513634
35.3920665582039, 75.64027870799656
35.44560977538727, 75.65061552085679
35.49915299257063, 75.66095233371702
35.552696209754, 75.67128914657725
35.606239426937364, 75.68162595943748
35.659782644120725, 75.69196277229771
35.71332586130409, 75.70229958515795
35.76686907848745, 75.71263639801816
35.82041229567082, 75.7229732108784
35.87395551285418, 75.73331002373862
35.92749873003755, 75.74364683659886
35.98104194722091, 75.75398364945909
36.03458516440428, 75.76432046231932
36.088128381587644, 75.77465727517955
36.141671598771005, 75.78499408803978
36.19521481595437, 75.7953309009
36.24875803313773, 75.80566771376023
36.3023012503211, 75.81600452662046
36.35584446750446, 75.82634133948069
36.40938768468783, 75.83667815234092
36.46293090187119, 75.84701496520115
36.51647411905456, 75.85735177806139
36.570017336237925, 75.86768859092162
36.623560553421285, 75.87802540378183
36.67710377060465, 75.88836221664207
36.73064698778801, 75.8986990295023
36.78419020497138, 75.90903584236253
36.83773342215474, 75.91937265522276
36.89127663933811, 75.92970946808299
36.94481985652147, 75.94004628094322
36.99836307370484, 75.95038309380345
37.0519062908882, 75.96071990666367
37.105449508071565, 75.9710567195239
37.15899272525493, 75.98139353238413
37.21253594243829, 75.99173034524436
37.26607915962166, 76.0020671581046
37.31962237680502, 76.01240397096483
37.37316559398839, 76.02274078382506
37.42670881117175, 76.03307759668527
37.48025202835512, 76.0434144095455
37.53379524553848, 76.05375122240574
37.587338462721846, 76.06408803526597
37.64088167990521, 76.0744248481262
37.694424897088574, 76.08476166098643
37.74796811427194, 76.09509847384666
37.8015113314553, 76.10543528670689
37.85505454863867, 76.11577209956711
37.90859776582203, 76.0872039448297
37.9621409830054, 75.94922913340797
38.01568420018876, 75.81125432198627
38.069227417372126, 75.67327951056454
38.12277063455549, 75.53530469914281
38.176313851738854, 75.3973298877211
38.22985706892222, 75.25935507629937
38.28340028610558, 75.12138026487766
38.33694350328895, 74.98340545345593
38.39048672047231, 74.84543064203423
38.44402993765568, 74.7074558306125
38.49757315483904, 74.56948101919079
38.551116372022406, 74.43150620776906
38.604659589205774, 74.29353139634733
38.658202806389134, 74.15555658492562
38.7117460235725, 74.01758177350389
38.76528924075586, 73.87960696208219
38.81883245793923, 73.74163215066046
38.87237567512259, 73.60365733923875
38.92591889230596, 73.46568252781702
38.97946210948932, 73.32770771639531
39.033005326672686, 73.18973290497358
39.08654854385605, 73.05175809355188
39.140091761039415, 72.91378328213015
39.19363497822278, 72.77580847070843
39.24717819540614, 72.63783365928671
39.30072141258951, 72.49985884786499
39.35426462977287, 72.36188403644327
39.40780784695624, 72.22390922502154
39.4613510641396, 72.08593441359983
39.51489428132297, 71.94795960217812
39.56843749850633, 71.8099847907564
39.621980715689695, 71.67200997933467
39.67552393287306, 71.53403516791295
39.72906715005642, 71.39606035649123
39.78261036723979, 71.2580855450695
39.83615358442315, 71.12011073364779
39.88969680160652, 70.98213592222606
39.94324001878988, 70.84416111080436
39.99678323597325, 70.70618629938264
40.05032645315661, 70.56821148796092
40.103869670339975, 70.4302366765392
40.15741288752334, 70.29226186511747
40.2109561047067, 70.15428705369575
40.26449932189007, 70.01631224227403
40.31804253907343, 69.87833743085233
40.3715857562568, 69.7403626194306
40.42512897344016, 69.60238780800888
40.47867219062353, 69.46441299658716
40.53221540780689, 69.32643818516544
40.585758624990255, 69.18846337374372
40.63930184217362, 69.05048856232199
40.69284505935698, 68.91251375090029
40.74638827654035, 68.77453893947856
40.79993149372371, 68.63656412805685
40.85347471090708, 68.49858931663512
40.90701792809044, 68.3606145052134
40.96056114527381, 68.22263969379168
41.01410436245717, 68.08466488236998
41.067647579640536, 67.94669007094825
41.121190796823896, 67.80871525952654
41.174734014007264, 67.67074044810481
41.22827723119063, 67.53276563668308
41.28182044837399, 67.39479082526137
41.33536366555736, 67.25681601383964
41.38890688274072, 67.11884120241794
41.44245009992409, 66.98086639099621
41.49599331710745, 66.8428915795745
41.549536534290816, 66.70491676815277
41.603079751474176, 66.56694195673106
41.656622968657544, 66.42896714530933
41.71016618584091, 66.2909923338876
41.76370940302427, 66.1530175224659
41.81725262020764, 66.01504271104417
41.870795837391, 65.87706789962246
41.92433905457437, 65.73909308820073
41.97788227175773, 65.60111827677902
42.031425488941096, 65.46314346535729
42.08496870612446, 65.32516865393558
42.138511923307824, 65.18719384251386
42.19205514049119, 65.04921903109212
42.24559835767455, 64.91124421967042
42.29914157485792, 64.7732694082487
42.35268479204128, 64.63529459682698
42.40622800922465, 64.49731978540525
42.45977122640801, 64.35934497398355
42.513314443591376, 64.22137016256181
42.56685766077474, 64.08339535114011
42.620400877958105, 63.945420539718384
42.67394409514147, 63.807445728296656
42.72748731232483, 63.66947091687494
42.7810305295082, 63.531496105453215
42.83457374669156, 63.39352129403151
42.88811696387493, 63.25554648260978
42.94166018105829, 63.117571671188074
42.99520339824166, 62.979596859766346
43.04874661542502, 62.84162204834463
43.102289832608385, 62.703647236922905
43.15583304979175, 62.56567242550118
43.20937626697511, 62.42769761407947
43.26291948415848, 62.28972280265774
43.31646270134184, 62.151747991236036
43.37000591852521, 62.01377317981431
43.42354913570857, 61.875798368392594
43.47709235289194, 61.737823556970866
43.5306355700753, 61.59984874554916
43.584178787258665, 61.46187393412743
43.637722004442026, 61.32389912270572
43.69126522162539, 61.185924311284
43.74480843880876, 61.04794949986227
43.79835165599212, 60.909974688440556
43.85189487317549, 60.77199987701883
43.90543809035885, 60.63402506559712
43.95898130754222, 60.496050254175394
44.01252452472558, 60.35807544275368
44.066067741908945, 60.22010063133195
44.119610959092306, 60.082125819910246
44.17315417627567, 59.94415100848852
44.22669739345904, 59.80617619706679
44.2802406106424, 59.66820138564508
44.33378382782577, 59.53022657422335
44.38732704500913, 59.39225176280164
44.4408702621925, 59.254276951379914
44.49441347937586, 59.11630213995821
44.547956696559226, 58.97832732853648
44.601499913742586, 58.840352517114766
44.655043130925954, 58.70237770569304
44.70858634810932, 58.56440289427131
44.76212956529268, 58.426428082849604
44.81567278247605, 58.288453271427876
44.86921599965941, 58.15047846000617
44.92275921684278, 58.01250364858444
44.97630243402614, 57.87452883716273
45.029845651209506, 57.736554025741
45.083388868392866, 57.598579214319294
45.136932085576234, 57.460604402897566
45.1904753027596, 57.32262959147584
45.24401851994296, 57.18465478005413
45.29756173712633, 57.046679968632404
45.35110495430969, 56.90870515721069
45.40464817149306, 56.77073034578896
45.45819138867642, 56.632755534367256
45.511734605859786, 56.49478072294553
45.56527782304315, 56.35680591152382
45.618821040226514, 56.21883110010209
45.672364257409875, 56.08085628868038
45.72590747459324, 55.94288147725865
45.77945069177661, 55.804906665836924
45.83299390895997, 55.66693185441522
45.88653712614334, 55.52895704299349
45.9400803433267, 55.39098223157178
45.993623560510066, 55.253007420150055
46.04716677769343, 55.11503260872834
46.100709994876794, 54.977057797306614
46.154253212060155, 54.83908298588491
46.20779642924352, 54.70110817446318
46.26133964642689, 54.56313336304145
46.31488286361025, 54.425158551619745
46.36842608079362, 54.28718374019802
46.42196929797698, 54.149208928776304
46.47551251516035, 54.011234117354576
46.52905573234371, 53.87325930593286
46.582598949527075, 53.735284494511134
46.636142166710435, 53.597309683089435
46.6896853838938, 53.45933487166771
46.74322860107717, 53.32136006024598
46.79677181826053, 53.183385248824266
46.8503150354439, 53.04541043740254
46.90385825262726, 52.907435625980824
46.95740146981063, 52.769460814559096
47.01094468699399, 52.63148600313739
47.064487904177355, 52.49351119171567
47.118031121360715, 52.355536380293955
47.17157433854408, 52.21756156887223
47.22511755572745, 52.0795867574505
47.27866077291081, 51.941611946028786
47.33220399009418, 51.80363713460706
47.38574720727754, 51.66566232318535
47.43929042446091, 51.527687511763624
47.49283364164427, 51.38971270034192
47.546376858827635, 51.25173788892019
47.599920076010996, 51.113763077498476
47.65346329319436, 50.97578826607675
47.707006510377724, 50.83781345465504
47.76054972756109, 50.69983864323331
47.81409294474446, 50.561863831811586
47.86763616192782, 50.42388902038988
47.92117937911119, 50.28591420896815
47.97472259629455, 50.14793939754644
48.028265813477915, 50.00996458612471
48.081809030661276, 49.871989774703
48.135352247844644, 49.734014963281275
48.188895465028004, 49.59604015185957
48.24243868221137, 49.45806534043784
48.29598189939474, 49.32009052901611
48.3495251165781, 49.1821157175944
48.40306833376147, 49.04414090617267
48.45661155094483, 48.906166094750965
48.510154768128196, 48.76819128332924
48.563697985311556, 48.63021647190753
48.617241202494924, 48.4922416604858
48.670784419678284, 48.35426684906409
48.72432763686165, 48.21629203764236
48.77787085404502, 48.07831722622063
48.83141407122838, 47.94034241479893
48.88495728841175, 47.8023676033772
48.93850050559511, 47.66439279195549
48.992043722778476, 47.526417980533765
49.04558693996184, 47.38844316911205
49.099130157145204, 47.25046835769032
49.152673374328565, 47.11249354626861
49.20621659151193, 46.97451873484689
49.2597598086953, 46.83654392342516
49.31330302587866, 46.698569112003455
49.36684624306203, 46.56059430058173
49.42038946024539, 46.42261948916001
49.473932677428756, 46.284644677738285
49.52747589461212, 46.14666986631657
49.581019111795484, 46.008695054894844
49.634562328978845, 45.870720243473144
49.68810554616221, 45.732745432051416
49.74164876334557, 45.5947706206297
49.79519198052894, 45.456795809207975
49.84873519771231, 45.31882099778625
49.90227841489567, 45.18084618636453
49.95582163207904, 45.042871374942806
50.0093648492624, 44.9048965635211
50.062908066445765, 44.76692175209937
50.116451283629125, 44.628946940677665
50.16999450081249, 44.49097212925594
50.22353771799585, 44.35299731783422
50.27708093517922, 44.215022506412495
50.33062415236259, 44.077047694990775
50.38416736954595, 43.93907288356906
50.43771058672932, 43.80109807214733
50.49125380391268, 43.66312326072563
50.544797021096045, 43.5251484493039
50.598340238279405, 43.387173637882185
50.65188345546277, 43.24919882646046
50.705426672646134, 43.11122401503875
50.7589698898295, 42.97324920361702
50.81251310701287, 42.835274392195295
50.86605632419623, 42.69729958077359
50.9195995413796, 42.55932476935186
50.97314275856296, 42.42134995793015
51.026685975746325, 42.28337514650842
51.080229192929686, 42.14540033508671
51.13377241011305, 42.007425523664985
51.187315627296414, 41.86945071224328
51.24085884447978, 41.73147590082155
51.29440206166315, 41.59350108939982
51.34794527884651, 41.45552627797811
51.40148849602988, 41.31755146655638
51.45503171321324, 41.179576655134674
51.508574930396605, 41.04160184371295
51.562118147579966, 40.90362703229124
51.61566136476333, 40.76565222086951
51.669204581946694, 40.6276774094478
51.72274779913006, 40.48970259802607
51.77629101631342, 40.351727786604364
51.82983423349679, 40.213752975182636
51.88337745068016, 40.07577816376091
51.93692066786352, 39.937803352339195
51.990463885046886, 39.79982854091747
52.044007102230246, 39.66185372949576
52.097550319413614, 39.52387891807403
52.151093536596974, 39.385904106652326
52.20463675378034, 39.2479292952306
52.2581799709637, 39.109954483808885
52.31172318814707, 38.97197967238716
52.36526640533044, 38.83400486096543
52.4188096225138, 38.69603004954372
52.472352839697166, 38.558055238121995
52.525896056880526, 38.42008042670029
52.579439274063894, 38.28210561527856
52.632982491247255, 38.14413080385685
52.68652570843062, 38.00615599243512
52.74006892561398, 37.86818118101341
52.79361214279735, 37.730206369591684
52.84715535998072, 37.592231558169956
52.90069857716408, 37.45425674674825
52.954241794347446, 37.31628193532652
53.00778501153081, 37.17830712390481
53.061328228714174, 37.04033231248308
53.114871445897535, 36.902357501061374
53.1684146630809, 36.764382689639646
53.22195788026426, 36.62640787821793
53.27550109744763, 36.488433066796205
53.329044314631, 36.350458255374484
53.38258753181436, 36.21248344395277
53.436130748997726, 36.07450863253104
53.48967396618109, 35.936533821109336
