Parameters: [46.464599194284666, 21.45054870099606, 11.475448073257546, 37.4729597252095, 3.9691569066291583, 0.008504688782296516, -2.574899661485051]
Points:
0.0, 21.45054870099606
0.04651111030458926, 21.63515859569651
0.09302222060917852, 21.81976849039696
0.13953333091376777, 22.00437838509741
0.18604444121835703, 22.18898827979786
0.2325555515229463, 22.373598174498316
0.27906666182753553, 22.558208069198766
0.3255777721321248, 22.742817963899217
0.37208888243671406, 22.927427858599668
0.41859999274130333, 23.11203775330012
0.4651111030458926, 23.29664764800057
0.5116222133504819, 23.48125754270102
0.5581333236550711, 23.66586743740147
0.6046444339596604, 23.850477332101924
0.6511555442642496, 24.035087226802375
0.6976666545688389, 24.219697121502826
0.7441777648734281, 24.404307016203276
0.7906888751780173, 24.588916910903727
0.8371999854826067, 24.773526805604178
0.8837110957871959, 24.958136700304628
0.9302222060917852, 25.14274659500508
0.9767333163963744, 25.32735648970553
1.0232444267009637, 25.511966384405984
1.069755537005553, 25.696576279106434
1.1162666473101421, 25.881186173806885
1.1627777576147313, 26.065796068507336
1.2092888679193208, 26.250405963207786
1.25579997822391, 26.435015857908237
1.3023110885284992, 26.619625752608687
1.3488221988330884, 26.80423564730914
1.3953333091376778, 26.988845542009592
1.441844419442267, 27.173455436710043
1.4883555297468563, 27.358065331410494
1.5348666400514455, 27.542675226110944
1.5813777503560347, 27.727285120811395
1.627888860660624, 27.911895015511845
1.6743999709652133, 28.096504910212296
1.7209110812698025, 28.281114804912747
1.7674221915743917, 28.465724699613197
1.8139333018789812, 28.65033459431365
1.8604444121835704, 28.834944489014102
1.9069555224881596, 29.019554383714553
1.9534666327927488, 29.204164278415004
1.999977743097338, 29.388774173115454
2.0464888534019274, 29.57338406781591
2.0929999637065166, 29.75799396251636
2.139511074011106, 29.94260385721681
2.186022184315695, 30.12721375191726
2.2325332946202843, 30.31182364661771
2.2790444049248735, 30.49643354131816
2.3255555152294627, 30.681043436018612
2.3720666255340523, 30.865653330719063
2.4185777358386416, 31.050263225419513
2.4650888461432308, 31.234873120119964
2.51159995644782, 31.419483014820415
2.558111066752409, 31.604092909520865
2.6046221770569984, 31.788702804221316
2.6511332873615876, 31.97331269892177
2.697644397666177, 32.15792259362222
2.744155507970766, 32.342532488322675
2.7906666182753557, 32.527142383023126
2.837177728579945, 32.711752277723576
2.883688838884534, 32.89636217242403
2.9301999491891233, 33.08097206712448
2.9767110594937125, 33.26558196182493
3.0232221697983017, 33.45019185652538
3.069733280102891, 33.63480175122583
3.11624439040748, 33.81941164592628
3.1627555007120693, 34.00402154062673
3.209266611016659, 34.18863143532718
3.255777721321248, 34.37324133002763
3.3022888316258374, 34.55785122472808
3.3487999419304266, 34.74246111942854
3.395311052235016, 34.927071014128984
3.441822162539605, 35.11168090882944
3.4883332728441943, 35.296290803529885
3.5348443831487835, 35.48090069823034
3.5813554934533727, 35.66551059293079
3.6278666037579623, 35.850120487631244
3.6743777140625515, 36.034730382331695
3.7208888243671407, 36.219340277032146
3.76739993467173, 36.403950171732596
3.813911044976319, 36.58856006643305
3.8604221552809084, 36.7731699611335
3.9069332655854976, 36.95777985583395
3.953444375890087, 37.1423897505344
3.999955486194676, 37.32699964523485
4.046466596499266, 37.51160953993531
4.092977706803855, 37.69621943463575
4.139488817108444, 37.88082932933621
4.185999927413033, 38.06543922403665
4.2325110377176225, 38.25004911873711
4.279022148022212, 38.43465901343755
4.325533258326801, 38.61926890813801
4.37204436863139, 38.803878802838454
4.418555478935979, 38.98848869753891
4.4650665892405685, 39.173098592239356
4.511577699545158, 39.35770848693981
4.558088809849747, 39.542318381640264
4.604599920154336, 39.726928276340715
4.651111030458925, 39.911538171041165
4.6976221407635155, 40.096148065741616
4.744133251068105, 40.280757960442074
4.790644361372694, 40.46536785514252
4.837155471677283, 40.649977749842975
4.883666581981872, 40.83458764454342
4.9301776922864615, 41.019197539243876
4.976688802591051, 41.20380743394432
5.02319991289564, 41.38841732864478
5.069711023200229, 41.57302722334522
5.116222133504818, 41.75763711804568
5.162733243809408, 41.94224701274612
5.209244354113997, 42.12685690744658
5.255755464418586, 42.31146680214703
5.302266574723175, 42.49607669684748
5.348777685027764, 42.68068659154793
5.395288795332354, 42.86529648624838
5.441799905636943, 43.04990638094883
5.488311015941532, 43.234516275649284
5.534822126246122, 43.41912617034974
5.581333236550711, 43.603736065050185
5.6278443468553006, 43.78834595975064
5.67435545715989, 43.97295585445109
5.720866567464479, 44.157565749151544
5.767377677769068, 44.34217564385199
5.813888788073657, 44.526785538552446
5.860399898378247, 44.71139543325289
5.906911008682836, 44.89600532795335
5.953422118987425, 45.08061522265379
5.999933229292014, 45.26522511735425
6.046444339596603, 45.4498350120547
6.092955449901193, 45.63444490675515
6.139466560205782, 45.8190548014556
6.185977670510371, 46.00366469615605
6.23248878081496, 46.1882745908565
6.2789998911195495, 46.37288448555695
6.325511001424139, 46.5574943802574
6.372022111728728, 46.74210427495785
6.418533222033318, 46.92671416965831
6.465044332337907, 47.111324064358755
6.511555442642496, 47.29593395905921
6.558066552947086, 47.480543853759656
6.604577663251675, 47.66515374846011
6.651088773556264, 47.84976364316056
6.697599883860853, 48.034373537861015
6.7441109941654425, 48.218983432561465
6.790622104470032, 48.403593327261916
6.837133214774621, 48.58820322196237
6.88364432507921, 48.77281311666282
6.930155435383799, 48.95742301136327
6.9766665456883885, 49.14203290606372
7.023177655992978, 49.32664280076417
7.069688766297567, 49.51125269546462
7.116199876602156, 49.69586259016507
7.162710986906745, 49.88047248486552
7.209222097211335, 50.06508237956597
7.255733207515925, 50.24969227426642
7.302244317820514, 50.43430216896688
7.348755428125103, 50.618912063667324
7.395266538429692, 50.80352195836778
7.4417776487342815, 50.98813185306823
7.488288759038871, 51.17274174776868
7.53479986934346, 51.35735164246913
7.581310979648049, 51.541961537169584
7.627822089952638, 51.726571431870035
7.6743332002572275, 51.911181326570485
7.720844310561817, 52.095791221270936
7.767355420866406, 52.28040111597139
7.813866531170995, 52.46501101067184
7.860377641475584, 52.64962090537229
7.906888751780174, 52.83423080007274
7.953399862084763, 53.01884069477319
7.999910972389352, 53.20345058947364
8.046422082693942, 53.38806048417409
8.092933192998531, 53.57267037887455
8.13944430330312, 53.757280273575
8.18595541360771, 53.94189016827545
8.232466523912299, 54.1265000629759
8.278977634216888, 54.31110995767635
8.325488744521477, 54.4957198523768
8.371999854826067, 54.68032974707725
8.418510965130656, 54.8649396417777
8.465022075435245, 55.04954953647815
8.511533185739834, 55.234159431178604
8.558044296044423, 55.418769325879055
8.604555406349013, 55.603379220579505
8.651066516653602, 55.787989115279956
8.697577626958191, 55.97259900998041
8.74408873726278, 56.15720890468086
8.79059984756737, 56.34181879938131
8.837110957871959, 56.52642869408176
8.883622068176548, 56.71103858878221
8.930133178481137, 56.89564848348266
8.976644288785726, 57.08025837818311
9.023155399090315, 57.26486827288356
9.069666509394905, 57.44947816758401
9.116177619699494, 57.63408806228447
9.162688730004083, 57.81869795698492
9.209199840308672, 58.00330785168537
9.255710950613262, 58.18791774638582
9.30222206091785, 58.37252764108627
9.34873317122244, 58.55713753578672
9.395244281527031, 58.74174743048718
9.44175539183162, 58.92635732518763
9.48826650213621, 59.11096721988808
9.534777612440799, 59.29557711458853
9.581288722745388, 59.48018700928898
9.627799833049977, 59.66479690398943
9.674310943354566, 59.849406798689884
9.720822053659155, 60.034016693390335
9.767333163963745, 60.218626588090785
9.813844274268334, 60.403236482791236
9.860355384572923, 60.58784637749169
9.906866494877512, 60.77245627219214
9.953377605182101, 60.95706616689259
9.99988871548669, 61.14167606159304
10.04639982579128, 61.32628595629349
10.092910936095869, 61.51089585099394
10.139422046400458, 61.69550574569439
10.185933156705048, 61.88011564039484
10.232444267009637, 62.06472553509529
10.278955377314226, 62.24933542979574
10.325466487618815, 62.43394532449619
10.371977597923404, 62.618555219196644
10.418488708227994, 62.803165113897094
10.464999818532583, 62.987775008597545
10.511510928837172, 63.172384903298
10.558022039141761, 63.35699479799845
10.60453314944635, 63.541604692698904
10.65104425975094, 63.726214587399355
10.697555370055529, 63.910824482099805
10.744066480360118, 64.09543437680026
10.790577590664707, 64.28004427150071
10.837088700969296, 64.46465416620116
10.883599811273886, 64.6492640609016
10.930110921578475, 64.83387395560206
10.976622031883064, 65.01848385030252
11.023133142187653, 65.20309374500296
11.069644252492244, 65.38770363970342
11.116155362796833, 65.57231353440386
11.162666473101423, 65.75692342910432
11.209177583406012, 65.94153332380478
11.255688693710601, 66.12614321850522
11.30219980401519, 66.31075311320566
11.34871091431978, 66.49536300790612
11.395222024624369, 66.67997290260658
11.441733134928958, 66.86458279730702
11.488244245233547, 66.99851150509078
11.534755355538136, 66.99890706760883
11.581266465842726, 66.99930263012689
11.627777576147315, 66.99969819264494
11.674288686451904, 67.00009375516301
11.720799796756493, 67.00048931768107
11.767310907061082, 67.00088488019912
11.813822017365672, 67.00128044271719
11.86033312767026, 67.00167600523524
11.90684423797485, 67.0020715677533
11.95335534827944, 67.00246713027137
11.999866458584028, 67.00286269278942
12.046377568888618, 67.00325825530749
12.092888679193207, 67.00365381782554
12.139399789497796, 67.0040493803436
12.185910899802385, 67.00444494286167
12.232422010106974, 67.00484050537972
12.278933120411564, 67.00523606789778
12.325444230716153, 67.00563163041585
12.371955341020742, 67.0060271929339
12.418466451325331, 67.00642275545196
12.46497756162992, 67.00681831797002
12.51148867193451, 67.00721388048808
12.557999782239099, 67.00760944300615
12.604510892543688, 67.0080050055242
12.651022002848277, 67.00840056804226
12.697533113152867, 67.00879613056031
12.744044223457456, 67.00919169307838
12.790555333762047, 67.00958725559644
12.837066444066636, 67.0099828181145
12.883577554371225, 67.01037838063256
12.930088664675814, 67.01077394315061
12.976599774980404, 67.01116950566868
13.023110885284993, 67.01156506818674
13.069621995589582, 67.01196063070479
13.116133105894171, 67.01235619322286
13.16264421619876, 67.01275175574091
13.20915532650335, 67.01314731825897
13.255666436807939, 67.01354288077704
13.302177547112528, 67.01393844329509
13.348688657417117, 67.01433400581315
13.395199767721707, 67.01472956833122
13.441710878026296, 67.01512513084927
13.488221988330885, 67.01552069336734
13.534733098635474, 67.01591625588539
13.581244208940063, 67.01631181840345
13.627755319244653, 67.01670738092152
13.674266429549242, 67.01710294343957
13.720777539853831, 67.01749850595763
13.76728865015842, 67.01789406847568
13.81379976046301, 67.01828963099375
13.860310870767599, 67.01868519351181
13.906821981072188, 67.01908075602987
13.953333091376777, 67.01947631854793
13.999844201681366, 67.01987188106598
14.046355311985955, 67.02026744358405
14.092866422290545, 67.02066300610211
14.139377532595134, 67.02105856862016
14.185888642899723, 67.02145413113823
14.232399753204312, 67.02184969365628
14.278910863508901, 67.02224525617434
14.32542197381349, 67.02264081869241
14.37193308411808, 67.02303638121046
14.41844419442267, 67.02343194372853
14.46495530472726, 67.02382750624659
14.51146641503185, 67.02422306876464
14.557977525336439, 67.0246186312827
14.604488635641028, 67.02501419380076
14.650999745945617, 67.02540975631882
14.697510856250206, 67.02580531883689
14.744021966554795, 67.02620088135494
14.790533076859385, 67.026596443873
14.837044187163974, 67.02699200639105
14.883555297468563, 67.02738756890912
14.930066407773152, 67.02778313142719
14.976577518077741, 67.02817869394524
15.02308862838233, 67.0285742564633
15.06959973868692, 67.02896981898135
15.116110848991509, 67.02936538149942
15.162621959296098, 67.02976094401748
15.209133069600687, 67.03015650653553
15.255644179905277, 67.0305520690536
15.302155290209866, 67.03094763157165
15.348666400514455, 67.03134319408971
15.395177510819044, 67.03173875660778
15.441688621123633, 67.03213431912583
15.488199731428223, 67.0325298816439
15.534710841732812, 67.03292544416196
15.581221952037401, 67.03332100668001
15.62773306234199, 67.03371656919808
15.67424417264658, 67.03411213171613
15.720755282951169, 67.0345076942342
15.767266393255758, 67.03490325675226
15.813777503560347, 67.03529881927031
15.860288613864936, 67.03569438178837
15.906799724169526, 67.03608994430643
15.953310834474115, 67.03648550682449
15.999821944778704, 67.03688106934256
16.046333055083295, 67.0372766318606
16.092844165387884, 67.03767219437867
16.139355275692473, 67.03806775689672
16.185866385997063, 67.03846331941479
16.232377496301652, 67.03885888193285
16.27888860660624, 67.0392544444509
16.32539971691083, 67.03965000696897
16.37191082721542, 67.04004556948702
16.41842193752001, 67.04044113200509
16.464933047824598, 67.04083669452315
16.511444158129187, 67.0412322570412
16.557955268433776, 67.04162781955927
16.604466378738366, 67.04202338207733
16.650977489042955, 67.04241894459538
16.697488599347544, 67.04281450711345
16.743999709652133, 67.0432100696315
16.790510819956722, 67.04360563214956
16.83702193026131, 67.04400119466763
16.8835330405659, 67.04439675718568
16.93004415087049, 67.04479231970375
16.97655526117508, 67.0451878822218
17.02306637147967, 67.04558344473986
17.069577481784258, 67.04597900725793
17.116088592088847, 67.04637456977598
17.162599702393436, 67.04677013229404
17.209110812698025, 67.0471656948121
17.255621923002614, 67.04756125733016
17.302133033307204, 67.04795681984822
17.348644143611793, 67.04835238236628
17.395155253916382, 67.04874794488434
17.44166636422097, 67.04914350740239
17.48817747452556, 67.04953906992046
17.53468858483015, 67.04993463243852
17.58119969513474, 67.05033019495657
17.627710805439328, 67.05072575747464
17.674221915743917, 67.05112131999269
17.720733026048507, 67.05151688251075
17.767244136353096, 67.05191244502882
17.813755246657685, 67.05230800754687
17.860266356962274, 67.05270357006493
17.906777467266863, 67.053099132583
17.953288577571453, 67.05349469510105
17.999799687876042, 67.05389025761912
18.04631079818063, 67.05428582013717
18.09282190848522, 67.05468138265523
18.13933301878981, 67.0550769451733
18.1858441290944, 67.05547250769135
18.232355239398988, 67.05586807020941
18.278866349703577, 67.05626363272746
18.325377460008166, 67.05665919524553
18.371888570312755, 67.0570547577636
18.418399680617345, 67.05745032028165
18.464910790921934, 67.05784588279971
18.511421901226523, 67.05824144531776
18.557933011531112, 67.05863700783583
18.6044441218357, 67.05903257035389
18.65095523214029, 67.05942813287194
18.69746634244488, 67.05982369539001
18.743977452749473, 67.06021925790806
18.790488563054062, 67.06061482042612
18.83699967335865, 67.06101038294419
18.88351078366324, 67.06140594546224
18.93002189396783, 67.0618015079803
18.97653300427242, 67.06219707049837
19.023044114577008, 67.06259263301642
19.069555224881597, 67.06298819553449
19.116066335186186, 67.06338375805254
19.162577445490776, 67.0637793205706
19.209088555795365, 67.06417488308867
19.255599666099954, 67.06457044560672
19.302110776404543, 67.06496600812478
19.348621886709132, 67.06536157064284
19.39513299701372, 67.0657571331609
19.44164410731831, 67.06615269567897
19.4881552176229, 67.06654825819702
19.53466632792749, 67.06694382071508
19.58117743823208, 67.06733938323313
19.627688548536668, 67.0677349457512
19.674199658841257, 67.06813050826926
19.720710769145846, 67.06852607078731
19.767221879450435, 67.06892163330538
19.813732989755025, 67.06931719582343
19.860244100059614, 67.0697127583415
19.906755210364203, 67.07010832085956
19.953266320668792, 67.07050388337761
19.99977743097338, 67.07089944589568
20.04628854127797, 67.07129500841374
20.09279965158256, 67.07169057093179
20.13931076188715, 67.07208613344986
20.185821872191738, 67.07248169596791
20.232332982496327, 67.07287725848597
20.278844092800917, 67.07327282100404
20.325355203105506, 67.07366838352209
20.371866313410095, 67.07406394604016
20.418377423714684, 67.0744595085582
20.464888534019273, 67.07485507107627
20.511399644323863, 67.07525063359434
20.557910754628452, 67.07564619611239
20.60442186493304, 67.07604175863045
20.65093297523763, 67.0764373211485
20.69744408554222, 67.07683288366657
20.74395519584681, 67.07722844618463
20.790466306151398, 67.07762400870268
20.836977416455987, 67.07801957122075
20.883488526760576, 67.0784151337388
20.929999637065166, 67.07881069625687
20.976510747369755, 67.07920625877493
21.023021857674344, 67.07960182129298
21.069532967978933, 67.07999738381105
21.116044078283522, 67.08039294632911
21.16255518858811, 67.08078850884716
21.2090662988927, 67.08118407136523
21.25557740919729, 67.08157963388328
21.30208851950188, 67.08197519640134
21.34859962980647, 67.08237075891941
21.395110740111058, 67.08276632143746
21.441621850415647, 67.08316188395553
21.488132960720236, 67.08355744647358
21.534644071024825, 67.08395300899164
21.581155181329414, 67.08434857150971
21.627666291634004, 67.08474413402776
21.674177401938593, 67.08513969654582
21.720688512243182, 67.08553525906387
21.76719962254777, 67.08593082158194
21.81371073285236, 67.0863263841
21.86022184315695, 67.08672194661806
21.90673295346154, 67.08711750913612
21.953244063766128, 67.08751307165417
21.999755174070717, 67.08790863417224
22.046266284375307, 67.0883041966903
22.092777394679896, 67.08869975920835
22.13928850498449, 67.08909532172642
22.185799615289078, 67.08949088424447
22.232310725593667, 67.08988644676253
22.278821835898256, 67.0902820092806
22.325332946202845, 67.09067757179865
22.371844056507435, 67.09107313431672
22.418355166812024, 67.09146869683478
22.464866277116613, 67.09186425935283
22.511377387421202, 67.0922598218709
22.55788849772579, 67.09265538438895
22.60439960803038, 67.09305094690701
22.65091071833497, 67.09344650942508
22.69742182863956, 67.09384207194313
22.74393293894415, 67.0942376344612
22.790444049248737, 67.09463319697925
22.836955159553327, 67.09502875949731
22.883466269857916, 67.09542432201538
22.929977380162505, 67.09581988453343
22.976488490467094, 67.09621544705149
23.022999600771684, 67.09661100956954
23.069510711076273, 67.09700657208761
23.116021821380862, 67.09740213460567
23.16253293168545, 67.09779769712372
23.20904404199004, 67.09819325964179
23.25555515229463, 67.09858882215984
23.30206626259922, 67.0989843846779
23.348577372903808, 67.09937994719597
23.395088483208397, 67.09977550971402
23.441599593512986, 67.10017107223209
23.488110703817576, 67.10056663475015
23.534621814122165, 67.1009621972682
23.581132924426754, 67.10135775978627
23.627644034731343, 67.10175332230432
23.674155145035932, 67.10214888482238
23.72066625534052, 67.10254444734045
23.76717736564511, 67.1029400098585
23.8136884759497, 67.10333557237657
23.86019958625429, 67.10373113489462
23.90671069655888, 67.10412669741268
23.953221806863468, 67.10452225993075
23.999732917168057, 67.1049178224488
24.046244027472646, 67.10531338496686
24.092755137777235, 67.10570894748491
24.139266248081825, 67.10610451000298
24.185777358386414, 67.10650007252104
24.232288468691003, 67.1068956350391
24.278799578995592, 67.10729119755716
24.32531068930018, 67.10768676007521
24.37182179960477, 67.10808232259328
24.41833290990936, 67.10847788511134
24.46484402021395, 67.10887344762939
24.511355130518538, 67.10926901014746
24.557866240823127, 67.10966457266552
24.604377351127717, 67.11006013518357
24.650888461432306, 67.11045569770164
24.697399571736895, 67.11085126021969
24.743910682041484, 67.11124682273775
24.790421792346073, 67.11164238525582
24.836932902650663, 67.11203794777387
24.883444012955252, 67.11243351029194
24.92995512325984, 67.11282907280999
24.97646623356443, 67.11322463532805
25.02297734386902, 67.11362019784612
25.06948845417361, 67.11401576036417
25.115999564478198, 67.11441132288223
25.162510674782787, 67.11480688540028
25.209021785087376, 67.11520244791835
25.255532895391966, 67.11559801043641
25.302044005696555, 67.11599357295447
25.348555116001144, 67.11638913547253
25.395066226305733, 67.11678469799058
25.441577336610322, 67.11718026050865
25.48808844691491, 67.11757582302671
25.534599557219504, 67.11797138554476
25.581110667524094, 67.11836694806283
25.627621777828683, 67.1187625105809
25.674132888133272, 67.11915807309894
25.72064399843786, 67.11955363561701
25.76715510874245, 67.11994919813506
25.81366621904704, 67.12034476065313
25.86017732935163, 67.12074032317119
25.906688439656218, 67.12113588568924
25.953199549960807, 67.1215314482073
25.999710660265396, 67.12192701072536
26.046221770569986, 67.12232257324342
26.092732880874575, 67.12271813576149
26.139243991179164, 67.12311369827954
26.185755101483753, 67.1235092607976
26.232266211788343, 67.12390482331566
26.27877732209293, 67.12430038583372
26.32528843239752, 67.12469594835179
26.37179954270211, 67.12509151086984
26.4183106530067, 67.1254870733879
26.46482176331129, 67.12588263590595
26.511332873615878, 67.12627819842402
26.557843983920467, 67.12667376094208
26.604355094225056, 67.12706932346013
26.650866204529645, 67.1274648859782
26.697377314834235, 67.12786044849626
26.743888425138824, 67.12825601101432
26.790399535443413, 67.12865157353238
26.836910645748002, 67.12904713605043
26.88342175605259, 67.1294426985685
26.92993286635718, 67.12983826108656
26.97644397666177, 67.13023382360461
27.02295508696636, 67.13062938612268
27.06946619727095, 67.13102494864073
27.115977307575537, 67.1314205111588
27.162488417880127, 67.13181607367686
27.208999528184716, 67.13221163619491
27.255510638489305, 67.13260719871298
27.302021748793894, 67.13300276123103
27.348532859098484, 67.13339832374909
27.395043969403073, 67.13379388626716
27.441555079707662, 67.13418944878521
27.48806619001225, 67.13458501130327
27.53457730031684, 67.13498057382132
27.58108841062143, 67.13537613633939
27.62759952092602, 67.13577169885745
27.674110631230608, 67.1361672613755
27.720621741535197, 67.13656282389357
27.767132851839786, 67.13695838641162
27.813643962144376, 67.13735394892969
27.860155072448965, 67.13774951144775
27.906666182753554, 67.1381450739658
27.953177293058143, 67.13854063648387
27.999688403362732, 67.13893619900193
28.04619951366732, 67.13933176151998
28.09271062397191, 67.13972732403805
28.1392217342765, 67.1401228865561
28.18573284458109, 67.14051844907416
28.23224395488568, 67.14091401159223
28.278755065190268, 67.14130957411028
28.325266175494857, 67.14170513662835
28.371777285799446, 67.1421006991464
28.418288396104035, 67.14249626166446
28.464799506408625, 67.14289182418253
28.511310616713214, 67.14328738670058
28.557821727017803, 67.14368294921864
28.604332837322392, 67.1440785117367
28.65084394762698, 67.14447407425476
28.69735505793157, 67.14486963677282
28.74386616823616, 67.14526519929088
28.79037727854075, 67.14566076180894
28.83688838884534, 67.14605632432699
28.883399499149927, 67.14645188684506
28.92991060945452, 67.14684744936312
28.97642171975911, 67.14724301188117
29.0229328300637, 67.14763857439924
29.069443940368288, 67.1480341369173
29.115955050672877, 67.14842969943535
29.162466160977466, 67.14882526195342
29.208977271282055, 67.14922082447147
29.255488381586645, 67.14961638698954
29.301999491891234, 67.1500119495076
29.348510602195823, 67.15040751202565
29.395021712500412, 67.15080307454372
29.441532822805, 67.15119863706177
29.48804393310959, 67.15159419957983
29.53455504341418, 67.1519897620979
29.58106615371877, 67.15238532461595
29.62757726402336, 67.15278088713401
29.674088374327948, 67.15317644965207
29.720599484632537, 67.15357201217013
29.767110594937126, 67.1539675746882
29.813621705241715, 67.15436313720625
29.860132815546304, 67.15475869972431
29.906643925850894, 67.15515426224236
29.953155036155483, 67.15554982476043
29.999666146460072, 67.15594538727849
30.04617725676466, 67.15634094979654
30.09268836706925, 67.15673651231461
30.13919947737384, 67.15713207483267
30.18571058767843, 67.15752763735073
30.232221697983018, 67.15792319986879
30.278732808287607, 67.15831876238684
30.325243918592196, 67.1587143249049
30.371755028896786, 67.15910988742297
30.418266139201375, 67.15950544994102
30.464777249505964, 67.15990101245909
30.511288359810553, 67.16029657497714
30.557799470115143, 67.1606921374952
30.60431058041973, 67.16108770001327
30.65082169072432, 67.16148326253132
30.69733280102891, 67.16187882504939
30.7438439113335, 67.16227438756744
30.79035502163809, 67.1626699500855
30.836866131942678, 67.16306551260357
30.883377242247267, 67.16346107512162
30.929888352551856, 67.16385663763968
30.976399462856445, 67.16425220015773
31.022910573161035, 67.1646477626758
31.069421683465624, 67.16504332519386
31.115932793770213, 67.16543888771191
31.162443904074802, 67.16583445022998
31.20895501437939, 67.16623001274804
31.25546612468398, 67.1666255752661
31.30197723498857, 67.16702113778416
31.34848834529316, 67.16741670030221
31.39499945559775, 67.16781226282028
31.441510565902338, 67.16820782533834
31.488021676206927, 67.1686033878564
31.534532786511516, 67.16899895037446
31.581043896816105, 67.16939451289251
31.627555007120694, 67.16979007541057
31.674066117425284, 67.17018563792864
31.720577227729873, 67.17058120044669
31.767088338034462, 67.17097676296476
31.81359944833905, 67.1713723254828
31.86011055864364, 67.17176788800087
31.90662166894823, 67.17216345051894
31.95313277925282, 67.17255901303699
31.999643889557408, 67.17295457555505
32.046154999862, 67.1733501380731
32.09266611016659, 67.17374570059117
32.139177220471176, 67.17414126310923
32.18568833077577, 67.17453682562729
32.232199441080354, 67.17493238814535
32.27871055138495, 67.17532795066342
32.32522166168953, 67.17572351318147
32.371732771994125, 67.17611907569953
32.41824388229871, 67.17651463821758
32.464754992603304, 67.17691020073565
32.51126610290789, 67.17730576325371
32.55777721321248, 67.17770132577176
32.60428832351707, 67.17809688828983
32.65079943382166, 67.17849245080788
32.697310544126246, 67.17888801332595
32.74382165443084, 67.17928357584401
32.790332764735425, 67.17967913836206
32.83684387504002, 67.18007470088013
32.8833549853446, 67.18047026339818
32.929866095649196, 67.18086582591624
32.97637720595378, 67.18126138843431
33.022888316258374, 67.18165695095236
33.06939942656296, 67.18205251347042
33.11591053686755, 67.18244807598848
33.16242164717214, 67.18284363850654
33.20893275747673, 67.1832392010246
33.25544386778132, 67.18363476354266
33.30195497808591, 67.18403032606072
33.348466088390495, 67.18442588857877
33.39497719869509, 67.18482145109684
33.44148830899967, 67.1852170136149
33.487999419304266, 67.18561257613295
33.53451052960885, 67.18600813865102
33.581021639913445, 67.18640370116908
33.62753275021803, 67.18679926368713
33.67404386052262, 67.1871948262052
33.72055497082721, 67.18759038872325
33.7670660811318, 67.18798595124132
33.81357719143639, 67.18838151375938
33.86008830174098, 67.18877707627743
33.906599412045566, 67.1891726387955
33.95311052235016, 67.18956820131355
33.999621632654744, 67.18996376383161
34.04613274295934, 67.19035932634968
34.09264385326393, 67.19075488886773
34.139154963568515, 67.1911504513858
34.18566607387311, 67.19154601390385
34.232177184177694, 67.19194157642191
34.278688294482286, 67.19233713893998
34.32519940478687, 67.19273270145803
34.371710515091465, 67.19312826397609
34.41822162539605, 67.19352382649414
34.46473273570064, 67.19391938901221
34.51124384600523, 67.19431495153027
34.55775495630982, 67.19471051404832
34.60426606661441, 67.19510607656639
34.650777176919, 67.19550163908445
34.697288287223586, 67.1958972016025
34.74379939752818, 67.19629276412057
34.790310507832764, 67.19668832663862
34.83682161813736, 67.19708388915669
34.88333272844194, 67.19747945167475
34.929843838746535, 67.1978750141928
34.97635494905112, 67.19827057671087
35.022866059355714, 67.19866613922892
35.0693771696603, 67.19906170174698
35.11588827996489, 67.19945726426505
35.16239939026948, 67.1998528267831
35.20891050057407, 67.20024838930117
35.255421610878656, 67.20064395181922
35.30193272118325, 67.20103951433728
35.348443831487835, 67.20143507685535
35.39495494179243, 67.2018306393734
35.44146605209701, 67.20222620189146
35.487977162401606, 67.20262176440951
35.53448827270619, 67.20301732692758
35.580999383010784, 67.20341288944564
35.62751049331537, 67.2038084519637
35.67402160361996, 67.20420401448176
35.72053271392455, 67.20459957699983
35.76704382422914, 67.20499513951788
35.81355493453373, 67.20539070203594
35.86006604483832, 67.20578626455399
35.906577155142905, 67.20618182707206
35.9530882654475, 67.20657738959012
35.999599375752084, 67.20697295210817
36.046110486056676, 67.20736851462624
36.09262159636126, 67.20776407714429
36.139132706665855, 67.20815963966236
36.18564381697044, 67.20855520218042
36.23215492727503, 67.20895076469847
36.27866603757962, 67.20934632721654
36.32517714788421, 67.20974188973459
36.3716882581888, 67.21013745225265
36.41819936849339, 67.21053301477072
36.464710478797976, 67.21092857728877
36.51122158910257, 67.21132413980683
36.557732699407154, 67.21171970232488
36.60424380971175, 67.21211526484295
36.65075492001633, 67.21251082736102
36.697266030320925, 67.21290638987907
36.74377714062551, 67.21330195239713
36.790288250930104, 67.2136975149152
36.83679936123469, 67.21409307743325
36.88331047153928, 67.21448863995131
36.92982158184387, 67.21488420246936
36.97633269214846, 67.21527976498743
37.022843802453046, 67.2156753275055
37.06935491275764, 67.21607089002354
37.115866023062225, 67.21646645254161
37.16237713336682, 67.21686201505966
37.2088882436714, 67.21725757757773
37.255399353975996, 67.21765314009579
37.30191046428058, 67.21804870261384
37.348421574585174, 67.21844426513191
37.39493268488976, 67.21883982764996
37.44144379519435, 67.21923539016802
37.487954905498945, 67.18089233869328
37.53446601580353, 67.06113089651471
37.580977126108124, 66.94136945433613
37.62748823641271, 66.82160801215755
37.6739993467173, 66.70184656997897
37.72051045702189, 66.5820851278004
37.76702156732648, 66.46232368562181
37.813532677631066, 66.34256224344324
37.86004378793566, 66.22280080126464
37.906554898240245, 66.10303935908607
37.95306600854484, 65.98327791690748
37.99957711884942, 65.86351647472891
38.046088229154016, 65.74375503255033
38.0925993394586, 65.62399359037175
38.139110449763194, 65.50423214819315
38.18562156006778, 65.38447070601458
38.23213267037237, 65.264709263836
38.27864378067696, 65.14494782165742
38.32515489098155, 65.02518637947884
38.37166600128614, 64.90542493730027
38.41817711159073, 64.78566349512168
38.464688221895315, 64.66590205294311
38.51119933219991, 64.54614061076451
38.557710442504494, 64.42637916858594
38.604221552809086, 64.30661772640735
38.65073266311367, 64.18685628422878
38.697243773418265, 64.0670948420502
38.74375488372285, 63.947333399871624
38.79026599402744, 63.82757195769303
38.83677710433203, 63.70781051551446
38.88328821463662, 63.58804907333587
38.92979932494121, 63.468287631157295
38.9763104352458, 63.34852618897871
39.022821545550386, 63.22876474680014
39.06933265585498, 63.109003304621545
39.115843766159564, 62.989241862442974
39.16235487646416, 62.86948042026439
39.20886598676874, 62.749718978085816
39.255377097073335, 62.629957535907224
39.30188820737792, 62.51019609372865
39.348399317682514, 62.390434651550066
39.3949104279871, 62.270673209371495
39.44142153829169, 62.1509117671929
39.48793264859628, 62.03115032501433
39.53444375890087, 61.91138888283574
39.580954869205456, 61.791627440657166
39.62746597951005, 61.67186599847858
39.673977089814635, 61.55210455630001
39.72048820011923, 61.432343114121416
39.76699931042381, 61.31258167194285
39.813510420728406, 61.19282022976426
39.86002153103299, 61.07305878758569
39.906532641337584, 60.953297345407094
39.95304375164217, 60.83353590322852
39.99955486194676, 60.71377446104994
40.04606597225135, 60.594013018871365
40.09257708255594, 60.47425157669277
40.13908819286053, 60.3544901345142
40.18559930316512, 60.234728692335615
40.232110413469705, 60.114967250157044
40.2786215237743, 59.99520580797845
40.325132634078884, 59.87544436579988
40.371643744383476, 59.75568292362129
40.41815485468806, 59.63592148144272
40.464665964992655, 59.51616003926413
40.51117707529724, 59.39639859708556
40.55768818560183, 59.276637154906965
40.60419929590642, 59.15687571272839
40.65071040621101, 59.03711427054981
40.6972215165156, 58.917352828371236
40.74373262682019, 58.79759138619264
40.790243737124776, 58.67782994401407
40.83675484742937, 58.558068501835486
40.88326595773396, 58.43830705965689
40.92977706803855, 58.31854561747832
40.97628817834314, 58.198784175299735
41.022799288647725, 58.079022733121164
41.06931039895232, 57.95926129094257
41.115821509256904, 57.839499848764
41.1623326195615, 57.71973840658541
41.20884372986608, 57.599976964406835
41.255354840170675, 57.48021552222825
41.30186595047526, 57.36045408004968
41.34837706077985, 57.24069263787109
41.39488817108444, 57.12093119569252
41.44139928138903, 57.00116975351393
41.48791039169362, 56.881408311335356
41.53442150199821, 56.76164686915676
41.580932612302796, 56.64188542697819
41.62744372260739, 56.522123984799606
41.673954832911974, 56.402362542621034
41.72046594321657, 56.28260110044244
41.76697705352115, 56.16283965826387
41.813488163825745, 56.043078216085284
41.85999927413033, 55.92331677390671
41.906510384434924, 55.80355533172812
41.95302149473951, 55.68379388954955
41.9995326050441, 55.56403244737096
42.04604371534869, 55.44427100519239
42.09255482565328, 55.3245095630138
42.139065935957866, 55.20474812083523
42.18557704626246, 55.084986678656634
42.232088156567045, 54.96522523647806
42.27859926687164, 54.84546379429948
42.32511037717622, 54.725702352120905
42.371621487480816, 54.60594090994231
42.4181325977854, 54.48617946776374
42.464643708089994, 54.366418025585155
42.51115481839458, 54.24665658340658
42.55766592869917, 54.12689514122799
42.60417703900376, 54.00713369904942
42.65068814930835, 53.88737225687083
42.69719925961294, 53.76761081469226
42.74371036991753, 53.64784937251367
42.790221480222115, 53.5280879303351
42.83673259052671, 53.408326488156504
42.883243700831294, 53.28856504597793
42.929754811135886, 53.16880360379935
42.97626592144047, 53.049042161620775
43.022777031745065, 52.92928071944219
43.06928814204965, 52.80951927726362
43.11579925235424, 52.689757835085025
43.16231036265883, 52.569996392906454
43.20882147296342, 52.45023495072786
43.25533258326801, 52.33047350854929
43.3018436935726, 52.210712066370704
43.348354803877186, 52.09095062419213
43.39486591418178, 51.97118918201354
43.441377024486364, 51.85142773983497
43.48788813479096, 51.73166629765638
43.53439924509554, 51.61190485547781
43.580910355400135, 51.49214341329922
43.62742146570472, 51.372381971120646
43.673932576009314, 51.25262052894206
43.7204436863139, 51.13285908676349
43.76695479661849, 51.013097644584896
43.81346590692308, 50.893336202406324
43.85997701722767, 50.77357476022773
43.906488127532256, 50.65381331804916
43.95299923783685, 50.534051875870574
43.999510348141435, 50.414290433692
44.04602145844603, 50.29452899151342
44.09253256875061, 50.174767549334845
44.139043679055206, 50.055006107156245
44.18555478935979, 49.935244664977674
44.232065899664384, 49.81548322279909
44.27857700996898, 49.6957217806205
44.32508812027356, 49.57596033844193
44.371599230578155, 49.45619889626334
44.41811034088274, 49.336437454084766
44.464621451187334, 49.21667601190617
44.51113256149192, 49.0969145697276
44.55764367179651, 48.977153127549016
44.6041547821011, 48.857391685370445
44.65066589240569, 48.73763024319186
44.697177002710276, 48.61786880101329
44.74368811301487, 48.498107358834694
44.790199223319455, 48.37834591665612
44.83671033362405, 48.25858447447753
44.88322144392863, 48.13882303229896
44.929732554233226, 48.01906159012037
44.97624366453781, 47.8993001479418
45.022754774842404, 47.77953870576321
45.06926588514699, 47.65977726358464
45.11577699545158, 47.540015821406044
45.16228810575617, 47.42025437922747
45.20879921606076, 47.30049293704889
45.25531032636535, 47.180731494870315
45.30182143666994, 47.06097005269173
45.348332546974525, 46.94120861051316
45.39484365727912, 46.821447168334565
45.441354767583704, 46.70168572615599
45.4878658778883, 46.5819242839774
45.53437698819288, 46.46216284179883
45.580888098497475, 46.34240139962024
45.62739920880206, 46.22263995744167
45.67391031910665, 46.102878515263086
45.72042142941124, 45.983117073084514
45.76693253971583, 45.863355630905914
45.81344365002042, 45.74359418872734
45.85995476032501, 45.62383274654876
45.906465870629596, 45.504071304370186
45.95297698093419, 45.3843098621916
45.999488091238774, 45.26454842001303
46.04599920154337, 45.144786977834436
46.09251031184795, 45.025025535655864
46.139021422152545, 44.90526409347727
46.18553253245713, 44.7855026512987
46.232043642761724, 44.665741209120114
46.27855475306631, 44.54597976694154
46.3250658633709, 44.42621832476296
46.37157697367549, 44.306456882584385
46.41808808398008, 44.18669544040579
46.464599194284666, 44.06693399822722
