Parameters: [47.76625830517496, 17.528387416992075, 13.728341993295611, 43.89504449830889, 3.6070506343649127, 0.15899268904382302, -3.2078317731594823]
Points:
0.0, 17.528387416992075
0.04781407237755251, 17.700855197093095
0.09562814475510502, 17.873322977194118
0.14344221713265753, 18.045790757295137
0.19125628951021004, 18.218258537396157
0.23907036188776254, 18.39072631749718
0.28688443426531507, 18.5631940975982
0.33469850664286754, 18.73566187769922
0.3825125790204201, 18.90812965780024
0.4303266513979726, 19.08059743790126
0.4781407237755251, 19.25306521800228
0.5259547961530776, 19.425532998103304
0.5737688685306301, 19.598000778204323
0.6215829409081827, 19.770468558305343
0.6693970132857351, 19.942936338406362
0.7172110856632876, 20.115404118507385
0.7650251580408401, 20.287871898608405
0.8128392304183927, 20.460339678709424
0.8606533027959452, 20.632807458810447
0.9084673751734976, 20.805275238911467
0.9562814475510502, 20.977743019012486
1.0040955199286028, 21.15021079911351
1.0519095923061552, 21.32267857921453
1.0997236646837076, 21.495146359315548
1.1475377370612603, 21.66761413941657
1.1953518094388127, 21.84008191951759
1.2431658818163653, 22.01254969961861
1.2909799541939178, 22.185017479719633
1.3387940265714702, 22.357485259820653
1.3866080989490228, 22.529953039921672
1.4344221713265752, 22.702420820022695
1.4822362437041279, 22.874888600123715
1.5300503160816803, 23.047356380224734
1.5778643884592327, 23.219824160325757
1.6256784608367854, 23.392291940426777
1.6734925332143378, 23.564759720527796
1.7213066055918904, 23.73722750062882
1.7691206779694428, 23.90969528072984
1.8169347503469953, 24.082163060830858
1.864748822724548, 24.25463084093188
1.9125628951021003, 24.4270986210329
1.960376967479653, 24.59956640113392
2.0081910398572056, 24.772034181234943
2.056005112234758, 24.944501961335963
2.1038191846123104, 25.116969741436982
2.151633256989863, 25.289437521538005
2.1994473293674153, 25.461905301639025
2.247261401744968, 25.634373081740044
2.2950754741225206, 25.806840861841067
2.3428895465000728, 25.979308641942083
2.3907036188776254, 26.151776422043106
2.438517691255178, 26.32424420214413
2.4863317636327307, 26.49671198224515
2.534145836010283, 26.669179762346168
2.5819599083878355, 26.84164754244719
2.629773980765388, 27.01411532254821
2.6775880531429403, 27.18658310264923
2.725402125520493, 27.359050882750253
2.7732161978980456, 27.53151866285127
2.821030270275598, 27.703986442952292
2.8688443426531505, 27.87645422305331
2.916658415030703, 28.04892200315433
2.9644724874082558, 28.221389783255354
3.012286559785808, 28.393857563356374
3.0601006321633606, 28.566325343457393
3.1079147045409132, 28.738793123558416
3.1557287769184654, 28.911260903659436
3.203542849296018, 29.083728683760455
3.2513569216735707, 29.256196463861478
3.2991709940511234, 29.4286642439625
3.3469850664286755, 29.601132024063517
3.394799138806228, 29.77359980416454
3.442613211183781, 29.946067584265563
3.490427283561333, 30.11853536436658
3.5382413559388857, 30.291003144467602
3.5860554283164383, 30.46347092456862
3.6338695006939905, 30.63593870466964
3.681683573071543, 30.808406484770664
3.729497645449096, 30.980874264871684
3.7773117178266484, 31.153342044972703
3.8251257902042006, 31.325809825073726
3.8729398625817533, 31.498277605174746
3.920753934959306, 31.670745385275765
3.968568007336858, 31.84321316537679
4.016382079714411, 32.01568094547781
4.064196152091963, 32.18814872557883
4.112010224469516, 32.36061650567985
4.159824296847068, 32.53308428578087
4.207638369224621, 32.70555206588189
4.2554524416021735, 32.87801984598291
4.303266513979726, 33.050487626083935
4.351080586357278, 33.22295540618495
4.3988946587348305, 33.395423186285974
4.446708731112383, 33.567890966387
4.494522803489936, 33.74035874648801
4.5423368758674885, 33.912826526589036
4.590150948245041, 34.08529430669006
4.637965020622594, 34.257762086791075
4.6857790930001455, 34.43022986689209
4.733593165377698, 34.60269764699312
4.781407237755251, 34.77516542709414
4.829221310132803, 34.94763320719515
4.877035382510356, 35.12010098729618
4.924849454887909, 35.2925687673972
4.972663527265461, 35.46503654749822
5.020477599643013, 35.63750432759924
5.068291672020566, 35.80997210770026
5.116105744398118, 35.98243988780128
5.163919816775671, 36.15490766790231
5.211733889153224, 36.32737544800332
5.259547961530776, 36.499843228104346
5.307362033908329, 36.67231100820537
5.355176106285881, 36.844778788306385
5.402990178663433, 37.0172465684074
5.450804251040986, 37.18971434850843
5.498618323418539, 37.36218212860945
5.546432395796091, 37.53464990871046
5.594246468173644, 37.70711768881149
5.642060540551196, 37.87958546891251
5.689874612928748, 38.052053249013525
5.737688685306301, 38.22452102911455
5.785502757683854, 38.39698880921557
5.833316830061406, 38.56945658931659
5.881130902438959, 38.74192436941762
5.9289449748165115, 38.91439214951863
5.976759047194063, 39.08685992961965
6.024573119571616, 39.25932770972067
6.0723871919491685, 39.431795489821695
6.120201264326721, 39.60426326992271
6.168015336704274, 39.77673105002374
6.2158294090818265, 39.94919883012476
6.263643481459379, 40.12166661022578
6.311457553836931, 40.294134390326796
6.3592716262144835, 40.46660217042782
6.407085698592036, 40.639069950528835
6.454899770969589, 40.81153773062986
6.502713843347141, 40.98400551073088
6.550527915724694, 41.1564732908319
6.598341988102247, 41.32894107093293
6.6461560604797985, 41.50140885103394
6.693970132857351, 41.67387663113496
6.741784205234904, 41.84634441123598
6.789598277612456, 42.018812191337005
6.837412349990009, 42.19127997143802
6.885226422367562, 42.36374775153905
6.933040494745113, 42.53621553164007
6.980854567122666, 42.70868331174108
7.028668639500219, 42.881151091842106
7.076482711877771, 43.05361887194313
7.124296784255324, 43.226086652044145
7.172110856632877, 43.39855443214517
7.219924929010429, 43.57102221224619
7.267739001387981, 43.74348999234721
7.315553073765534, 43.91595777244823
7.363367146143086, 44.08842555254925
7.411181218520639, 44.26089333265027
7.458995290898192, 44.43336111275129
7.506809363275744, 44.605828892852315
7.554623435653297, 44.77829667295333
7.602437508030849, 44.950764453054354
7.650251580408401, 45.12323223315538
7.698065652785954, 45.29570001325639
7.7458797251635065, 45.468167793357416
7.793693797541059, 45.64063557345844
7.841507869918612, 45.813103353559455
7.8893219422961645, 45.98557113366048
7.937136014673716, 46.1580389137615
7.984950087051269, 46.33050669386252
8.032764159428822, 46.50297447396355
8.080578231806374, 46.67544225406456
8.128392304183926, 46.84791003416558
8.17620637656148, 47.0203778142666
8.224020448939031, 47.192845594367625
8.271834521316585, 47.36531337446864
8.319648593694136, 47.537781154569664
8.36746266607169, 47.71024893467069
8.415276738449242, 47.8827167147717
8.463090810826793, 48.05518449487272
8.510904883204347, 48.22765227497375
8.558718955581899, 48.400120055074765
8.606533027959452, 48.572587835175796
8.654347100337004, 48.74505561527681
8.702161172714556, 48.91752339537783
8.74997524509211, 49.08999117547885
8.797789317469661, 49.26245895557987
8.845603389847215, 49.43492673568089
8.893417462224766, 49.60739451578191
8.94123153460232, 49.779862295882936
8.989045606979872, 49.95233007598395
9.036859679357423, 50.12479785608497
9.084673751734977, 50.297265636186
9.132487824112529, 50.46973341628701
9.180301896490082, 50.64220119638804
9.228115968867634, 50.81466897648905
9.275930041245187, 50.98713675659008
9.32374411362274, 51.1596045366911
9.371558186000291, 51.332072316792114
9.419372258377845, 51.50454009689314
9.467186330755396, 51.67700787699416
9.51500040313295, 51.849475657095184
9.562814475510502, 52.0219434371962
9.610628547888055, 52.19441121729722
9.658442620265607, 52.36687899739824
9.706256692643159, 52.53934677749926
9.754070765020712, 52.711814557600285
9.801884837398264, 52.8842823377013
9.849698909775817, 53.05675011780232
9.89751298215337, 53.22921789790335
9.945327054530923, 53.40168567800437
9.993141126908474, 53.574153458105386
10.040955199286026, 53.7466212382064
10.08876927166358, 53.91908901830743
10.136583344041131, 54.09155679840845
10.184397416418685, 54.26402457850947
10.232211488796237, 54.43649235861049
10.28002556117379, 54.60896013871151
10.327839633551342, 54.78142791881253
10.375653705928894, 54.95389569891355
10.423467778306447, 55.12636347901457
10.471281850683999, 55.29883125911559
10.519095923061553, 55.47129903921662
10.566909995439104, 55.643766819317634
10.614724067816658, 55.81623459941866
10.66253814019421, 55.98870237951967
10.710352212571761, 56.161170159620696
10.758166284949315, 56.33363793972172
10.805980357326867, 56.506105719822735
10.85379442970442, 56.67857349992376
10.901608502081972, 56.85104128002478
10.949422574459525, 57.023509060125804
10.997236646837077, 57.19597684022682
11.045050719214629, 57.368444620327836
11.092864791592183, 57.54091240042886
11.140678863969734, 57.71338018052988
11.188492936347288, 57.885847960630905
11.23630700872484, 58.05831574073192
11.284121081102391, 58.23078352083294
11.331935153479945, 58.40325130093397
11.379749225857497, 58.57571908103498
11.42756329823505, 58.748186861136006
11.475377370612602, 58.92065464123702
11.523191442990155, 59.09312242133805
11.571005515367707, 59.26559020143907
11.618819587745259, 59.438057981540084
11.666633660122812, 59.61052576164111
11.714447732500364, 59.78299354174213
11.762261804877918, 59.95546132184315
11.81007587725547, 60.12792910194417
11.857889949633023, 60.30039688204519
11.905704022010575, 60.472864662146215
11.953518094388127, 60.64533244224723
12.00133216676568, 60.817800222348254
12.049146239143232, 60.99026800244927
12.096960311520785, 61.16273578255029
12.144774383898337, 61.335203562651316
12.19258845627589, 61.50767134275234
12.240402528653442, 61.680139122853355
12.288216601030994, 61.85260690295437
12.336030673408548, 62.0250746830554
12.3838447457861, 62.19754246315642
12.431658818163653, 62.37001024325744
12.479472890541205, 62.542478023358456
12.527286962918758, 62.714945803459486
12.57510103529631, 62.8874135835605
12.622915107673862, 63.05988136366152
12.670729180051415, 63.23234914376254
12.718543252428967, 63.404816923863564
12.76635732480652, 63.57728470396459
12.814171397184072, 63.7497524840656
12.861985469561626, 63.922220264166626
12.909799541939178, 64.09468804426764
12.95761361431673, 64.26715582436867
13.005427686694283, 64.43962360446969
13.053241759071835, 64.6120913845707
13.101055831449388, 64.78455916467172
13.14886990382694, 64.95702694477275
13.196683976204493, 65.12949472487378
13.244498048582045, 65.3019625049748
13.292312120959597, 65.47443028507581
13.34012619333715, 65.64689806517683
13.387940265714702, 65.81936584527784
13.435754338092256, 65.99183362537887
13.483568410469807, 66.16430140547989
13.53138248284736, 66.33676918558092
13.579196555224913, 66.50923696568194
13.627010627602465, 66.68170474578295
13.674824699980018, 66.85417252588397
13.72263877235757, 67.02664030598498
13.770452844735123, 67.05390743019576
13.818266917112675, 67.06150951813721
13.866080989490227, 67.06911160607865
13.91389506186778, 67.0767136940201
13.961709134245332, 67.08431578196154
14.009523206622886, 67.09191786990299
14.057337279000437, 67.09951995784442
14.105151351377991, 67.10712204578587
14.152965423755543, 67.11472413372731
14.200779496133094, 67.12232622166876
14.248593568510648, 67.1299283096102
14.2964076408882, 67.13753039755164
14.344221713265753, 67.14513248549308
14.392035785643305, 67.15273457343453
14.439849858020859, 67.16033666137596
14.48766393039841, 67.16793874931741
14.535478002775962, 67.17554083725885
14.583292075153516, 67.1831429252003
14.631106147531067, 67.19074501314174
14.67892021990862, 67.19834710108319
14.726734292286173, 67.20594918902464
14.774548364663726, 67.21355127696607
14.822362437041278, 67.22115336490752
14.87017650941883, 67.22875545284896
14.917990581796383, 67.23635754079041
14.965804654173935, 67.24395962873184
15.013618726551488, 67.2515617166733
15.06143279892904, 67.25916380461473
15.109246871306594, 67.26676589255618
15.157060943684145, 67.27436798049762
15.204875016061697, 67.28197006843907
15.25268908843925, 67.2895721563805
15.300503160816803, 67.29717424432195
15.348317233194356, 67.30477633226339
15.396131305571908, 67.31237842020484
15.443945377949461, 67.31998050814627
15.491759450327013, 67.32758259608772
15.539573522704565, 67.33518468402916
15.587387595082118, 67.34278677197061
15.63520166745967, 67.35038885991204
15.683015739837224, 67.3579909478535
15.730829812214775, 67.36559303579493
15.778643884592329, 67.37319512373638
15.82645795696988, 67.38079721167782
15.874272029347432, 67.38839929961927
15.922086101724986, 67.3960013875607
15.969900174102538, 67.40360347550215
16.01771424648009, 67.41120556344359
16.065528318857645, 67.41880765138504
16.113342391235197, 67.42640973932647
16.16115646361275, 67.43401182726792
16.2089705359903, 67.44161391520936
16.25678460836785, 67.44921600315081
16.304598680745407, 67.45681809109225
16.35241275312296, 67.4644201790337
16.40022682550051, 67.47202226697513
16.448040897878062, 67.47962435491658
16.495854970255614, 67.48722644285802
16.54366904263317, 67.49482853079947
16.59148311501072, 67.5024306187409
16.639297187388273, 67.51003270668235
16.687111259765825, 67.51763479462379
16.73492533214338, 67.52523688256524
16.78273940452093, 67.53283897050667
16.830553476898483, 67.54044105844812
16.878367549276035, 67.54804314638956
16.926181621653587, 67.55564523433101
16.973995694031142, 67.56324732227246
17.021809766408694, 67.5708494102139
17.069623838786246, 67.57845149815535
17.117437911163798, 67.58605358609678
17.16525198354135, 67.59365567403823
17.213066055918905, 67.60125776197967
17.260880128296456, 67.60885984992112
17.308694200674008, 67.61646193786255
17.35650827305156, 67.624064025804
17.40432234542911, 67.63166611374544
17.452136417806667, 67.63926820168689
17.49995049018422, 67.64687028962832
17.54776456256177, 67.65447237756977
17.595578634939322, 67.66207446551121
17.643392707316877, 67.66967655345266
17.69120677969443, 67.6772786413941
17.73902085207198, 67.68488072933555
17.786834924449533, 67.69248281727698
17.834648996827084, 67.70008490521843
17.88246306920464, 67.70768699315987
17.93027714158219, 67.71528908110132
17.978091213959743, 67.72289116904275
18.025905286337295, 67.7304932569842
18.073719358714847, 67.73809534492564
18.121533431092402, 67.74569743286709
18.169347503469954, 67.75329952080853
18.217161575847506, 67.76090160874998
18.264975648225057, 67.76850369669141
18.312789720602613, 67.77610578463286
18.360603792980164, 67.7837078725743
18.408417865357716, 67.79130996051575
18.456231937735268, 67.79891204845718
18.50404601011282, 67.80651413639863
18.551860082490375, 67.81411622434007
18.599674154867927, 67.82171831228152
18.64748822724548, 67.82932040022295
18.69530229962303, 67.8369224881644
18.743116372000582, 67.84452457610584
18.790930444378137, 67.85212666404729
18.83874451675569, 67.85972875198873
18.88655858913324, 67.86733083993018
18.934372661510793, 67.87493292787161
18.982186733888348, 67.88253501581306
19.0300008062659, 67.8901371037545
19.07781487864345, 67.89773919169595
19.125628951021003, 67.90534127963738
19.173443023398555, 67.91294336757883
19.22125709577611, 67.92054545552028
19.269071168153662, 67.92814754346172
19.316885240531214, 67.93574963140317
19.364699312908765, 67.9433517193446
19.412513385286317, 67.95095380728606
19.460327457663873, 67.95855589522749
19.508141530041424, 67.96615798316894
19.555955602418976, 67.97376007111038
19.603769674796528, 67.98136215905183
19.65158374717408, 67.98896424699326
19.699397819551635, 67.99656633493471
19.747211891929187, 68.00416842287615
19.79502596430674, 68.0117705108176
19.84284003668429, 68.01937259875903
19.890654109061845, 68.02697468670048
19.938468181439397, 68.03457677464192
19.98628225381695, 68.04217886258337
20.0340963261945, 68.0497809505248
20.081910398572052, 68.05738303846626
20.129724470949608, 68.06498512640769
20.17753854332716, 68.07258721434914
20.22535261570471, 68.08018930229058
20.273166688082263, 68.08779139023203
20.320980760459815, 68.09539347817346
20.36879483283737, 68.10299556611491
20.416608905214922, 68.11059765405635
20.464422977592474, 68.1181997419978
20.512237049970025, 68.12580182993923
20.56005112234758, 68.13340391788068
20.607865194725132, 68.14100600582212
20.655679267102684, 68.14860809376357
20.703493339480236, 68.156210181705
20.751307411857788, 68.16381226964646
20.799121484235343, 68.17141435758789
20.846935556612895, 68.17901644552934
20.894749628990446, 68.18661853347078
20.942563701367998, 68.19422062141223
20.99037777374555, 68.20182270935366
21.038191846123105, 68.20942479729511
21.086005918500657, 68.21702688523655
21.13381999087821, 68.224628973178
21.18163406325576, 68.23223106111944
21.229448135633316, 68.23983314906089
21.277262208010868, 68.24743523700232
21.32507628038842, 68.25503732494377
21.37289035276597, 68.2626394128852
21.420704425143523, 68.27024150082666
21.468518497521078, 68.2778435887681
21.51633256989863, 68.28544567670954
21.56414664227618, 68.29304776465099
21.611960714653733, 68.30064985259243
21.659774787031285, 68.30825194053388
21.70758885940884, 68.31585402847531
21.755402931786392, 68.32345611641676
21.803217004163944, 68.3310582043582
21.851031076541496, 68.33866029229965
21.89884514891905, 68.34626238024109
21.946659221296603, 68.35386446818254
21.994473293674154, 68.36146655612397
22.042287366051706, 68.36906864406542
22.090101438429258, 68.37667073200686
22.137915510806813, 68.38427281994831
22.185729583184365, 68.39187490788974
22.233543655561917, 68.3994769958312
22.28135772793947, 68.40707908377263
22.32917180031702, 68.41468117171408
22.376985872694576, 68.42228325965552
22.424799945072127, 68.42988534759697
22.47261401744968, 68.4374874355384
22.52042808982723, 68.44508952347985
22.568242162204783, 68.45269161142129
22.616056234582338, 68.46029369936274
22.66387030695989, 68.46789578730417
22.71168437933744, 68.47549787524562
22.759498451714993, 68.48309996318706
22.80731252409255, 68.49070205112851
22.8551265964701, 68.49830413906994
22.902940668847652, 68.5059062270114
22.950754741225204, 68.51350831495283
22.998568813602756, 68.52111040289428
23.04638288598031, 68.52871249083572
23.094196958357863, 68.53631457877717
23.142011030735414, 68.5439166667186
23.189825103112966, 68.55151875466005
23.237639175490518, 68.55912084260149
23.285453247868073, 68.56672293054294
23.333267320245625, 68.57432501848437
23.381081392623177, 68.58192710642582
23.42889546500073, 68.58952919436726
23.476709537378284, 68.59713128230871
23.524523609755835, 68.60473337025014
23.572337682133387, 68.6123354581916
23.62015175451094, 68.61993754613303
23.66796582688849, 68.62753963407448
23.715779899266046, 68.63514172201593
23.763593971643598, 68.64274380995737
23.81140804402115, 68.65034589789882
23.8592221163987, 68.65794798584025
23.907036188776253, 68.6655500737817
23.95485026115381, 68.67315216172314
24.00266433353136, 68.68075424966459
24.050478405908912, 68.68835633760602
24.098292478286464, 68.69595842554747
24.14610655066402, 68.70356051348891
24.19392062304157, 68.71116260143036
24.241734695419122, 68.7187646893718
24.289548767796674, 68.72636677731325
24.337362840174226, 68.73396886525468
24.38517691255178, 68.74157095319613
24.432990984929333, 68.74917304113757
24.480805057306885, 68.75677512907902
24.528619129684436, 68.76437721702045
24.57643320206199, 68.7719793049619
24.624247274439544, 68.77958139290334
24.672061346817095, 68.78718348084479
24.719875419194647, 68.79478556878622
24.7676894915722, 68.80238765672767
24.81550356394975, 68.80998974466911
24.863317636327306, 68.81759183261056
24.911131708704858, 68.825193920552
24.95894578108241, 68.83279600849345
25.00675985345996, 68.84039809643488
25.054573925837516, 68.84800018437633
25.102387998215068, 68.85560227231777
25.15020207059262, 68.86320436025922
25.19801614297017, 68.87080644820065
25.245830215347723, 68.8784085361421
25.29364428772528, 68.88601062408354
25.34145836010283, 68.89361271202499
25.389272432480382, 68.90121479996643
25.437086504857934, 68.90881688790788
25.484900577235486, 68.91641897584931
25.53271464961304, 68.92402106379076
25.580528721990593, 68.9316231517322
25.628342794368145, 68.93922523967365
25.676156866745696, 68.94682732761508
25.72397093912325, 68.95442941555653
25.771785011500803, 68.96203150349797
25.819599083878355, 68.96963359143942
25.867413156255907, 68.97723567938085
25.91522722863346, 68.9848377673223
25.963041301011014, 68.99243985526375
26.010855373388566, 69.00004194320519
26.058669445766117, 69.00764403114664
26.10648351814367, 69.01524611908808
26.15429759052122, 69.02284820702953
26.202111662898776, 69.03045029497096
26.249925735276328, 69.03805238291241
26.29773980765388, 69.04565447085385
26.34555388003143, 69.0532565587953
26.393367952408987, 69.06085864673673
26.44118202478654, 69.06846073467818
26.48899609716409, 69.07606282261962
26.536810169541642, 69.08366491056107
26.584624241919194, 69.0912669985025
26.63243831429675, 69.09886908644395
26.6802523866743, 69.10647117438539
26.728066459051853, 69.11407326232684
26.775880531429404, 69.12167535026828
26.823694603806956, 69.12927743820973
26.87150867618451, 69.13687952615116
26.919322748562063, 69.14448161409261
26.967136820939615, 69.15208370203405
27.014950893317167, 69.1596857899755
27.06276496569472, 69.16728787791693
27.110579038072274, 69.17488996585838
27.158393110449826, 69.18249205379982
27.206207182827377, 69.19009414174127
27.25402125520493, 69.1976962296827
27.301835327582484, 69.20529831762416
27.349649399960036, 69.21290040556559
27.397463472337588, 69.22050249350704
27.44527754471514, 69.22810458144848
27.49309161709269, 69.23570666938993
27.540905689470247, 69.24330875733136
27.5887197618478, 69.25091084527281
27.63653383422535, 69.25851293321425
27.684347906602902, 69.2661150211557
27.732161978980454, 69.27371710909713
27.77997605135801, 69.28131919703858
27.82779012373556, 69.28892128498002
27.875604196113112, 69.29652337292147
27.923418268490664, 69.3041254608629
27.97123234086822, 69.31172754880436
28.01904641324577, 69.31932963674579
28.066860485623323, 69.32693172468724
28.114674558000875, 69.33453381262868
28.162488630378427, 69.34213590057013
28.210302702755982, 69.34973798851158
28.258116775133534, 69.35734007645301
28.305930847511085, 69.36494216439445
28.353744919888637, 69.3725442523359
28.40155899226619, 69.38014634027735
28.449373064643744, 69.38774842821879
28.497187137021296, 69.39535051616024
28.545001209398848, 69.40295260410167
28.5928152817764, 69.41055469204312
28.640629354153955, 69.41815677998456
28.688443426531506, 69.425758867926
28.73625749890906, 69.43336095586744
28.78407157128661, 69.44096304380889
28.83188564366416, 69.44856513175033
28.879699716041717, 69.45616721969178
28.92751378841927, 69.46376930763321
28.97532786079682, 69.47137139557466
29.023141933174372, 69.4789734835161
29.070956005551924, 69.48657557145755
29.11877007792948, 69.49417765939899
29.16658415030703, 69.50177974734044
29.214398222684583, 69.50938183528187
29.262212295062135, 69.51698392322332
29.31002636743969, 69.52458601116476
29.35784043981724, 69.53218809910621
29.405654512194793, 69.53979018704764
29.453468584572345, 69.5473922749891
29.501282656949897, 69.55499436293053
29.549096729327452, 69.56259645087198
29.596910801705004, 69.57019853881341
29.644724874082556, 69.57780062675486
29.692538946460107, 69.5854027146963
29.74035301883766, 69.59300480263775
29.788167091215215, 69.60060689057919
29.835981163592766, 69.60820897852064
29.883795235970318, 69.61581106646207
29.93160930834787, 69.62341315440352
29.97942338072542, 69.63101524234496
30.027237453102977, 69.63861733028641
30.07505152548053, 69.64621941822784
30.12286559785808, 69.6538215061693
30.170679670235632, 69.66142359411073
30.218493742613187, 69.66902568205218
30.26630781499074, 69.67662776999362
30.31412188736829, 69.68422985793507
30.361935959745843, 69.6918319458765
30.409750032123394, 69.69943403381795
30.45756410450095, 69.70703612175939
30.5053781768785, 69.71463820970084
30.553192249256053, 69.72224029764229
30.601006321633605, 69.72984238558372
30.648820394011157, 69.73744447352516
30.696634466388712, 69.74504656146661
30.744448538766264, 69.75264864940806
30.792262611143816, 69.7602507373495
30.840076683521367, 69.76785282529094
30.887890755898923, 69.77545491323238
30.935704828276474, 69.78305700117383
30.983518900654026, 69.79065908911527
31.031332973031578, 69.79826117705672
31.07914704540913, 69.80586326499815
31.126961117786685, 69.8134653529396
31.174775190164237, 69.82106744088104
31.22258926254179, 69.82866952882249
31.27040333491934, 69.83627161676392
31.318217407296892, 69.84387370470537
31.366031479674447, 69.85147579264681
31.413845552052, 69.85907788058826
31.46165962442955, 69.8666799685297
31.509473696807103, 69.87428205647115
31.557287769184658, 69.88188414441258
31.60510184156221, 69.88948623235403
31.65291591393976, 69.89708832029547
31.700729986317313, 69.90469040823692
31.748544058694865, 69.91229249617835
31.79635813107242, 69.9198945841198
31.844172203449972, 69.92749667206124
31.891986275827524, 69.93509876000269
31.939800348205075, 69.94270084794412
31.987614420582627, 69.95030293588557
32.03542849296018, 69.95790502382701
32.083242565337734, 69.96550711176846
32.13105663771529, 69.9731091997099
32.17887071009284, 69.98071128765135
32.22668478247039, 69.98831337559278
32.27449885484794, 69.99591546353423
32.3223129272255, 70.00351755147567
32.37012699960305, 70.01111963941712
32.4179410719806, 70.01872172735855
32.465755144358155, 70.0263238153
32.5135692167357, 70.03392590324144
32.56138328911326, 70.04152799118289
32.609197361490814, 70.04913007912432
32.65701143386836, 70.05673216706577
32.70482550624592, 70.06433425500722
32.752639578623466, 70.07193634294866
32.80045365100102, 70.0795384308901
32.84826772337858, 70.08714051883155
32.896081795756125, 70.094742606773
32.94389586813368, 70.10234469471443
32.99170994051123, 70.10994678265588
33.03952401288878, 70.11754887059732
33.08733808526634, 70.12515095853877
33.13515215764389, 70.1327530464802
33.18296623002144, 70.14035513442165
33.23078030239899, 70.14795722236309
33.278594374776546, 70.15555931030454
33.3264084471541, 70.16316139824598
33.37422251953165, 70.17076348618743
33.422036591909205, 70.17836557412886
33.46985066428676, 70.18596766207031
33.51766473666431, 70.19356975001175
33.56547880904186, 70.2011718379532
33.61329288141941, 70.20877392589463
33.66110695379697, 70.21637601383608
33.70892102617452, 70.22397810177752
33.75673509855207, 70.23158018971897
33.804549170929626, 70.2391822776604
33.852363243307174, 70.24678436560185
33.90017731568473, 70.25438645354329
33.947991388062285, 70.26198854148474
33.99580546043983, 70.26959062942618
34.04361953281739, 70.27719271736763
34.091433605194936, 70.28479480530906
34.13924767757249, 70.29239689325051
34.18706174995005, 70.29999898119195
34.234875822327595, 70.3076010691334
34.28268989470515, 70.31520315707483
34.3305039670827, 70.32280524501628
34.378318039460254, 70.33040733295772
34.42613211183781, 70.33800942089917
34.47394618421536, 70.3456115088406
34.52176025659291, 70.35321359678206
34.56957432897046, 70.36081568472349
34.617388401348016, 70.36841777266494
34.66520247372557, 70.37601986060638
34.71301654610312, 70.38362194854783
34.760830618480675, 70.39122403648926
34.80864469085822, 70.39882612443071
34.85645876323578, 70.40642821237215
34.904272835613334, 70.4140303003136
34.95208690799088, 70.42163238825503
34.99990098036844, 70.42923447619648
35.04771505274599, 70.43683656413793
35.09552912512354, 70.44443865207937
35.143343197501096, 70.45204074002082
35.191157269878644, 70.45964282796226
35.2389713422562, 70.4672449159037
35.286785414633755, 70.47484700384514
35.3345994870113, 70.48244909178659
35.38241355938886, 70.49005117972803
35.43022763176641, 70.49765326766948
35.47804170414396, 70.50525535561091
35.52585577652152, 70.51285744355236
35.573669848899065, 70.5204595314938
35.62148392127662, 70.52806161943525
35.66929799365417, 70.53566370737668
35.717112066031724, 70.54326579531813
35.76492613840928, 70.55086788325957
35.81274021078683, 70.55846997120102
35.86055428316438, 70.56607205914246
35.90836835554193, 70.5736741470839
35.95618242791949, 70.58127623502534
36.00399650029704, 70.58887832296679
36.05181057267459, 70.59648041090823
36.099624645052145, 70.60408249884968
36.147438717429694, 70.61168458679111
36.19525278980725, 70.61928667473256
36.243066862184804, 70.626888762674
36.29088093456235, 70.63449085061545
36.33869500693991, 70.64209293855689
36.38650907931746, 70.64969502649834
36.43432315169501, 70.65729711443977
36.48213722407257, 70.66489920238122
36.529951296450115, 70.67250129032266
36.57776536882767, 70.6801033782641
36.625579441205225, 70.68770546620554
36.67339351358277, 70.69530755414699
36.72120758596033, 70.70290964208843
36.76902165833788, 70.71051173002988
36.81683573071543, 70.71811381797131
36.86464980309299, 70.72571590591276
36.912463875470536, 70.7333179938542
36.96027794784809, 70.74092008179565
37.00809202022564, 70.74852216973709
37.055906092603195, 70.75612425767854
37.10372016498075, 70.76372634561997
37.1515342373583, 70.77132843356142
37.19934830973585, 70.77893052150287
37.2471623821134, 70.78653260944431
37.29497645449096, 70.79413469738574
37.34279052686851, 70.8017367853272
37.39060459924606, 70.80933887326864
37.438418671623616, 70.81694096121008
37.486232744001164, 70.82454304915152
37.53404681637872, 70.83214513709297
37.581860888756275, 70.83974722503442
37.62967496113382, 70.84734931297585
37.67748903351138, 70.8549514009173
37.725303105888926, 70.86255348885874
37.77311717826648, 70.87015557680019
37.82093125064404, 70.87775766474162
37.868745323021585, 70.88535975268307
37.91655939539914, 70.89296184062451
37.964373467776696, 70.90056392856596
38.012187540154244, 70.9081660165074
38.0600016125318, 70.91576810444884
38.10781568490935, 70.92337019239028
38.1556297572869, 70.93097228033173
38.20344382966446, 70.93857436827317
38.251257902042006, 70.94617645621462
38.29907197441956, 70.95377854415605
38.34688604679711, 70.9613806320975
38.394700119174665, 70.96898272003894
38.44251419155222, 70.97658480798039
38.49032826392977, 70.98418689592182
38.538142336307324, 70.99178898386327
38.58595640868487, 70.99939107180471
38.63377048106243, 71.00699315974616
38.68158455343998, 71.0145952476876
38.72939862581753, 71.02219733562904
38.777212698195086, 71.02979942357048
38.825026770572634, 71.03740151151193
38.87284084295019, 71.04500359945337
38.920654915327745, 71.05260568739482
38.96846898770529, 71.06020777533625
39.01628306008285, 71.0678098632777
39.0640971324604, 71.07541195121914
39.11191120483795, 71.08301403916059
39.15972527721551, 71.09061612710202
39.207539349593056, 71.09821821504347
39.25535342197061, 71.10582030298491
39.30316749434816, 71.11342239092636
39.350981566725714, 71.1210244788678
39.39879563910327, 71.12862656680925
39.44660971148082, 71.13622865475068
39.49442378385837, 71.14383074269213
39.54223785623593, 71.15143283063358
39.59005192861348, 71.15903491857502
39.63786600099103, 71.16663700651647
39.68568007336858, 71.1742390944579
39.733494145746135, 71.18184118239935
39.78130821812369, 71.18944327034079
39.82912229050124, 71.19704535828224
39.876936362878794, 71.20464744622367
39.92475043525634, 71.21224953416512
39.9725645076339, 71.21985162210656
40.02037858001145, 71.22745371004801
40.068192652389, 71.23505579798945
40.11600672476656, 71.2426578859309
40.163820797144105, 71.25025997387233
40.21163486952166, 71.25786206181378
40.259448941899215, 71.26546414975522
40.307263014276764, 71.27306623769667
40.35507708665432, 71.2806683256381
40.40289115903187, 71.28827041357955
40.45070523140942, 71.29587250152099
40.49851930378698, 71.30347458946244
40.546333376164526, 71.31107667740388
40.59414744854208, 71.31867876534533
40.64196152091963, 71.32628085328676
40.689775593297185, 71.33388294122821
40.73758966567474, 71.34148502916965
40.78540373805229, 71.3490871171111
40.833217810429844, 71.35668920505253
40.8810318828074, 71.36429129299398
40.92884595518495, 71.37189338093542
40.9766600275625, 71.37949546887687
41.02447409994005, 71.3870975568183
41.072288172317606, 71.39469964475975
41.12010224469516, 71.40230173270119
41.16791631707271, 71.40990382064264
41.215730389450265, 71.41750590858408
41.26354446182781, 71.42510799652553
41.31135853420537, 71.43271008446696
41.35917260658292, 71.44031217240841
41.40698667896047, 71.44791426034985
41.45480075133803, 71.4555163482913
41.502614823715575, 71.46311843623273
41.55042889609313, 71.47072052417418
41.598242968470686, 71.47832261211562
41.646057040848234, 71.48592470005707
41.69387111322579, 71.49352678799852
41.74168518560334, 71.50112887593995
41.78949925798089, 71.50873096388139
41.83731333035845, 71.51633305182284
41.885127402735996, 71.52393513976429
41.93294147511355, 71.53153722770573
41.9807555474911, 71.53913931564716
42.028569619868655, 71.54674140358861
42.07638369224621, 71.55434349153006
42.12419776462376, 71.5619455794715
42.172011837001314, 71.56954766741295
42.21982590937886, 71.57714975535438
42.26763998175642, 71.58475184329583
42.31545405413397, 71.59235393123727
42.36326812651152, 71.59995601917872
42.411082198889076, 71.60755810712016
42.45889627126663, 71.6151601950616
42.50671034364418, 71.62276228300304
42.554524416021735, 71.63036437094449
42.60233848839928, 71.63796645888593
42.65015256077684, 71.64556854682738
42.697966633154394, 71.65317063476881
42.74578070553194, 71.66077272271026
42.7935947779095, 71.6683748106517
42.841408850287046, 71.67597689859315
42.8892229226646, 71.68357898653458
42.937036995042156, 71.69118107447603
42.984851067419704, 71.69878316241747
43.03266513979726, 71.70638525035892
43.08047921217481, 71.71398733830036
43.12829328455236, 71.7215894262418
43.17610735692992, 71.72919151418324
43.22392142930747, 71.73679360212469
43.27173550168502, 71.74439569006613
43.31954957406257, 71.75199777800758
43.367363646440126, 71.75959986594901
43.41517771881768, 71.76720195389046
43.46299179119523, 71.7748040418319
43.510805863572784, 71.78240612977335
43.55861993595033, 71.79000821771479
43.60643400832789, 71.79761030565624
43.65424808070544, 71.80521239359767
43.70206215308299, 71.81281448153912
43.74987622546055, 71.82041656948056
43.7976902978381, 71.828018657422
43.84550437021565, 71.83562074536344
43.893318442593205, 71.84322283330489
43.941132514970754, 71.69565465933474
43.98894658734831, 71.54227515875787
44.036760659725864, 71.388895658181
44.08457473210341, 71.23551615760415
44.13238880448097, 71.08213665702729
44.180202876858516, 70.92875715645044
44.22801694923607, 70.77537765587357
44.27583102161363, 70.6219981552967
44.323645093991175, 70.46861865471985
44.37145916636873, 70.31523915414299
44.41927323874628, 70.16185965356614
44.467087311123834, 70.00848015298926
44.51490138350139, 69.8551006524124
44.56271545587894, 69.70172115183556
44.61052952825649, 69.54834165125868
44.65834360063404, 69.39496215068183
44.706157673011596, 69.24158265010497
44.75397174538915, 69.0882031495281
44.8017858177667, 68.93482364895125
44.849599890144255, 68.78144414837439
44.8974139625218, 68.62806464779754
44.94522803489936, 68.47468514722067
44.993042107276914, 68.32130564664381
45.04085617965446, 68.16792614606696
45.08867025203202, 68.01454664549009
45.136484324409565, 67.86116714491324
45.18429839678712, 67.70778764433638
45.232112469164676, 67.5544081437595
45.279926541542224, 67.40102864318266
45.32774061391978, 67.24764914260578
45.375554686297335, 67.09426964202892
45.42336875867488, 66.94089014145207
45.47118283105244, 66.7875106408752
45.518996903429986, 66.63413114029835
45.56681097580754, 66.48075163972149
45.6146250481851, 66.32737213914461
45.662439120562645, 66.17399263856777
45.7102531929402, 66.0206131379909
45.75806726531775, 65.86723363741406
45.805881337695304, 65.71385413683718
45.85369541007286, 65.56047463626032
45.90150948245041, 65.40709513568348
45.94932355482796, 65.2537156351066
45.99713762720551, 65.10033613452975
46.044951699583066, 64.94695663395288
46.09276577196062, 64.79357713337602
46.14057984433817, 64.64019763279917
46.188393916715725, 64.4868181322223
46.23620798909327, 64.33343863164545
46.28402206147083, 64.18005913106859
46.331836133848384, 64.02667963049171
46.37965020622593, 63.873300129914874
46.42746427860349, 63.719920629338006
46.475278350981036, 63.56654112876116
46.52309242335859, 63.413161628184284
46.570906495736146, 63.259782127607416
46.618720568113694, 63.106402627030576
46.66653464049125, 62.9530231264537
46.7143487128688, 62.799643625876854
46.76216278524635, 62.646264125299986
46.80997685762391, 62.49288462472312
46.85779093000146, 62.33950512414627
46.90560500237901, 62.1861256235694
46.95341907475657, 62.032746122992535
47.001233147134116, 61.87936662241569
47.04904721951167, 61.72598712183882
47.09686129188922, 61.57260762126197
47.144675364266774, 61.419228120685105
47.19248943664433, 61.26584862010824
47.24030350902188, 61.11246911953139
47.28811758139943, 60.95908961895452
47.33593165377698, 60.805710118377675
47.38374572615454, 60.6523306178008
47.43155979853209, 60.49895111722394
47.47937387090964, 60.34557161664709
47.527187943287196, 60.19219211607022
47.575002015664744, 60.03881261549337
47.6228160880423, 59.8854331149165
47.670630160419854, 59.732053614339634
47.7184442327974, 59.57867411376279
47.76625830517496, 59.42529461318592
