Parameters: [52.06440129897882, 17.0143561872109, 11.693312384598487, 36.612174562740186, 3.7302020524618142, -0.1266013484904534, -3.4762620534752573]
Points:
0.0, 17.0143561872109
0.05211651781679562, 17.208761328938273
0.10423303563359124, 17.40316647066565
0.15634955345038687, 17.597571612393022
0.20846607126718247, 17.791976754120395
0.2605825890839781, 17.986381895847767
0.31269910690077374, 18.180787037575143
0.36481562471756934, 18.375192179302516
0.41693214253436495, 18.56959732102989
0.46904866035116055, 18.764002462757265
0.5211651781679562, 18.958407604484638
0.5732816959847518, 19.15281274621201
0.6253982138015475, 19.347217887939387
0.6775147316183431, 19.54162302966676
0.7296312494351387, 19.736028171394132
0.7817477672519343, 19.930433313121505
0.8338642850687299, 20.12483845484888
0.8859808028855255, 20.319243596576253
0.9380973207023211, 20.513648738303626
0.9902138385191167, 20.708053880031002
1.0423303563359123, 20.902459021758375
1.094446874152708, 21.096864163485748
1.1465633919695035, 21.29126930521312
1.1986799097862992, 21.485674446940497
1.250796427603095, 21.68007958866787
1.3029129454198904, 21.874484730395245
1.3550294632366862, 22.068889872122618
1.4071459810534817, 22.26329501384999
1.4592624988702774, 22.457700155577363
1.5113790166870729, 22.652105297304736
1.5634955345038686, 22.846510439032112
1.615612052320664, 23.040915580759485
1.6677285701374598, 23.23532072248686
1.7198450879542555, 23.429725864214234
1.771961605771051, 23.624131005941607
1.8240781235878467, 23.81853614766898
1.8761946414046422, 24.012941289396355
1.928311159221438, 24.207346431123728
1.9804276770382334, 24.4017515728511
2.032544194855029, 24.596156714578477
2.0846607126718246, 24.79056185630585
2.1367772304886206, 24.984966998033222
2.188893748305416, 25.179372139760595
2.2410102661222115, 25.37377728148797
2.293126783939007, 25.568182423215344
2.345243301755803, 25.76258756494272
2.3973598195725985, 25.956992706670093
2.449476337389394, 26.151397848397465
2.50159285520619, 26.345802990124838
2.5537093730229854, 26.54020813185221
2.605825890839781, 26.734613273579587
2.6579424086565764, 26.92901841530696
2.7100589264733723, 27.123423557034336
2.762175444290168, 27.31782869876171
2.8142919621069633, 27.51223384048908
2.866408479923759, 27.706638982216454
2.9185249977405547, 27.90104412394383
2.9706415155573502, 28.095449265671203
3.0227580333741457, 28.289854407398575
3.0748745511909417, 28.48425954912595
3.126991069007737, 28.678664690853324
3.1791075868245326, 28.873069832580697
3.231224104641328, 29.06747497430807
3.283340622458124, 29.261880116035446
3.3354571402749196, 29.45628525776282
3.387573658091715, 29.650690399490195
3.439690175908511, 29.845095541217567
3.4918066937253065, 30.03950068294494
3.543923211542102, 30.233905824672313
3.5960397293588975, 30.428310966399685
3.6481562471756934, 30.62271610812706
3.700272764992489, 30.817121249854434
3.7523892828092844, 31.01152639158181
3.8045058006260803, 31.205931533309183
3.856622318442876, 31.400336675036556
3.9087388362596713, 31.59474181676393
3.960855354076467, 31.7891469584913
4.012971871893263, 31.983552100218677
4.065088389710058, 32.177957241946054
4.117204907526854, 32.372362383673426
4.169321425343649, 32.5667675254008
4.221437943160445, 32.76117266712817
4.273554460977241, 32.95557780885555
4.325670978794037, 33.149982950582924
4.377787496610832, 33.3443880923103
4.429904014427628, 33.53879323403767
4.482020532244423, 33.73319837576504
4.534137050061219, 33.927603517492415
4.586253567878014, 34.12200865921979
4.6383700856948105, 34.31641380094716
4.690486603511606, 34.51081894267453
4.7426031213284014, 34.705224084401905
4.794719639145197, 34.899629226129285
4.846836156961992, 35.09403436785666
4.898952674778788, 35.28843950958403
4.951069192595583, 35.4828446513114
5.00318571041238, 35.67724979303878
5.055302228229175, 35.871654934766156
5.107418746045971, 36.06606007649353
5.159535263862766, 36.2604652182209
5.211651781679562, 36.45487035994827
5.263768299496357, 36.649275501675646
5.315884817313153, 36.84368064340302
5.368001335129948, 37.03808578513039
5.420117852946745, 37.232490926857764
5.47223437076354, 37.426896068585144
5.524350888580336, 37.62130121031252
5.576467406397131, 37.81570635203989
5.628583924213927, 38.01011149376726
5.680700442030722, 38.204516635494635
5.732816959847518, 38.39892177722201
5.784933477664314, 38.59332691894939
5.8370499954811095, 38.78773206067676
5.889166513297905, 38.98213720240413
5.9412830311147005, 39.176542344131505
5.993399548931496, 39.37094748585888
6.0455160667482915, 39.56535262758625
6.097632584565087, 39.75975776931362
6.149749102381883, 39.954162911041
6.201865620198679, 40.148568052768375
6.253982138015474, 40.34297319449575
6.30609865583227, 40.53737833622312
6.358215173649065, 40.73178347795049
6.410331691465861, 40.926188619677866
6.462448209282656, 41.120593761405246
6.514564727099453, 41.31499890313262
6.566681244916248, 41.50940404485999
6.618797762733044, 41.703809186587364
6.670914280549839, 41.89821432831474
6.723030798366635, 42.09261947004211
6.77514731618343, 42.28702461176948
6.827263834000226, 42.481429753496855
6.879380351817022, 42.675834895224234
6.9314968696338175, 42.87024003695161
6.983613387450613, 43.06464517867898
7.0357299052674085, 43.25905032040635
7.087846423084204, 43.453455462133725
7.1399629409009995, 43.647860603861105
7.192079458717795, 43.84226574558848
7.244195976534591, 44.03667088731585
7.296312494351387, 44.23107602904322
7.348429012168182, 44.425481170770595
7.400545529984978, 44.61988631249797
7.452662047801773, 44.81429145422534
7.504778565618569, 45.00869659595271
7.556895083435364, 45.203101737680086
7.609011601252161, 45.397506879407466
7.661128119068956, 45.59191202113484
7.713244636885752, 45.78631716286221
7.765361154702547, 45.98072230458959
7.817477672519343, 46.175127446316964
7.869594190336138, 46.369532588044336
7.921710708152934, 46.56393772977171
7.97382722596973, 46.75834287149908
8.025943743786526, 46.952748013226454
8.078060261603321, 47.14715315495383
8.130176779420117, 47.3415582966812
8.182293297236912, 47.53596343840857
8.234409815053708, 47.730368580135945
8.286526332870503, 47.92477372186332
8.338642850687298, 48.11917886359069
8.390759368504094, 48.31358400531806
8.44287588632089, 48.50798914704544
8.494992404137685, 48.702394288772815
8.547108921954482, 48.896799430500195
8.599225439771278, 49.09120457222757
8.651341957588073, 49.28560971395494
8.703458475404869, 49.48001485568231
8.755574993221664, 49.674419997409686
8.80769151103846, 49.86882513913706
8.859808028855255, 50.06323028086443
8.91192454667205, 50.257635422591804
8.964041064488846, 50.452040564319184
9.016157582305642, 50.646445706046556
9.068274100122437, 50.84085084777393
9.120390617939233, 51.0352559895013
9.172507135756028, 51.229661131228674
9.224623653572824, 51.42406627295605
9.276740171389621, 51.61847141468343
9.328856689206416, 51.8128765564108
9.380973207023212, 52.00728169813817
9.433089724840007, 52.201686839865545
9.485206242656803, 52.39609198159292
9.537322760473598, 52.59049712332029
9.589439278290394, 52.78490226504767
9.64155579610719, 52.97930740677504
9.693672313923985, 53.173712548502415
9.74578883174078, 53.36811769022979
9.797905349557576, 53.56252283195716
9.850021867374371, 53.75692797368453
9.902138385191167, 53.951333115411906
9.954254903007962, 54.14573825713928
10.00637142082476, 54.34014339886666
10.058487938641555, 54.53454854059403
10.11060445645835, 54.728953682321404
10.162720974275146, 54.923358824048776
10.214837492091942, 55.11776396577615
10.266954009908737, 55.31216910750353
10.319070527725533, 55.5065742492309
10.371187045542328, 55.700979390958274
10.423303563359124, 55.89538453268565
10.475420081175919, 56.08978967441302
10.527536598992715, 56.28419481614039
10.57965311680951, 56.478599957867765
10.631769634626306, 56.67300509959514
10.683886152443101, 56.86741024132251
10.736002670259897, 57.06181538304988
10.788119188076694, 57.25622052477726
10.84023570589349, 57.450625666504635
10.892352223710285, 57.64503080823201
10.94446874152708, 57.83943594995939
10.996585259343876, 58.03384109168676
11.048701777160671, 58.22824623341413
11.100818294977467, 58.422651375141506
11.152934812794262, 58.61705651686888
11.205051330611058, 58.81146165859625
11.257167848427853, 59.00586680032362
11.309284366244649, 59.200271942050996
11.361400884061444, 59.39467708377837
11.41351740187824, 59.58908222550574
11.465633919695035, 59.783487367233114
11.517750437511832, 59.977892508960494
11.569866955328628, 60.17229765068787
11.621983473145423, 60.366702792415246
11.674099990962219, 60.56110793414262
11.726216508779014, 60.62860833782518
11.77833302659581, 60.62201031639094
11.830449544412605, 60.61541229495671
11.882566062229401, 60.608814273522476
11.934682580046196, 60.60221625208825
11.986799097862992, 60.59561823065401
12.038915615679787, 60.58902020921978
12.091032133496583, 60.582422187785546
12.143148651313378, 60.57582416635131
12.195265169130174, 60.56922614491708
12.247381686946971, 60.562628123482845
12.299498204763767, 60.55603010204862
12.351614722580562, 60.54943208061438
12.403731240397358, 60.542834059180144
12.455847758214153, 60.536236037745915
12.507964276030949, 60.52963801631168
12.560080793847744, 60.52303999487745
12.61219731166454, 60.516441973443214
12.664313829481335, 60.509843952008985
12.71643034729813, 60.50324593057475
12.768546865114926, 60.49664790914051
12.820663382931722, 60.490049887706284
12.872779900748517, 60.48345186627205
12.924896418565313, 60.47685384483782
12.97701293638211, 60.47025582340358
13.029129454198905, 60.463657801969354
13.0812459720157, 60.45705978053512
13.133362489832496, 60.45046175910088
13.185479007649292, 60.44386373766665
13.237595525466087, 60.43726571623242
13.289712043282883, 60.43066769479819
13.341828561099678, 60.42406967336395
13.393945078916474, 60.417471651929716
13.44606159673327, 60.41087363049549
13.498178114550065, 60.40427560906125
13.55029463236686, 60.39767758762702
13.602411150183656, 60.391079566192786
13.654527668000451, 60.38448154475856
13.706644185817247, 60.37788352332432
13.758760703634044, 60.371285501890085
13.81087722145084, 60.364687480455856
13.862993739267635, 60.35808945902162
13.91511025708443, 60.35149143758739
13.967226774901226, 60.344893416153155
14.019343292718021, 60.33829539471892
14.071459810534817, 60.33169737328469
14.123576328351612, 60.325099351850454
14.175692846168408, 60.318501330416225
14.227809363985203, 60.31190330898199
14.279925881801999, 60.30530528754776
14.332042399618794, 60.298707266113524
14.38415891743559, 60.29210924467929
14.436275435252385, 60.28551122324506
14.488391953069183, 60.27891320181082
14.540508470885978, 60.272315180376594
14.592624988702774, 60.26571715894236
14.64474150651957, 60.25911913750813
14.696858024336365, 60.25252111607389
14.74897454215316, 60.24592309463966
14.801091059969956, 60.23932507320543
14.853207577786751, 60.23272705177119
14.905324095603547, 60.22612903033696
14.957440613420342, 60.21953100890273
15.009557131237138, 60.21293298746849
15.061673649053933, 60.20633496603426
15.113790166870729, 60.199736944600026
15.165906684687524, 60.1931389231658
15.218023202504321, 60.18654090173156
15.270139720321117, 60.17994288029733
15.322256238137912, 60.173344858863096
15.374372755954708, 60.16674683742886
15.426489273771503, 60.16014881599463
15.478605791588299, 60.153550794560395
15.530722309405094, 60.146952773126166
15.58283882722189, 60.14035475169193
15.634955345038685, 60.133756730257694
15.68707186285548, 60.127158708823465
15.739188380672276, 60.12056068738923
15.791304898489072, 60.113962665955
15.843421416305867, 60.107364644520764
15.895537934122663, 60.100766623086535
15.94765445193946, 60.0941686016523
15.999770969756256, 60.08757058021806
16.05188748757305, 60.080972558783834
16.104004005389847, 60.0743745373496
16.156120523206642, 60.06777651591537
16.208237041023438, 60.06117849448113
16.260353558840233, 60.054580473046904
16.31247007665703, 60.04798245161267
16.364586594473824, 60.04138443017843
16.41670311229062, 60.0347864087442
16.468819630107415, 60.02818838730997
16.52093614792421, 60.02159036587574
16.573052665741006, 60.0149923444415
16.6251691835578, 60.008394323007266
16.677285701374597, 60.00179630157304
16.729402219191392, 59.9951982801388
16.781518737008188, 59.98860025870457
16.833635254824983, 59.982002237270336
16.88575177264178, 59.97540421583611
16.937868290458574, 59.96880619440187
16.98998480827537, 59.962208172967635
17.042101326092165, 59.955610151533406
17.094217843908964, 59.94901213009917
17.14633436172576, 59.94241410866494
17.198450879542555, 59.935816087230705
17.25056739735935, 59.92921806579647
17.302683915176146, 59.92262004436224
17.354800432992942, 59.916022022928004
17.406916950809737, 59.909424001493775
17.459033468626533, 59.90282598005954
17.51114998644333, 59.89622795862531
17.563266504260124, 59.889629937191074
17.61538302207692, 59.88303191575684
17.667499539893715, 59.87643389432261
17.71961605771051, 59.86983587288837
17.771732575527306, 59.863237851454144
17.8238490933441, 59.85663983001991
17.875965611160897, 59.85004180858568
17.928082128977692, 59.84344378715144
17.980198646794488, 59.83684576571721
18.032315164611283, 59.83024774428298
18.08443168242808, 59.82364972284874
18.136548200244874, 59.81705170141451
18.18866471806167, 59.81045367998028
18.240781235878465, 59.80385565854604
18.29289775369526, 59.79725763711181
18.345014271512056, 59.790659615677576
18.397130789328852, 59.78406159424335
18.449247307145647, 59.77746357280911
18.501363824962443, 59.77086555137488
18.553480342779242, 59.764267529940646
18.605596860596037, 59.75766950850641
18.657713378412833, 59.75107148707218
18.70982989622963, 59.744473465637945
18.761946414046424, 59.737875444203716
18.81406293186322, 59.73127742276948
18.866179449680015, 59.724679401335244
18.91829596749681, 59.718081379901015
18.970412485313606, 59.71148335846678
19.0225290031304, 59.70488533703255
19.074645520947197, 59.698287315598314
19.126762038763992, 59.691689294164085
19.178878556580788, 59.68509127272985
19.230995074397583, 59.67849325129561
19.28311159221438, 59.671895229861384
19.335228110031174, 59.66529720842715
19.38734462784797, 59.65869918699292
19.439461145664765, 59.65210116555868
19.49157766348156, 59.645503144124454
19.543694181298356, 59.63890512269022
19.59581069911515, 59.63230710125598
19.647927216931947, 59.62570907982175
19.700043734748743, 59.61911105838752
19.752160252565538, 59.61251303695329
19.804276770382334, 59.60591501551905
19.85639328819913, 59.599316994084816
19.908509806015925, 59.59271897265059
19.96062632383272, 59.58612095121635
20.01274284164952, 59.57952292978212
20.064859359466315, 59.572924908347886
20.11697587728311, 59.56632688691366
20.169092395099906, 59.55972886547942
20.2212089129167, 59.553130844045185
20.273325430733497, 59.546532822610956
20.325441948550292, 59.53993480117672
20.377558466367088, 59.53333677974249
20.429674984183883, 59.526738758308255
20.48179150200068, 59.52014073687402
20.533908019817474, 59.51354271543979
20.58602453763427, 59.506944694005554
20.638141055451065, 59.500346672571325
20.69025757326786, 59.49374865113709
20.742374091084656, 59.48715062970286
20.79449060890145, 59.480552608268624
20.846607126718247, 59.47395458683439
20.898723644535043, 59.46735656540016
20.950840162351838, 59.46075854396592
21.002956680168634, 59.454160522531694
21.05507319798543, 59.44756250109746
21.107189715802225, 59.44096447966323
21.15930623361902, 59.43436645822899
21.211422751435816, 59.42776843679476
21.26353926925261, 59.42117041536053
21.315655787069407, 59.41457239392629
21.367772304886202, 59.40797437249206
21.419888822702998, 59.40137635105783
21.472005340519793, 59.39477832962359
21.524121858336592, 59.38818030818936
21.576238376153388, 59.381582286755126
21.628354893970183, 59.3749842653209
21.68047141178698, 59.36838624388666
21.732587929603774, 59.36178822245243
21.78470444742057, 59.355190201018196
21.836820965237365, 59.34859217958396
21.88893748305416, 59.34199415814973
21.941054000870956, 59.335396136715495
21.99317051868775, 59.328798115281266
22.045287036504547, 59.32220009384703
22.097403554321343, 59.315602072412794
22.149520072138138, 59.309004050978565
22.201636589954933, 59.30240602954433
22.25375310777173, 59.2958080081101
22.305869625588524, 59.289209986675864
22.35798614340532, 59.282611965241635
22.410102661222115, 59.2760139438074
22.46221917903891, 59.26941592237316
22.514335696855706, 59.262817900938934
22.566452214672502, 59.2562198795047
22.618568732489297, 59.24962185807047
22.670685250306093, 59.24302383663623
22.72280176812289, 59.236425815202004
22.774918285939684, 59.22982779376777
22.82703480375648, 59.22322977233353
22.879151321573275, 59.2166317508993
22.93126783939007, 59.21003372946507
22.98338435720687, 59.20343570803084
23.035500875023665, 59.1968376865966
23.08761739284046, 59.190239665162366
23.139733910657256, 59.18364164372814
23.19185042847405, 59.1770436222939
23.243966946290847, 59.17044560085967
23.296083464107642, 59.163847579425436
23.348199981924438, 59.15724955799121
23.400316499741233, 59.15065153655697
23.45243301755803, 59.144053515122735
23.504549535374824, 59.137455493688506
23.55666605319162, 59.13085747225427
23.608782571008415, 59.12425945082004
23.66089908882521, 59.117661429385805
23.713015606642006, 59.11106340795157
23.765132124458802, 59.10446538651734
23.817248642275597, 59.097867365083104
23.869365160092393, 59.091269343648875
23.92148167790919, 59.08467132221464
23.973598195725984, 59.07807330078041
24.02571471354278, 59.071475279346174
24.077831231359575, 59.06487725791194
24.12994774917637, 59.05827923647771
24.182064266993166, 59.05168121504347
24.23418078480996, 59.045083193609244
24.286297302626757, 59.03848517217501
24.338413820443552, 59.03188715074078
24.390530338260348, 59.02528912930654
24.442646856077143, 59.01869110787231
24.494763373893942, 59.01209308643808
24.546879891710738, 59.00549506500384
24.598996409527533, 58.99889704356961
24.65111292734433, 58.99229902213538
24.703229445161124, 58.98570100070114
24.75534596297792, 58.97910297926691
24.807462480794715, 58.972504957832676
24.85957899861151, 58.96590693639845
24.911695516428306, 58.95930891496421
24.9638120342451, 58.95271089352998
25.015928552061897, 58.946112872095746
25.068045069878693, 58.93951485066151
25.12016158769549, 58.93291682922728
25.172278105512284, 58.926318807793045
25.22439462332908, 58.919720786358816
25.276511141145875, 58.91312276492458
25.32862765896267, 58.90652474349035
25.380744176779466, 58.899926722056115
25.43286069459626, 58.89332870062188
25.484977212413057, 58.88673067918765
25.537093730229852, 58.880132657753414
25.589210248046648, 58.873534636319185
25.641326765863443, 58.86693661488495
25.69344328368024, 58.86033859345071
25.745559801497034, 58.853740572016484
25.79767631931383, 58.84714255058225
25.849792837130625, 58.84054452914802
25.90190935494742, 58.83394650771378
25.95402587276422, 58.82734848627955
26.006142390581015, 58.82075046484532
26.05825890839781, 58.81415244341108
26.110375426214606, 58.80755442197685
26.1624919440314, 58.80095640054262
26.214608461848197, 58.79435837910839
26.266724979664993, 58.78776035767415
26.318841497481788, 58.781162336239916
26.370958015298584, 58.77456431480569
26.42307453311538, 58.76796629337145
26.475191050932175, 58.76136827193722
26.52730756874897, 58.754770250502986
26.579424086565766, 58.74817222906876
26.63154060438256, 58.74157420763452
26.683657122199357, 58.734976186200285
26.735773640016152, 58.728378164766056
26.787890157832948, 58.72178014333182
26.840006675649743, 58.71518212189759
26.89212319346654, 58.708584100463355
26.944239711283334, 58.701986079029126
26.99635622910013, 58.69538805759489
27.048472746916925, 58.688790036160654
27.10058926473372, 58.682192014726425
27.152705782550516, 58.67559399329219
27.20482230036731, 58.66899597185796
27.256938818184107, 58.662397950423724
27.309055336000903, 58.65579992898949
27.361171853817698, 58.64920190755526
27.413288371634494, 58.64260388612102
27.465404889451293, 58.636005864686794
27.517521407268088, 58.62940784325256
27.569637925084884, 58.62280982181832
27.62175444290168, 58.61621180038409
27.673870960718475, 58.60961377894986
27.72598747853527, 58.60301575751563
27.778103996352066, 58.59641773608139
27.83022051416886, 58.58981971464716
27.882337031985656, 58.58322169321293
27.934453549802452, 58.57662367177869
27.986570067619247, 58.57002565034446
28.038686585436043, 58.563427628910226
28.09080310325284, 58.556829607476
28.142919621069634, 58.55023158604176
28.19503613888643, 58.54363356460753
28.247152656703225, 58.537035543173296
28.29926917452002, 58.53043752173906
28.351385692336816, 58.52383950030483
28.40350221015361, 58.517241478870595
28.455618727970407, 58.510643457436366
28.507735245787202, 58.50404543600213
28.559851763603998, 58.4974474145679
28.611968281420793, 58.490849393133665
28.66408479923759, 58.48425137169943
28.716201317054384, 58.4776533502652
28.76831783487118, 58.471055328830964
28.820434352687975, 58.464457307396735
28.87255087050477, 58.4578592859625
28.92466738832157, 58.45126126452826
28.976783906138365, 58.444663243094034
29.02890042395516, 58.4380652216598
29.081016941771956, 58.43146720022557
29.133133459588752, 58.42486917879133
29.185249977405547, 58.4182711573571
29.237366495222343, 58.41167313592287
29.28948301303914, 58.40507511448863
29.341599530855934, 58.3984770930544
29.39371604867273, 58.39187907162017
29.445832566489525, 58.38528105018594
29.49794908430632, 58.3786830287517
29.550065602123116, 58.372085007317466
29.60218211993991, 58.36548698588324
29.654298637756707, 58.358888964449
29.706415155573502, 58.35229094301477
29.758531673390298, 58.345692921580536
29.810648191207093, 58.33909490014631
29.86276470902389, 58.33249687871207
29.914881226840684, 58.325898857277835
29.96699774465748, 58.319300835843606
30.019114262474275, 58.31270281440937
30.07123078029107, 58.30610479297514
30.123347298107866, 58.299506771540905
30.17546381592466, 58.292908750106676
30.227580333741457, 58.28631072867244
30.279696851558253, 58.279712707238204
30.33181336937505, 58.273114685803975
30.383929887191844, 58.26651666436974
30.436046405008643, 58.25991864293551
30.48816292282544, 58.253320621501274
30.540279440642234, 58.24672260006704
30.59239595845903, 58.24012457863281
30.644512476275825, 58.23352655719857
30.69662899409262, 58.226928535764344
30.748745511909416, 58.22033051433011
30.80086202972621, 58.21373249289587
30.852978547543007, 58.20713447146164
30.905095065359802, 58.20053645002741
30.957211583176598, 58.19393842859318
31.009328100993393, 58.18734040715894
31.06144461881019, 58.18074238572471
31.113561136626984, 58.17414436429048
31.16567765444378, 58.16754634285624
31.217794172260575, 58.16094832142201
31.26991069007737, 58.154350299987776
31.322027207894166, 58.14775227855355
31.37414372571096, 58.14115425711931
31.426260243527757, 58.13455623568508
31.478376761344553, 58.127958214250846
31.530493279161348, 58.12136019281661
31.582609796978144, 58.11476217138238
31.63472631479494, 58.108164149948145
31.686842832611735, 58.101566128513916
31.73895935042853, 58.09496810707968
31.791075868245326, 58.08837008564545
31.84319238606212, 58.081772064211215
31.89530890387892, 58.07517404277698
31.947425421695716, 58.06857602134275
31.99954193951251, 58.061977999908514
32.0516584573293, 58.055379978474285
32.1037749751461, 58.04878195704005
32.155891492962894, 58.04218393560581
32.20800801077969, 58.035585914171584
32.260124528596485, 58.02898789273735
32.312241046413284, 58.02238987130312
32.364357564230076, 58.01579184986888
32.416474082046875, 58.00919382843465
32.46859059986367, 58.00259580700042
32.520707117680466, 57.99599778556618
32.57282363549726, 57.98939976413195
32.62494015331406, 57.98280174269772
32.677056671130856, 57.97620372126349
32.72917318894765, 57.96960569982925
32.78128970676445, 57.963007678395016
32.83340622458124, 57.95640965696079
32.88552274239804, 57.94981163552655
32.93763926021483, 57.94321361409232
32.98975577803163, 57.936615592658086
33.04187229584842, 57.93001757122386
33.09398881366522, 57.92341954978962
33.14610533148201, 57.916821528355385
33.19822184929881, 57.910223506921156
33.2503383671156, 57.90362548548692
33.3024548849324, 57.89702746405269
33.354571402749194, 57.890429442618455
33.40668792056599, 57.88383142118422
33.458804438382785, 57.87723339974999
33.510920956199584, 57.870635378315754
33.563037474016376, 57.864037356881525
33.615153991833175, 57.85743933544729
33.66727050964997, 57.85084131401306
33.719387027466766, 57.844243292578824
33.77150354528356, 57.83764527114459
33.82362006310036, 57.83104724971036
33.87573658091715, 57.82444922827612
33.92785309873395, 57.817851206841894
33.97996961655074, 57.81125318540766
34.03208613436754, 57.80465516397342
34.08420265218433, 57.79805714253919
34.13631917000113, 57.79145912110496
34.18843568781793, 57.78486109967073
34.24055220563472, 57.77826307823649
34.29266872345152, 57.77166505680226
34.34478524126831, 57.76506703536803
34.39690175908511, 57.75846901393379
34.4490182769019, 57.75187099249956
34.5011347947187, 57.745272971065326
34.553251312535494, 57.7386749496311
34.60536783035229, 57.73207692819686
34.657484348169085, 57.72547890676263
34.709600865985884, 57.718880885328396
34.761717383802676, 57.71228286389416
34.813833901619475, 57.70568484245993
34.86595041943627, 57.699086821025695
34.918066937253066, 57.692488799591466
34.97018345506986, 57.68589077815723
35.02229997288666, 57.679292756722994
35.07441649070345, 57.672694735288765
35.12653300852025, 57.66609671385453
35.17864952633704, 57.6594986924203
35.23076604415384, 57.652900670986064
35.28288256197063, 57.646302649551835
35.33499907978743, 57.6397046281176
35.38711559760422, 57.63310660668336
35.43923211542102, 57.626508585249134
35.49134863323781, 57.6199105638149
35.54346515105461, 57.61331254238067
35.59558166887141, 57.60671452094643
35.6476981866882, 57.6001164995122
35.699814704505, 57.59351847807797
35.751931222321794, 57.58692045664373
35.80404774013859, 57.5803224352095
35.856164257955385, 57.57372441377527
35.908280775772184, 57.56712639234104
35.960397293588976, 57.5605283709068
36.012513811405775, 57.553930349472566
36.06463032922257, 57.54733232803834
36.116746847039366, 57.5407343066041
36.16886336485616, 57.53413628516987
36.22097988267296, 57.527538263735636
36.27309640048975, 57.52094024230141
36.32521291830655, 57.51434222086717
36.37732943612334, 57.507744199432935
36.42944595394014, 57.501146177998706
36.48156247175693, 57.49454815656447
36.53367898957373, 57.48795013513024
36.58579550739052, 57.481352113696005
36.63791202520732, 57.38854232558959
36.69002854302411, 57.20737165234381
36.74214506084091, 57.026200979098
36.794261578657704, 56.84503030585222
36.8463780964745, 56.66385963260642
36.898494614291295, 56.48268895936064
36.950611132108094, 56.30151828611483
37.002727649924886, 56.12034761286905
37.054844167741685, 55.939176939623245
37.106960685558484, 55.758006266377436
37.159077203375276, 55.576835593131655
37.211193721192075, 55.39566491988585
37.26331023900887, 55.21449424664007
37.315426756825666, 55.03332357339426
37.36754327464246, 54.85215290014848
37.41965979245926, 54.67098222690268
37.47177631027605, 54.4898115536569
37.52389282809285, 54.30864088041109
37.57600934590964, 54.12747020716531
37.62812586372644, 53.9462995339195
37.68024238154323, 53.76512886067372
37.73235889936003, 53.58395818742792
37.78447541717682, 53.40278751418214
37.83659193499362, 53.22161684093633
37.88870845281041, 53.04044616769055
37.94082497062721, 52.859275494444745
37.992941488444, 52.678104821198964
38.0450580062608, 52.496934147953155
38.097174524077595, 52.315763474707374
38.149291041894394, 52.13459280146157
38.201407559711186, 51.95342212821579
38.253524077527985, 51.77225145496998
38.30564059534478, 51.5910807817242
38.357757113161576, 51.4099101084784
38.40987363097837, 51.22873943523262
38.46199014879517, 51.04756876198681
38.51410666661196, 50.86639808874103
38.56622318442876, 50.68522741549522
38.61833970224556, 50.50405674224942
38.67045622006235, 50.32288606900364
38.72257273787915, 50.14171539575783
38.77468925569594, 49.960544722512054
38.82680577351274, 49.779374049266245
38.87892229132953, 49.598203376020464
38.93103880914633, 49.41703270277466
38.98315532696312, 49.235862029528874
39.03527184477992, 49.05469135628307
39.08738836259671, 48.87352068303729
39.13950488041351, 48.69235000979148
39.1916213982303, 48.5111793365457
39.2437379160471, 48.3300086632999
39.295854433863894, 48.14883799005412
39.34797095168069, 47.96766731680831
39.400087469497485, 47.78649664356253
39.452203987314284, 47.60532597031673
39.504320505131076, 47.424155297070946
39.556437022947875, 47.24298462382514
39.60855354076467, 47.06181395057936
39.660670058581466, 46.88064327733355
39.71278657639826, 46.699472604087774
39.76490309421506, 46.518301930841965
39.81701961203185, 46.337131257596184
39.86913612984865, 46.15596058435038
39.92125264766544, 45.974789911104594
39.97336916548224, 45.79361923785879
40.02548568329904, 45.61244856461299
40.07760220111583, 45.4312778913672
40.12971871893263, 45.2501072181214
40.18183523674942, 45.06893654487562
40.23395175456622, 44.88776587162981
40.28606827238301, 44.70659519838403
40.33818479019981, 44.52542452513823
40.3903013080166, 44.34425385189245
40.4424178258334, 44.16308317864664
40.494534343650194, 43.98191250540086
40.54665086146699, 43.800741832155055
40.598767379283785, 43.619571158909274
40.650883897100584, 43.438400485663465
40.703000414917376, 43.257229812417684
40.755116932734175, 43.076059139171875
40.80723345055097, 42.8948884659261
40.859349968367766, 42.71371779268029
40.91146648618456, 42.53254711943451
40.96358300400136, 42.35137644618871
41.01569952181815, 42.17020577294292
41.06781603963495, 41.98903509969712
41.11993255745174, 41.80786442645134
41.17204907526854, 41.62669375320553
41.22416559308533, 41.445523079959756
41.27628211090213, 41.26435240671395
41.32839862871892, 41.083181733468166
41.38051514653572, 40.902011060222364
41.43263166435251, 40.720840386976576
41.48474818216931, 40.539669713730774
41.53686469998611, 40.35849904048497
41.5889812178029, 40.177328367239184
41.6410977356197, 39.99615769399338
41.693214253436494, 39.814987020747594
41.74533077125329, 39.63381634750179
41.797447289070085, 39.45264567425601
41.849563806886884, 39.2714750010102
41.901680324703676, 39.09030432776443
41.953796842520475, 38.90913365451862
42.00591336033727, 38.72796298127284
42.058029878154066, 38.54679230802704
42.11014639597086, 38.36562163478125
42.16226291378766, 38.18445096153545
42.21437943160445, 38.003280288289666
42.26649594942125, 37.82210961504386
42.31861246723804, 37.64093894179808
42.37072898505484, 37.459768268552274
42.42284550287163, 37.27859759530649
42.47496202068843, 37.09742692206069
42.52707853850522, 36.9162562488149
42.57919505632202, 36.7350855755691
42.63131157413881, 36.553914902323314
42.68342809195561, 36.37274422907751
42.735544609772404, 36.19157355583173
42.7876611275892, 36.01040288258592
42.839777645405995, 35.82923220934015
42.891894163222794, 35.64806153609434
42.944010681039586, 35.46689086284856
42.996127198856385, 35.285720189602756
43.048243716673184, 35.10454951635695
43.100360234489976, 34.923378843111166
43.152476752306775, 34.742208169865364
43.20459327012357, 34.561037496619576
43.256709787940366, 34.379866823373774
43.30882630575716, 34.198696150127994
43.36094282357396, 34.017525476882184
43.41305934139075, 33.83635480363641
43.46517585920755, 33.6551841303906
43.51729237702434, 33.47401345714482
43.56940889484114, 33.29284278389902
43.62152541265793, 33.11167211065323
43.67364193047473, 32.93050143740743
43.72575844829152, 32.74933076416165
43.77787496610832, 32.56816009091584
43.82999148392511, 32.38698941767006
43.88210800174191, 32.20581874442425
43.934224519558704, 32.024648071178476
43.9863410373755, 31.843477397932666
44.038457555192295, 31.662306724686886
44.090574073009094, 31.48113605144108
44.142690590825886, 31.2999653781953
44.194807108642685, 31.118794704949494
44.24692362645948, 30.937624031703713
44.299040144276276, 30.756453358457907
44.35115666209307, 30.575282685212127
44.40327317990987, 30.39411201196632
44.45538969772666, 30.21294133872054
44.50750621554346, 30.031770665474735
44.55962273336026, 29.85059999222893
44.61173925117705, 29.66942931898315
44.66385576899385, 29.488258645737343
44.71597228681064, 29.307087972491562
44.76808880462744, 29.125917299245756
44.82020532244423, 28.944746625999976
44.87232184026103, 28.76357595275417
44.92443835807782, 28.582405279508386
44.97655487589462, 28.40123460626258
45.02867139371141, 28.2200639330168
45.08078791152821, 28.038893259770994
45.132904429345004, 27.857722586525213
45.1850209471618, 27.676551913279408
45.237137464978595, 27.495381240033627
45.289253982795394, 27.31421056678782
45.341370500612186, 27.13303989354204
45.393487018428985, 26.951869220296235
45.44560353624578, 26.770698547050454
45.497720054062576, 26.58952787380465
45.54983657187937, 26.408357200558868
45.60195308969617, 26.227186527313062
45.65406960751296, 26.04601585406728
45.70618612532976, 25.864845180821476
45.75830264314655, 25.683674507575695
45.81041916096335, 25.50250383432989
45.86253567878014, 25.321333161084105
45.91465219659694, 25.140162487838303
45.96676871441374, 24.958991814592494
46.01888523223053, 24.777821141346713
46.07100175004733, 24.59665046810091
46.12311826786412, 24.41547979485513
46.17523478568092, 24.23430912160932
46.22735130349771, 24.05313844836354
46.27946782131451, 23.87196777511774
46.331584339131304, 23.690797101871958
46.3837008569481, 23.50962642862615
46.435817374764895, 23.328455755380368
46.487933892581694, 23.147285082134566
46.540050410398486, 22.966114408888785
46.592166928215285, 22.784943735642976
46.64428344603208, 22.603773062397195
46.696399963848876, 22.422602389151386
46.74851648166567, 22.241431715905605
46.80063299948247, 22.060261042659803
46.85274951729926, 21.879090369414023
46.90486603511606, 21.697919696168213
46.95698255293285, 21.516749022922433
47.00909907074965, 21.33557834967663
47.06121558856644, 21.15440767643085
47.11333210638324, 20.97323700318504
47.16544862420003, 20.79206632993926
47.21756514201683, 20.610895656693458
47.26968165983362, 20.429724983447677
47.32179817765042, 20.248554310201868
47.373914695467214, 20.067383636956087
47.42603121328401, 19.886212963710285
47.47814773110081, 19.705042290464476
47.530264248917604, 19.523871617218695
47.5823807667344, 19.342700943972893
47.634497284551195, 19.161530270727113
47.686613802367994, 18.980359597481304
47.738730320184786, 18.799188924235523
47.790846838001585, 18.618018250989714
47.84296335581838, 18.436847577743933
47.895079873635176, 18.25567690449813
47.94719639145197, 18.07450623125235
47.99931290926877, 17.89333555800654
48.05142942708556, 17.71216488476076
48.10354594490236, 17.530994211514958
48.15566246271915, 17.349823538269177
48.20777898053595, 17.16865286502337
48.25989549835274, 16.987482191777588
48.31201201616954, 16.806311518531786
48.36412853398633, 16.625140845286005
48.41624505180313, 16.443970172040196
48.46836156961992, 16.262799498794415
48.52047808743672, 16.081628825548613
48.572594605253514, 15.900458152302832
48.62471112307031, 15.719287479057023
48.676827640887105, 15.538116805811242
48.728944158703904, 15.35694613256544
48.781060676520696, 15.17577545931966
48.833177194337495, 14.99460478607385
48.88529371215429, 14.81343411282807
48.937410229971086, 14.63226343958226
48.989526747787885, 14.451092766336458
49.04164326560468, 14.269922093090678
49.093759783421476, 14.088751419844868
49.14587630123827, 13.907580746599088
49.19799281905507, 13.726410073353286
49.25010933687186, 13.545239400107505
49.30222585468866, 13.364068726861696
49.35434237250545, 13.182898053615915
49.40645889032225, 13.001727380370113
49.45857540813904, 12.820556707124332
49.51069192595584, 12.639386033878523
49.56280844377263, 12.458215360632742
49.61492496158943, 12.27704468738694
49.66704147940622, 12.09587401414116
49.71915799722302, 11.91470334089535
49.77127451503981, 11.73353266764957
49.82339103285661, 11.552361994403768
49.875507550673404, 11.371191321157987
49.9276240684902, 11.190020647912178
49.979740586306995, 11.008849974666397
50.031857104123794, 10.827679301420588
50.083973621940586, 10.646508628174807
50.136090139757385, 10.465337954929005
50.18820665757418, 10.284167281683224
50.24032317539098, 10.102996608437415
50.29243969320777, 9.921825935191634
50.34455621102457, 9.740655261945832
50.39667272884136, 9.559484588700052
50.44878924665816, 9.378313915454243
50.50090576447496, 9.19714324220844
50.55302228229175, 9.01597256896266
50.60513880010855, 8.83480189571685
50.65725531792534, 8.65363122247107
50.70937183574214, 8.472460549225268
50.76148835355893, 8.291289875979487
50.81360487137573, 8.110119202733678
50.86572138919252, 7.928948529487897
50.91783790700932, 7.747777856242095
50.96995442482611, 7.566607182996314
51.02207094264291, 7.385436509750505
51.074187460459704, 7.2042658365047245
51.1263039782765, 7.023095163258915
51.178420496093295, 6.841924490013135
51.230537013910094, 6.660753816767333
51.282653531726886, 6.479583143521552
51.334770049543685, 6.298412470275743
51.38688656736048, 6.117241797029962
51.439003085177276, 5.93607112378416
51.49111960299407, 5.754900450538379
51.54323612081087, 5.57372977729257
51.59535263862766, 5.392559104046789
51.64746915644446, 5.211388430800987
51.69958567426125, 5.0302177575552065
51.75170219207805, 4.849047084309397
51.80381870989484, 4.667876411063617
51.85593522771164, 4.486705737817815
51.90805174552844, 4.305535064572005
51.96016826334523, 4.124364391326225
52.01228478116203, 3.9431937180804226
52.06440129897882, 3.762023044834642
