Parameters: [50.94091640143495, 23.78972728409696, 5.215822778600615, 42.221756666856905, 4.486541437293061, -0.1453077367715352, -2.8611357814324188]
Points:
0.0, 23.78972728409696
0.05099190830974469, 24.018504593695276
0.10198381661948938, 24.247281903293594
0.15297572492923406, 24.47605921289191
0.20396763323897876, 24.70483652249023
0.25495954154872347, 24.933613832088547
0.3059514498584681, 25.162391141686864
0.3569433581682128, 25.391168451285182
0.4079352664779575, 25.619945760883503
0.45892717478770223, 25.84872307048182
0.5099190830974469, 26.07750038008014
0.5609109914071916, 26.306277689678456
0.6119028997169362, 26.535054999276774
0.662894808026681, 26.76383230887509
0.7138867163364256, 26.99260961847341
0.7648786246461704, 27.221386928071727
0.815870532955915, 27.450164237670045
0.8668624412656597, 27.678941547268362
0.9178543495754045, 27.90771885686668
0.9688462578851491, 28.136496166465
1.0198381661948939, 28.36527347606332
1.0708300745046384, 28.594050785661636
1.1218219828143832, 28.822828095259954
1.172813891124128, 29.05160540485827
1.2238057994338725, 29.28038271445659
1.2747977077436172, 29.509160024054907
1.325789616053362, 29.737937333653225
1.3767815243631067, 29.966714643251542
1.4277734326728513, 30.19549195284986
1.478765340982596, 30.424269262448178
1.5297572492923408, 30.6530465720465
1.5807491576020853, 30.881823881644813
1.63174106591183, 31.110601191243134
1.6827329742215749, 31.339378500841452
1.7337248825313194, 31.56815581043977
1.7847167908410642, 31.796933120038084
1.835708699150809, 32.025710429636405
1.8867006074605535, 32.25448773923472
1.9376925157702982, 32.48326504883304
1.988684424080043, 32.71204235843136
2.0396763323897877, 32.940819668029675
2.0906682406995323, 33.16959697762799
2.141660149009277, 33.39837428722631
2.192652057319022, 33.62715159682463
2.2436439656287663, 33.855928906422946
2.294635873938511, 34.08470621602127
2.345627782248256, 34.31348352561958
2.3966196905580004, 34.5422608352179
2.447611598867745, 34.77103814481622
2.49860350717749, 34.99981545441454
2.5495954154872345, 35.22859276401286
2.6005873237969794, 35.45737007361117
2.651579232106724, 35.68614738320949
2.7025711404164685, 35.91492469280781
2.7535630487262135, 36.14370200240613
2.804554957035958, 36.372479312004444
2.8555468653457026, 36.60125662160276
2.9065387736554475, 36.83003393120108
2.957530681965192, 37.0588112407994
3.0085225902749366, 37.287588550397714
3.0595144985846816, 37.516365859996036
3.110506406894426, 37.74514316959436
3.1614983152041707, 37.97392047919267
3.2124902235139157, 38.202697788790985
3.26348213182366, 38.431475098389306
3.3144740401334047, 38.66025240798763
3.3654659484431497, 38.88902971758594
3.4164578567528943, 39.117807027184256
3.467449765062639, 39.34658433678258
3.518441673372384, 39.5753616463809
3.5694335816821283, 39.80413895597921
3.620425489991873, 40.032916265577526
3.671417398301618, 40.261693575175855
3.7224093066113624, 40.49047088477417
3.773401214921107, 40.71924819437248
3.824393123230852, 40.948025503970804
3.8753850315405964, 41.176802813569125
3.926376939850341, 41.40558012316744
3.977368848160086, 41.63435743276575
4.028360756469831, 41.86313474236408
4.0793526647795755, 42.091912051962396
4.13034457308932, 42.32068936156071
4.1813364813990646, 42.549466671159024
4.232328389708809, 42.778243980757345
4.283320298018554, 43.00702129035567
4.334312206328299, 43.23579859995398
4.385304114638044, 43.4645759095523
4.436296022947788, 43.69335321915062
4.487287931257533, 43.92213052874894
4.538279839567277, 44.15090783834725
4.589271747877022, 44.37968514794557
4.640263656186767, 44.608462457543894
4.691255564496512, 44.83723976714221
4.742247472806256, 45.06601707674052
4.793239381116001, 45.29479438633884
4.844231289425745, 45.523571695937164
4.89522319773549, 45.75234900553548
4.946215106045235, 45.9811263151338
4.99720701435498, 46.20990362473212
5.048198922664724, 46.438680934330435
5.099190830974469, 46.66745824392875
5.150182739284213, 46.89623555352707
5.201174647593959, 47.12501286312539
5.252166555903703, 47.18545127784001
5.303158464213448, 47.17804175904986
5.3541503725231925, 47.170632240259714
5.405142280832937, 47.16322272146956
5.456134189142682, 47.15581320267941
5.507126097452427, 47.148403683889256
5.5581180057621715, 47.14099416509911
5.609109914071916, 47.133584646308954
5.660101822381661, 47.126175127518806
5.711093730691405, 47.11876560872866
5.76208563900115, 47.1113560899385
5.813077547310895, 47.103946571148356
5.86406945562064, 47.0965370523582
5.915061363930384, 47.08912753356805
5.966053272240129, 47.081718014777906
6.017045180549873, 47.07430849598775
6.068037088859618, 47.0668989771976
6.119028997169363, 47.05948945840745
6.170020905479108, 47.0520799396173
6.221012813788852, 47.04467042082715
6.272004722098597, 47.037260902037
6.322996630408341, 47.02985138324685
6.373988538718086, 47.022441864456695
6.424980447027831, 47.01503234566655
6.475972355337576, 47.00762282687639
6.52696426364732, 47.000213308086245
6.577956171957065, 46.9928037892961
6.6289480802668095, 46.98539427050594
6.679939988576555, 46.977984751715795
6.7309318968862994, 46.97057523292564
6.781923805196044, 46.96316571413549
6.8329157135057885, 46.955756195345344
6.883907621815533, 46.94834667655519
6.934899530125278, 46.94093715776504
6.985891438435023, 46.93352763897489
7.036883346744768, 46.92611812018474
7.087875255054512, 46.91870860139459
7.138867163364257, 46.91129908260444
7.189859071674001, 46.90388956381429
7.240850979983746, 46.896480045024134
7.291842888293491, 46.889070526233986
7.342834796603236, 46.88166100744384
7.39382670491298, 46.874251488653684
7.444818613222725, 46.866841969863536
7.495810521532469, 46.85943245107338
7.546802429842214, 46.852022932283234
7.597794338151959, 46.84461341349308
7.648786246461704, 46.83720389470293
7.699778154771448, 46.82979437591278
7.750770063081193, 46.82238485712263
7.801761971390937, 46.81497533833248
7.852753879700682, 46.807565819542326
7.903745788010427, 46.80015630075218
7.954737696320172, 46.79274678196203
8.005729604629916, 46.785337263171876
8.056721512939662, 46.77792774438173
8.107713421249406, 46.77051822559157
8.158705329559151, 46.763108706801425
8.209697237868895, 46.75569918801128
8.26068914617864, 46.74828966922112
8.311681054488385, 46.740880150430975
8.362672962798129, 46.73347063164082
8.413664871107875, 46.72606111285067
8.464656779417618, 46.718651594060525
8.515648687727364, 46.71124207527037
8.566640596037107, 46.70383255648022
8.617632504346853, 46.69642303769007
8.668624412656598, 46.68901351889992
8.719616320966342, 46.681604000109765
8.770608229276087, 46.67419448131962
8.82160013758583, 46.66678496252947
8.872592045895576, 46.659375443739314
8.923583954205322, 46.65196592494917
8.974575862515065, 46.64455640615901
9.02556777082481, 46.637146887368864
9.076559679134554, 46.629737368578716
9.1275515874443, 46.62232784978856
9.178543495754043, 46.614918330998414
9.229535404063789, 46.60750881220826
9.280527312373534, 46.60009929341811
9.331519220683278, 46.592689774627964
9.382511128993023, 46.58528025583781
9.433503037302767, 46.57787073704766
9.484494945612512, 46.570461218257506
9.535486853922258, 46.56305169946736
9.586478762232002, 46.55564218067721
9.637470670541747, 46.548232661887056
9.68846257885149, 46.54082314309691
9.739454487161236, 46.53341362430675
9.79044639547098, 46.526004105516606
9.841438303780725, 46.51859458672645
9.89243021209047, 46.5111850679363
9.943422120400214, 46.503775549146155
9.99441402870996, 46.496366030356
10.045405937019703, 46.48895651156585
10.096397845329449, 46.4815469927757
10.147389753639194, 46.47413747398555
10.198381661948938, 46.4667279551954
10.249373570258683, 46.45931843640525
10.300365478568427, 46.4519089176151
10.351357386878172, 46.444499398824945
10.402349295187918, 46.4370898800348
10.453341203497661, 46.42968036124465
10.504333111807407, 46.422270842454495
10.55532502011715, 46.41486132366435
10.606316928426896, 46.40745180487419
10.65730883673664, 46.400042286084044
10.708300745046385, 46.39263276729389
10.75929265335613, 46.38522324850374
10.810284561665874, 46.377813729713594
10.86127646997562, 46.37040421092344
10.912268378285363, 46.36299469213329
10.963260286595109, 46.35558517334314
11.014252194904854, 46.34817565455299
11.065244103214598, 46.34076613576284
11.116236011524343, 46.33335661697269
11.167227919834087, 46.32594709818254
11.218219828143832, 46.318537579392384
11.269211736453576, 46.311128060602236
11.320203644763321, 46.30371854181209
11.371195553073067, 46.296309023021934
11.42218746138281, 46.288899504231786
11.473179369692556, 46.28148998544163
11.5241712780023, 46.27408046665148
11.575163186312045, 46.266670947861336
11.62615509462179, 46.25926142907118
11.677147002931534, 46.25185191028103
11.72813891124128, 46.24444239149088
11.779130819551023, 46.23703287270073
11.830122727860768, 46.229623353910576
11.881114636170514, 46.22221383512043
11.932106544480257, 46.21480431633028
11.983098452790003, 46.207394797540125
12.034090361099747, 46.19998527874998
12.085082269409492, 46.19257575995982
12.136074177719236, 46.185166241169675
12.187066086028981, 46.17775672237953
12.238057994338726, 46.17034720358937
12.28904990264847, 46.162937684799225
12.340041810958216, 46.15552816600907
12.39103371926796, 46.14811864721892
12.442025627577705, 46.140709128428774
12.49301753588745, 46.13329960963862
12.544009444197194, 46.12589009084847
12.595001352506939, 46.11848057205832
12.645993260816683, 46.11107105326817
12.696985169126428, 46.10366153447802
12.747977077436172, 46.09625201568787
12.798968985745917, 46.08884249689772
12.849960894055663, 46.081432978107564
12.900952802365406, 46.07402345931742
12.951944710675152, 46.06661394052726
13.002936618984895, 46.059204421737114
13.05392852729464, 46.051794902946966
13.104920435604386, 46.04438538415681
13.15591234391413, 46.036975865366664
13.206904252223875, 46.02956634657651
13.257896160533619, 46.02215682778636
13.308888068843364, 46.01474730899621
13.35987997715311, 46.00733779020606
13.410871885462853, 45.99992827141591
13.461863793772599, 45.992518752625756
13.512855702082343, 45.98510923383561
13.563847610392088, 45.97769971504546
13.614839518701832, 45.970290196255306
13.665831427011577, 45.96288067746516
13.716823335321322, 45.955471158675
13.767815243631066, 45.948061639884855
13.818807151940812, 45.94065212109471
13.869799060250555, 45.93324260230455
13.9207909685603, 45.925833083514405
13.971782876870046, 45.91842356472425
14.02277478517979, 45.9110140459341
14.073766693489535, 45.90360452714395
14.124758601799279, 45.8961950083538
14.175750510109024, 45.88878548956365
14.226742418418768, 45.8813759707735
14.277734326728513, 45.87396645198335
14.328726235038259, 45.866556933193195
14.379718143348002, 45.85914741440305
14.430710051657748, 45.8517378956129
14.481701959967491, 45.844328376822745
14.532693868277237, 45.8369188580326
14.583685776586982, 45.82950933924244
14.634677684896726, 45.822099820452294
14.685669593206471, 45.81469030166215
14.736661501516215, 45.80728078287199
14.78765340982596, 45.799871264081844
14.838645318135706, 45.79246174529169
14.88963722644545, 45.78505222650154
14.940629134755195, 45.77764270771139
14.991621043064939, 45.77023318892124
15.042612951374684, 45.76282367013109
15.093604859684428, 45.755414151340936
15.144596767994173, 45.74800463255079
15.195588676303919, 45.740595113760634
15.246580584613662, 45.733185594970486
15.297572492923408, 45.72577607618034
15.348564401233151, 45.71836655739018
15.399556309542897, 45.710957038600036
15.450548217852642, 45.70354751980988
15.501540126162386, 45.69613800101973
15.552532034472131, 45.688728482229585
15.603523942781875, 45.68131896343943
15.65451585109162, 45.67390944464928
15.705507759401364, 45.66649992585913
15.75649966771111, 45.65909040706898
15.807491576020855, 45.65168088827883
15.858483484330598, 45.64427136948868
15.909475392640344, 45.63686185069853
15.960467300950087, 45.629452331908375
16.011459209259833, 45.62204281311823
16.062451117569577, 45.61463329432807
16.113443025879324, 45.607223775537925
16.164434934189067, 45.59981425674778
16.21542684249881, 45.59240473795762
16.266418750808555, 45.584995219167475
16.317410659118302, 45.57758570037732
16.368402567428046, 45.57017618158717
16.41939447573779, 45.562766662797024
16.470386384047536, 45.55535714400687
16.52137829235728, 45.54794762521672
16.572370200667024, 45.54053810642657
16.62336210897677, 45.53312858763642
16.674354017286515, 45.52571906884627
16.725345925596258, 45.51830955005612
16.776337833906002, 45.51090003126597
16.82732974221575, 45.503490512475814
16.878321650525493, 45.496080993685666
16.929313558835236, 45.48867147489552
16.980305467144984, 45.481261956105364
17.031297375454727, 45.473852437315216
17.08228928376447, 45.46644291852506
17.133281192074215, 45.45903339973491
17.18427310038396, 45.45162388094476
17.235265008693705, 45.44421436215461
17.28625691700345, 45.43680484336446
17.337248825313196, 45.42939532457431
17.38824073362294, 45.42198580578416
17.439232641932684, 45.414576286994006
17.490224550242427, 45.40716676820386
17.541216458552174, 45.39975724941371
17.592208366861918, 45.392347730623555
17.64320027517166, 45.38493821183341
17.69419218348141, 45.37752869304325
17.745184091791153, 45.370119174253105
17.796176000100896, 45.36270965546296
17.847167908410643, 45.3553001366728
17.898159816720387, 45.347890617882655
17.94915172503013, 45.3404810990925
18.000143633339874, 45.33307158030235
18.05113554164962, 45.3256620615122
18.102127449959365, 45.31825254272205
18.15311935826911, 45.3108430239319
18.204111266578856, 45.30343350514175
18.2551031748886, 45.2960239863516
18.306095083198343, 45.288614467561445
18.357086991508087, 45.2812049487713
18.408078899817834, 45.27379542998115
18.459070808127578, 45.266385911190994
18.51006271643732, 45.25897639240085
18.56105462474707, 45.25156687361069
18.612046533056812, 45.244157354820544
18.663038441366556, 45.236747836030396
18.714030349676303, 45.22933831724024
18.765022257986047, 45.221928798450094
18.81601416629579, 45.21451927965994
18.867006074605534, 45.20710976086979
18.91799798291528, 45.19970024207964
18.968989891225025, 45.19229072328949
19.01998179953477, 45.18488120449934
19.070973707844516, 45.177471685709186
19.12196561615426, 45.17006216691904
19.172957524464003, 45.16265264812888
19.223949432773747, 45.155243129338736
19.274941341083494, 45.14783361054859
19.325933249393238, 45.14042409175843
19.37692515770298, 45.133014572968285
19.42791706601273, 45.12560505417813
19.478908974322472, 45.11819553538798
19.529900882632216, 45.110786016597835
19.58089279094196, 45.10337649780768
19.631884699251707, 45.09596697901753
19.68287660756145, 45.08855746022738
19.733868515871194, 45.08114794143723
19.78486042418094, 45.07373842264708
19.835852332490685, 45.06632890385693
19.88684424080043, 45.05891938506678
19.937836149110176, 45.051509866276625
19.98882805741992, 45.04410034748648
20.039819965729663, 45.03669082869632
20.090811874039407, 45.029281309906175
20.141803782349154, 45.02187179111603
20.192795690658897, 45.01446227232587
20.24378759896864, 45.007052753535724
20.29477950727839, 44.99964323474557
20.345771415588132, 44.99223371595542
20.396763323897876, 44.984824197165274
20.44775523220762, 44.97741467837512
20.498747140517366, 44.97000515958497
20.54973904882711, 44.96259564079482
20.600730957136854, 44.95518612200467
20.6517228654466, 44.94777660321452
20.702714773756345, 44.940367084424366
20.75370668206609, 44.93295756563422
20.804698590375835, 44.925548046844064
20.85569049868558, 44.918138528053916
20.906682406995323, 44.91072900926377
20.957674315305066, 44.90331949047361
21.008666223614814, 44.895909971683466
21.059658131924557, 44.88850045289331
21.1106500402343, 44.88109093410316
21.161641948544048, 44.873681415313015
21.21263385685379, 44.86627189652286
21.263625765163535, 44.85886237773271
21.31461767347328, 44.85145285894256
21.365609581783026, 44.84404334015241
21.41660149009277, 44.836633821362256
21.467593398402514, 44.82922430257211
21.51858530671226, 44.82181478378196
21.569577215022004, 44.814405264991805
21.620569123331748, 44.80699574620166
21.671561031641495, 44.7995862274115
21.72255293995124, 44.792176708621355
21.773544848260983, 44.78476718983121
21.824536756570726, 44.77735767104105
21.875528664880473, 44.769948152250905
21.926520573190217, 44.76253863346075
21.97751248149996, 44.7551291146706
22.028504389809708, 44.747719595880454
22.07949629811945, 44.7403100770903
22.130488206429195, 44.73290055830015
22.18148011473894, 44.72549103951
22.232472023048686, 44.71808152071985
22.28346393135843, 44.710672001929694
22.334455839668173, 44.70326248313955
22.38544774797792, 44.6958529643494
22.436439656287664, 44.688443445559244
22.487431564597408, 44.681033926769096
22.53842347290715, 44.67362440797895
22.5894153812169, 44.666214889188794
22.640407289526642, 44.658805370398646
22.691399197836386, 44.65139585160849
22.742391106146133, 44.64398633281834
22.793383014455877, 44.63657681402819
22.84437492276562, 44.62916729523804
22.895366831075368, 44.62175777644789
22.94635873938511, 44.61434825765774
22.997350647694855, 44.60693873886759
23.0483425560046, 44.599529220077436
23.099334464314346, 44.59211970128729
23.15032637262409, 44.58471018249713
23.201318280933833, 44.577300663706986
23.25231018924358, 44.56989114491684
23.303302097553324, 44.56248162612668
23.354294005863068, 44.555072107336535
23.40528591417281, 44.54766258854639
23.45627782248256, 44.54025306975623
23.507269730792302, 44.532843550966085
23.558261639102046, 44.52543403217593
23.609253547411793, 44.51802451338578
23.660245455721537, 44.51061499459563
23.71123736403128, 44.50320547580548
23.762229272341028, 44.49579595701533
23.81322118065077, 44.48838643822518
23.864213088960515, 44.48097691943503
23.91520499727026, 44.473567400644875
23.966196905580006, 44.46615788185473
24.01718881388975, 44.45874836306458
24.068180722199493, 44.451338844274424
24.11917263050924, 44.44392932548428
24.170164538818984, 44.43651980669412
24.221156447128728, 44.429110287903974
24.27214835543847, 44.421700769113826
24.32314026374822, 44.41429125032367
24.374132172057962, 44.406881731533524
24.425124080367706, 44.39947221274337
24.476115988677453, 44.39206269395322
24.527107896987197, 44.384653175163066
24.57809980529694, 44.37724365637292
24.629091713606687, 44.36983413758277
24.68008362191643, 44.362424618792616
24.731075530226175, 44.35501510000247
24.78206743853592, 44.34760558121231
24.833059346845666, 44.340196062422166
24.88405125515541, 44.33278654363202
24.935043163465153, 44.32537702484186
24.9860350717749, 44.317967506051716
25.037026980084644, 44.31055798726156
25.088018888394387, 44.30314846847141
25.13901079670413, 44.295738949681265
25.190002705013878, 44.28832943089111
25.240994613323622, 44.28091991210096
25.291986521633365, 44.27351039331081
25.342978429943113, 44.26610087452066
25.393970338252856, 44.258691355730505
25.4449622465626, 44.25128183694036
25.495954154872344, 44.24387231815021
25.54694606318209, 44.236462799360055
25.597937971491834, 44.22905328056991
25.648929879801578, 44.22164376177976
25.699921788111325, 44.214234242989605
25.75091369642107, 44.20682472419946
25.801905604730813, 44.1994152054093
25.85289751304056, 44.192005686619154
25.903889421350303, 44.184596167829
25.954881329660047, 44.17718664903885
26.00587323796979, 44.169777130248704
26.056865146279538, 44.16236761145855
26.10785705458928, 44.1549580926684
26.158848962899025, 44.14754857387825
26.209840871208772, 44.1401390550881
26.260832779518516, 44.132729536297944
26.31182468782826, 44.125320017507796
26.362816596138003, 44.11791049871765
26.41380850444775, 44.110500979927494
26.464800412757494, 44.103091461137346
26.515792321067238, 44.0956819423472
26.566784229376985, 44.088272423557044
26.61777613768673, 44.080862904766896
26.668768045996472, 44.07345338597674
26.71975995430622, 44.06604386718659
26.770751862615963, 44.05863434839644
26.821743770925707, 44.05122482960629
26.87273567923545, 44.04381531081614
26.923727587545198, 44.03640579202599
26.97471949585494, 44.02899627323584
27.025711404164685, 44.021586754445686
27.076703312474432, 44.01417723565554
27.127695220784176, 44.00676771686539
27.17868712909392, 43.999358198075235
27.229679037403663, 43.99194867928509
27.28067094571341, 43.98453916049493
27.331662854023154, 43.977129641704785
27.382654762332898, 43.96972012291464
27.433646670642645, 43.96231060412448
27.48463857895239, 43.954901085334335
27.535630487262132, 43.94749156654418
27.586622395571876, 43.94008204775403
27.637614303881623, 43.93267252896388
27.688606212191367, 43.92526301017373
27.73959812050111, 43.91785349138358
27.790590028810858, 43.91044397259343
27.8415819371206, 43.90303445380328
27.892573845430345, 43.895624935013124
27.943565753740092, 43.88821541622298
27.994557662049836, 43.88080589743283
28.04554957035958, 43.873396378642674
28.096541478669323, 43.865986859852526
28.14753338697907, 43.85857734106237
28.198525295288814, 43.851167822272224
28.249517203598558, 43.843758303482076
28.300509111908305, 43.83634878469192
28.35150102021805, 43.828939265901774
28.402492928527792, 43.82152974711162
28.453484836837536, 43.81412022832147
28.504476745147283, 43.806710709531316
28.555468653457027, 43.79930119074117
28.60646056176677, 43.79189167195102
28.657452470076517, 43.784482153160866
28.70844437838626, 43.77707263437072
28.759436286696005, 43.76966311558057
28.810428195005752, 43.762253596790416
28.861420103315496, 43.75484407800027
28.91241201162524, 43.74743455921011
28.963403919934983, 43.740025040419965
29.01439582824473, 43.73261552162981
29.065387736554474, 43.72520600283966
29.116379644864217, 43.717796484049515
29.167371553173965, 43.71038696525936
29.218363461483708, 43.70297744646921
29.269355369793452, 43.69556792767906
29.320347278103196, 43.68815840888891
29.371339186412943, 43.68074889009876
29.422331094722686, 43.67333937130861
29.47332300303243, 43.66592985251846
29.524314911342177, 43.658520333728305
29.57530681965192, 43.65111081493816
29.626298727961665, 43.64370129614801
29.67729063627141, 43.636291777357854
29.728282544581155, 43.62888225856771
29.7792744528909, 43.62147273977755
29.830266361200643, 43.614063220987404
29.88125826951039, 43.60665370219725
29.932250177820134, 43.5992441834071
29.983242086129877, 43.591834664616954
30.034233994439624, 43.5844251458268
30.085225902749368, 43.57701562703665
30.13621781105911, 43.5696061082465
30.187209719368855, 43.56219658945635
30.238201627678603, 43.5547870706662
30.289193535988346, 43.547377551876046
30.34018544429809, 43.5399680330859
30.391177352607837, 43.532558514295744
30.44216926091758, 43.525148995505596
30.493161169227324, 43.51773947671545
30.544153077537068, 43.51032995792529
30.595144985846815, 43.502920439135146
30.64613689415656, 43.49551092034499
30.697128802466302, 43.48810140155484
30.74812071077605, 43.48069188276469
30.799112619085793, 43.47328236397454
30.850104527395537, 43.46587284518439
30.901096435705284, 43.45846332639424
30.952088344015028, 43.45105380760409
31.00308025232477, 43.443644288813935
31.054072160634515, 43.43623477002379
31.105064068944262, 43.42882525123364
31.156055977254006, 43.421415732443485
31.20704788556375, 43.41400621365334
31.258039793873497, 43.40659669486318
31.30903170218324, 43.399187176073035
31.360023610492984, 43.39177765728289
31.411015518802728, 43.38436813849273
31.462007427112475, 43.376958619702584
31.51299933542222, 43.36954910091243
31.563991243731962, 43.36213958212228
31.61498315204171, 43.35473006333213
31.665975060351453, 43.34732054454198
31.716966968661197, 43.33991102575183
31.767958876970944, 43.33250150696168
31.818950785280688, 43.32509198817153
31.86994269359043, 43.31768246938138
31.920934601900175, 43.31027295059123
31.971926510209922, 43.30286343180108
32.022918418519666, 43.295453913010924
32.07391032682941, 43.288044394220776
32.12490223513915, 43.28063487543062
32.1758941434489, 43.273225356640474
32.22688605175865, 43.265815837850326
32.27787796006839, 43.25840631906017
32.328869868378135, 43.25099680027002
32.37986177668788, 43.24358728147987
32.43085368499762, 43.23617776268972
32.48184559330737, 43.22876824389957
32.53283750161711, 43.22135872510942
32.58382940992686, 43.21394920631927
32.634821318236604, 43.206539687529116
32.685813226546344, 43.19913016873897
32.73680513485609, 43.19172064994882
32.78779704316584, 43.184311131158665
32.83878895147558, 43.17690161236852
32.889780859785326, 43.16949209357836
32.94077276809507, 43.162082574788215
32.99176467640481, 43.15467305599806
33.04275658471456, 43.14726353720791
33.09374849302431, 43.139854018417765
33.14474040133405, 43.13244449962761
33.195732309643795, 43.12503498083746
33.24672421795354, 43.11762546204731
33.29771612626328, 43.11021594325716
33.34870803457303, 43.10280642446701
33.39969994288277, 43.09539690567686
33.450691851192516, 43.08798738688671
33.501683759502264, 43.080577868096555
33.552675667812004, 43.07316834930641
33.60366757612175, 43.06575883051626
33.6546594844315, 43.058349311726104
33.70565139274124, 43.05093979293596
33.756643301050985, 43.0435302741458
33.80763520936073, 43.036120755355654
33.85862711767047, 43.0287112365655
33.90961902598022, 43.02130171777535
33.96061093428997, 43.013892198985204
34.01160284259971, 43.00648268019505
34.062594750909454, 42.9990731614049
34.113586659219195, 42.99166364261475
34.16457856752894, 42.9842541238246
34.21557047583869, 42.97684460503445
34.26656238414843, 42.969435086244296
34.317554292458176, 42.96202556745415
34.36854620076792, 42.95461604866399
34.41953810907766, 42.947206529873846
34.47053001738741, 42.9397970110837
34.52152192569716, 42.93238749229354
34.5725138340069, 42.924977973503395
34.623505742316645, 42.91756845471324
34.67449765062639, 42.91015893592309
34.72548955893613, 42.902749417132945
34.77648146724588, 42.89533989834279
34.82747337555563, 42.88793037955264
34.87846528386537, 42.88052086076249
34.929457192175114, 42.87311134197234
34.980449100484854, 42.86570182318219
35.0314410087946, 42.85829230439204
35.08243291710435, 42.85088278560189
35.13342482541409, 42.843473266811735
35.184416733723836, 42.83606374802159
35.23540864203358, 42.82865422923143
35.28640055034332, 42.821244710441285
35.33739245865307, 42.81383519165114
35.38838436696282, 42.80642567286098
35.43937627527256, 42.799016154070834
35.490368183582305, 42.79160663528068
35.54136009189205, 42.78419711649053
35.59235200020179, 42.776787597700384
35.64334390851154, 42.76937807891023
35.69433581682129, 42.76196856012008
35.74532772513103, 42.75455904132993
35.796319633440774, 42.74714952253978
35.847311541750514, 42.73974000374963
35.89830345006026, 42.732330484959476
35.94929535837001, 42.72492096616933
36.00028726667975, 42.717511447379174
36.051279174989496, 42.710101928589026
36.10227108329924, 42.70269240979887
36.15326299160898, 42.69528289100872
36.20425489991873, 42.687873372218576
36.25524680822848, 42.68046385342842
36.30623871653822, 42.67305433463827
36.357230624847965, 42.66564481584812
36.40822253315771, 42.65823529705797
36.45921444146745, 42.65082577826782
36.5102063497772, 42.64341625947767
36.56119825808695, 42.63600674068752
36.61219016639669, 42.628597221897365
36.663182074706434, 42.62118770310722
36.714173983016174, 42.61377818431707
36.76516589132592, 42.606368665526915
36.81615779963567, 42.59895914673677
36.86714970794541, 42.59154962794661
36.918141616255156, 42.584140109156465
36.9691335245649, 42.57673059036631
37.02012543287464, 42.56932107157616
37.07111734118439, 42.561911552786015
37.12210924949414, 42.55450203399586
37.17310115780388, 42.54709251520571
37.224093066113625, 42.539682996415564
37.27508497442337, 42.53227347762541
37.32607688273311, 42.52486395883526
37.37706879104286, 42.51745444004511
37.428060699352606, 42.51004492125496
37.47905260766235, 42.502635402464804
37.530044515972094, 42.49522588367466
37.581036424281834, 42.48781636488451
37.63202833259158, 42.480406846094354
37.68302024090133, 42.472997327304206
37.73401214921107, 42.46558780851406
37.785004057520815, 42.458178289723904
37.83599596583056, 42.450768770933756
37.8869878741403, 42.4433592521436
37.93797978245005, 42.43594973335345
37.9889716907598, 42.4285402145633
38.03996359906954, 42.42113069577315
38.090955507379284, 42.413721176983
38.14194741568903, 42.40631165819285
38.19293932399877, 42.3989021394027
38.24393123230852, 42.391492620612546
38.294923140618266, 42.3840831018224
38.345915048928006, 42.37667358303224
38.39690695723775, 42.369264064242095
38.447898865547494, 42.36185454545195
38.49889077385724, 42.35444502666179
38.54988268216699, 42.347035507871645
38.60087459047673, 42.3396259890815
38.651866498786475, 42.33221647029134
38.70285840709622, 42.324806951501195
38.75385031540596, 42.31739743271104
38.80484222371571, 42.30998791392089
38.85583413202546, 42.30257839513074
38.9068260403352, 42.29516887634059
38.957817948644944, 42.28775935755044
39.00880985695469, 42.28034983876029
39.05980176526443, 42.27294031997014
39.11079367357418, 42.265530801179985
39.16178558188392, 42.25812128238984
39.212777490193666, 42.25071176359969
39.26376939850341, 42.243302244809534
39.31476130681315, 42.23589272601939
39.3657532151229, 42.22848320722923
39.41674512343265, 42.221073688439084
39.46773703174239, 42.213664169648936
39.518728940052135, 42.20625465085878
39.56972084836188, 42.198845132068634
39.62071275667162, 42.19143561327848
39.67170466498137, 42.18402609448833
39.72269657329112, 42.176616575698176
39.77368848160086, 42.16920705690803
39.824680389910604, 42.16179753811788
39.87567229822035, 42.154388019327726
39.92666420653009, 42.14697850053758
39.97765611483984, 42.13956898174742
40.02864802314958, 42.132159462957276
40.079639931459326, 42.12474994416713
40.13063183976907, 42.11734042537697
40.18162374807881, 42.109930906586825
40.23261565638856, 42.10252138779667
40.28360756469831, 42.09511186900652
40.33459947300805, 42.087702350216375
40.385591381317795, 42.08029283142622
40.43658328962754, 42.07288331263607
40.48757519793728, 42.06547379384592
40.53856710624703, 42.05806427505577
40.58955901455678, 42.050654756265615
40.64055092286652, 42.04324523747547
40.691542831176264, 42.03583571868532
40.74253473948601, 42.028426199895165
40.79352664779575, 42.02101668110502
40.8445185561055, 42.01360716231486
40.89551046441524, 42.006197643524715
40.946502372724986, 41.99878812473457
40.99749428103473, 41.99137860594441
41.04848618934447, 41.983969087154264
41.09947809765422, 41.97655956836411
41.15047000596397, 41.96915004957396
41.20146191427371, 41.961740530783814
41.252453822583455, 41.95433101199366
41.3034457308932, 41.94692149320351
41.35443763920294, 41.93951197441336
41.40542954751269, 41.93210245562321
41.456421455822436, 41.924692936833054
41.50741336413218, 41.917283418042906
41.558405272441924, 41.90987389925276
41.60939718075167, 41.902464380462604
41.66038908906141, 41.895054861672456
41.71138099737116, 41.88764534288231
41.7623729056809, 41.88023582409215
41.813364813990646, 41.872826305302006
41.86435672230039, 41.86541678651185
41.91534863061013, 41.8580072677217
41.96634053891988, 41.85059774893155
42.01733244722963, 41.8431882301414
42.06832435553937, 41.83577871135125
42.119316263849115, 41.8283691925611
42.17030817215886, 41.82095967377095
42.2213000804686, 41.8135501549808
42.27229198877835, 41.668895391670425
42.323283897088096, 41.52300061824189
42.374275805397836, 41.37710584481337
42.42526771370758, 41.23121107138483
42.47625962201733, 41.08531629795629
42.52725153032707, 40.93942152452777
42.57824343863682, 40.793526751099236
42.62923534694656, 40.64763197767071
42.680227255256305, 40.501737204242175
42.73121916356605, 40.35584243081364
42.78221107187579, 40.20994765738512
42.83320298018554, 40.06405288395658
42.88419488849529, 39.91815811052804
42.93518679680503, 39.772263337099524
42.986178705114774, 39.62636856367099
43.03717061342452, 39.48047379024244
43.08816252173426, 39.334579016813926
43.13915443004401, 39.18868424338539
43.190146338353756, 39.04278946995685
43.241138246663496, 38.89689469652833
43.29213015497324, 38.75099992309979
43.34312206328299, 38.60510514967125
43.39411397159273, 38.45921037624274
43.44510587990248, 38.3133156028142
43.49609778821222, 38.16742082938568
43.547089696521965, 38.02152605595714
43.59808160483171, 37.8756312825286
43.64907351314145, 37.72973650910008
43.7000654214512, 37.58384173567154
43.75105732976095, 37.437946962243004
43.80204923807069, 37.29205218881449
43.853041146380434, 37.14615741538594
43.90403305469018, 37.000262641957406
43.95502496299992, 36.85436786852889
44.00601687130967, 36.70847309510035
44.057008779619416, 36.562578321671815
44.108000687929156, 36.41668354824329
44.1589925962389, 36.270788774814754
44.20998450454865, 36.12489400138622
44.26097641285839, 35.9789992279577
44.31196832116814, 35.833104454529156
44.36296022947788, 35.68720968110064
44.413952137787625, 35.5413149076721
44.46494404609737, 35.395420134243565
44.51593595440711, 35.24952536081504
44.56692786271686, 35.103630587386505
44.61791977102661, 34.95773581395797
44.66891167933635, 34.811841040529444
44.719903587646094, 34.66594626710091
44.77089549595584, 34.52005149367237
44.82188740426558, 34.37415672024385
44.87287931257533, 34.228261946815316
44.923871220885076, 34.08236717338677
44.974863129194816, 33.936472399958255
45.02585503750456, 33.79057762652972
45.0768469458143, 33.6446828531012
45.12783885412405, 33.49878807967266
45.1788307624338, 33.35289330624412
45.22982267074354, 33.206998532815604
45.280814579053285, 33.061103759387066
45.33180648736303, 32.91520898595853
45.38279839567277, 32.769314212530006
45.43379030398252, 32.62341943910147
45.48478221229227, 32.47752466567293
45.53577412060201, 32.33162989224441
45.586766028911754, 32.18573511881587
45.6377579372215, 32.03984034538733
45.68874984553124, 31.893945571958813
45.73974175384099, 31.748050798530276
45.790733662150735, 31.602156025101735
45.841725570460476, 31.45626125167322
45.89271747877022, 31.31036647824468
45.94370938707996, 31.164471704816158
45.99470129538971, 31.01857693138762
46.04569320369946, 30.872682157959083
46.0966851120092, 30.726787384530564
46.147677020318945, 30.580892611102026
46.19866892862869, 30.434997837673485
46.24966083693843, 30.28910306424497
46.30065274524818, 30.143208290816432
46.351644653557926, 29.99731351738789
46.402636561867666, 29.85141874395937
46.453628470177414, 29.705523970530834
46.50462037848716, 29.559629197102296
46.5556122867969, 29.413734423673777
46.60660419510665, 29.267839650245236
46.657596103416395, 29.1219448768167
46.708588011726135, 28.976050103388182
46.75957992003588, 28.83015532995964
46.81057182834562, 28.68426055653112
46.86156373665537, 28.538365783102584
46.91255564496512, 28.392471009674047
46.96354755327486, 28.246576236245527
47.014539461584604, 28.100681462816986
47.06553136989435, 27.95478668938845
47.11652327820409, 27.808891915959933
47.16751518651384, 27.662997142531392
47.218507094823586, 27.51710236910285
47.269499003133326, 27.371207595674335
47.32049091144307, 27.225312822245797
47.37148281975282, 27.079418048817256
47.42247472806256, 26.933523275388737
47.47346663637231, 26.7876285019602
47.524458544682055, 26.641733728531662
47.575450452991795, 26.495838955103142
47.62644236130154, 26.3499441816746
47.67743426961128, 26.204049408246085
47.72842617792103, 26.058154634817548
47.77941808623078, 25.912259861389007
47.83040999454052, 25.766365087960487
47.881401902850264, 25.62047031453195
47.93239381116001, 25.474575541103412
47.98338571946975, 25.328680767674893
48.0343776277795, 25.182785994246355
48.085369536089246, 25.036891220817814
48.136361444398986, 24.890996447389295
48.18735335270873, 24.745101673960757
48.23834526101848, 24.59920690053222
48.28933716932822, 24.4533121271037
48.34032907763797, 24.307417353675163
48.391320985947715, 24.161522580246622
48.442312894257455, 24.015627806818106
48.4933048025672, 23.869733033389565
48.54429671087694, 23.723838259961045
48.59528861918669, 23.577943486532508
48.64628052749644, 23.43204871310397
48.69727243580618, 23.28615393967545
48.748264344115924, 23.140259166246913
48.79925625242567, 22.994364392818373
48.85024816073541, 22.848469619389856
48.90124006904516, 22.702574845961315
48.952231977354906, 22.556680072532778
49.003223885664646, 22.41078529910426
49.05421579397439, 22.26489052567572
49.10520770228414, 22.11899575224718
49.15619961059388, 21.973100978818664
49.20719151890363, 21.827206205390123
49.258183427213375, 21.681311431961586
49.309175335523115, 21.535416658533066
49.36016724383286, 21.38952188510453
49.4111591521426, 21.24362711167601
49.46215106045235, 21.09773233824747
49.5131429687621, 20.95183756481893
49.56413487707184, 20.805942791390414
49.615126785381584, 20.660048017961874
49.66611869369133, 20.514153244533336
49.71711060200107, 20.368258471104816
49.76810251031082, 20.22236369767628
49.819094418620566, 20.076468924247738
49.870086326930306, 19.930574150819222
49.92107823524005, 19.78467937739068
49.9720701435498, 19.638784603962144
50.02306205185954, 19.492889830533624
50.07405396016929, 19.346995057105087
50.12504586847903, 19.201100283676567
50.176037776788775, 19.05520551024803
50.22702968509852, 18.90931073681949
50.27802159340826, 18.763415963390973
50.32901350171801, 18.61752118996243
50.380005410027756, 18.471626416533894
50.430997318337496, 18.325731643105375
50.481989226647244, 18.179836869676837
50.53298113495699, 18.033942096248296
50.58397304326673, 17.88804732281978
50.63496495157648, 17.74215254939124
50.685956859886225, 17.5962577759627
50.736948768195965, 17.450363002534182
50.78794067650571, 17.304468229105645
50.83893258481546, 17.158573455677107
50.8899244931252, 17.012678682248588
50.94091640143495, 16.866783908820047
